0.000	0.8
0.000	0.8
0.000	0.9
0.000	0.8
0.000	0.8
0.000	0.8
0.000	0.8
0.000	0.8
0.000	0.8
0.000	0.8
0.000	0.8
0.000	0.8
0.000	0.8
0.000	0.8
0.000	0.8
0.000	0.8
0.000	0.8
0.000	0.8
0.000	0.8
0.000	0.9
0.000	0.8
0.000	0.8
0.000	0.9
0.000	0.8
0.000	0.8
0.000	0.8
0.000	0.8
0.000	0.8
0.000	0.8
0.000	0.8
0.000	0.8
0.000	0.8
0.000	0.8
0.000	0.9
0.000	0.8
0.000	0.8
0.000	0.8
0.000	0.8
0.000	0.8
0.000	0.8
0.000	0.8
0.000	0.8
0.000	0.8
0.000	0.8
0.000	0.8
0.000	0.8
0.000	0.8
0.000	0.8
0.000	0.8
0.000	0.9
0.000	0.8
0.000	0.8
0.000	0.8
0.000	0.8
0.000	0.8
0.000	0.8
0.000	0.8
0.000	0.8
0.000	0.8
0.000	0.8
0.000	0.8
0.000	0.8
0.000	0.9
0.000	0.9
0.000	0.8
0.000	0.8
0.000	0.8
0.000	0.8
0.000	0.8
0.000	0.8
0.000	0.8
0.000	0.9
0.000	0.8
0.000	0.9
0.000	0.8
0.000	0.8
0.000	0.8
0.000	0.9
0.000	0.8
0.000	0.9
0.000	0.8
0.000	0.8
0.000	0.8
0.000	0.8
0.000	0.8
0.000	0.8
0.000	0.8
0.000	0.8
0.000	0.8
0.000	0.8
0.000	0.8
0.000	0.8
0.000	0.8
0.000	0.9
0.000	0.8
0.000	0.8
0.000	0.8
0.000	0.8
0.000	0.8
0.000	0.8
0.000	0.8
0.000	0.8
0.000	0.8
0.000	0.8
0.000	0.8
0.000	0.9
0.000	0.8
0.000	0.9
0.000	0.8
0.000	0.8
0.000	0.8
0.000	0.8
0.000	0.8
0.000	0.8
0.000	0.9
0.000	0.9
0.000	0.8
0.000	0.8
0.000	0.8
0.000	0.8
0.000	0.8
0.000	0.8
0.000	0.8
0.000	0.8
0.000	0.8
0.000	0.8
0.000	0.8
0.000	0.8
0.000	0.8
0.000	0.8
0.000	0.9
0.000	0.8
0.000	0.8
0.000	0.8
0.000	0.9
0.000	0.8
0.000	0.8
0.000	0.8
0.000	0.8
0.000	0.8
0.000	0.8
0.000	0.8
0.000	0.8
0.000	0.8
0.000	0.8
0.000	0.8
0.000	0.8
0.000	0.8
0.000	0.8
0.000	0.8
0.000	0.8
0.000	0.8
0.000	0.8
0.000	0.8
0.000	0.8
0.000	0.8
0.000	0.8
0.000	0.8
0.000	0.8
0.000	0.8
0.000	0.8
0.000	0.8
0.000	0.8
0.000	0.8
0.000	0.8
0.000	0.8
0.000	0.8
0.000	0.8
0.000	0.8
0.000	0.8
0.000	0.8
0.000	0.9
0.000	0.8
0.000	0.8
0.000	0.8
0.000	0.8
0.000	0.8
0.000	0.8
0.000	0.8
0.000	0.8
0.000	0.8
0.000	0.8
0.000	0.8
0.000	0.8
0.000	0.8
0.000	0.9
0.000	0.8
0.000	0.8
0.000	0.8
0.000	0.8
0.000	0.8
0.000	0.8
0.000	0.8
0.000	0.8
0.000	0.8
0.000	0.9
0.000	0.8
0.000	0.8
0.000	0.8
0.000	0.8
0.000	0.9
0.000	0.8
0.000	0.8
0.000	0.8
0.000	0.8
0.000	0.8
0.000	0.8
0.000	0.8
0.000	0.8
0.000	0.8
0.000	0.8
0.000	0.8
0.000	0.8
0.000	0.8
0.000	0.8
0.000	0.8
0.000	0.8
0.000	0.8
0.000	0.8
0.000	0.8
0.000	0.9
0.000	0.8
0.000	0.8
0.000	0.9
0.000	0.8
0.000	0.8
0.000	0.8
0.000	0.8
0.000	0.8
0.000	0.8
0.000	0.9
0.000	0.8
0.000	0.8
0.000	0.8
0.000	0.8
0.000	0.8
0.000	0.8
0.000	0.8
0.000	0.8
0.000	0.9
0.000	0.8
0.000	0.8
0.000	0.8
0.000	0.8
0.000	0.8
0.000	0.8
0.000	0.8
0.000	0.9
0.000	0.8
0.000	0.8
0.000	0.8
0.000	0.8
0.000	0.8
0.000	0.8
0.000	0.8
0.000	0.8
0.000	0.8
0.000	0.8
0.000	0.8
0.000	0.8
0.000	0.8
0.000	0.8
0.000	0.8
0.000	0.8
0.000	0.8
0.000	0.8
0.000	0.8
0.000	0.8
0.000	0.8
0.000	0.8
0.000	0.8
0.000	0.8
0.000	0.8
0.000	0.8
0.000	0.8
0.000	0.8
0.000	0.8
0.000	0.8
0.000	0.8
0.000	0.8
0.000	0.8
0.000	0.8
0.000	0.8
0.000	0.9
0.000	0.8
0.000	0.8
0.000	0.8
0.000	0.8
0.000	0.8
0.000	0.8
0.000	0.8
0.000	0.8
0.000	0.8
0.000	0.8
0.000	0.8
0.000	0.8
0.000	0.8
0.000	0.8
0.000	0.8
0.000	0.8
0.000	0.8
0.000	0.8
0.000	0.8
0.000	0.8
0.000	0.8
0.000	0.9
0.000	0.8
0.000	0.8
0.000	0.8
0.000	0.8
0.000	0.8
0.000	0.8
0.000	0.8
0.000	0.8
0.000	0.8
0.000	0.8
0.000	0.8
0.000	0.8
0.000	0.8
0.000	0.8
0.000	0.8
0.000	0.8
0.000	0.8
0.000	0.8
0.000	0.8
0.000	0.8
0.000	0.8
0.000	0.8
0.000	0.8
0.000	0.8
0.000	0.8
0.000	0.8
0.000	0.8
0.000	0.8
0.000	0.8
0.000	0.8
0.000	0.8
0.000	0.8
0.000	0.8
0.000	0.8
0.000	0.8
0.000	0.8
0.000	0.8
0.000	0.8
0.000	0.8
0.000	0.8
0.000	0.8
0.000	0.8
0.000	0.8
-5.542E-5	0.8
-5.542E-5	0.8
-5.542E-5	0.8
-5.542E-5	0.8
-5.542E-5	0.8
-5.542E-5	0.9
-5.542E-5	0.8
-5.542E-5	0.8
-5.542E-5	0.8
-5.542E-5	0.8
-5.542E-5	0.8
-5.542E-5	0.8
-5.542E-5	0.8
-5.542E-5	0.8
-1.108E-4	0.8
-1.108E-4	0.8
-1.108E-4	0.8
-1.108E-4	0.8
-1.108E-4	0.8
-1.108E-4	0.8
-1.108E-4	0.8
-1.108E-4	0.8
-1.108E-4	0.8
-1.108E-4	0.8
-1.108E-4	0.8
-1.663E-4	0.8
-1.663E-4	0.8
-1.663E-4	0.8
-1.663E-4	0.8
-1.663E-4	0.8
-1.663E-4	0.8
-1.663E-4	0.8
-1.663E-4	0.8
-1.663E-4	0.8
-1.663E-4	0.8
-2.217E-4	0.8
-2.217E-4	0.8
-2.217E-4	0.8
-2.217E-4	0.8
-2.217E-4	0.8
-2.217E-4	0.7
-2.217E-4	0.8
-2.217E-4	0.8
-2.771E-4	0.8
-2.771E-4	0.8
-2.771E-4	0.8
-2.771E-4	0.8
-2.771E-4	0.8
-2.771E-4	0.8
-2.771E-4	0.8
-3.325E-4	0.8
-3.325E-4	0.8
-3.325E-4	0.8
-3.325E-4	0.8
-3.325E-4	0.8
-3.325E-4	0.8
-3.879E-4	0.8
-3.879E-4	0.8
-3.879E-4	0.8
-3.879E-4	0.7
-3.879E-4	0.8
-3.879E-4	0.8
-4.433E-4	0.8
-4.433E-4	0.8
-4.433E-4	0.8
-4.433E-4	0.8
-4.433E-4	0.8
-4.988E-4	0.8
-4.988E-4	0.8
-4.988E-4	0.8
-4.988E-4	0.8
-5.542E-4	0.8
-5.542E-4	0.7
-5.542E-4	0.8
-5.542E-4	0.7
-5.542E-4	0.8
-6.096E-4	0.8
-6.096E-4	0.8
-6.096E-4	0.7
-6.096E-4	0.8
-6.650E-4	0.7
-6.650E-4	0.8
-6.650E-4	0.8
-6.650E-4	0.7
-6.650E-4	0.8
-7.204E-4	0.8
-7.204E-4	0.7
-7.204E-4	0.7
-7.204E-4	0.8
-7.758E-4	0.8
-7.758E-4	0.8
-7.758E-4	0.7
-7.758E-4	0.8
-8.313E-4	0.8
-8.313E-4	0.7
-8.313E-4	0.7
-8.867E-4	0.8
-8.867E-4	0.7
-8.867E-4	0.7
-8.867E-4	0.7
-9.421E-4	0.7
-9.421E-4	0.8
-9.421E-4	0.7
-9.421E-4	0.8
-9.975E-4	0.7
-9.975E-4	0.7
-9.975E-4	0.7
-0.001	0.8
-0.001	0.7
-0.001	0.7
-0.001	0.7
-0.001	0.7
-0.001	0.7
-0.001	0.7
-0.001	0.7
-0.001	0.7
-0.001	0.7
-0.001	0.7
-0.001	0.7
-0.001	0.7
-0.001	0.7
-0.001	0.7
-0.001	0.7
-0.001	0.7
-0.001	0.7
-0.001	0.7
-0.001	0.7
-0.001	0.7
-0.001	0.7
-0.001	0.7
-0.001	0.7
-0.001	0.7
-0.002	0.7
-0.002	0.7
-0.002	0.7
-0.002	0.7
-0.002	0.7
-0.002	0.7
-0.002	0.7
-0.002	0.8
-0.002	0.7
-0.002	0.7
-0.002	0.7
-0.002	0.7
-0.002	0.7
-0.002	0.7
-0.002	0.7
-0.002	0.7
-0.002	0.7
-0.002	0.7
-0.002	0.7
-0.002	0.7
-0.002	0.7
-0.002	0.7
-0.002	0.7
-0.002	0.7
-0.002	0.7
-0.002	0.7
-0.002	0.7
-0.002	0.7
-0.002	0.7
-0.002	0.7
-0.002	0.7
-0.002	0.7
-0.002	0.7
-0.002	0.7
-0.002	0.7
-0.002	0.7
-0.002	0.7
-0.002	0.8
-0.002	0.7
-0.002	0.7
-0.002	0.7
-0.002	0.8
-0.002	0.7
-0.002	0.7
-0.002	0.7
-0.002	0.7
-0.003	0.7
-0.003	0.7
-0.003	0.7
-0.003	0.7
-0.003	0.7
-0.003	0.8
-0.003	0.8
-0.003	0.7
-0.003	0.8
-0.003	0.7
-0.003	0.7
-0.003	0.7
-0.003	0.7
-0.003	0.7
-0.003	0.7
-0.003	0.8
-0.003	0.7
-0.003	0.7
-0.003	0.7
-0.003	0.8
-0.003	0.8
-0.003	0.8
-0.003	0.7
-0.003	0.8
-0.003	0.7
-0.003	0.8
-0.003	0.8
-0.003	0.7
-0.003	0.8
-0.003	0.8
-0.003	0.8
-0.003	0.7
-0.003	0.8
-0.003	0.8
-0.003	0.8
-0.003	0.7
-0.003	0.8
-0.003	0.8
-0.003	0.8
-0.003	0.8
-0.003	0.8
-0.003	0.8
-0.004	0.8
-0.004	0.8
-0.004	0.8
-0.004	0.8
-0.004	0.8
-0.004	0.9
-0.004	0.8
-0.004	0.8
-0.004	0.8
-0.004	0.8
-0.004	0.9
-0.004	0.8
-0.004	0.8
-0.004	0.8
-0.004	0.8
-0.004	0.8
-0.004	0.8
-0.004	0.8
-0.004	0.8
-0.004	0.8
-0.004	0.8
-0.004	0.9
-0.004	0.9
-0.004	0.8
-0.004	0.8
-0.004	0.8
-0.004	0.8
-0.004	0.9
-0.004	0.9
-0.004	0.9
-0.004	0.9
-0.004	0.9
-0.004	0.9
-0.004	0.9
-0.004	0.8
-0.004	0.9
-0.004	0.9
-0.004	0.9
-0.005	0.9
-0.005	0.9
-0.005	0.9
-0.005	0.9
-0.005	0.9
-0.005	0.9
-0.005	0.9
-0.005	0.9
-0.005	0.9
-0.005	0.9
-0.005	0.9
-0.005	0.9
-0.005	0.9
-0.005	0.9
-0.005	0.9
-0.005	0.9
-0.005	0.9
-0.005	0.9
-0.005	0.9
-0.005	0.9
-0.005	0.8
-0.005	0.9
-0.005	0.9
-0.005	0.9
-0.005	0.9
-0.005	0.9
-0.005	0.9
-0.005	0.9
-0.005	0.9
-0.005	0.9
-0.005	0.9
-0.005	0.9
-0.005	0.9
-0.005	0.9
-0.005	0.9
-0.005	0.9
-0.005	0.9
-0.006	0.9
-0.006	0.9
-0.006	0.9
-0.006	0.9
-0.006	0.9
-0.006	0.8
-0.006	0.9
-0.006	0.9
-0.006	0.9
-0.006	0.9
-0.006	0.9
-0.006	0.9
-0.006	0.9
-0.006	0.8
-0.006	0.9
-0.006	0.9
-0.006	0.8
-0.006	0.8
-0.006	0.8
-0.006	0.9
-0.006	0.9
-0.006	0.8
-0.006	0.9
-0.006	0.8
-0.006	0.8
-0.006	0.8
-0.006	0.8
-0.006	0.8
-0.006	0.8
-0.006	0.8
-0.006	0.8
-0.006	0.8
-0.006	0.8
-0.006	0.8
-0.006	0.7
-0.007	0.8
-0.007	0.8
-0.007	0.8
-0.007	0.8
-0.007	0.8
-0.007	0.8
-0.007	0.8
-0.007	0.8
-0.007	0.7
-0.007	0.8
-0.007	0.8
-0.007	0.8
-0.007	0.8
-0.007	0.7
-0.007	0.7
-0.007	0.7
-0.007	0.7
-0.007	0.8
-0.007	0.8
-0.007	0.8
-0.007	0.8
-0.007	0.8
-0.007	0.7
-0.007	0.7
-0.007	0.7
-0.007	0.7
-0.007	0.8
-0.007	0.7
-0.007	0.7
-0.007	0.7
-0.007	0.7
-0.007	0.7
-0.007	0.7
-0.007	0.7
-0.007	0.7
-0.007	0.7
-0.007	0.7
-0.008	0.7
-0.008	0.7
-0.008	0.7
-0.008	0.7
-0.008	0.8
-0.008	0.7
-0.008	0.7
-0.008	0.7
-0.008	0.7
-0.008	0.7
-0.008	0.7
-0.008	0.7
-0.008	0.7
-0.008	0.7
-0.008	0.7
-0.008	0.7
-0.008	0.7
-0.008	0.7
-0.008	0.7
-0.008	0.8
-0.008	0.8
-0.008	0.7
-0.008	0.8
-0.008	0.7
-0.008	0.7
-0.008	0.7
-0.008	0.7
-0.008	0.7
-0.008	0.7
-0.008	0.7
-0.008	0.8
-0.008	0.8
-0.008	0.7
-0.008	0.8
-0.009	0.8
-0.009	0.8
-0.009	0.8
-0.009	0.7
-0.009	0.7
-0.009	0.8
-0.009	0.8
-0.009	0.8
-0.009	0.8
-0.009	0.8
-0.009	0.8
-0.009	0.8
-0.009	0.8
-0.009	0.8
-0.009	0.8
-0.009	0.8
-0.009	0.8
-0.009	0.8
-0.009	0.8
-0.009	0.8
-0.009	0.8
-0.009	0.8
-0.009	0.8
-0.009	0.8
-0.009	0.8
-0.009	0.8
-0.009	0.9
-0.009	0.8
-0.009	0.8
-0.009	0.9
-0.009	0.9
-0.009	0.8
-0.009	0.9
-0.010	0.8
-0.010	0.9
-0.010	0.9
-0.010	0.9
-0.010	0.9
-0.010	0.9
-0.010	0.9
-0.010	0.9
-0.010	0.9
-0.010	0.9
-0.010	0.9
-0.010	0.9
-0.010	0.9
-0.010	0.9
-0.010	0.9
-0.010	0.9
-0.010	0.9
-0.010	0.9
-0.010	0.9
-0.010	0.9
-0.010	0.9
-0.010	0.9
-0.010	0.9
-0.010	0.9
-0.010	0.9
-0.010	0.9
-0.010	0.9
-0.010	0.9
-0.010	0.9
-0.011	0.9
-0.011	0.9
-0.011	0.9
-0.011	0.9
-0.011	0.9
-0.011	0.9
-0.011	0.9
-0.011	0.9
-0.011	0.9
-0.011	0.9
-0.011	0.9
-0.011	0.9
-0.011	0.9
-0.011	0.9
-0.011	0.9
-0.011	0.9
-0.011	0.9
-0.011	0.9
-0.011	0.9
-0.011	0.9
-0.011	0.9
-0.011	0.9
-0.011	0.9
-0.011	0.9
-0.011	0.9
-0.011	0.9
-0.011	0.9
-0.011	0.9
-0.011	0.9
-0.011	0.9
-0.011	0.9
-0.012	0.9
-0.012	0.9
-0.012	0.9
-0.012	0.9
-0.012	0.9
-0.012	0.9
-0.012	0.9
-0.012	0.9
-0.012	0.8
-0.012	0.9
-0.012	0.9
-0.012	0.9
-0.012	0.9
-0.012	0.8
-0.012	0.9
-0.012	0.8
-0.012	0.8
-0.012	0.8
-0.012	0.9
-0.012	0.8
-0.012	0.9
-0.012	0.8
-0.012	0.8
-0.012	0.8
-0.012	0.8
-0.012	0.8
-0.012	0.8
-0.012	0.8
-0.012	0.8
-0.012	0.8
-0.012	0.8
-0.013	0.8
-0.013	0.8
-0.013	0.8
-0.013	0.8
-0.013	0.8
-0.013	0.8
-0.013	0.8
-0.013	0.8
-0.013	0.8
-0.013	0.8
-0.013	0.7
-0.013	0.8
-0.013	0.8
-0.013	0.8
-0.013	0.7
-0.013	0.7
-0.013	0.8
-0.013	0.8
-0.013	0.7
-0.013	0.8
-0.013	0.8
-0.013	0.8
-0.013	0.8
-0.013	0.8
-0.013	0.8
-0.013	0.8
-0.013	0.8
-0.013	0.8
-0.013	0.8
-0.013	0.8
-0.013	0.8
-0.013	0.7
-0.014	0.8
-0.014	0.8
-0.014	0.7
-0.014	0.8
-0.014	0.8
-0.014	0.7
-0.014	0.8
-0.014	0.8
-0.014	0.8
-0.014	0.8
-0.014	0.8
-0.014	0.7
-0.014	0.8
-0.014	0.8
-0.014	0.8
-0.014	0.8
-0.014	0.8
-0.014	0.8
-0.014	0.8
-0.014	0.8
-0.014	0.8
-0.014	0.8
-0.014	0.8
-0.014	0.8
-0.014	0.9
-0.014	0.8
-0.014	0.9
-0.014	0.8
-0.014	0.8
-0.014	0.9
-0.015	0.9
-0.015	0.9
-0.015	0.9
-0.015	0.8
-0.015	0.8
-0.015	0.9
-0.015	0.9
-0.015	0.9
-0.015	0.9
-0.015	0.9
-0.015	0.9
-0.015	0.9
-0.015	0.9
-0.015	0.9
-0.015	0.9
-0.015	0.9
-0.015	0.9
-0.015	0.9
-0.015	0.9
-0.015	0.9
-0.015	0.9
-0.015	0.9
-0.015	0.9
-0.015	0.9
-0.015	0.9
-0.015	0.9
-0.015	0.9
-0.015	0.9
-0.015	0.9
-0.016	0.9
-0.016	1.0
-0.016	0.9
-0.016	0.9
-0.016	0.9
-0.016	0.9
-0.016	0.9
-0.016	0.9
-0.016	0.9
-0.016	0.9
-0.016	0.9
-0.016	0.9
-0.016	0.9
-0.016	0.9
-0.016	0.9
-0.016	0.9
-0.016	1.0
-0.016	0.9
-0.016	1.0
-0.016	1.0
-0.016	1.0
-0.016	1.0
-0.016	0.9
-0.016	0.9
-0.016	0.9
-0.016	0.9
-0.016	0.9
-0.017	0.9
-0.017	0.9
-0.017	1.0
-0.017	0.9
-0.017	0.9
-0.017	0.9
-0.017	1.0
-0.017	1.0
-0.017	0.9
-0.017	0.9
-0.017	0.9
-0.017	0.9
-0.017	0.9
-0.017	0.9
-0.017	0.9
-0.017	0.9
-0.017	0.9
-0.017	0.9
-0.017	0.9
-0.017	0.9
-0.017	0.9
-0.017	0.9
-0.017	0.9
-0.017	0.9
-0.017	0.9
-0.017	0.9
-0.018	0.9
-0.018	0.9
-0.018	0.9
-0.018	0.9
-0.018	0.8
-0.018	0.9
-0.018	0.9
-0.018	0.9
-0.018	0.9
-0.018	0.9
-0.018	0.8
-0.018	0.9
-0.018	0.9
-0.018	0.8
-0.018	0.8
-0.018	0.8
-0.018	0.8
-0.018	0.8
-0.018	0.9
-0.018	0.8
-0.018	0.8
-0.018	0.8
-0.018	0.8
-0.018	0.8
-0.018	0.8
-0.018	0.9
-0.019	0.8
-0.019	0.8
-0.019	0.8
-0.019	0.8
-0.019	0.8
-0.019	0.8
-0.019	0.8
-0.019	0.8
-0.019	0.8
-0.019	0.8
-0.019	0.8
-0.019	0.8
-0.019	0.8
-0.019	0.8
-0.019	0.8
-0.019	0.8
-0.019	0.8
-0.019	0.8
-0.019	0.8
-0.019	0.8
-0.019	0.8
-0.019	0.8
-0.019	0.8
-0.019	0.8
-0.019	0.8
-0.019	0.8
-0.019	0.8
-0.020	0.8
-0.020	0.8
-0.020	0.8
-0.020	0.8
-0.020	0.8
-0.020	0.7
-0.020	0.8
-0.020	0.8
-0.020	0.9
-0.020	0.9
-0.020	0.8
-0.020	0.9
-0.020	0.9
-0.020	0.9
-0.020	0.8
-0.020	0.9
-0.020	0.9
-0.020	0.9
-0.020	0.9
-0.020	0.9
-0.020	0.9
-0.020	0.9
-0.020	0.9
-0.020	0.9
-0.020	0.9
-0.020	0.9
-0.020	0.9
-0.020	0.9
-0.020	0.9
-0.021	0.9
-0.021	0.9
-0.021	0.9
-0.021	0.9
-0.021	0.9
-0.021	0.9
-0.021	0.9
-0.021	0.9
-0.021	0.9
-0.021	0.9
-0.021	0.9
-0.021	0.9
-0.021	0.9
-0.021	0.9
-0.021	0.9
-0.021	0.9
-0.021	1.0
-0.021	0.9
-0.021	0.9
-0.021	1.0
-0.021	1.0
-0.021	1.0
-0.021	0.9
-0.021	0.9
-0.021	0.9
-0.021	0.9
-0.021	0.9
-0.021	0.9
-0.021	0.9
-0.022	0.9
-0.022	1.0
-0.022	0.9
-0.022	1.0
-0.022	1.0
-0.022	1.0
-0.022	1.0
-0.022	0.9
-0.022	0.9
-0.022	1.0
-0.022	0.9
-0.022	0.9
-0.022	0.9
-0.022	0.9
-0.022	1.0
-0.022	1.0
-0.022	0.9
-0.022	1.0
-0.022	1.0
-0.022	1.0
-0.022	1.0
-0.022	1.0
-0.022	1.0
-0.022	0.9
-0.022	0.9
-0.022	0.9
-0.022	1.0
-0.022	0.9
-0.022	0.9
-0.022	1.0
-0.022	0.9
-0.022	0.9
-0.023	0.9
-0.023	0.9
-0.023	0.9
-0.023	1.0
-0.023	1.0
-0.023	0.9
-0.023	0.9
-0.023	0.9
-0.023	1.0
-0.023	0.9
-0.023	0.9
-0.023	0.9
-0.023	0.9
-0.023	0.9
-0.023	1.0
-0.023	0.9
-0.023	0.9
-0.023	0.9
-0.023	0.9
-0.023	0.9
-0.023	0.9
-0.023	0.9
-0.023	0.9
-0.023	0.9
-0.023	0.9
-0.023	0.9
-0.023	0.9
-0.023	0.9
-0.023	0.9
-0.023	0.9
-0.023	0.9
-0.023	0.9
-0.024	0.9
-0.024	0.9
-0.024	0.9
-0.024	0.9
-0.024	0.9
-0.024	0.9
-0.024	0.9
-0.024	0.9
-0.024	0.9
-0.024	0.9
-0.024	0.9
-0.024	0.9
-0.024	0.9
-0.024	0.9
-0.024	0.8
-0.024	0.9
-0.024	0.8
-0.024	0.8
-0.024	0.9
-0.024	0.9
-0.024	0.8
-0.024	0.9
-0.024	0.9
-0.024	0.9
-0.024	0.9
-0.024	0.9
-0.024	0.9
-0.024	0.9
-0.024	0.8
-0.024	0.9
-0.025	0.9
-0.025	0.9
-0.025	0.9
-0.025	0.8
-0.025	0.9
-0.025	0.9
-0.025	0.9
-0.025	0.9
-0.025	0.9
-0.025	0.9
-0.025	0.9
-0.025	0.9
-0.025	0.9
-0.025	0.9
-0.025	0.9
-0.025	0.9
-0.025	0.9
-0.025	0.9
-0.025	0.9
-0.025	0.9
-0.025	0.9
-0.025	0.9
-0.025	0.9
-0.025	0.9
-0.025	0.9
-0.025	0.9
-0.025	0.9
-0.025	0.9
-0.025	0.9
-0.025	1.0
-0.025	1.0
-0.026	1.0
-0.026	1.0
-0.026	0.9
-0.026	1.0
-0.026	1.0
-0.026	1.1
-0.026	1.0
-0.026	1.1
-0.026	1.1
-0.026	1.1
-0.026	1.1
-0.026	1.0
-0.026	1.1
-0.026	1.1
-0.026	1.2
-0.026	1.1
-0.026	1.1
-0.026	1.1
-0.026	1.1
-0.026	1.1
-0.026	1.1
-0.026	1.1
-0.026	1.1
-0.026	1.2
-0.026	1.2
-0.026	1.2
-0.026	1.2
-0.026	1.2
-0.026	1.2
-0.026	1.2
-0.027	1.2
-0.027	1.3
-0.027	1.2
-0.027	1.2
-0.027	1.2
-0.027	1.2
-0.027	1.2
-0.027	1.2
-0.027	1.2
-0.027	1.3
-0.027	1.2
-0.027	1.2
-0.027	1.2
-0.027	1.2
-0.027	1.3
-0.027	1.2
-0.027	1.3
-0.027	1.3
-0.027	1.3
-0.027	1.3
-0.027	1.3
-0.027	1.3
-0.027	1.3
-0.027	1.3
-0.027	1.3
-0.027	1.3
-0.027	1.2
-0.027	1.3
-0.027	1.3
-0.027	1.3
-0.028	1.3
-0.028	1.3
-0.028	1.3
-0.028	1.3
-0.028	1.3
-0.028	1.3
-0.028	1.3
-0.028	1.3
-0.028	1.3
-0.028	1.3
-0.028	1.3
-0.028	1.3
-0.028	1.3
-0.028	1.3
-0.028	1.2
-0.028	1.3
-0.028	1.2
-0.028	1.2
-0.028	1.3
-0.028	1.2
-0.028	1.3
-0.028	1.2
-0.028	1.2
-0.028	1.3
-0.028	1.2
-0.028	1.2
-0.028	1.2
-0.028	1.2
-0.028	1.3
-0.029	1.3
-0.029	1.2
-0.029	1.2
-0.029	1.2
-0.029	1.2
-0.029	1.2
-0.029	1.2
-0.029	1.2
-0.029	1.2
-0.029	1.2
-0.029	1.2
-0.029	1.2
-0.029	1.2
-0.029	1.2
-0.029	1.2
-0.029	1.2
-0.029	1.2
-0.029	1.2
-0.029	1.2
-0.029	1.2
-0.029	1.2
-0.029	1.2
-0.029	1.2
-0.029	1.2
-0.029	1.2
-0.029	1.2
-0.029	1.2
-0.029	1.2
-0.030	1.2
-0.030	1.2
-0.030	1.2
-0.030	1.2
-0.030	1.2
-0.030	1.2
-0.030	1.2
-0.030	1.2
-0.030	1.2
-0.030	1.2
-0.030	1.2
-0.030	1.2
-0.030	1.2
-0.030	1.2
-0.030	1.2
-0.030	1.2
-0.030	1.2
-0.030	1.2
-0.030	1.2
-0.030	1.2
-0.030	1.3
-0.030	1.2
-0.030	1.2
-0.030	1.2
-0.030	1.3
-0.030	1.3
-0.030	1.3
-0.031	1.3
-0.031	1.3
-0.031	1.3
-0.031	1.3
-0.031	1.3
-0.031	1.3
-0.031	1.3
-0.031	1.3
-0.031	1.3
-0.031	1.3
-0.031	1.3
-0.031	1.3
-0.031	1.3
-0.031	1.3
-0.031	1.3
-0.031	1.3
-0.031	1.4
-0.031	1.4
-0.031	1.4
-0.031	1.3
-0.031	1.4
-0.031	1.3
-0.031	1.5
-0.031	1.4
-0.031	1.4
-0.032	1.4
-0.032	1.4
-0.032	1.4
-0.032	1.5
-0.032	1.4
-0.032	1.5
-0.032	1.5
-0.032	1.6
-0.032	1.6
-0.032	1.5
-0.032	1.5
-0.032	1.6
-0.032	1.4
-0.032	1.5
-0.032	1.5
-0.032	1.6
-0.032	1.6
-0.032	1.6
-0.032	1.6
-0.032	1.5
-0.032	1.6
-0.032	1.6
-0.032	1.6
-0.032	1.6
-0.032	1.6
-0.033	1.6
-0.033	1.6
-0.033	1.6
-0.033	1.6
-0.033	1.6
-0.033	1.6
-0.033	1.6
-0.033	1.6
-0.033	1.5
-0.033	1.5
-0.033	1.6
-0.033	1.6
-0.033	1.5
-0.033	1.4
-0.033	1.4
-0.033	1.5
-0.033	1.4
-0.033	1.6
-0.033	1.4
-0.033	1.4
-0.033	1.4
-0.033	1.4
-0.033	1.4
-0.033	1.4
-0.034	1.4
-0.034	1.4
-0.034	1.4
-0.034	1.3
-0.034	1.4
-0.034	1.4
-0.034	1.4
-0.034	1.4
-0.034	1.4
-0.034	1.3
-0.034	1.4
-0.034	1.3
-0.034	1.3
-0.034	1.3
-0.034	1.4
-0.034	1.3
-0.034	1.3
-0.034	1.3
-0.034	1.3
-0.034	1.3
-0.034	1.3
-0.034	1.3
-0.034	1.3
-0.035	1.3
-0.035	1.3
-0.035	1.3
-0.035	1.3
-0.035	1.3
-0.035	1.3
-0.035	1.3
-0.035	1.4
-0.035	1.3
-0.035	1.3
-0.035	1.3
-0.035	1.3
-0.035	1.3
-0.035	1.3
-0.035	1.3
-0.035	1.4
-0.035	1.4
-0.035	1.4
-0.035	1.4
-0.035	1.4
-0.035	1.4
-0.035	1.4
-0.035	1.4
-0.036	1.5
-0.036	1.6
-0.036	1.4
-0.036	1.4
-0.036	1.6
-0.036	1.6
-0.036	1.6
-0.036	1.6
-0.036	1.6
-0.036	1.6
-0.036	1.6
-0.036	1.6
-0.036	1.6
-0.036	1.6
-0.036	1.6
-0.036	1.6
-0.036	1.7
-0.036	1.7
-0.036	1.7
-0.036	1.6
-0.036	1.7
-0.036	1.7
-0.036	1.7
-0.036	1.7
-0.037	1.7
-0.037	1.7
-0.037	1.7
-0.037	1.7
-0.037	1.7
-0.037	1.7
-0.037	1.8
-0.037	1.7
-0.037	1.8
-0.037	1.8
-0.037	1.8
-0.037	1.9
-0.037	1.8
-0.037	1.9
-0.037	1.9
-0.037	1.9
-0.037	1.9
-0.037	1.9
-0.037	1.9
-0.037	2.0
-0.037	2.0
-0.037	2.0
-0.037	2.0
-0.037	2.0
-0.038	2.0
-0.038	1.9
-0.038	1.9
-0.038	1.9
-0.038	2.0
-0.038	1.9
-0.038	2.0
-0.038	1.9
-0.038	1.9
-0.038	1.9
-0.038	1.8
-0.038	1.9
-0.038	1.8
-0.038	1.8
-0.038	1.8
-0.038	1.8
-0.038	1.8
-0.038	1.8
-0.038	1.8
-0.038	1.8
-0.038	1.8
-0.038	1.8
-0.038	1.8
-0.038	1.8
-0.038	1.7
-0.039	1.7
-0.039	1.7
-0.039	1.8
-0.039	1.7
-0.039	1.7
-0.039	1.7
-0.039	1.7
-0.039	1.7
-0.039	1.7
-0.039	1.7
-0.039	1.7
-0.039	1.6
-0.039	1.6
-0.039	1.7
-0.039	1.7
-0.039	1.6
-0.039	1.6
-0.039	1.6
-0.039	1.6
-0.039	1.6
-0.039	1.6
-0.039	1.6
-0.039	1.6
-0.039	1.6
-0.039	1.6
-0.039	1.6
-0.040	1.6
-0.040	1.6
-0.040	1.6
-0.040	1.6
-0.040	1.6
-0.040	1.6
-0.040	1.6
-0.040	1.6
-0.040	1.6
-0.040	1.6
-0.040	1.6
-0.040	1.6
-0.040	1.6
-0.040	1.6
-0.040	1.6
-0.040	1.6
-0.040	1.6
-0.040	1.6
-0.040	1.6
-0.040	1.6
-0.040	1.6
-0.040	1.6
-0.040	1.6
-0.040	1.6
-0.040	1.6
-0.041	1.6
-0.041	1.7
-0.041	1.7
-0.041	1.7
-0.041	1.7
-0.041	1.7
-0.041	1.7
-0.041	1.7
-0.041	1.8
-0.041	1.8
-0.041	1.9
-0.041	1.8
-0.041	1.9
-0.041	1.8
-0.041	1.9
-0.041	1.9
-0.041	2.0
-0.041	2.0
-0.041	2.0
-0.041	2.0
-0.041	2.0
-0.041	2.0
-0.041	2.0
-0.041	2.0
-0.041	2.0
-0.041	2.0
-0.042	2.0
-0.042	2.1
-0.042	2.1
-0.042	2.1
-0.042	2.1
-0.042	2.1
-0.042	2.1
-0.042	2.1
-0.042	2.1
-0.042	2.1
-0.042	2.1
-0.042	2.1
-0.042	2.1
-0.042	2.1
-0.042	2.1
-0.042	2.2
-0.042	2.2
-0.042	2.2
-0.042	2.2
-0.042	2.2
-0.042	2.2
-0.042	2.3
-0.042	2.2
-0.042	2.2
-0.042	2.2
-0.042	2.2
-0.043	2.2
-0.043	2.2
-0.043	2.2
-0.043	2.2
-0.043	2.2
-0.043	2.2
-0.043	2.2
-0.043	2.2
-0.043	2.2
-0.043	2.2
-0.043	2.2
-0.043	2.2
-0.043	2.2
-0.043	2.2
-0.043	2.2
-0.043	2.1
-0.043	2.2
-0.043	2.2
-0.043	2.2
-0.043	2.2
-0.043	2.2
-0.043	2.2
-0.043	2.2
-0.043	2.1
-0.043	2.2
-0.043	2.1
-0.044	2.1
-0.044	2.2
-0.044	2.1
-0.044	2.1
-0.044	2.1
-0.044	2.1
-0.044	2.1
-0.044	2.1
-0.044	2.1
-0.044	2.1
-0.044	2.1
-0.044	2.1
-0.044	2.1
-0.044	2.1
-0.044	2.0
-0.044	2.0
-0.044	2.0
-0.044	2.0
-0.044	1.9
-0.044	2.0
-0.044	2.0
-0.044	2.0
-0.044	1.9
-0.044	1.9
-0.044	1.9
-0.044	1.9
-0.044	1.8
-0.044	1.9
-0.044	1.9
-0.045	1.8
-0.045	1.9
-0.045	1.8
-0.045	1.8
-0.045	1.8
-0.045	1.7
-0.045	1.7
-0.045	1.7
-0.045	1.8
-0.045	1.7
-0.045	1.7
-0.045	1.7
-0.045	1.7
-0.045	1.7
-0.045	1.7
-0.045	1.7
-0.045	1.7
-0.045	1.8
-0.045	1.8
-0.045	1.7
-0.045	1.8
-0.045	1.7
-0.045	1.8
-0.045	1.8
-0.045	1.8
-0.045	1.8
-0.045	1.9
-0.045	1.9
-0.046	1.8
-0.046	1.9
-0.046	1.9
-0.046	1.9
-0.046	2.0
-0.046	2.0
-0.046	2.0
-0.046	2.0
-0.046	2.0
-0.046	2.0
-0.046	2.0
-0.046	2.0
-0.046	2.0
-0.046	2.1
-0.046	2.1
-0.046	2.1
-0.046	2.1
-0.046	2.1
-0.046	2.1
-0.046	2.2
-0.046	2.2
-0.046	2.2
-0.046	2.3
-0.046	2.3
-0.046	2.3
-0.046	2.4
-0.046	2.4
-0.046	2.4
-0.046	2.4
-0.046	2.5
-0.047	2.5
-0.047	2.5
-0.047	2.6
-0.047	2.6
-0.047	2.7
-0.047	2.7
-0.047	2.7
-0.047	2.7
-0.047	2.7
-0.047	2.7
-0.047	2.7
-0.047	2.7
-0.047	2.7
-0.047	2.8
-0.047	2.8
-0.047	2.7
-0.047	2.8
-0.047	2.8
-0.047	2.8
-0.047	2.8
-0.047	2.8
-0.047	2.9
-0.047	2.9
-0.047	2.9
-0.047	2.8
-0.047	2.9
-0.047	3.0
-0.047	3.0
-0.047	3.0
-0.047	3.0
-0.047	3.1
-0.047	3.1
-0.048	3.1
-0.048	3.1
-0.048	3.1
-0.048	3.2
-0.048	3.2
-0.048	3.2
-0.048	3.2
-0.048	3.3
-0.048	3.3
-0.048	3.4
-0.048	3.4
-0.048	3.4
-0.048	3.4
-0.048	3.3
-0.048	3.3
-0.048	3.3
-0.048	3.3
-0.048	3.2
-0.048	3.2
-0.048	3.2
-0.048	3.2
-0.048	3.2
-0.048	3.2
-0.048	3.2
-0.048	3.1
-0.048	3.1
-0.048	3.1
-0.048	3.1
-0.048	3.0
-0.048	3.0
-0.048	3.0
-0.048	3.0
-0.049	3.0
-0.049	2.9
-0.049	2.8
-0.049	2.8
-0.049	2.8
-0.049	2.7
-0.049	2.7
-0.049	2.7
-0.049	2.7
-0.049	2.7
-0.049	2.7
-0.049	2.7
-0.049	2.7
-0.049	2.7
-0.049	2.7
-0.049	2.7
-0.049	2.6
-0.049	2.6
-0.049	2.7
-0.049	2.6
-0.049	2.6
-0.049	2.5
-0.049	2.5
-0.049	2.5
-0.049	2.4
-0.049	2.4
-0.049	2.4
-0.049	2.4
-0.049	2.4
-0.050	2.3
-0.050	2.3
-0.050	2.3
-0.050	2.3
-0.050	2.3
-0.050	2.3
-0.050	2.2
-0.050	2.1
-0.050	2.2
-0.050	2.1
-0.050	2.1
-0.050	2.1
-0.050	2.1
-0.050	2.1
-0.050	2.1
-0.050	2.0
-0.050	2.0
-0.050	2.0
-0.050	2.0
-0.050	2.0
-0.050	2.0
-0.050	2.0
-0.050	2.0
-0.050	2.0
-0.050	2.0
-0.050	2.0
-0.051	2.0
-0.051	2.0
-0.051	2.0
-0.051	2.0
-0.051	2.0
-0.051	2.1
-0.051	2.1
-0.051	2.1
-0.051	2.1
-0.051	2.1
-0.051	2.1
-0.051	2.1
-0.051	2.1
-0.051	2.2
-0.051	2.2
-0.051	2.2
-0.051	2.3
-0.051	2.3
-0.051	2.4
-0.051	2.4
-0.051	2.4
-0.051	2.6
-0.051	2.5
-0.052	2.7
-0.052	2.7
-0.052	2.7
-0.052	2.7
-0.052	2.8
-0.052	2.8
-0.052	2.9
-0.052	2.9
-0.052	3.0
-0.052	3.1
-0.052	3.1
-0.052	3.2
-0.052	3.3
-0.052	3.4
-0.052	3.5
-0.052	3.5
-0.052	3.6
-0.052	3.6
-0.052	3.6
-0.052	3.7
-0.052	3.8
-0.052	3.9
-0.052	4.0
-0.053	4.0
-0.053	4.1
-0.053	4.2
-0.053	4.3
-0.053	4.3
-0.053	4.3
-0.053	4.4
-0.053	4.4
-0.053	4.4
-0.053	4.4
-0.053	4.5
-0.053	4.4
-0.053	4.5
-0.053	4.5
-0.053	4.6
-0.053	4.5
-0.053	4.6
-0.053	4.7
-0.053	4.6
-0.053	4.6
-0.053	4.7
-0.053	4.5
-0.054	4.5
-0.054	4.5
-0.054	4.5
-0.054	4.4
-0.054	4.4
-0.054	4.4
-0.054	4.4
-0.054	4.3
-0.054	4.3
-0.054	4.3
-0.054	4.3
-0.054	4.3
-0.054	4.2
-0.054	4.2
-0.054	4.1
-0.054	4.1
-0.054	4.1
-0.054	4.0
-0.054	4.0
-0.054	3.9
-0.054	3.8
-0.055	3.8
-0.055	3.7
-0.055	3.6
-0.055	3.5
-0.055	3.5
-0.055	3.3
-0.055	3.2
-0.055	3.2
-0.055	3.1
-0.055	3.0
-0.055	2.9
-0.055	2.8
-0.055	2.8
-0.055	2.7
-0.055	2.7
-0.055	2.7
-0.055	2.6
-0.055	2.5
-0.055	2.5
-0.055	2.4
-0.055	2.4
-0.055	2.4
-0.056	2.4
-0.056	2.3
-0.056	2.3
-0.056	2.3
-0.056	2.3
-0.056	2.4
-0.056	2.3
-0.056	2.4
-0.056	2.4
-0.056	2.4
-0.056	2.4
-0.056	2.4
-0.056	2.4
-0.056	2.4
-0.056	2.4
-0.056	2.5
-0.056	2.5
-0.056	2.6
-0.056	2.7
-0.056	2.7
-0.056	2.7
-0.056	2.8
-0.056	2.9
-0.057	3.0
-0.057	3.1
-0.057	3.1
-0.057	3.2
-0.057	3.3
-0.057	3.4
-0.057	3.5
-0.057	3.6
-0.057	3.6
-0.057	3.8
-0.057	3.9
-0.057	4.0
-0.057	4.1
-0.057	4.3
-0.057	4.4
-0.057	4.7
-0.057	4.7
-0.057	4.9
-0.057	5.1
-0.057	5.2
-0.057	5.4
-0.057	5.6
-0.057	5.8
-0.058	5.9
-0.058	6.0
-0.058	6.1
-0.058	6.1
-0.058	6.2
-0.058	6.3
-0.058	6.3
-0.058	6.3
-0.058	6.3
-0.058	6.4
-0.058	6.5
-0.058	6.6
-0.058	6.6
-0.058	6.7
-0.058	6.8
-0.058	6.9
-0.058	7.0
-0.058	7.0
-0.058	7.1
-0.058	7.1
-0.058	7.1
-0.058	7.1
-0.058	7.1
-0.059	7.2
-0.059	7.1
-0.059	7.1
-0.059	7.1
-0.059	7.1
-0.059	7.1
-0.059	7.1
-0.059	7.1
-0.059	7.1
-0.059	7.1
-0.059	7.1
-0.059	7.1
-0.059	7.1
-0.059	7.1
-0.059	7.1
-0.059	7.1
-0.059	7.1
-0.059	7.1
-0.059	7.0
-0.059	6.9
-0.059	6.8
-0.059	6.7
-0.059	6.7
-0.059	6.6
-0.059	6.5
-0.060	6.3
-0.060	6.3
-0.060	6.2
-0.060	6.1
-0.060	6.0
-0.060	5.9
-0.060	5.8
-0.060	5.6
-0.060	5.5
-0.060	5.4
-0.060	5.3
-0.060	5.2
-0.060	5.1
-0.060	5.1
-0.060	4.9
-0.060	4.8
-0.060	4.7
-0.060	4.7
-0.060	4.4
-0.060	4.3
-0.060	4.3
-0.060	4.2
-0.060	4.0
-0.060	4.0
-0.060	3.8
-0.060	3.7
-0.061	3.6
-0.061	3.6
-0.061	3.5
-0.061	3.5
-0.061	3.4
-0.061	3.2
-0.061	3.2
-0.061	3.2
-0.061	3.2
-0.061	3.2
-0.061	3.1
-0.061	3.1
-0.061	3.1
-0.061	3.1
-0.061	3.0
-0.061	3.1
-0.061	3.0
-0.061	3.0
-0.061	3.0
-0.061	3.1
-0.061	3.0
-0.061	3.0
-0.061	3.0
-0.061	3.1
-0.061	3.1
-0.061	3.1
-0.062	3.2
-0.062	3.2
-0.062	3.3
-0.062	3.4
-0.062	3.5
-0.062	3.6
-0.062	3.7
-0.062	3.8
-0.062	3.9
-0.062	4.1
-0.062	4.3
-0.062	4.4
-0.062	4.6
-0.062	4.7
-0.062	4.8
-0.062	5.0
-0.062	5.2
-0.062	5.2
-0.062	5.4
-0.062	5.5
-0.062	5.6
-0.062	5.8
-0.062	5.9
-0.062	6.0
-0.062	6.2
-0.062	6.3
-0.062	6.3
-0.062	6.5
-0.062	6.7
-0.063	6.9
-0.063	7.1
-0.063	7.3
-0.063	7.5
-0.063	7.8
-0.063	8.0
-0.063	8.3
-0.063	8.6
-0.063	8.8
-0.063	9.1
-0.063	9.4
-0.063	9.5
-0.063	9.8
-0.063	9.9
-0.063	10.2
-0.063	10.4
-0.063	10.5
-0.063	10.6
-0.063	10.6
-0.063	10.9
-0.063	10.9
-0.063	11.0
-0.063	11.0
-0.063	11.1
-0.063	11.3
-0.063	11.3
-0.063	11.3
-0.063	11.4
-0.063	11.4
-0.063	11.4
-0.063	11.5
-0.064	11.6
-0.064	11.7
-0.064	11.8
-0.064	11.9
-0.064	12.1
-0.064	12.1
-0.064	12.2
-0.064	12.4
-0.064	12.5
-0.064	12.5
-0.064	12.6
-0.064	12.7
-0.064	12.7
-0.064	12.8
-0.064	12.8
-0.064	12.8
-0.064	12.7
-0.064	12.7
-0.064	12.6
-0.064	12.6
-0.064	12.5
-0.064	12.4
-0.064	12.2
-0.064	12.1
-0.064	12.0
-0.064	11.8
-0.064	11.7
-0.064	11.5
-0.064	11.4
-0.064	11.3
-0.064	11.1
-0.065	11.0
-0.065	10.9
-0.065	10.7
-0.065	10.6
-0.065	10.6
-0.065	10.5
-0.065	10.4
-0.065	10.3
-0.065	10.3
-0.065	10.3
-0.065	10.2
-0.065	10.1
-0.065	10.1
-0.065	9.9
-0.065	9.9
-0.065	9.8
-0.065	9.7
-0.065	9.5
-0.065	9.5
-0.065	9.4
-0.065	9.2
-0.065	9.1
-0.065	8.9
-0.065	8.7
-0.065	8.5
-0.065	8.3
-0.065	8.2
-0.065	8.0
-0.065	7.8
-0.065	7.5
-0.065	7.4
-0.065	7.2
-0.065	7.0
-0.066	6.8
-0.066	6.6
-0.066	6.3
-0.066	6.3
-0.066	6.1
-0.066	5.9
-0.066	5.9
-0.066	5.6
-0.066	5.5
-0.066	5.4
-0.066	5.2
-0.066	5.1
-0.066	4.8
-0.066	4.8
-0.066	4.7
-0.066	4.7
-0.066	4.4
-0.066	4.3
-0.066	4.2
-0.066	4.1
-0.066	4.0
-0.066	3.9
-0.066	3.8
-0.066	3.7
-0.066	3.7
-0.066	3.6
-0.066	3.5
-0.066	3.5
-0.066	3.5
-0.066	3.5
-0.066	3.4
-0.066	3.4
-0.067	3.4
-0.067	3.4
-0.067	3.4
-0.067	3.5
-0.067	3.5
-0.067	3.6
-0.067	3.6
-0.067	3.8
-0.067	3.9
-0.067	4.0
-0.067	4.3
-0.067	4.4
-0.067	4.7
-0.067	4.8
-0.067	5.1
-0.067	5.4
-0.067	5.6
-0.067	6.0
-0.067	6.3
-0.067	6.6
-0.067	6.8
-0.067	7.2
-0.067	7.6
-0.067	7.9
-0.067	8.3
-0.067	8.7
-0.067	9.0
-0.067	9.4
-0.067	9.7
-0.067	10.0
-0.068	10.3
-0.068	10.6
-0.068	10.9
-0.068	11.2
-0.068	11.4
-0.068	11.8
-0.068	12.1
-0.068	12.5
-0.068	12.8
-0.068	13.2
-0.068	13.5
-0.068	13.9
-0.068	14.4
-0.068	14.7
-0.068	15.2
-0.068	15.7
-0.068	16.2
-0.068	16.8
-0.068	17.3
-0.068	17.9
-0.068	18.5
-0.068	19.0
-0.068	19.6
-0.068	20.3
-0.068	20.8
-0.068	21.3
-0.068	21.8
-0.068	22.3
-0.069	22.7
-0.069	23.0
-0.069	23.4
-0.069	23.6
-0.069	23.8
-0.069	24.1
-0.069	24.2
-0.069	24.3
-0.069	24.4
-0.069	24.5
-0.069	24.6
-0.069	24.6
-0.069	24.6
-0.069	24.6
-0.069	24.6
-0.069	24.6
-0.069	24.6
-0.069	24.7
-0.069	24.9
-0.069	25.0
-0.069	25.1
-0.069	25.1
-0.069	25.4
-0.069	25.5
-0.069	25.7
-0.069	25.9
-0.069	26.2
-0.070	26.4
-0.070	26.6
-0.070	26.8
-0.070	27.0
-0.070	27.1
-0.070	27.1
-0.070	27.2
-0.070	27.2
-0.070	27.2
-0.070	27.2
-0.070	27.1
-0.070	27.0
-0.070	26.7
-0.070	26.6
-0.070	26.2
-0.070	25.9
-0.070	25.5
-0.070	25.1
-0.070	24.7
-0.070	24.2
-0.070	23.7
-0.070	23.2
-0.070	22.8
-0.070	22.4
-0.070	21.9
-0.070	21.5
-0.070	21.0
-0.070	20.5
-0.070	20.1
-0.070	19.6
-0.070	19.2
-0.070	18.8
-0.071	18.5
-0.071	18.1
-0.071	17.7
-0.071	17.3
-0.071	16.9
-0.071	16.5
-0.071	16.1
-0.071	15.7
-0.071	15.3
-0.071	14.9
-0.071	14.6
-0.071	14.2
-0.071	13.8
-0.071	13.4
-0.071	13.0
-0.071	12.6
-0.071	12.2
-0.071	11.7
-0.071	11.3
-0.071	10.9
-0.071	10.5
-0.071	10.1
-0.071	9.8
-0.071	9.4
-0.071	9.0
-0.071	8.6
-0.071	8.3
-0.071	7.9
-0.071	7.6
-0.071	7.4
-0.071	7.0
-0.072	6.7
-0.072	6.6
-0.072	6.3
-0.072	6.2
-0.072	6.0
-0.072	6.0
-0.072	5.9
-0.072	5.8
-0.072	5.7
-0.072	5.7
-0.072	5.7
-0.072	5.8
-0.072	5.9
-0.072	6.0
-0.072	6.3
-0.072	6.3
-0.072	6.6
-0.072	6.9
-0.072	7.2
-0.072	7.7
-0.072	8.1
-0.072	8.5
-0.072	9.1
-0.072	9.6
-0.072	10.3
-0.072	10.9
-0.072	11.4
-0.072	12.2
-0.072	12.9
-0.072	13.7
-0.072	14.5
-0.072	15.2
-0.072	16.0
-0.073	16.8
-0.073	17.6
-0.073	18.5
-0.073	19.2
-0.073	20.1
-0.073	21.0
-0.073	21.7
-0.073	22.6
-0.073	23.4
-0.073	24.1
-0.073	25.0
-0.073	25.7
-0.073	26.6
-0.073	27.3
-0.073	28.2
-0.073	29.0
-0.073	29.8
-0.073	30.7
-0.073	31.5
-0.073	32.4
-0.073	33.3
-0.073	34.3
-0.073	35.3
-0.073	36.1
-0.073	37.2
-0.073	38.2
-0.073	39.3
-0.073	40.3
-0.073	41.6
-0.073	42.9
-0.073	44.1
-0.073	45.4
-0.073	46.8
-0.073	48.1
-0.073	49.6
-0.074	51.2
-0.074	52.8
-0.074	54.4
-0.074	56.2
-0.074	57.9
-0.074	59.8
-0.074	61.5
-0.074	63.4
-0.074	65.2
-0.074	67.2
-0.074	69.0
-0.074	70.9
-0.074	72.7
-0.074	74.3
-0.074	76.1
-0.074	77.7
-0.074	79.2
-0.074	80.6
-0.074	81.9
-0.074	83.1
-0.074	84.2
-0.074	85.2
-0.074	86.0
-0.074	86.7
-0.074	87.3
-0.074	87.9
-0.074	88.2
-0.074	88.4
-0.074	88.6
-0.074	88.6
-0.074	88.6
-0.074	88.4
-0.075	88.2
-0.075	87.7
-0.075	87.5
-0.075	87.1
-0.075	86.4
-0.075	86.0
-0.075	85.4
-0.075	84.9
-0.075	84.3
-0.075	83.6
-0.075	83.1
-0.075	82.5
-0.075	81.9
-0.075	81.4
-0.075	81.0
-0.075	80.4
-0.075	79.9
-0.075	79.4
-0.075	79.0
-0.075	78.6
-0.075	78.2
-0.075	77.8
-0.075	77.5
-0.075	77.2
-0.075	77.0
-0.075	76.6
-0.075	76.2
-0.075	75.8
-0.075	75.4
-0.075	75.0
-0.076	74.4
-0.076	73.8
-0.076	73.1
-0.076	72.5
-0.076	71.6
-0.076	70.7
-0.076	69.6
-0.076	68.7
-0.076	67.5
-0.076	66.1
-0.076	64.7
-0.076	63.3
-0.076	61.6
-0.076	60.1
-0.076	58.3
-0.076	56.6
-0.076	54.7
-0.076	52.8
-0.076	50.9
-0.076	48.9
-0.076	47.0
-0.076	45.0
-0.076	43.0
-0.076	41.0
-0.076	39.1
-0.076	37.1
-0.076	35.3
-0.076	33.3
-0.076	31.5
-0.077	29.8
-0.077	28.1
-0.077	26.6
-0.077	25.0
-0.077	23.4
-0.077	22.1
-0.077	20.8
-0.077	19.6
-0.077	18.7
-0.077	17.7
-0.077	17.1
-0.077	16.5
-0.077	16.0
-0.077	15.8
-0.077	15.7
-0.077	15.8
-0.077	16.2
-0.077	16.8
-0.077	17.7
-0.077	18.8
-0.077	20.1
-0.077	21.8
-0.077	23.7
-0.077	26.1
-0.077	28.6
-0.078	31.5
-0.078	34.9
-0.078	38.4
-0.078	42.4
-0.078	46.8
-0.078	51.4
-0.078	56.3
-0.078	61.6
-0.078	67.3
-0.078	73.1
-0.078	79.3
-0.078	85.7
-0.078	92.5
-0.078	98.6
-0.078	98.7
-0.078	98.7
-0.078	98.7
-0.078	98.7
-0.078	98.8
-0.078	98.7
-0.078	98.8
-0.078	98.7
-0.078	98.8
-0.079	98.7
-0.079	98.7
-0.079	98.8
-0.079	98.8
-0.079	98.7
-0.079	98.8
-0.079	98.8
-0.079	98.8
-0.079	98.7
-0.079	98.7
-0.079	98.7
-0.079	98.7
-0.079	98.8
-0.079	98.7
-0.079	98.7
-0.079	98.8
-0.079	98.7
-0.079	98.7
-0.079	98.8
-0.079	98.7
-0.079	98.7
-0.079	98.8
-0.079	98.8
-0.079	98.7
-0.079	98.8
-0.080	98.7
-0.080	98.7
-0.080	98.6
-0.080	98.7
-0.080	98.7
-0.080	98.7
-0.080	98.8
-0.080	98.7
-0.080	98.7
-0.080	98.6
-0.080	98.7
-0.080	98.7
-0.080	98.7
-0.080	98.7
-0.080	98.7
-0.080	98.7
-0.080	98.7
-0.080	98.7
-0.080	98.7
-0.080	98.6
-0.080	98.7
-0.080	98.7
-0.080	98.6
-0.081	98.7
-0.081	98.6
-0.081	98.6
-0.081	98.7
-0.081	98.7
-0.081	98.7
-0.081	98.6
-0.081	98.6
-0.081	98.6
-0.081	98.7
-0.081	98.6
-0.081	98.6
-0.081	98.6
-0.081	98.7
-0.081	98.6
-0.081	98.6
-0.081	98.6
-0.081	98.6
-0.081	98.7
-0.081	98.5
-0.081	98.6
-0.081	98.6
-0.082	98.7
-0.082	98.7
-0.082	98.6
-0.082	98.7
-0.082	98.6
-0.082	98.6
-0.082	98.6
-0.082	98.5
-0.082	98.5
-0.082	98.8
-0.082	99.0
-0.082	99.0
-0.082	99.0
-0.082	99.0
-0.082	99.0
-0.082	98.9
-0.082	99.0
-0.082	98.9
-0.082	99.0
-0.082	99.0
-0.082	98.9
-0.082	98.9
-0.083	98.9
-0.083	99.0
-0.083	98.9
-0.083	98.9
-0.083	99.0
-0.083	99.0
-0.083	98.9
-0.083	99.0
-0.083	98.9
-0.083	98.9
-0.083	99.0
-0.083	99.0
-0.083	98.9
-0.083	98.9
-0.083	99.0
-0.083	99.0
-0.083	99.0
-0.083	98.9
-0.083	98.9
-0.083	99.0
-0.083	98.9
-0.083	98.9
-0.084	98.8
-0.084	98.5
-0.084	98.5
-0.084	98.5
-0.084	98.6
-0.084	98.6
-0.084	98.5
-0.084	98.6
-0.084	98.6
-0.084	98.6
-0.084	98.7
-0.084	98.7
-0.084	98.7
-0.084	98.7
-0.084	98.7
-0.084	98.7
-0.084	98.7
-0.084	98.6
-0.084	98.7
-0.084	98.7
-0.084	98.7
-0.084	98.7
-0.085	98.7
-0.085	98.7
-0.085	98.7
-0.085	98.7
-0.085	98.7
-0.085	98.8
-0.085	98.7
-0.085	98.7
-0.085	98.8
-0.085	98.7
-0.085	98.8
-0.085	98.7
-0.085	98.7
-0.085	98.7
-0.085	98.8
-0.085	98.7
-0.085	98.7
-0.085	98.7
-0.085	98.7
-0.085	98.8
-0.085	98.8
-0.085	98.7
-0.085	98.7
-0.086	98.7
-0.086	98.8
-0.086	98.8
-0.086	98.8
-0.086	98.7
-0.086	98.8
-0.086	98.7
-0.086	98.8
-0.086	98.8
-0.086	98.7
-0.086	98.8
-0.086	98.8
-0.086	98.8
-0.086	98.8
-0.086	98.7
-0.086	98.8
-0.086	98.7
-0.086	98.7
-0.086	98.7
-0.086	98.7
-0.086	98.8
-0.086	98.7
-0.086	98.8
-0.086	98.7
-0.086	98.7
-0.087	98.8
-0.087	98.7
-0.087	98.7
-0.087	98.8
-0.087	98.7
-0.087	98.8
-0.087	98.8
-0.087	98.7
-0.087	98.7
-0.087	98.7
-0.087	98.7
-0.087	98.7
-0.087	98.7
-0.087	98.4
-0.087	96.9
-0.087	94.1
-0.087	90.7
-0.087	86.9
-0.087	82.8
-0.087	78.3
-0.087	74.0
-0.087	69.6
-0.087	65.3
-0.088	61.3
-0.088	57.4
-0.088	53.8
-0.088	50.4
-0.088	47.3
-0.088	44.3
-0.088	41.8
-0.088	39.5
-0.088	37.4
-0.088	35.6
-0.088	34.1
-0.088	32.8
-0.088	31.9
-0.088	31.3
-0.088	30.9
-0.088	30.6
-0.088	30.7
-0.088	30.9
-0.088	31.3
-0.088	32.0
-0.088	32.9
-0.088	34.0
-0.088	35.1
-0.088	36.4
-0.088	38.0
-0.088	39.6
-0.089	41.3
-0.089	43.3
-0.089	45.1
-0.089	47.3
-0.089	49.3
-0.089	51.6
-0.089	53.6
-0.089	55.9
-0.089	58.2
-0.089	60.5
-0.089	62.9
-0.089	65.2
-0.089	67.6
-0.089	69.9
-0.089	72.3
-0.089	74.6
-0.089	77.0
-0.089	79.2
-0.089	81.5
-0.089	83.8
-0.089	86.0
-0.089	88.1
-0.089	90.1
-0.089	92.2
-0.089	94.1
-0.089	96.0
-0.089	97.9
-0.089	98.7
-0.089	98.7
-0.090	98.7
-0.090	98.7
-0.090	98.7
-0.090	98.7
-0.090	98.7
-0.090	98.8
-0.090	98.8
-0.090	98.8
-0.090	98.7
-0.090	98.7
-0.090	98.7
-0.090	98.8
-0.090	98.8
-0.090	98.7
-0.090	98.7
-0.090	98.8
-0.090	98.8
-0.090	98.8
-0.090	98.7
-0.090	98.8
-0.090	98.8
-0.090	98.8
-0.090	98.7
-0.090	98.7
-0.090	98.7
-0.090	98.7
-0.090	98.7
-0.090	98.8
-0.090	98.8
-0.090	98.8
-0.090	98.8
-0.091	98.8
-0.091	98.7
-0.091	98.8
-0.091	98.7
-0.091	98.8
-0.091	98.8
-0.091	98.8
-0.091	98.6
-0.091	98.4
-0.091	98.0
-0.091	97.5
-0.091	96.6
-0.091	95.6
-0.091	94.4
-0.091	93.2
-0.091	91.9
-0.091	90.4
-0.091	89.1
-0.091	87.5
-0.091	85.9
-0.091	84.4
-0.091	82.7
-0.091	81.0
-0.091	79.4
-0.091	77.7
-0.091	76.1
-0.091	74.5
-0.091	72.8
-0.091	71.1
-0.091	69.4
-0.091	67.7
-0.091	66.1
-0.091	64.5
-0.091	62.6
-0.092	60.9
-0.092	59.2
-0.092	57.5
-0.092	55.9
-0.092	54.2
-0.092	52.4
-0.092	50.8
-0.092	49.1
-0.092	47.6
-0.092	45.9
-0.092	44.3
-0.092	42.8
-0.092	41.3
-0.092	39.8
-0.092	38.4
-0.092	36.8
-0.092	35.5
-0.092	34.2
-0.092	32.8
-0.092	31.6
-0.092	30.3
-0.092	29.0
-0.092	27.8
-0.092	26.7
-0.092	25.5
-0.092	24.5
-0.092	23.4
-0.092	22.4
-0.092	21.4
-0.092	20.3
-0.092	19.4
-0.092	18.5
-0.092	17.6
-0.092	16.8
-0.092	16.0
-0.092	15.2
-0.092	14.5
-0.092	13.8
-0.093	13.1
-0.093	12.5
-0.093	12.0
-0.093	11.4
-0.093	10.9
-0.093	10.4
-0.093	10.0
-0.093	9.6
-0.093	9.3
-0.093	9.0
-0.093	8.6
-0.093	8.3
-0.093	8.1
-0.093	7.9
-0.093	7.8
-0.093	7.5
-0.093	7.5
-0.093	7.4
-0.093	7.4
-0.093	7.4
-0.093	7.4
-0.093	7.4
-0.093	7.5
-0.093	7.8
-0.093	7.8
-0.093	8.0
-0.093	8.2
-0.093	8.4
-0.093	8.7
-0.093	9.0
-0.093	9.2
-0.093	9.5
-0.093	9.9
-0.093	10.2
-0.093	10.5
-0.093	10.9
-0.093	11.3
-0.093	11.8
-0.094	12.2
-0.094	12.6
-0.094	13.2
-0.094	13.7
-0.094	14.1
-0.094	14.6
-0.094	15.0
-0.094	15.6
-0.094	16.1
-0.094	16.7
-0.094	17.2
-0.094	17.7
-0.094	18.3
-0.094	18.8
-0.094	19.4
-0.094	20.0
-0.094	20.5
-0.094	21.2
-0.094	21.7
-0.094	22.4
-0.094	22.9
-0.094	23.4
-0.094	24.1
-0.094	24.7
-0.094	25.3
-0.094	25.9
-0.094	26.5
-0.094	27.0
-0.094	27.5
-0.094	28.1
-0.094	28.6
-0.094	29.2
-0.094	29.8
-0.095	30.3
-0.095	30.9
-0.095	31.3
-0.095	31.7
-0.095	32.2
-0.095	32.8
-0.095	33.2
-0.095	33.6
-0.095	34.0
-0.095	34.4
-0.095	34.8
-0.095	35.2
-0.095	35.5
-0.095	35.9
-0.095	36.2
-0.095	36.5
-0.095	36.8
-0.095	37.1
-0.095	37.3
-0.095	37.5
-0.095	37.7
-0.095	37.9
-0.095	38.0
-0.095	38.3
-0.095	38.4
-0.095	38.7
-0.095	38.7
-0.095	38.8
-0.095	38.9
-0.095	39.1
-0.095	39.1
-0.095	39.1
-0.096	39.1
-0.096	39.1
-0.096	39.1
-0.096	38.9
-0.096	38.8
-0.096	38.7
-0.096	38.4
-0.096	38.4
-0.096	38.2
-0.096	37.9
-0.096	37.6
-0.096	37.4
-0.096	37.1
-0.096	36.8
-0.096	36.4
-0.096	36.2
-0.096	35.9
-0.096	35.5
-0.096	35.3
-0.096	34.9
-0.096	34.5
-0.096	34.1
-0.096	33.7
-0.096	33.3
-0.096	32.8
-0.096	32.4
-0.096	31.9
-0.096	31.3
-0.096	31.0
-0.096	30.4
-0.097	29.8
-0.097	29.3
-0.097	28.7
-0.097	28.1
-0.097	27.4
-0.097	27.0
-0.097	26.3
-0.097	25.6
-0.097	25.0
-0.097	24.3
-0.097	23.8
-0.097	23.1
-0.097	22.5
-0.097	22.0
-0.097	21.3
-0.097	20.7
-0.097	20.1
-0.097	19.5
-0.097	18.8
-0.097	18.4
-0.097	17.7
-0.097	17.2
-0.097	16.5
-0.097	16.0
-0.097	15.3
-0.097	14.8
-0.097	14.2
-0.098	13.7
-0.098	13.1
-0.098	12.5
-0.098	12.0
-0.098	11.4
-0.098	11.0
-0.098	10.5
-0.098	10.0
-0.098	9.5
-0.098	9.1
-0.098	8.6
-0.098	8.2
-0.098	7.8
-0.098	7.4
-0.098	7.1
-0.098	6.7
-0.098	6.3
-0.098	6.2
-0.098	5.9
-0.098	5.6
-0.098	5.4
-0.098	5.2
-0.098	5.0
-0.098	4.8
-0.098	4.7
-0.098	4.5
-0.099	4.4
-0.099	4.3
-0.099	4.3
-0.099	4.3
-0.099	4.3
-0.099	4.3
-0.099	4.3
-0.099	4.4
-0.099	4.5
-0.099	4.7
-0.099	4.7
-0.099	4.9
-0.099	5.1
-0.099	5.2
-0.099	5.5
-0.099	5.7
-0.099	6.0
-0.099	6.3
-0.099	6.4
-0.099	6.7
-0.099	7.0
-0.099	7.4
-0.099	7.8
-0.099	8.0
-0.099	8.3
-0.099	8.7
-0.100	9.1
-0.100	9.4
-0.100	9.8
-0.100	10.1
-0.100	10.4
-0.100	10.7
-0.100	11.0
-0.100	11.4
-0.100	11.7
-0.100	12.1
-0.100	12.4
-0.100	12.6
-0.100	13.0
-0.100	13.3
-0.100	13.6
-0.100	13.8
-0.100	14.2
-0.100	14.5
-0.100	14.6
-0.100	14.8
-0.100	15.1
-0.100	15.3
-0.100	15.6
-0.100	15.8
-0.100	16.0
-0.101	16.2
-0.101	16.4
-0.101	16.5
-0.101	16.9
-0.101	16.9
-0.101	17.2
-0.101	17.3
-0.101	17.5
-0.101	17.7
-0.101	17.8
-0.101	18.0
-0.101	18.1
-0.101	18.3
-0.101	18.4
-0.101	18.6
-0.101	18.8
-0.101	18.8
-0.101	18.8
-0.101	18.9
-0.101	19.1
-0.101	19.2
-0.101	19.2
-0.101	19.3
-0.101	19.4
-0.101	19.4
-0.101	19.5
-0.102	19.5
-0.102	19.5
-0.102	19.5
-0.102	19.5
-0.102	19.4
-0.102	19.4
-0.102	19.3
-0.102	19.2
-0.102	19.1
-0.102	19.0
-0.102	18.8
-0.102	18.7
-0.102	18.5
-0.102	18.3
-0.102	17.9
-0.102	17.7
-0.102	17.3
-0.102	16.9
-0.102	16.6
-0.102	16.3
-0.102	15.8
-0.102	15.3
-0.102	14.9
-0.102	14.6
-0.102	14.2
-0.102	13.7
-0.103	13.2
-0.103	12.8
-0.103	12.3
-0.103	11.8
-0.103	11.4
-0.103	10.9
-0.103	10.5
-0.103	10.1
-0.103	9.7
-0.103	9.3
-0.103	8.8
-0.103	8.3
-0.103	7.9
-0.103	7.5
-0.103	7.1
-0.103	6.8
-0.103	6.5
-0.103	6.3
-0.103	5.9
-0.103	5.6
-0.103	5.3
-0.103	5.1
-0.103	4.8
-0.103	4.7
-0.103	4.4
-0.104	4.3
-0.104	4.0
-0.104	4.0
-0.104	3.8
-0.104	3.7
-0.104	3.6
-0.104	3.6
-0.104	3.6
-0.104	3.6
-0.104	3.5
-0.104	3.5
-0.104	3.6
-0.104	3.6
-0.104	3.6
-0.104	3.7
-0.104	3.8
-0.104	3.9
-0.104	3.9
-0.104	4.0
-0.104	4.1
-0.104	4.2
-0.104	4.3
-0.104	4.4
-0.104	4.5
-0.105	4.7
-0.105	4.7
-0.105	4.8
-0.105	5.0
-0.105	5.1
-0.105	5.2
-0.105	5.2
-0.105	5.4
-0.105	5.5
-0.105	5.6
-0.105	5.7
-0.105	5.9
-0.105	6.0
-0.105	6.1
-0.105	6.3
-0.105	6.3
-0.105	6.4
-0.105	6.7
-0.105	6.8
-0.105	7.0
-0.105	7.2
-0.105	7.4
-0.105	7.7
-0.106	7.9
-0.106	8.2
-0.106	8.5
-0.106	8.7
-0.106	9.1
-0.106	9.4
-0.106	9.8
-0.106	10.1
-0.106	10.4
-0.106	10.7
-0.106	11.0
-0.106	11.3
-0.106	11.7
-0.106	12.0
-0.106	12.2
-0.106	12.5
-0.106	12.7
-0.106	13.0
-0.106	13.1
-0.106	13.3
-0.106	13.4
-0.106	13.4
-0.106	13.5
-0.106	13.5
-0.106	13.6
-0.107	13.5
-0.107	13.4
-0.107	13.4
-0.107	13.2
-0.107	13.2
-0.107	13.0
-0.107	12.8
-0.107	12.6
-0.107	12.5
-0.107	12.2
-0.107	12.1
-0.107	11.8
-0.107	11.7
-0.107	11.5
-0.107	11.3
-0.107	11.0
-0.107	10.9
-0.107	10.7
-0.107	10.5
-0.107	10.4
-0.107	10.2
-0.107	10.1
-0.108	9.9
-0.108	9.7
-0.108	9.5
-0.108	9.4
-0.108	9.1
-0.108	9.0
-0.108	8.7
-0.108	8.5
-0.108	8.3
-0.108	8.2
-0.108	7.9
-0.108	7.8
-0.108	7.4
-0.108	7.2
-0.108	7.0
-0.108	6.7
-0.108	6.5
-0.108	6.3
-0.108	6.2
-0.108	5.9
-0.108	5.7
-0.108	5.4
-0.108	5.2
-0.108	5.0
-0.109	4.8
-0.109	4.6
-0.109	4.4
-0.109	4.2
-0.109	4.0
-0.109	3.8
-0.109	3.6
-0.109	3.6
-0.109	3.4
-0.109	3.3
-0.109	3.2
-0.109	3.1
-0.109	3.0
-0.109	2.8
-0.109	2.8
-0.109	2.8
-0.109	2.7
-0.109	2.7
-0.109	2.7
-0.109	2.6
-0.109	2.6
-0.109	2.6
-0.109	2.6
-0.109	2.5
-0.109	2.6
-0.110	2.7
-0.110	2.7
-0.110	2.7
-0.110	2.7
-0.110	2.7
-0.110	2.8
-0.110	2.8
-0.110	2.9
-0.110	2.9
-0.110	3.0
-0.110	3.0
-0.110	3.1
-0.110	3.1
-0.110	3.2
-0.110	3.3
-0.110	3.5
-0.110	3.5
-0.110	3.6
-0.110	3.7
-0.110	3.9
-0.110	3.9
-0.110	4.1
-0.110	4.3
-0.110	4.4
-0.110	4.7
-0.110	4.8
-0.110	4.9
-0.110	5.2
-0.111	5.3
-0.111	5.5
-0.111	5.8
-0.111	6.0
-0.111	6.2
-0.111	6.3
-0.111	6.5
-0.111	6.7
-0.111	6.9
-0.111	7.1
-0.111	7.4
-0.111	7.4
-0.111	7.7
-0.111	7.8
-0.111	7.9
-0.111	8.0
-0.111	8.2
-0.111	8.2
-0.111	8.3
-0.111	8.3
-0.111	8.3
-0.111	8.4
-0.111	8.5
-0.111	8.5
-0.111	8.5
-0.111	8.5
-0.111	8.5
-0.111	8.5
-0.111	8.5
-0.111	8.4
-0.111	8.5
-0.111	8.5
-0.112	8.5
-0.112	8.5
-0.112	8.5
-0.112	8.5
-0.112	8.5
-0.112	8.5
-0.112	8.6
-0.112	8.6
-0.112	8.7
-0.112	8.7
-0.112	8.7
-0.112	8.8
-0.112	8.8
-0.112	8.9
-0.112	9.0
-0.112	9.0
-0.112	9.1
-0.112	9.1
-0.112	9.1
-0.112	9.2
-0.112	9.2
-0.112	9.2
-0.112	9.3
-0.112	9.2
-0.112	9.1
-0.112	9.1
-0.112	9.1
-0.112	9.0
-0.112	9.0
-0.112	8.9
-0.112	8.7
-0.112	8.7
-0.112	8.5
-0.112	8.4
-0.112	8.3
-0.113	8.2
-0.113	7.9
-0.113	7.8
-0.113	7.7
-0.113	7.5
-0.113	7.4
-0.113	7.2
-0.113	7.0
-0.113	6.9
-0.113	6.7
-0.113	6.6
-0.113	6.4
-0.113	6.3
-0.113	6.3
-0.113	6.1
-0.113	6.0
-0.113	5.9
-0.113	5.7
-0.113	5.6
-0.113	5.5
-0.113	5.4
-0.113	5.2
-0.113	5.2
-0.113	5.1
-0.113	4.9
-0.113	4.8
-0.113	4.8
-0.113	4.7
-0.113	4.7
-0.113	4.5
-0.113	4.4
-0.113	4.3
-0.113	4.2
-0.113	4.1
-0.113	4.0
-0.114	4.0
-0.114	3.8
-0.114	3.8
-0.114	3.7
-0.114	3.6
-0.114	3.5
-0.114	3.4
-0.114	3.3
-0.114	3.2
-0.114	3.1
-0.114	3.0
-0.114	2.9
-0.114	2.8
-0.114	2.7
-0.114	2.7
-0.114	2.5
-0.114	2.4
-0.114	2.4
-0.114	2.3
-0.114	2.3
-0.114	2.1
-0.114	2.1
-0.114	2.1
-0.114	2.1
-0.114	2.0
-0.114	2.0
-0.114	2.0
-0.114	1.9
-0.114	1.9
-0.114	1.9
-0.114	1.8
-0.114	1.8
-0.114	1.7
-0.114	1.7
-0.115	1.8
-0.115	1.7
-0.115	1.7
-0.115	1.7
-0.115	1.7
-0.115	1.8
-0.115	1.7
-0.115	1.8
-0.115	1.9
-0.115	1.9
-0.115	1.9
-0.115	2.0
-0.115	2.0
-0.115	1.9
-0.115	2.0
-0.115	2.0
-0.115	2.0
-0.115	2.0
-0.115	2.1
-0.115	2.1
-0.115	2.1
-0.115	2.1
-0.115	2.2
-0.115	2.2
-0.115	2.2
-0.115	2.3
-0.115	2.4
-0.115	2.4
-0.115	2.5
-0.115	2.6
-0.115	2.7
-0.116	2.8
-0.116	2.8
-0.116	2.9
-0.116	3.1
-0.116	3.2
-0.116	3.2
-0.116	3.4
-0.116	3.5
-0.116	3.6
-0.116	3.7
-0.116	3.8
-0.116	3.9
-0.116	4.0
-0.116	4.0
-0.116	4.1
-0.116	4.2
-0.116	4.3
-0.116	4.4
-0.116	4.5
-0.116	4.4
-0.116	4.6
-0.116	4.7
-0.116	4.7
-0.116	4.8
-0.116	4.8
-0.116	4.8
-0.116	5.0
-0.116	5.0
-0.116	5.1
-0.116	5.2
-0.116	5.2
-0.117	5.3
-0.117	5.4
-0.117	5.5
-0.117	5.6
-0.117	5.7
-0.117	5.8
-0.117	5.8
-0.117	6.0
-0.117	6.0
-0.117	6.0
-0.117	6.2
-0.117	6.2
-0.117	6.3
-0.117	6.3
-0.117	6.3
-0.117	6.3
-0.117	6.3
-0.117	6.3
-0.117	6.3
-0.117	6.3
-0.117	6.3
-0.117	6.3
-0.117	6.1
-0.117	6.2
-0.117	6.0
-0.117	6.0
-0.117	6.0
-0.117	5.9
-0.117	5.9
-0.117	5.9
-0.118	5.9
-0.118	5.8
-0.118	5.8
-0.118	5.8
-0.118	5.8
-0.118	5.7
-0.118	5.7
-0.118	5.6
-0.118	5.6
-0.118	5.6
-0.118	5.6
-0.118	5.6
-0.118	5.6
-0.118	5.5
-0.118	5.4
-0.118	5.4
-0.118	5.4
-0.118	5.2
-0.118	5.2
-0.118	5.1
-0.118	5.0
-0.118	4.8
-0.118	4.7
-0.118	4.7
-0.118	4.4
-0.118	4.4
-0.118	4.3
-0.119	4.2
-0.119	4.0
-0.119	3.9
-0.119	3.9
-0.119	3.8
-0.119	3.6
-0.119	3.5
-0.119	3.5
-0.119	3.4
-0.119	3.3
-0.119	3.2
-0.119	3.1
-0.119	3.1
-0.119	3.0
-0.119	2.9
-0.119	2.8
-0.119	2.7
-0.119	2.7
-0.119	2.6
-0.119	2.4
-0.119	2.4
-0.119	2.4
-0.119	2.3
-0.119	2.2
-0.119	2.1
-0.119	2.1
-0.119	2.1
-0.120	2.1
-0.120	2.0
-0.120	1.9
-0.120	1.9
-0.120	1.8
-0.120	1.8
-0.120	1.7
-0.120	1.7
-0.120	1.7
-0.120	1.7
-0.120	1.7
-0.120	1.7
-0.120	1.6
-0.120	1.6
-0.120	1.6
-0.120	1.6
-0.120	1.6
-0.120	1.6
-0.120	1.6
-0.120	1.7
-0.120	1.6
-0.120	1.6
-0.120	1.7
-0.120	1.7
-0.121	1.7
-0.121	1.7
-0.121	1.7
-0.121	1.7
-0.121	1.8
-0.121	1.9
-0.121	1.9
-0.121	2.0
-0.121	2.0
-0.121	2.1
-0.121	2.1
-0.121	2.1
-0.121	2.1
-0.121	2.2
-0.121	2.2
-0.121	2.3
-0.121	2.4
-0.121	2.4
-0.121	2.4
-0.121	2.4
-0.121	2.5
-0.121	2.6
-0.121	2.7
-0.121	2.7
-0.121	2.8
-0.122	2.8
-0.122	2.9
-0.122	3.0
-0.122	3.1
-0.122	3.1
-0.122	3.2
-0.122	3.3
-0.122	3.4
-0.122	3.4
-0.122	3.5
-0.122	3.6
-0.122	3.6
-0.122	3.7
-0.122	3.7
-0.122	3.8
-0.122	3.8
-0.122	3.8
-0.122	3.8
-0.122	3.8
-0.122	3.8
-0.122	3.9
-0.122	3.9
-0.122	4.0
-0.122	4.0
-0.122	4.0
-0.123	4.1
-0.123	4.1
-0.123	4.2
-0.123	4.2
-0.123	4.2
-0.123	4.2
-0.123	4.3
-0.123	4.3
-0.123	4.3
-0.123	4.2
-0.123	4.3
-0.123	4.1
-0.123	4.2
-0.123	4.0
-0.123	4.0
-0.123	4.0
-0.123	3.9
-0.123	3.8
-0.123	3.8
-0.123	3.7
-0.123	3.7
-0.123	3.7
-0.124	3.6
-0.124	3.6
-0.124	3.6
-0.124	3.5
-0.124	3.5
-0.124	3.4
-0.124	3.3
-0.124	3.2
-0.124	3.2
-0.124	3.1
-0.124	3.1
-0.124	3.0
-0.124	3.0
-0.124	2.9
-0.124	2.8
-0.124	2.7
-0.124	2.7
-0.124	2.6
-0.124	2.5
-0.124	2.4
-0.124	2.4
-0.124	2.3
-0.125	2.2
-0.125	2.2
-0.125	2.1
-0.125	2.1
-0.125	2.1
-0.125	2.0
-0.125	2.0
-0.125	1.9
-0.125	1.8
-0.125	1.7
-0.125	1.7
-0.125	1.7
-0.125	1.6
-0.125	1.6
-0.125	1.6
-0.125	1.6
-0.125	1.6
-0.125	1.4
-0.125	1.4
-0.125	1.4
-0.125	1.3
-0.125	1.3
-0.126	1.3
-0.126	1.3
-0.126	1.3
-0.126	1.2
-0.126	1.2
-0.126	1.3
-0.126	1.2
-0.126	1.3
-0.126	1.2
-0.126	1.2
-0.126	1.2
-0.126	1.2
-0.126	1.3
-0.126	1.3
-0.126	1.3
-0.126	1.3
-0.126	1.3
-0.126	1.3
-0.126	1.4
-0.126	1.4
-0.126	1.4
-0.127	1.5
-0.127	1.5
-0.127	1.6
-0.127	1.6
-0.127	1.6
-0.127	1.6
-0.127	1.6
-0.127	1.6
-0.127	1.7
-0.127	1.7
-0.127	1.7
-0.127	1.7
-0.127	1.8
-0.127	1.8
-0.127	1.9
-0.127	2.0
-0.127	2.0
-0.127	2.0
-0.127	2.0
-0.127	2.0
-0.127	2.0
-0.128	2.0
-0.128	2.0
-0.128	2.1
-0.128	2.1
-0.128	2.1
-0.128	2.1
-0.128	2.1
-0.128	2.1
-0.128	2.1
-0.128	2.1
-0.128	2.1
-0.128	2.1
-0.128	2.1
-0.128	2.1
-0.128	2.1
-0.128	2.1
-0.128	2.1
-0.128	2.1
-0.128	2.1
-0.128	2.1
-0.128	2.1
-0.129	2.1
-0.129	2.1
-0.129	2.1
-0.129	2.1
-0.129	2.1
-0.129	2.1
-0.129	2.1
-0.129	2.1
-0.129	2.1
-0.129	2.0
-0.129	2.1
-0.129	2.0
-0.129	2.0
-0.129	2.0
-0.129	2.0
-0.129	2.0
-0.129	1.9
-0.129	1.8
-0.129	1.8
-0.130	1.8
-0.130	1.8
-0.130	1.7
-0.130	1.7
-0.130	1.7
-0.130	1.7
-0.130	1.6
-0.130	1.6
-0.130	1.6
-0.130	1.6
-0.130	1.4
-0.130	1.3
-0.130	1.3
-0.130	1.3
-0.130	1.3
-0.130	1.3
-0.130	1.2
-0.130	1.2
-0.130	1.2
-0.131	1.2
-0.131	1.2
-0.131	1.2
-0.131	1.1
-0.131	1.2
-0.131	1.1
-0.131	1.1
-0.131	1.0
-0.131	1.1
-0.131	1.0
-0.131	0.9
-0.131	0.9
-0.131	0.9
-0.131	0.9
-0.131	0.9
-0.131	0.9
-0.131	0.9
-0.131	1.0
-0.132	0.9
-0.132	0.9
-0.132	0.9
-0.132	0.9
-0.132	0.9
-0.132	1.0
-0.132	1.0
-0.132	1.0
-0.132	1.0
-0.132	0.9
-0.132	0.9
-0.132	1.1
-0.132	1.1
-0.132	1.1
-0.132	1.1
-0.132	1.2
-0.132	1.2
-0.132	1.2
-0.132	1.2
-0.132	1.2
-0.132	1.2
-0.133	1.2
-0.133	1.2
-0.133	1.3
-0.133	1.3
-0.133	1.3
-0.133	1.3
-0.133	1.3
-0.133	1.3
-0.133	1.4
-0.133	1.3
-0.133	1.4
-0.133	1.4
-0.133	1.4
-0.133	1.4
-0.133	1.4
-0.133	1.5
-0.133	1.6
-0.133	1.5
-0.133	1.6
-0.134	1.4
-0.134	1.4
-0.134	1.6
-0.134	1.6
-0.134	1.5
-0.134	1.6
-0.134	1.6
-0.134	1.6
-0.134	1.6
-0.134	1.6
-0.134	1.4
-0.134	1.6
-0.134	1.6
-0.134	1.4
-0.134	1.5
-0.134	1.5
-0.134	1.4
-0.134	1.4
-0.134	1.4
-0.135	1.4
-0.135	1.3
-0.135	1.3
-0.135	1.3
-0.135	1.3
-0.135	1.3
-0.135	1.3
-0.135	1.3
-0.135	1.2
-0.135	1.2
-0.135	1.2
-0.135	1.2
-0.135	1.2
-0.135	1.2
-0.135	1.1
-0.135	1.2
-0.135	1.1
-0.135	1.1
-0.135	1.0
-0.136	1.0
-0.136	0.9
-0.136	0.9
-0.136	1.0
-0.136	1.0
-0.136	0.9
-0.136	0.9
-0.136	0.9
-0.136	0.9
-0.136	0.9
-0.136	0.9
-0.136	0.9
-0.136	0.9
-0.136	0.9
-0.136	0.9
-0.136	0.9
-0.136	0.9
-0.136	0.9
-0.136	0.9
-0.137	0.9
-0.137	0.9
-0.137	0.9
-0.137	0.9
-0.137	0.9
-0.137	0.9
-0.137	0.9
-0.137	0.9
-0.137	0.9
-0.137	0.9
-0.137	0.9
-0.137	0.9
-0.137	0.9
-0.137	0.9
-0.137	0.9
-0.137	0.9
-0.137	1.0
-0.137	1.0
-0.138	1.1
-0.138	1.1
-0.138	1.1
-0.138	1.1
-0.138	1.2
-0.138	1.2
-0.138	1.2
-0.138	1.2
-0.138	1.2
-0.138	1.2
-0.138	1.2
-0.138	1.3
-0.138	1.3
-0.138	1.3
-0.138	1.3
-0.138	1.3
-0.138	1.3
-0.138	1.3
-0.138	1.3
-0.139	1.3
-0.139	1.3
-0.139	1.4
-0.139	1.4
-0.139	1.6
-0.139	1.5
-0.139	1.4
-0.139	1.4
-0.139	1.4
-0.139	1.5
-0.139	1.5
-0.139	1.6
-0.139	1.5
-0.139	1.6
-0.139	1.6
-0.139	1.6
-0.139	1.5
-0.139	1.6
-0.139	1.5
-0.140	1.6
-0.140	1.5
-0.140	1.6
-0.140	1.6
-0.140	1.5
-0.140	1.4
-0.140	1.5
-0.140	1.4
-0.140	1.3
-0.140	1.4
-0.140	1.3
-0.140	1.3
-0.140	1.3
-0.140	1.3
-0.140	1.3
-0.140	1.3
-0.140	1.3
-0.140	1.2
-0.141	1.3
-0.141	1.2
-0.141	1.2
-0.141	1.2
-0.141	1.2
-0.141	1.2
-0.141	1.1
-0.141	1.1
-0.141	1.1
-0.141	1.1
-0.141	1.0
-0.141	1.0
-0.141	1.0
-0.141	1.0
-0.141	0.9
-0.141	1.0
-0.141	0.9
-0.141	0.9
-0.141	0.9
-0.142	0.9
-0.142	0.9
-0.142	0.9
-0.142	0.9
-0.142	0.8
-0.142	0.9
-0.142	0.8
-0.142	0.8
-0.142	0.8
-0.142	0.9
-0.142	0.8
-0.142	0.9
-0.142	0.9
-0.142	0.9
-0.142	0.9
-0.142	0.9
-0.142	0.9
-0.142	0.8
-0.142	0.9
-0.143	0.9
-0.143	0.9
-0.143	0.9
-0.143	0.9
-0.143	0.9
-0.143	0.9
-0.143	0.9
-0.143	0.9
-0.143	0.9
-0.143	1.0
-0.143	1.0
-0.143	1.0
-0.143	1.0
-0.143	1.1
-0.143	1.1
-0.143	1.0
-0.143	1.1
-0.143	1.1
-0.144	1.1
-0.144	1.2
-0.144	1.1
-0.144	1.2
-0.144	1.2
-0.144	1.2
-0.144	1.2
-0.144	1.2
-0.144	1.2
-0.144	1.2
-0.144	1.2
-0.144	1.3
-0.144	1.3
-0.144	1.3
-0.144	1.3
-0.144	1.3
-0.144	1.3
-0.144	1.3
-0.145	1.3
-0.145	1.3
-0.145	1.3
-0.145	1.3
-0.145	1.3
-0.145	1.4
-0.145	1.3
-0.145	1.3
-0.145	1.3
-0.145	1.3
-0.145	1.3
-0.145	1.3
-0.145	1.3
-0.145	1.3
-0.145	1.3
-0.145	1.3
-0.145	1.3
-0.145	1.3
-0.145	1.3
-0.145	1.2
-0.146	1.3
-0.146	1.3
-0.146	1.2
-0.146	1.2
-0.146	1.2
-0.146	1.2
-0.146	1.2
-0.146	1.2
-0.146	1.2
-0.146	1.2
-0.146	1.1
-0.146	1.1
-0.146	1.2
-0.146	1.1
-0.146	1.1
-0.146	1.1
-0.146	1.0
-0.146	1.0
-0.146	1.0
-0.146	1.0
-0.146	1.0
-0.146	1.0
-0.147	0.9
-0.147	0.9
-0.147	0.9
-0.147	0.9
-0.147	0.9
-0.147	0.9
-0.147	0.9
-0.147	0.9
-0.147	0.9
-0.147	0.8
-0.147	0.9
-0.147	0.8
-0.147	0.8
-0.147	0.8
-0.147	0.8
-0.147	0.8
-0.147	0.8
-0.147	0.8
-0.147	0.8
-0.147	0.8
-0.148	0.7
-0.148	0.8
-0.148	0.7
-0.148	0.8
-0.148	0.8
-0.148	0.8
-0.148	0.7
-0.148	0.8
-0.148	0.7
-0.148	0.8
-0.148	0.8
-0.148	0.8
-0.148	0.8
-0.148	0.8
-0.148	0.8
-0.148	0.8
-0.148	0.8
-0.148	0.8
-0.148	0.9
-0.148	0.8
-0.148	0.9
-0.148	0.9
-0.149	0.8
-0.149	0.9
-0.149	0.9
-0.149	0.9
-0.149	0.9
-0.149	0.9
-0.149	0.9
-0.149	0.9
-0.149	0.9
-0.149	0.9
-0.149	0.9
-0.149	0.9
-0.149	0.9
-0.149	0.9
-0.149	1.0
-0.149	1.0
-0.149	1.0
-0.149	1.0
-0.149	1.1
-0.149	1.1
-0.149	1.1
-0.149	1.1
-0.149	1.1
-0.149	1.1
-0.150	1.1
-0.150	1.1
-0.150	1.1
-0.150	1.1
-0.150	1.1
-0.150	1.1
-0.150	1.1
-0.150	1.1
-0.150	1.2
-0.150	1.2
-0.150	1.1
-0.150	1.2
-0.150	1.1
-0.150	1.2
-0.150	1.2
-0.150	1.2
-0.150	1.2
-0.150	1.2
-0.150	1.2
-0.150	1.2
-0.150	1.2
-0.150	1.1
-0.150	1.1
-0.150	1.1
-0.150	1.1
-0.151	1.1
-0.151	1.1
-0.151	1.1
-0.151	1.2
-0.151	1.1
-0.151	1.1
-0.151	1.1
-0.151	1.1
-0.151	1.1
-0.151	1.1
-0.151	1.0
-0.151	1.0
-0.151	1.1
-0.151	1.0
-0.151	1.0
-0.151	0.9
-0.151	1.0
-0.151	0.9
-0.151	1.0
-0.151	1.0
-0.151	0.9
-0.151	0.9
-0.151	0.9
-0.151	0.9
-0.151	0.9
-0.152	0.9
-0.152	0.9
-0.152	0.9
-0.152	0.9
-0.152	0.9
-0.152	0.9
-0.152	0.8
-0.152	0.9
-0.152	0.8
-0.152	0.8
-0.152	0.9
-0.152	0.8
-0.152	0.8
-0.152	0.8
-0.152	0.8
-0.152	0.8
-0.152	0.8
-0.152	0.8
-0.152	0.8
-0.152	0.7
-0.152	0.7
-0.152	0.8
-0.152	0.7
-0.152	0.8
-0.152	0.7
-0.152	0.7
-0.152	0.7
-0.153	0.7
-0.153	0.7
-0.153	0.7
-0.153	0.7
-0.153	0.7
-0.153	0.7
-0.153	0.7
-0.153	0.7
-0.153	0.7
-0.153	0.7
-0.153	0.7
-0.153	0.6
-0.153	0.6
-0.153	0.6
-0.153	0.7
-0.153	0.7
-0.153	0.6
-0.153	0.6
-0.153	0.7
-0.153	0.7
-0.153	0.7
-0.153	0.7
-0.153	0.7
-0.153	0.7
-0.153	0.7
-0.153	0.7
-0.153	0.7
-0.153	0.7
-0.154	0.7
-0.154	0.7
-0.154	0.7
-0.154	0.7
-0.154	0.7
-0.154	0.7
-0.154	0.7
-0.154	0.7
-0.154	0.7
-0.154	0.7
-0.154	0.7
-0.154	0.7
-0.154	0.7
-0.154	0.7
-0.154	0.7
-0.154	0.7
-0.154	0.8
-0.154	0.7
-0.154	0.8
-0.154	0.8
-0.154	0.8
-0.154	0.7
-0.154	0.7
-0.154	0.8
-0.154	0.8
-0.154	0.8
-0.154	0.8
-0.155	0.8
-0.155	0.8
-0.155	0.8
-0.155	0.8
-0.155	0.8
-0.155	0.8
-0.155	0.8
-0.155	0.8
-0.155	0.8
-0.155	0.8
-0.155	0.8
-0.155	0.9
-0.155	0.8
-0.155	0.9
-0.155	0.9
-0.155	0.9
-0.155	0.8
-0.155	0.8
-0.155	0.8
-0.155	0.9
-0.155	0.8
-0.155	0.9
-0.155	0.8
-0.155	0.9
-0.155	0.9
-0.155	0.9
-0.155	0.9
-0.155	0.9
-0.155	0.9
-0.155	0.9
-0.156	0.9
-0.156	0.9
-0.156	0.9
-0.156	0.9
-0.156	0.8
-0.156	0.9
-0.156	0.9
-0.156	0.9
-0.156	0.9
-0.156	0.9
-0.156	0.9
-0.156	0.8
-0.156	0.9
-0.156	0.8
-0.156	0.8
-0.156	0.8
-0.156	0.9
-0.156	0.9
-0.156	0.9
-0.156	0.8
-0.156	0.8
-0.156	0.8
-0.156	0.8
-0.156	0.8
-0.156	0.8
-0.156	0.8
-0.156	0.8
-0.156	0.8
-0.157	0.8
-0.157	0.8
-0.157	0.8
-0.157	0.8
-0.157	0.8
-0.157	0.8
-0.157	0.8
-0.157	0.8
-0.157	0.8
-0.157	0.8
-0.157	0.8
-0.157	0.7
-0.157	0.8
-0.157	0.7
-0.157	0.8
-0.157	0.7
-0.157	0.7
-0.157	0.7
-0.157	0.7
-0.157	0.7
-0.157	0.7
-0.157	0.7
-0.157	0.7
-0.157	0.7
-0.157	0.7
-0.157	0.7
-0.157	0.7
-0.157	0.7
-0.158	0.7
-0.158	0.7
-0.158	0.7
-0.158	0.7
-0.158	0.6
-0.158	0.6
-0.158	0.6
-0.158	0.7
-0.158	0.6
-0.158	0.6
-0.158	0.6
-0.158	0.6
-0.158	0.6
-0.158	0.6
-0.158	0.6
-0.158	0.6
-0.158	0.6
-0.158	0.6
-0.158	0.5
-0.158	0.6
-0.158	0.6
-0.158	0.6
-0.158	0.6
-0.158	0.6
-0.158	0.5
-0.158	0.6
-0.158	0.6
-0.158	0.6
-0.159	0.6
-0.159	0.6
-0.159	0.6
-0.159	0.6
-0.159	0.6
-0.159	0.6
-0.159	0.6
-0.159	0.5
-0.159	0.6
-0.159	0.6
-0.159	0.6
-0.159	0.6
-0.159	0.5
-0.159	0.6
-0.159	0.6
-0.159	0.6
-0.159	0.6
-0.159	0.6
-0.159	0.6
-0.159	0.6
-0.159	0.6
-0.159	0.6
-0.159	0.7
-0.159	0.6
-0.159	0.7
-0.159	0.6
-0.159	0.5
-0.159	0.6
-0.159	0.6
-0.159	0.6
-0.160	0.7
-0.160	0.7
-0.160	0.6
-0.160	0.7
-0.160	0.6
-0.160	0.7
-0.160	0.7
-0.160	0.7
-0.160	0.7
-0.160	0.7
-0.160	0.7
-0.160	0.7
-0.160	0.7
-0.160	0.7
-0.160	0.7
-0.160	0.7
-0.160	0.7
-0.160	0.7
-0.160	0.7
-0.160	0.7
-0.160	0.7
-0.160	0.7
-0.160	0.7
-0.160	0.7
-0.160	0.7
-0.160	0.7
-0.160	0.7
-0.160	0.7
-0.160	0.7
-0.161	0.7
-0.161	0.7
-0.161	0.7
-0.161	0.7
-0.161	0.7
-0.161	0.7
-0.161	0.7
-0.161	0.7
-0.161	0.7
-0.161	0.7
-0.161	0.7
-0.161	0.7
-0.161	0.7
-0.161	0.7
-0.161	0.7
-0.161	0.7
-0.161	0.7
-0.161	0.7
-0.161	0.7
-0.161	0.7
-0.161	0.7
-0.161	0.7
-0.161	0.7
-0.161	0.7
-0.161	0.7
-0.161	0.7
-0.161	0.7
-0.161	0.7
-0.161	0.7
-0.161	0.7
-0.162	0.7
-0.162	0.7
-0.162	0.7
-0.162	0.7
-0.162	0.7
-0.162	0.7
-0.162	0.7
-0.162	0.6
-0.162	0.7
-0.162	0.7
-0.162	0.7
-0.162	0.7
-0.162	0.7
-0.162	0.7
-0.162	0.7
-0.162	0.7
-0.162	0.7
-0.162	0.7
-0.162	0.7
-0.162	0.7
-0.162	0.7
-0.162	0.7
-0.162	0.6
-0.162	0.6
-0.162	0.6
-0.162	0.6
-0.162	0.6
-0.162	0.6
-0.162	0.7
-0.162	0.6
-0.162	0.7
-0.162	0.7
-0.163	0.6
-0.163	0.6
-0.163	0.6
-0.163	0.6
-0.163	0.7
-0.163	0.6
-0.163	0.6
-0.163	0.6
-0.163	0.6
-0.163	0.6
-0.163	0.6
-0.163	0.5
-0.163	0.6
-0.163	0.6
-0.163	0.6
-0.163	0.6
-0.163	0.6
-0.163	0.6
-0.163	0.6
-0.163	0.6
-0.163	0.6
-0.163	0.5
-0.163	0.5
-0.163	0.5
-0.163	0.5
-0.163	0.5
-0.163	0.6
-0.163	0.5
-0.163	0.5
-0.163	0.5
-0.163	0.6
-0.163	0.5
-0.163	0.5
-0.163	0.5
-0.164	0.5
-0.164	0.5
-0.164	0.5
-0.164	0.6
-0.164	0.6
-0.164	0.5
-0.164	0.5
-0.164	0.5
-0.164	0.5
-0.164	0.5
-0.164	0.5
-0.164	0.5
-0.164	0.5
-0.164	0.5
-0.164	0.6
-0.164	0.5
-0.164	0.6
-0.164	0.6
-0.164	0.5
-0.164	0.5
-0.164	0.5
-0.164	0.5
-0.164	0.6
-0.164	0.5
-0.164	0.5
-0.164	0.5
-0.164	0.5
-0.164	0.5
-0.164	0.5
-0.164	0.5
-0.164	0.5
-0.164	0.5
-0.164	0.5
-0.165	0.5
-0.165	0.6
-0.165	0.6
-0.165	0.5
-0.165	0.5
-0.165	0.5
-0.165	0.5
-0.165	0.6
-0.165	0.5
-0.165	0.5
-0.165	0.6
-0.165	0.6
-0.165	0.5
-0.165	0.5
-0.165	0.5
-0.165	0.6
-0.165	0.6
-0.165	0.6
-0.165	0.6
-0.165	0.6
-0.165	0.5
-0.165	0.6
-0.165	0.5
-0.165	0.5
-0.165	0.5
-0.165	0.6
-0.165	0.6
-0.165	0.6
-0.165	0.5
-0.165	0.6
-0.165	0.5
-0.165	0.5
-0.165	0.5
-0.166	0.6
-0.166	0.6
-0.166	0.5
-0.166	0.6
-0.166	0.5
-0.166	0.6
-0.166	0.5
-0.166	0.6
-0.166	0.5
-0.166	0.6
-0.166	0.6
-0.166	0.5
-0.166	0.5
-0.166	0.6
-0.166	0.6
-0.166	0.6
-0.166	0.6
-0.166	0.6
-0.166	0.6
-0.166	0.6
-0.166	0.6
-0.166	0.6
-0.166	0.6
-0.166	0.5
-0.166	0.6
-0.166	0.6
-0.166	0.5
-0.166	0.5
-0.166	0.6
-0.166	0.6
-0.166	0.5
-0.166	0.6
-0.166	0.6
-0.167	0.6
-0.167	0.6
-0.167	0.6
-0.167	0.5
-0.167	0.6
-0.167	0.6
-0.167	0.5
-0.167	0.6
-0.167	0.6
-0.167	0.6
-0.167	0.5
-0.167	0.5
-0.167	0.6
-0.167	0.6
-0.167	0.6
-0.167	0.6
-0.167	0.6
-0.167	0.6
-0.167	0.5
-0.167	0.6
-0.167	0.6
-0.167	0.5
-0.167	0.5
-0.167	0.6
-0.167	0.5
-0.167	0.5
-0.167	0.5
-0.167	0.5
-0.167	0.5
-0.167	0.5
-0.167	0.5
-0.167	0.5
-0.167	0.6
-0.168	0.6
-0.168	0.5
-0.168	0.6
-0.168	0.5
-0.168	0.6
-0.168	0.5
-0.168	0.5
-0.168	0.5
-0.168	0.5
-0.168	0.5
-0.168	0.5
-0.168	0.5
-0.168	0.5
-0.168	0.6
-0.168	0.5
-0.168	0.5
-0.168	0.5
-0.168	0.6
-0.168	0.5
-0.168	0.5
-0.168	0.6
-0.168	0.5
-0.168	0.5
-0.168	0.5
-0.168	0.5
-0.168	0.5
-0.168	0.5
-0.168	0.5
-0.168	0.5
-0.168	0.5
-0.168	0.5
-0.168	0.5
-0.168	0.6
-0.169	0.5
-0.169	0.5
-0.169	0.5
-0.169	0.5
-0.169	0.5
-0.169	0.5
-0.169	0.5
-0.169	0.5
-0.169	0.5
-0.169	0.5
-0.169	0.5
-0.169	0.5
-0.169	0.5
-0.169	0.5
-0.169	0.5
-0.169	0.5
-0.169	0.5
-0.169	0.5
-0.169	0.5
-0.169	0.6
-0.169	0.5
-0.169	0.5
-0.169	0.5
-0.169	0.5
-0.169	0.5
-0.169	0.5
-0.169	0.5
-0.169	0.5
-0.169	0.5
-0.169	0.5
-0.169	0.5
-0.169	0.5
-0.169	0.5
-0.169	0.5
-0.169	0.5
-0.170	0.5
-0.170	0.5
-0.170	0.5
-0.170	0.5
-0.170	0.5
-0.170	0.5
-0.170	0.5
-0.170	0.5
-0.170	0.5
-0.170	0.5
-0.170	0.5
-0.170	0.5
-0.170	0.5
-0.170	0.5
-0.170	0.5
-0.170	0.5
-0.170	0.5
-0.170	0.5
-0.170	0.5
-0.170	0.5
-0.170	0.5
-0.170	0.5
-0.170	0.5
-0.170	0.5
-0.170	0.5
-0.170	0.5
-0.170	0.5
-0.170	0.5
-0.170	0.5
-0.170	0.5
-0.170	0.5
-0.170	0.5
-0.170	0.5
-0.171	0.5
-0.171	0.5
-0.171	0.5
-0.171	0.5
-0.171	0.5
-0.171	0.5
-0.171	0.5
-0.171	0.5
-0.171	0.5
-0.171	0.5
-0.171	0.5
-0.171	0.5
-0.171	0.5
-0.171	0.5
-0.171	0.5
-0.171	0.5
-0.171	0.5
-0.171	0.5
-0.171	0.5
-0.171	0.5
-0.171	0.5
-0.171	0.5
-0.171	0.5
-0.171	0.5
-0.171	0.5
-0.171	0.5
-0.171	0.5
-0.171	0.5
-0.171	0.5
-0.171	0.5
-0.172	0.5
-0.172	0.5
-0.172	0.5
-0.172	0.5
-0.172	0.5
-0.172	0.5
-0.172	0.5
-0.172	0.5
-0.172	0.5
-0.172	0.5
-0.172	0.5
-0.172	0.5
-0.172	0.5
-0.172	0.5
-0.172	0.5
-0.172	0.5
-0.172	0.5
-0.172	0.5
-0.172	0.5
-0.172	0.5
-0.172	0.5
-0.172	0.5
-0.172	0.5
-0.172	0.5
-0.172	0.5
-0.172	0.5
-0.172	0.5
-0.172	0.5
-0.172	0.5
-0.173	0.5
-0.173	0.5
-0.173	0.5
-0.173	0.5
-0.173	0.5
-0.173	0.5
-0.173	0.5
-0.173	0.5
-0.173	0.5
-0.173	0.5
-0.173	0.5
-0.173	0.5
-0.173	0.5
-0.173	0.5
-0.173	0.5
-0.173	0.5
-0.173	0.5
-0.173	0.5
-0.173	0.5
-0.173	0.5
-0.173	0.5
-0.173	0.5
-0.173	0.5
-0.173	0.5
-0.173	0.5
-0.173	0.5
-0.173	0.5
-0.173	0.5
-0.174	0.5
-0.174	0.5
-0.174	0.5
-0.174	0.5
-0.174	0.5
-0.174	0.5
-0.174	0.5
-0.174	0.5
-0.174	0.5
-0.174	0.5
-0.174	0.5
-0.174	0.5
-0.174	0.5
-0.174	0.5
-0.174	0.5
-0.174	0.5
-0.174	0.5
-0.174	0.5
-0.174	0.5
-0.174	0.5
-0.174	0.5
-0.174	0.5
-0.174	0.5
-0.174	0.5
-0.174	0.5
-0.174	0.5
-0.174	0.5
-0.174	0.5
-0.175	0.5
-0.175	0.5
-0.175	0.5
-0.175	0.5
-0.175	0.5
-0.175	0.5
-0.175	0.5
-0.175	0.5
-0.175	0.5
-0.175	0.5
-0.175	0.5
-0.175	0.5
-0.175	0.5
-0.175	0.5
-0.175	0.5
-0.175	0.5
-0.175	0.5
-0.175	0.5
-0.175	0.5
-0.175	0.5
-0.175	0.5
-0.175	0.5
-0.175	0.5
-0.175	0.5
-0.175	0.5
-0.176	0.5
-0.176	0.5
-0.176	0.5
-0.176	0.5
-0.176	0.5
-0.176	0.5
-0.176	0.5
-0.176	0.5
-0.176	0.5
-0.176	0.5
-0.176	0.5
-0.176	0.5
-0.176	0.5
-0.176	0.5
-0.176	0.5
-0.176	0.5
-0.176	0.5
-0.176	0.5
-0.176	0.5
-0.176	0.5
-0.177	0.5
-0.177	0.5
-0.177	0.5
-0.177	0.5
-0.177	0.5
-0.177	0.5
-0.177	0.5
-0.177	0.5
-0.177	0.5
-0.177	0.5
-0.177	0.5
-0.177	0.5
-0.177	0.5
-0.177	0.5
-0.177	0.5
-0.177	0.5
-0.177	0.5
-0.178	0.5
-0.178	0.5
-0.178	0.5
-0.178	0.5
-0.178	0.5
-0.178	0.5
-0.178	0.5
-0.178	0.6
-0.178	0.5
-0.178	0.5
-0.178	0.5
-0.178	0.5
-0.178	0.5
-0.178	0.5
-0.178	0.5
-0.178	0.5
-0.178	0.5
-0.178	0.5
-0.178	0.5
-0.179	0.5
-0.179	0.5
-0.179	0.5
-0.179	0.5
-0.179	0.5
-0.179	0.5
-0.179	0.5
-0.179	0.5
-0.179	0.5
-0.179	0.5
-0.179	0.5
-0.179	0.5
-0.179	0.5
-0.179	0.5
-0.179	0.5
-0.179	0.5
-0.179	0.5
-0.179	0.5
-0.179	0.5
-0.179	0.5
-0.179	0.5
-0.179	0.5
-0.179	0.5
-0.179	0.5
-0.179	0.5
-0.179	0.5
-0.180	0.5
-0.180	0.5
-0.180	0.5
-0.180	0.5
-0.180	0.5
-0.180	0.5
-0.180	0.5
-0.180	0.5
-0.180	0.5
-0.180	0.5
-0.180	0.5
-0.180	0.5
-0.180	0.5
-0.180	0.5
-0.180	0.5
-0.180	0.5
-0.180	0.5
-0.180	0.5
-0.180	0.5
-0.180	0.5
-0.180	0.5
-0.180	0.5
-0.180	0.5
-0.180	0.5
-0.181	0.5
-0.181	0.5
-0.181	0.5
-0.181	0.5
-0.181	0.5
-0.181	0.5
-0.181	0.5
-0.181	0.5
-0.181	0.5
-0.181	0.5
-0.181	0.5
-0.181	0.5
-0.181	0.5
-0.181	0.5
-0.181	0.5
-0.181	0.5
-0.181	0.5
-0.181	0.5
-0.181	0.5
-0.181	0.5
-0.181	0.5
-0.181	0.5
-0.181	0.5
-0.181	0.5
-0.181	0.5
-0.181	0.5
-0.181	0.5
-0.181	0.5
-0.181	0.5
-0.181	0.5
-0.181	0.5
-0.181	0.5
-0.181	0.5
-0.181	0.5
-0.181	0.5
-0.181	0.5
-0.181	0.5
-0.181	0.5
-0.181	0.5
-0.181	0.5
-0.181	0.5
-0.181	0.5
-0.181	0.5
-0.181	0.5
-0.181	0.5
-0.181	0.5
-0.181	0.5
-0.181	0.5
-0.181	0.5
-0.181	0.5
-0.181	0.5
-0.181	0.5
-0.181	0.5
-0.181	0.5
-0.181	0.5
-0.181	0.5
-0.181	0.5
-0.181	0.5
-0.181	0.5
-0.181	0.5
-0.181	0.5
-0.181	0.5
-0.181	0.5
-0.181	0.5
-0.181	0.5
-0.181	0.5
-0.181	0.5
-0.181	0.5
-0.181	0.5
-0.181	0.5
-0.181	0.5
-0.181	0.5
-0.181	0.5
-0.181	0.5
-0.181	0.5
-0.181	0.5
-0.181	0.5
-0.181	0.5
-0.181	0.5
-0.181	0.5
-0.181	0.5
-0.181	0.5
-0.181	0.5
-0.181	0.5
-0.181	0.5
-0.181	0.5
-0.181	0.5
-0.181	0.5
-0.181	0.5
-0.181	0.5
-0.181	0.5
-0.181	0.5
-0.181	0.5
-0.181	0.5
-0.181	0.5
-0.181	0.5
-0.181	0.5
-0.181	0.5
-0.181	0.5
-0.181	0.5
-0.181	0.5
-0.181	0.5
-0.181	0.5
-0.181	0.5
-0.181	0.5
-0.181	0.5
-0.181	0.5
-0.181	0.5
-0.181	0.5
-0.181	0.5
-0.181	0.5
-0.181	0.5
-0.181	0.5
-0.181	0.5
-0.181	0.5
-0.181	0.5
-0.181	0.5
-0.181	0.5
-0.181	0.5
-0.181	0.5
-0.181	0.5
-0.181	0.5
-0.181	0.5
-0.181	0.5
-0.181	0.5
-0.181	0.5
-0.181	0.5
-0.181	0.5
-0.181	0.5
-0.181	0.5
-0.181	0.5
-0.181	0.5
-0.181	0.5
-0.181	0.5
-0.181	0.5
-0.181	0.5
-0.181	0.5
-0.181	0.5
-0.181	0.5
-0.181	0.5
-0.181	0.5
-0.181	0.5
-0.181	0.5
-0.181	0.5
-0.181	0.5
-0.181	0.5
-0.181	0.5
-0.181	0.5
-0.181	0.5
-0.181	0.5
-0.181	0.5
-0.181	0.5
-0.181	0.5
-0.181	0.5
-0.181	0.5
-0.181	0.5
-0.181	0.5
-0.181	0.5
-0.181	0.5
-0.181	0.5
-0.181	0.5
-0.181	0.5
-0.181	0.5
-0.181	0.5
-0.181	0.5
-0.181	0.5
-0.181	0.5
-0.181	0.5
-0.181	0.5
-0.181	0.5
-0.181	0.5
-0.181	0.5
-0.181	0.5
-0.181	0.5
-0.181	0.5
-0.181	0.5
-0.181	0.5
-0.181	0.5
-0.181	0.5
-0.181	0.5
-0.181	0.5
-0.181	0.5
-0.181	0.5
-0.181	0.5
-0.181	0.5
-0.181	0.5
-0.181	0.5
-0.181	0.5
-0.181	0.5
-0.181	0.5
-0.181	0.5
-0.181	0.5
-0.181	0.5
-0.181	0.5
-0.181	0.5
-0.181	0.5
-0.181	0.5
-0.181	0.5
-0.181	0.5
-0.181	0.5
-0.181	0.5
-0.181	0.5
-0.181	0.5
-0.181	0.5
-0.181	0.5
-0.181	0.5
-0.181	0.5
-0.181	0.5
-0.181	0.5
-0.181	0.5
-0.181	0.5
-0.181	0.5
-0.181	0.5
-0.181	0.5
-0.181	0.5
-0.181	0.5
-0.181	0.5
-0.181	0.5
-0.181	0.5
-0.181	0.5
-0.181	0.5
-0.181	0.5
-0.181	0.5
-0.181	0.5
-0.181	0.5
-0.181	0.5
-0.181	0.5
-0.181	0.5
-0.181	0.5
-0.181	0.5
-0.181	0.5
-0.181	0.5
-0.181	0.5
-0.181	0.5
-0.181	0.5
-0.181	0.5
-0.181	0.5
-0.181	0.5
-0.181	0.5
-0.181	0.5
-0.181	0.5
-0.181	0.5
-0.181	0.5
-0.181	0.5
-0.181	0.5
-0.181	0.5
-0.181	0.5
-0.181	0.5
-0.181	0.5
-0.181	0.5
-0.181	0.5
-0.181	0.5
-0.181	0.5
-0.181	0.5
-0.181	0.5
-0.181	0.5
-0.181	0.5
-0.181	0.5
-0.181	0.5
-0.181	0.5
-0.181	0.5
-0.181	0.5
-0.181	0.5
-0.181	0.5
-0.181	0.5
-0.181	0.5
-0.181	0.5
-0.181	0.5
-0.181	0.5
-0.181	0.5
-0.181	0.5
-0.181	0.5
-0.181	0.5
-0.181	0.5
-0.181	0.5
-0.181	0.5
-0.181	0.5
-0.181	0.5
-0.181	0.5
-0.181	0.5
-0.181	0.5
-0.181	0.5
-0.181	0.5
-0.181	0.5
-0.181	0.5
-0.181	0.5
-0.181	0.5
-0.181	0.5
-0.181	0.5
-0.181	0.5
-0.181	0.5
-0.181	0.5
-0.181	0.5
-0.181	0.5
-0.181	0.5
-0.181	0.5
-0.181	0.5
-0.181	0.5
-0.181	0.5
-0.181	0.5
-0.181	0.5
-0.181	0.5
-0.181	0.5
-0.181	0.5
-0.181	0.4
-0.181	0.5
-0.181	0.5
-0.181	0.5
-0.181	0.5
-0.181	0.5
-0.181	0.5
-0.181	0.5
-0.181	0.5
-0.181	0.5
-0.181	0.5
-0.181	0.5
-0.181	0.5
-0.181	0.5
-0.181	0.5
-0.181	0.5
-0.181	0.5
-0.181	0.5
-0.181	0.5
-0.181	0.5
-0.181	0.5
-0.181	0.5
-0.181	0.5
-0.181	0.5
-0.181	0.5
-0.181	0.5
-0.181	0.5
-0.181	0.5
-0.181	0.5
-0.181	0.5
-0.181	0.5
-0.181	0.5
-0.181	0.5
-0.181	0.5
-0.181	0.5
-0.181	0.5
-0.181	0.5
-0.181	0.5
-0.181	0.5
-0.181	0.5
-0.181	0.5
-0.181	0.5
-0.181	0.5
-0.181	0.5
-0.181	0.5
-0.181	0.5
-0.181	0.5
-0.181	0.5
-0.181	0.5
-0.181	0.5
-0.181	0.5
-0.181	0.5
-0.181	0.5
-0.181	0.5
-0.181	0.5
-0.181	0.5
-0.181	0.5
-0.181	0.5
-0.181	0.5
-0.181	0.5
-0.181	0.5
-0.181	0.5
-0.181	0.5
-0.181	0.5
-0.181	0.5
-0.181	0.5
-0.181	0.5
-0.181	0.5
-0.181	0.5
-0.181	0.5
-0.181	0.5
-0.181	0.5
-0.181	0.5
-0.181	0.5
-0.181	0.5
-0.181	0.5
-0.181	0.5
-0.181	0.5
-0.181	0.5
-0.181	0.5
-0.181	0.5
-0.181	0.5
-0.181	0.5
-0.181	0.5
-0.181	0.5
-0.181	0.5
-0.181	0.5
-0.181	0.5
-0.181	0.5
-0.181	0.5
-0.181	0.5
-0.181	0.5
-0.181	0.5
-0.181	0.5
-0.181	0.5
-0.181	0.5
-0.181	0.5
-0.181	0.5
-0.181	0.5
-0.181	0.5
-0.181	0.5
-0.181	0.5
-0.181	0.5
-0.181	0.5
-0.181	0.5
-0.181	0.5
-0.181	0.5
-0.181	0.5
-0.181	0.5
-0.181	0.5
-0.181	0.5
-0.181	0.5
-0.181	0.5
-0.181	0.5
-0.181	0.5
-0.181	0.5
-0.181	0.5
-0.181	0.5
-0.181	0.5
-0.181	0.5
-0.181	0.5
-0.181	0.5
-0.181	0.5
-0.181	0.5
-0.181	0.5
-0.181	0.5
-0.181	0.5
-0.181	0.5
-0.181	0.5
-0.181	0.5
-0.181	0.5
-0.181	0.5
-0.181	0.5
-0.181	0.5
-0.181	0.5
-0.181	0.5
-0.181	0.5
-0.181	0.5
-0.181	0.5
-0.181	0.5
-0.181	0.5
-0.181	0.5
-0.181	0.5
-0.181	0.5
-0.181	0.5
-0.181	0.5
-0.181	0.5
-0.181	0.5
-0.181	0.5
-0.181	0.5
-0.181	0.5
-0.181	0.5
-0.181	0.5
-0.181	0.5
-0.181	0.5
-0.181	0.5
-0.181	0.5
-0.181	0.5
-0.181	0.5
-0.181	0.5
-0.181	0.5
-0.181	0.5
-0.181	0.5
-0.181	0.5
-0.181	0.5
-0.181	0.5
-0.181	0.5
-0.181	0.5
-0.181	0.5
-0.181	0.5
-0.181	0.5
-0.181	0.5
-0.181	0.5
-0.181	0.5
-0.181	0.5
-0.181	0.5
-0.181	0.5
-0.181	0.5
-0.181	0.5
-0.181	0.5
-0.181	0.5
-0.181	0.5
-0.181	0.5
-0.181	0.5
-0.181	0.5
-0.181	0.5
-0.181	0.5
-0.181	0.5
-0.181	0.5
-0.181	0.5
-0.181	0.5
-0.181	0.5
-0.181	0.5
-0.181	0.5
-0.181	0.5
-0.181	0.5
-0.181	0.5
-0.181	0.5
-0.181	0.5
-0.181	0.5
-0.181	0.5
-0.181	0.5
-0.181	0.5
-0.181	0.5
-0.181	0.5
-0.181	0.5
-0.181	0.5
-0.181	0.5
-0.181	0.5
-0.181	0.5
-0.181	0.5
-0.181	0.5
-0.181	0.5
-0.181	0.5
-0.181	0.5
-0.181	0.5
-0.181	0.5
-0.181	0.5
-0.181	0.5
-0.181	0.5
-0.181	0.5
-0.181	0.5
-0.181	0.5
-0.181	0.5
-0.181	0.5
-0.181	0.5
-0.181	0.5
-0.181	0.5
-0.181	0.5
-0.181	0.5
-0.181	0.5
-0.181	0.5
-0.181	0.5
-0.181	0.5
-0.181	0.5
-0.181	0.5
-0.181	0.5
-0.181	0.5
-0.181	0.5
-0.181	0.5
-0.181	0.5
-0.181	0.5
-0.181	0.5
-0.181	0.5
-0.181	0.5
-0.181	0.5
-0.181	0.5
-0.181	0.5
-0.181	0.5
-0.181	0.5
-0.181	0.5
-0.181	0.5
-0.181	0.5
-0.181	0.5
-0.181	0.5
-0.181	0.5
-0.181	0.5
-0.181	0.5
-0.181	0.5
-0.181	0.5
-0.181	0.5
-0.181	0.5
-0.181	0.5
-0.181	0.5
-0.181	0.5
-0.181	0.5
-0.181	0.5
-0.181	0.5
-0.181	0.5
-0.181	0.5
-0.181	0.5
-0.181	0.5
-0.181	0.5
-0.181	0.5
-0.181	0.5
-0.181	0.5
-0.181	0.5
-0.181	0.5
-0.181	0.5
-0.181	0.5
-0.181	0.5
-0.181	0.5
-0.181	0.5
-0.181	0.5
-0.181	0.5
-0.181	0.5
-0.181	0.5
-0.181	0.5
-0.181	0.5
-0.181	0.5
-0.181	0.5
-0.181	0.5
-0.181	0.5
-0.181	0.5
-0.181	0.5
-0.181	0.5
-0.181	0.5
-0.181	0.5
-0.181	0.5
-0.181	0.5
-0.181	0.5
-0.181	0.5
-0.181	0.5
-0.181	0.5
-0.181	0.5
-0.181	0.5
-0.181	0.5
-0.181	0.5
-0.181	0.5
-0.181	0.5
-0.181	0.5
-0.181	0.5
-0.181	0.5
-0.181	0.5
-0.181	0.5
-0.181	0.5
-0.181	0.5
-0.181	0.5
-0.181	0.5
-0.181	0.5
-0.181	0.5
-0.181	0.5
-0.181	0.5
-0.181	0.5
-0.181	0.5
-0.181	0.5
-0.181	0.5
-0.181	0.5
-0.181	0.5
-0.181	0.5
-0.181	0.5
-0.181	0.5
-0.181	0.5
-0.181	0.5
-0.181	0.5
-0.181	0.5
-0.181	0.5
-0.181	0.5
-0.181	0.5
-0.181	0.5
-0.181	0.5
-0.181	0.5
-0.181	0.5
-0.181	0.5
-0.181	0.5
-0.181	0.5
-0.181	0.5
-0.181	0.5
-0.181	0.5
-0.181	0.5
-0.181	0.5
-0.181	0.5
-0.181	0.5
-0.181	0.5
-0.181	0.5
-0.181	0.5
-0.181	0.5
-0.181	0.5
-0.181	0.5
-0.181	0.5
-0.181	0.5
-0.181	0.5
-0.181	0.5
-0.181	0.5
-0.181	0.5
-0.181	0.5
-0.181	0.5
-0.181	0.5
-0.181	0.5
-0.181	0.5
-0.181	0.5
-0.181	0.5
-0.181	0.5
-0.181	0.5
-0.181	0.5
-0.181	0.5
-0.181	0.5
-0.181	0.5
-0.181	0.5
-0.181	0.5
-0.181	0.5
-0.181	0.5
-0.181	0.5
-0.181	0.5
-0.181	0.5
-0.181	0.5
-0.181	0.5
-0.181	0.5
-0.181	0.5
-0.181	0.5
-0.181	0.5
-0.181	0.5
-0.181	0.5
-0.181	0.5
-0.181	0.5
-0.181	0.5
-0.181	0.5
