0.000	0.8
0.000	0.8
0.000	0.8
0.000	0.8
0.000	0.8
0.000	0.8
0.000	0.8
0.000	0.8
0.000	0.9
0.000	0.8
0.000	0.8
0.000	0.8
0.000	0.9
0.000	0.8
0.000	0.9
0.000	0.8
0.000	0.8
0.000	0.8
0.000	0.8
0.000	0.8
0.000	0.9
0.000	0.8
0.000	0.8
0.000	0.8
0.000	0.8
0.000	0.8
0.000	0.8
0.000	0.8
0.000	0.9
0.000	0.8
0.000	0.9
0.000	0.8
0.000	0.8
0.000	0.8
0.000	0.8
0.000	0.8
0.000	0.8
0.000	0.8
0.000	0.8
0.000	0.8
0.000	0.8
0.000	0.8
0.000	0.8
0.000	0.9
0.000	0.8
0.000	0.8
0.000	0.8
0.000	0.8
0.000	0.8
0.000	0.9
0.000	0.9
0.000	0.8
0.000	0.8
0.000	0.8
0.000	0.8
0.000	0.8
0.000	0.8
0.000	0.9
0.000	0.8
0.000	0.8
0.000	0.8
0.000	0.8
0.000	0.8
0.000	0.8
0.000	0.8
0.000	0.8
0.000	0.8
0.000	0.8
0.000	0.8
0.000	0.8
0.000	0.8
0.000	0.8
0.000	0.8
0.000	0.8
0.000	0.8
0.000	0.8
0.000	0.8
0.000	0.8
0.000	0.9
0.000	0.8
0.000	0.9
0.000	0.9
0.000	0.8
0.000	0.8
0.000	0.8
0.000	0.8
0.000	0.8
0.000	0.8
0.000	0.8
0.000	0.8
0.000	0.8
0.000	0.9
0.000	0.8
0.000	0.8
0.000	0.8
0.000	0.8
0.000	0.9
0.000	0.8
0.000	0.8
0.000	0.8
0.000	0.8
0.000	0.8
0.000	0.9
0.000	0.8
0.000	0.8
0.000	0.8
0.000	0.8
0.000	0.8
0.000	0.8
0.000	0.8
0.000	0.9
0.000	0.9
0.000	0.8
0.000	0.8
0.000	0.8
0.000	0.8
0.000	0.8
0.000	0.8
0.000	0.8
0.000	0.8
0.000	0.8
0.000	0.8
0.000	0.8
0.000	0.8
0.000	0.8
0.000	0.8
0.000	0.8
0.000	0.8
0.000	0.8
0.000	0.9
0.000	0.8
0.000	0.8
0.000	0.8
0.000	0.8
0.000	0.8
0.000	0.8
0.000	0.8
0.000	0.8
0.000	0.8
0.000	0.8
0.000	0.9
0.000	0.8
0.000	0.8
0.000	0.8
0.000	0.9
0.000	0.8
0.000	0.8
0.000	0.8
0.000	0.8
0.000	0.8
0.000	0.8
0.000	0.8
0.000	0.8
0.000	0.8
0.000	0.9
0.000	0.9
0.000	0.8
0.000	0.8
0.000	0.8
0.000	0.8
0.000	0.8
0.000	0.8
0.000	0.8
0.000	0.8
0.000	0.8
0.000	0.8
0.000	0.8
0.000	0.8
0.000	0.8
0.000	0.8
0.000	0.8
0.000	0.8
0.000	0.8
0.000	0.8
0.000	0.8
0.000	0.8
0.000	0.9
0.000	0.8
0.000	0.8
0.000	0.8
0.000	0.8
0.000	0.9
0.000	0.9
0.000	0.8
0.000	0.8
0.000	0.8
0.000	0.8
0.000	0.8
0.000	0.8
0.000	0.8
0.000	0.8
0.000	0.8
0.000	0.8
0.000	0.8
0.000	0.8
0.000	0.8
0.000	0.8
0.000	0.8
0.000	0.8
0.000	0.8
0.000	0.8
0.000	0.8
0.000	0.9
0.000	0.8
0.000	0.8
0.000	0.9
0.000	0.8
0.000	0.8
0.000	0.8
0.000	0.9
0.000	0.9
0.000	0.8
0.000	0.8
0.000	0.8
0.000	0.9
0.000	0.8
0.000	0.8
0.000	0.8
0.000	0.8
0.000	0.8
0.000	0.8
0.000	0.8
0.000	0.8
0.000	0.8
0.000	0.8
0.000	0.8
0.000	0.8
0.000	0.9
0.000	0.9
0.000	0.8
0.000	0.8
0.000	0.8
0.000	0.8
0.000	0.8
0.000	0.9
0.000	0.8
0.000	0.8
0.000	0.8
0.000	0.8
0.000	0.8
0.000	0.8
0.000	0.8
0.000	0.8
0.000	0.8
0.000	0.8
0.000	0.8
0.000	0.9
0.000	0.9
0.000	0.8
0.000	0.9
0.000	0.8
0.000	0.8
0.000	0.8
0.000	0.8
0.000	0.8
0.000	0.9
0.000	0.9
0.000	0.8
0.000	0.8
0.000	0.8
0.000	0.8
0.000	0.9
0.000	0.8
0.000	0.8
0.000	0.9
0.000	0.9
0.000	0.8
0.000	0.9
0.000	0.8
0.000	0.8
0.000	0.8
0.000	0.8
0.000	0.8
0.000	0.8
0.000	0.8
0.000	0.8
0.000	0.8
0.000	0.8
0.000	0.8
0.000	0.8
0.000	0.9
0.000	0.8
0.000	0.8
0.000	0.8
0.000	0.8
0.000	0.8
0.000	0.8
0.000	0.8
0.000	0.8
0.000	0.8
0.000	0.8
0.000	0.9
0.000	0.8
0.000	0.8
0.000	0.8
0.000	0.8
0.000	0.8
0.000	0.8
0.000	0.9
0.000	0.8
0.000	0.8
0.000	0.9
0.000	0.8
0.000	0.8
0.000	0.8
0.000	0.8
0.000	0.8
0.000	0.8
0.000	0.8
0.000	0.9
0.000	0.8
0.000	0.8
0.000	0.8
0.000	0.8
0.000	0.8
0.000	0.8
0.000	0.8
0.000	0.8
0.000	0.8
0.000	0.8
0.000	0.8
0.000	0.9
0.000	0.8
0.000	0.8
0.000	0.8
0.000	0.8
0.000	0.8
0.000	0.9
0.000	0.8
0.000	0.8
0.000	0.8
0.000	0.9
0.000	0.8
0.000	0.9
0.000	0.8
0.000	0.8
0.000	0.8
0.000	0.8
0.000	0.8
0.000	0.8
0.000	0.8
0.000	0.8
0.000	0.8
0.000	0.8
0.000	0.8
0.000	0.8
0.000	0.8
0.000	0.8
0.000	0.8
0.000	0.8
0.000	0.8
0.000	0.8
0.000	0.8
0.000	0.8
0.000	0.8
0.000	0.8
0.000	0.8
0.000	0.8
0.000	0.8
0.000	0.8
0.000	0.8
0.000	0.8
0.000	0.8
0.000	0.8
0.000	0.8
0.000	0.8
0.000	0.8
0.000	0.8
0.000	0.8
0.000	0.8
0.000	0.8
0.000	0.8
0.000	0.9
0.000	0.8
0.000	0.8
0.000	0.8
0.000	0.8
0.000	0.8
0.000	0.8
0.000	0.8
0.000	0.8
0.000	0.8
0.000	0.8
0.000	0.9
0.000	0.8
0.000	0.8
0.000	0.9
0.000	0.8
0.000	0.8
0.000	0.8
0.000	0.8
0.000	0.8
0.000	0.8
0.000	0.8
0.000	0.8
0.000	0.9
0.000	0.8
0.000	0.8
0.000	0.8
0.000	0.9
0.000	0.8
0.000	0.9
0.000	0.8
0.000	0.8
0.000	0.8
0.000	0.8
0.000	0.8
0.000	0.9
0.000	0.8
0.000	0.8
0.000	0.8
0.000	0.8
0.000	0.9
0.000	0.8
0.000	0.8
0.000	0.9
0.000	0.8
0.000	0.9
0.000	0.8
0.000	0.8
0.000	0.8
0.000	0.8
0.000	0.8
0.000	0.8
0.000	0.8
0.000	0.8
0.000	0.8
0.000	0.8
0.000	0.8
-5.542E-5	0.9
-5.542E-5	0.8
-5.542E-5	0.8
-5.542E-5	0.8
-5.542E-5	0.8
-5.542E-5	0.9
-5.542E-5	0.8
-5.542E-5	0.8
-5.542E-5	0.8
-5.542E-5	0.8
-5.542E-5	0.8
-5.542E-5	0.8
-1.108E-4	0.8
-1.108E-4	0.9
-1.108E-4	0.8
-1.108E-4	0.8
-1.108E-4	0.8
-1.108E-4	0.8
-1.108E-4	0.8
-1.108E-4	0.8
-1.663E-4	0.8
-1.663E-4	0.8
-1.663E-4	0.8
-1.663E-4	0.8
-1.663E-4	0.8
-1.663E-4	0.9
-1.663E-4	0.8
-1.663E-4	0.8
-1.663E-4	0.8
-2.217E-4	0.8
-2.217E-4	0.8
-2.217E-4	0.8
-2.217E-4	0.8
-2.217E-4	0.8
-2.217E-4	0.8
-2.217E-4	0.8
-2.217E-4	0.8
-2.771E-4	0.8
-2.771E-4	0.8
-2.771E-4	0.8
-2.771E-4	0.8
-2.771E-4	0.8
-2.771E-4	0.8
-2.771E-4	0.8
-3.325E-4	0.8
-3.325E-4	0.8
-3.325E-4	0.8
-3.325E-4	0.8
-3.325E-4	0.8
-3.325E-4	0.8
-3.325E-4	0.8
-3.879E-4	0.8
-3.879E-4	0.9
-3.879E-4	0.8
-3.879E-4	0.8
-3.879E-4	0.8
-3.879E-4	0.8
-3.879E-4	0.9
-4.433E-4	0.8
-4.433E-4	0.8
-4.433E-4	0.8
-4.433E-4	0.8
-4.433E-4	0.9
-4.433E-4	0.8
-4.433E-4	0.8
-4.988E-4	0.8
-4.988E-4	0.8
-4.988E-4	0.8
-4.988E-4	0.7
-4.988E-4	0.8
-4.988E-4	0.8
-4.988E-4	0.8
-4.988E-4	0.8
-5.542E-4	0.8
-5.542E-4	0.8
-5.542E-4	0.8
-5.542E-4	0.8
-5.542E-4	0.8
-5.542E-4	0.8
-5.542E-4	0.8
-5.542E-4	0.8
-6.096E-4	0.8
-6.096E-4	0.8
-6.096E-4	0.8
-6.096E-4	0.8
-6.096E-4	0.8
-6.096E-4	0.8
-6.096E-4	0.8
-6.096E-4	0.8
-6.096E-4	0.8
-6.650E-4	0.8
-6.650E-4	0.8
-6.650E-4	0.8
-6.650E-4	0.8
-6.650E-4	0.8
-6.650E-4	0.8
-6.650E-4	0.8
-6.650E-4	0.8
-6.650E-4	0.8
-6.650E-4	0.8
-7.204E-4	0.8
-7.204E-4	0.8
-7.204E-4	0.8
-7.204E-4	0.7
-7.204E-4	0.8
-7.204E-4	0.8
-7.204E-4	0.8
-7.204E-4	0.8
-7.204E-4	0.8
-7.204E-4	0.8
-7.204E-4	0.8
-7.204E-4	0.8
-7.204E-4	0.8
-7.758E-4	0.8
-7.758E-4	0.8
-7.758E-4	0.8
-7.758E-4	0.8
-7.758E-4	0.8
-7.758E-4	0.8
-7.758E-4	0.8
-7.758E-4	0.8
-7.758E-4	0.8
-7.758E-4	0.8
-7.758E-4	0.8
-7.758E-4	0.8
-7.758E-4	0.7
-7.758E-4	0.7
-8.313E-4	0.8
-8.313E-4	0.8
-8.313E-4	0.7
-8.313E-4	0.8
-8.313E-4	0.7
-8.313E-4	0.8
-8.313E-4	0.8
-8.313E-4	0.8
-8.313E-4	0.8
-8.313E-4	0.7
-8.313E-4	0.8
-8.313E-4	0.8
-8.313E-4	0.7
-8.313E-4	0.8
-8.313E-4	0.7
-8.313E-4	0.7
-8.313E-4	0.8
-8.313E-4	0.8
-8.867E-4	0.8
-8.867E-4	0.8
-8.867E-4	0.7
-8.867E-4	0.8
-8.867E-4	0.8
-8.867E-4	0.7
-8.867E-4	0.8
-8.867E-4	0.8
-8.867E-4	0.8
-8.867E-4	0.8
-8.867E-4	0.7
-8.867E-4	0.7
-8.867E-4	0.7
-8.867E-4	0.7
-8.867E-4	0.7
-9.421E-4	0.8
-9.421E-4	0.8
-9.421E-4	0.8
-9.421E-4	0.8
-9.421E-4	0.7
-9.421E-4	0.8
-9.421E-4	0.8
-9.421E-4	0.8
-9.421E-4	0.8
-9.421E-4	0.8
-9.421E-4	0.8
-9.421E-4	0.8
-9.975E-4	0.8
-9.975E-4	0.7
-9.975E-4	0.8
-9.975E-4	0.8
-9.975E-4	0.8
-9.975E-4	0.7
-9.975E-4	0.8
-9.975E-4	0.7
-0.001	0.8
-0.001	0.8
-0.001	0.7
-0.001	0.8
-0.001	0.8
-0.001	0.8
-0.001	0.7
-0.001	0.7
-0.001	0.8
-0.001	0.8
-0.001	0.7
-0.001	0.8
-0.001	0.7
-0.001	0.7
-0.001	0.7
-0.001	0.7
-0.001	0.8
-0.001	0.8
-0.001	0.8
-0.001	0.8
-0.001	0.8
-0.001	0.8
-0.001	0.7
-0.001	0.8
-0.001	0.7
-0.001	0.8
-0.001	0.8
-0.001	0.8
-0.001	0.7
-0.001	0.7
-0.001	0.8
-0.001	0.7
-0.001	0.7
-0.001	0.8
-0.001	0.8
-0.001	0.7
-0.001	0.7
-0.001	0.7
-0.001	0.7
-0.001	0.7
-0.001	0.7
-0.001	0.7
-0.001	0.7
-0.001	0.7
-0.001	0.7
-0.002	0.7
-0.002	0.7
-0.002	0.7
-0.002	0.7
-0.002	0.7
-0.002	0.7
-0.002	0.7
-0.002	0.7
-0.002	0.7
-0.002	0.7
-0.002	0.7
-0.002	0.7
-0.002	0.7
-0.002	0.7
-0.002	0.7
-0.002	0.7
-0.002	0.7
-0.002	0.7
-0.002	0.7
-0.002	0.7
-0.002	0.7
-0.002	0.7
-0.002	0.7
-0.002	0.7
-0.002	0.7
-0.002	0.8
-0.002	0.7
-0.002	0.7
-0.002	0.7
-0.002	0.7
-0.002	0.7
-0.002	0.7
-0.002	0.7
-0.002	0.7
-0.002	0.7
-0.002	0.7
-0.002	0.7
-0.002	0.7
-0.002	0.7
-0.002	0.7
-0.002	0.7
-0.002	0.7
-0.002	0.7
-0.002	0.7
-0.002	0.7
-0.002	0.7
-0.002	0.7
-0.002	0.7
-0.002	0.7
-0.002	0.7
-0.002	0.7
-0.002	0.7
-0.003	0.7
-0.003	0.7
-0.003	0.7
-0.003	0.7
-0.003	0.7
-0.003	0.7
-0.003	0.7
-0.003	0.7
-0.003	0.7
-0.003	0.7
-0.003	0.7
-0.003	0.7
-0.003	0.7
-0.003	0.7
-0.003	0.7
-0.003	0.7
-0.003	0.7
-0.003	0.7
-0.003	0.7
-0.003	0.7
-0.003	0.7
-0.003	0.7
-0.003	0.7
-0.003	0.7
-0.003	0.7
-0.003	0.7
-0.003	0.7
-0.003	0.8
-0.003	0.7
-0.003	0.7
-0.003	0.7
-0.003	0.8
-0.003	0.8
-0.003	0.7
-0.003	0.7
-0.003	0.8
-0.003	0.7
-0.003	0.7
-0.003	0.8
-0.003	0.8
-0.003	0.8
-0.003	0.8
-0.004	0.8
-0.004	0.8
-0.004	0.8
-0.004	0.8
-0.004	0.8
-0.004	0.8
-0.004	0.7
-0.004	0.8
-0.004	0.8
-0.004	0.8
-0.004	0.8
-0.004	0.8
-0.004	0.8
-0.004	0.8
-0.004	0.9
-0.004	0.8
-0.004	0.8
-0.004	0.8
-0.004	0.8
-0.004	0.8
-0.004	0.8
-0.004	0.8
-0.004	0.8
-0.004	0.8
-0.004	0.8
-0.004	0.8
-0.004	0.8
-0.004	0.9
-0.004	0.9
-0.004	0.9
-0.004	0.8
-0.004	0.8
-0.004	0.9
-0.004	0.8
-0.004	0.8
-0.004	0.9
-0.004	0.9
-0.004	0.8
-0.004	0.8
-0.004	0.9
-0.004	0.8
-0.004	0.9
-0.004	0.9
-0.005	0.9
-0.005	0.8
-0.005	0.9
-0.005	0.9
-0.005	0.9
-0.005	0.9
-0.005	0.9
-0.005	0.9
-0.005	0.9
-0.005	0.9
-0.005	0.9
-0.005	0.8
-0.005	0.9
-0.005	0.9
-0.005	0.9
-0.005	0.9
-0.005	0.9
-0.005	0.9
-0.005	0.9
-0.005	0.9
-0.005	0.9
-0.005	0.9
-0.005	0.9
-0.005	0.9
-0.005	0.9
-0.005	0.9
-0.005	0.9
-0.005	0.9
-0.005	0.9
-0.005	0.9
-0.005	0.9
-0.005	0.9
-0.005	0.9
-0.005	0.9
-0.005	0.9
-0.005	0.9
-0.005	0.9
-0.005	0.9
-0.005	0.9
-0.005	0.9
-0.005	0.9
-0.005	0.9
-0.005	0.9
-0.005	0.9
-0.005	0.9
-0.005	0.9
-0.005	0.9
-0.005	0.9
-0.005	0.9
-0.005	0.9
-0.005	0.9
-0.006	0.9
-0.006	0.9
-0.006	0.9
-0.006	0.9
-0.006	0.9
-0.006	0.9
-0.006	0.9
-0.006	0.9
-0.006	0.9
-0.006	0.9
-0.006	0.9
-0.006	0.8
-0.006	0.9
-0.006	0.9
-0.006	0.9
-0.006	0.9
-0.006	0.9
-0.006	0.8
-0.006	0.9
-0.006	0.9
-0.006	0.9
-0.006	0.9
-0.006	0.9
-0.006	0.9
-0.006	0.9
-0.006	0.8
-0.006	0.9
-0.006	0.9
-0.006	0.9
-0.006	0.9
-0.006	0.8
-0.006	0.9
-0.006	0.9
-0.006	0.8
-0.006	0.9
-0.006	0.9
-0.006	0.9
-0.006	0.9
-0.006	0.9
-0.006	0.8
-0.006	0.8
-0.006	0.8
-0.006	0.9
-0.006	0.8
-0.006	0.9
-0.006	0.8
-0.006	0.9
-0.006	0.8
-0.006	0.8
-0.006	0.8
-0.006	0.8
-0.006	0.8
-0.006	0.9
-0.006	0.8
-0.007	0.8
-0.007	0.8
-0.007	0.8
-0.007	0.8
-0.007	0.8
-0.007	0.8
-0.007	0.8
-0.007	0.8
-0.007	0.8
-0.007	0.8
-0.007	0.8
-0.007	0.8
-0.007	0.8
-0.007	0.8
-0.007	0.8
-0.007	0.8
-0.007	0.8
-0.007	0.8
-0.007	0.8
-0.007	0.8
-0.007	0.8
-0.007	0.8
-0.007	0.8
-0.007	0.8
-0.007	0.8
-0.007	0.8
-0.007	0.7
-0.007	0.8
-0.007	0.8
-0.007	0.8
-0.007	0.8
-0.007	0.8
-0.007	0.8
-0.007	0.8
-0.007	0.7
-0.007	0.8
-0.007	0.7
-0.007	0.8
-0.007	0.8
-0.007	0.8
-0.007	0.7
-0.008	0.7
-0.008	0.7
-0.008	0.7
-0.008	0.7
-0.008	0.8
-0.008	0.8
-0.008	0.7
-0.008	0.7
-0.008	0.7
-0.008	0.7
-0.008	0.7
-0.008	0.7
-0.008	0.7
-0.008	0.7
-0.008	0.7
-0.008	0.7
-0.008	0.7
-0.008	0.7
-0.008	0.7
-0.008	0.7
-0.008	0.7
-0.008	0.7
-0.008	0.7
-0.008	0.7
-0.008	0.7
-0.008	0.8
-0.008	0.7
-0.008	0.7
-0.008	0.8
-0.008	0.7
-0.008	0.7
-0.008	0.7
-0.008	0.8
-0.009	0.7
-0.009	0.7
-0.009	0.8
-0.009	0.7
-0.009	0.7
-0.009	0.8
-0.009	0.7
-0.009	0.8
-0.009	0.8
-0.009	0.8
-0.009	0.8
-0.009	0.8
-0.009	0.8
-0.009	0.8
-0.009	0.8
-0.009	0.8
-0.009	0.8
-0.009	0.8
-0.009	0.8
-0.009	0.8
-0.009	0.8
-0.009	0.8
-0.009	0.8
-0.009	0.8
-0.009	0.8
-0.009	0.8
-0.009	0.8
-0.009	0.8
-0.009	0.8
-0.009	0.8
-0.009	0.8
-0.009	0.8
-0.010	0.9
-0.010	0.8
-0.010	0.8
-0.010	0.8
-0.010	0.8
-0.010	0.9
-0.010	0.9
-0.010	0.9
-0.010	0.8
-0.010	0.9
-0.010	0.9
-0.010	0.9
-0.010	0.8
-0.010	0.8
-0.010	0.9
-0.010	0.9
-0.010	0.8
-0.010	0.8
-0.010	0.9
-0.010	0.9
-0.010	0.9
-0.010	0.9
-0.010	0.9
-0.010	0.9
-0.010	0.9
-0.010	0.9
-0.010	0.9
-0.010	0.9
-0.010	0.9
-0.010	0.9
-0.010	0.9
-0.010	0.9
-0.010	0.9
-0.011	0.9
-0.011	0.9
-0.011	0.9
-0.011	0.9
-0.011	0.9
-0.011	0.9
-0.011	0.9
-0.011	0.9
-0.011	0.9
-0.011	0.9
-0.011	0.9
-0.011	0.9
-0.011	0.9
-0.011	0.9
-0.011	0.9
-0.011	0.9
-0.011	0.9
-0.011	0.9
-0.011	0.9
-0.011	0.9
-0.011	0.9
-0.011	0.9
-0.011	0.9
-0.011	0.9
-0.011	0.9
-0.011	0.9
-0.011	0.9
-0.011	0.9
-0.011	0.9
-0.011	0.9
-0.011	0.9
-0.011	0.9
-0.011	0.9
-0.011	0.9
-0.011	0.9
-0.012	0.9
-0.012	0.9
-0.012	0.9
-0.012	0.9
-0.012	0.9
-0.012	0.9
-0.012	0.9
-0.012	0.9
-0.012	0.9
-0.012	0.9
-0.012	0.9
-0.012	0.9
-0.012	0.9
-0.012	0.9
-0.012	0.9
-0.012	0.9
-0.012	0.8
-0.012	0.9
-0.012	0.8
-0.012	0.9
-0.012	0.8
-0.012	0.9
-0.012	0.9
-0.012	0.9
-0.012	0.9
-0.012	0.9
-0.012	0.9
-0.012	0.8
-0.012	0.9
-0.012	0.9
-0.012	0.8
-0.012	0.8
-0.012	0.9
-0.012	0.8
-0.012	0.8
-0.012	0.8
-0.012	0.8
-0.012	0.8
-0.012	0.8
-0.013	0.8
-0.013	0.8
-0.013	0.8
-0.013	0.9
-0.013	0.8
-0.013	0.8
-0.013	0.8
-0.013	0.8
-0.013	0.8
-0.013	0.8
-0.013	0.8
-0.013	0.8
-0.013	0.8
-0.013	0.8
-0.013	0.8
-0.013	0.8
-0.013	0.8
-0.013	0.8
-0.013	0.8
-0.013	0.8
-0.013	0.8
-0.013	0.8
-0.013	0.8
-0.013	0.8
-0.013	0.8
-0.013	0.7
-0.013	0.8
-0.013	0.8
-0.013	0.8
-0.013	0.8
-0.013	0.8
-0.013	0.8
-0.013	0.8
-0.013	0.8
-0.013	0.8
-0.013	0.7
-0.013	0.8
-0.013	0.8
-0.014	0.8
-0.014	0.7
-0.014	0.7
-0.014	0.8
-0.014	0.7
-0.014	0.8
-0.014	0.8
-0.014	0.8
-0.014	0.8
-0.014	0.8
-0.014	0.8
-0.014	0.8
-0.014	0.7
-0.014	0.8
-0.014	0.8
-0.014	0.8
-0.014	0.7
-0.014	0.8
-0.014	0.8
-0.014	0.8
-0.014	0.8
-0.014	0.8
-0.014	0.8
-0.014	0.8
-0.014	0.8
-0.014	0.8
-0.014	0.8
-0.014	0.8
-0.014	0.8
-0.014	0.8
-0.014	0.8
-0.014	0.8
-0.014	0.9
-0.014	0.8
-0.014	0.8
-0.014	0.8
-0.014	0.8
-0.015	0.9
-0.015	0.9
-0.015	0.8
-0.015	0.9
-0.015	0.8
-0.015	0.9
-0.015	0.8
-0.015	0.9
-0.015	0.9
-0.015	0.8
-0.015	0.9
-0.015	0.9
-0.015	0.9
-0.015	0.9
-0.015	0.9
-0.015	0.9
-0.015	0.9
-0.015	0.9
-0.015	0.9
-0.015	0.9
-0.015	0.9
-0.015	0.9
-0.015	0.9
-0.015	0.9
-0.015	0.9
-0.015	0.9
-0.015	0.9
-0.015	0.9
-0.015	0.9
-0.015	0.9
-0.015	0.9
-0.015	1.0
-0.015	0.9
-0.015	0.9
-0.015	0.9
-0.015	0.9
-0.015	0.9
-0.016	0.9
-0.016	1.0
-0.016	0.9
-0.016	0.9
-0.016	0.9
-0.016	0.9
-0.016	1.0
-0.016	1.0
-0.016	1.0
-0.016	1.0
-0.016	1.0
-0.016	1.0
-0.016	1.0
-0.016	1.0
-0.016	1.0
-0.016	1.0
-0.016	0.9
-0.016	0.9
-0.016	0.9
-0.016	1.0
-0.016	1.0
-0.016	1.0
-0.016	1.0
-0.016	1.0
-0.016	1.0
-0.016	1.0
-0.016	1.1
-0.016	1.0
-0.016	1.0
-0.016	1.1
-0.016	1.1
-0.016	1.0
-0.016	1.0
-0.016	1.0
-0.016	1.0
-0.016	1.0
-0.016	1.0
-0.016	1.1
-0.016	1.0
-0.016	1.0
-0.016	1.0
-0.017	1.0
-0.017	1.0
-0.017	1.0
-0.017	1.1
-0.017	1.0
-0.017	1.0
-0.017	1.0
-0.017	1.0
-0.017	1.0
-0.017	1.0
-0.017	1.0
-0.017	1.1
-0.017	1.0
-0.017	1.0
-0.017	1.0
-0.017	1.0
-0.017	1.0
-0.017	1.0
-0.017	1.0
-0.017	1.0
-0.017	1.0
-0.017	1.0
-0.017	1.0
-0.017	0.9
-0.017	1.0
-0.017	0.9
-0.017	1.0
-0.017	1.0
-0.017	1.0
-0.017	1.0
-0.017	0.9
-0.017	1.0
-0.017	1.0
-0.017	0.9
-0.017	1.0
-0.017	1.0
-0.017	0.9
-0.017	1.0
-0.017	0.9
-0.017	0.9
-0.018	0.9
-0.018	0.9
-0.018	0.9
-0.018	0.9
-0.018	1.0
-0.018	0.9
-0.018	0.9
-0.018	0.9
-0.018	0.9
-0.018	0.9
-0.018	0.9
-0.018	0.9
-0.018	0.9
-0.018	0.9
-0.018	0.9
-0.018	0.9
-0.018	0.9
-0.018	0.9
-0.018	0.9
-0.018	0.9
-0.018	0.9
-0.018	0.9
-0.018	0.9
-0.018	0.9
-0.018	0.9
-0.018	0.9
-0.018	0.9
-0.018	0.9
-0.018	0.9
-0.018	0.9
-0.018	0.9
-0.018	0.9
-0.018	0.9
-0.018	0.9
-0.018	0.9
-0.018	0.9
-0.019	0.9
-0.019	0.9
-0.019	0.9
-0.019	0.8
-0.019	0.9
-0.019	0.9
-0.019	0.9
-0.019	0.8
-0.019	0.8
-0.019	0.9
-0.019	0.8
-0.019	0.8
-0.019	0.8
-0.019	0.8
-0.019	0.8
-0.019	0.8
-0.019	0.8
-0.019	0.8
-0.019	0.8
-0.019	0.8
-0.019	0.8
-0.019	0.8
-0.019	0.8
-0.019	0.9
-0.019	0.9
-0.019	0.8
-0.019	0.8
-0.019	0.9
-0.019	0.9
-0.019	0.9
-0.019	0.8
-0.019	0.8
-0.019	0.8
-0.019	0.8
-0.020	0.8
-0.020	0.8
-0.020	0.8
-0.020	0.8
-0.020	0.8
-0.020	0.8
-0.020	0.8
-0.020	0.8
-0.020	0.9
-0.020	0.9
-0.020	0.9
-0.020	0.9
-0.020	0.9
-0.020	0.9
-0.020	0.8
-0.020	0.9
-0.020	0.8
-0.020	0.8
-0.020	0.9
-0.020	0.9
-0.020	0.9
-0.020	0.9
-0.020	0.9
-0.020	0.9
-0.020	0.9
-0.020	0.9
-0.020	0.9
-0.020	0.9
-0.020	0.9
-0.020	0.9
-0.020	0.9
-0.020	0.9
-0.020	0.9
-0.021	0.9
-0.021	0.9
-0.021	0.9
-0.021	0.9
-0.021	0.9
-0.021	0.9
-0.021	0.9
-0.021	0.9
-0.021	0.9
-0.021	0.9
-0.021	0.9
-0.021	0.9
-0.021	1.0
-0.021	1.0
-0.021	1.0
-0.021	0.9
-0.021	0.9
-0.021	0.9
-0.021	0.9
-0.021	1.0
-0.021	0.9
-0.021	0.9
-0.021	1.0
-0.021	0.9
-0.021	1.0
-0.021	1.0
-0.021	1.0
-0.021	1.0
-0.021	1.0
-0.022	1.0
-0.022	1.0
-0.022	1.0
-0.022	1.0
-0.022	1.0
-0.022	1.1
-0.022	1.0
-0.022	1.0
-0.022	1.0
-0.022	1.0
-0.022	1.0
-0.022	1.1
-0.022	1.0
-0.022	1.1
-0.022	1.1
-0.022	1.1
-0.022	1.0
-0.022	1.0
-0.022	1.0
-0.022	1.0
-0.022	1.0
-0.022	1.0
-0.022	1.0
-0.022	1.0
-0.022	1.0
-0.022	1.0
-0.022	1.0
-0.022	1.1
-0.022	1.0
-0.022	1.0
-0.023	1.0
-0.023	1.1
-0.023	1.0
-0.023	1.0
-0.023	1.0
-0.023	0.9
-0.023	1.0
-0.023	1.0
-0.023	1.0
-0.023	0.9
-0.023	1.0
-0.023	0.9
-0.023	0.9
-0.023	1.0
-0.023	0.9
-0.023	0.9
-0.023	1.0
-0.023	0.9
-0.023	0.9
-0.023	0.9
-0.023	0.9
-0.023	0.9
-0.023	0.9
-0.023	1.0
-0.023	1.0
-0.023	0.9
-0.023	0.9
-0.023	0.9
-0.023	0.9
-0.024	0.9
-0.024	0.9
-0.024	0.9
-0.024	0.9
-0.024	0.9
-0.024	0.9
-0.024	0.9
-0.024	0.9
-0.024	0.9
-0.024	0.9
-0.024	0.9
-0.024	0.9
-0.024	0.9
-0.024	0.9
-0.024	0.9
-0.024	0.9
-0.024	0.9
-0.024	0.9
-0.024	0.9
-0.024	0.9
-0.024	0.9
-0.024	0.9
-0.024	0.9
-0.024	0.9
-0.024	0.9
-0.024	0.9
-0.024	0.9
-0.024	0.9
-0.025	0.9
-0.025	0.9
-0.025	0.9
-0.025	0.8
-0.025	0.9
-0.025	0.9
-0.025	0.9
-0.025	0.9
-0.025	0.9
-0.025	0.9
-0.025	0.9
-0.025	0.9
-0.025	0.9
-0.025	0.9
-0.025	0.9
-0.025	0.9
-0.025	0.8
-0.025	0.9
-0.025	0.9
-0.025	0.9
-0.025	0.9
-0.025	0.9
-0.025	0.9
-0.025	0.9
-0.025	0.9
-0.025	0.9
-0.025	0.9
-0.025	0.9
-0.026	0.9
-0.026	0.9
-0.026	0.9
-0.026	0.9
-0.026	0.9
-0.026	0.9
-0.026	0.9
-0.026	0.9
-0.026	0.9
-0.026	0.9
-0.026	0.9
-0.026	0.9
-0.026	1.0
-0.026	0.9
-0.026	1.0
-0.026	0.9
-0.026	1.0
-0.026	1.0
-0.026	1.0
-0.026	1.0
-0.026	1.0
-0.026	0.9
-0.026	0.9
-0.026	0.9
-0.026	1.0
-0.026	1.0
-0.026	1.0
-0.026	1.0
-0.026	1.0
-0.026	1.0
-0.026	1.1
-0.027	1.0
-0.027	1.1
-0.027	1.0
-0.027	1.0
-0.027	1.1
-0.027	1.0
-0.027	1.0
-0.027	1.1
-0.027	1.0
-0.027	1.1
-0.027	1.2
-0.027	1.1
-0.027	1.2
-0.027	1.2
-0.027	1.2
-0.027	1.2
-0.027	1.2
-0.027	1.1
-0.027	1.2
-0.027	1.2
-0.027	1.2
-0.027	1.2
-0.027	1.2
-0.027	1.2
-0.027	1.2
-0.027	1.1
-0.027	1.2
-0.027	1.2
-0.027	1.2
-0.027	1.2
-0.027	1.2
-0.027	1.2
-0.027	1.2
-0.027	1.1
-0.027	1.2
-0.028	1.2
-0.028	1.1
-0.028	1.2
-0.028	1.2
-0.028	1.2
-0.028	1.2
-0.028	1.2
-0.028	1.1
-0.028	1.2
-0.028	1.2
-0.028	1.2
-0.028	1.2
-0.028	1.2
-0.028	1.2
-0.028	1.2
-0.028	1.2
-0.028	1.2
-0.028	1.2
-0.028	1.2
-0.028	1.2
-0.028	1.2
-0.028	1.2
-0.028	1.2
-0.028	1.1
-0.028	1.1
-0.028	1.2
-0.028	1.2
-0.028	1.2
-0.028	1.1
-0.028	1.2
-0.028	1.1
-0.028	1.1
-0.028	1.1
-0.028	1.2
-0.028	1.2
-0.028	1.1
-0.029	1.2
-0.029	1.1
-0.029	1.1
-0.029	1.2
-0.029	1.2
-0.029	1.1
-0.029	1.1
-0.029	1.1
-0.029	1.1
-0.029	1.1
-0.029	1.1
-0.029	1.1
-0.029	1.1
-0.029	1.1
-0.029	1.1
-0.029	1.2
-0.029	1.1
-0.029	1.0
-0.029	1.1
-0.029	1.1
-0.029	1.1
-0.029	1.1
-0.029	1.1
-0.029	1.0
-0.029	1.0
-0.029	1.1
-0.029	1.1
-0.029	1.1
-0.029	1.0
-0.029	1.1
-0.029	1.0
-0.029	1.0
-0.029	1.1
-0.029	1.0
-0.029	1.0
-0.029	1.0
-0.030	1.0
-0.030	1.0
-0.030	1.0
-0.030	1.0
-0.030	1.0
-0.030	1.1
-0.030	1.1
-0.030	1.1
-0.030	1.1
-0.030	1.1
-0.030	1.0
-0.030	1.1
-0.030	1.1
-0.030	1.1
-0.030	1.0
-0.030	1.0
-0.030	1.1
-0.030	1.1
-0.030	1.0
-0.030	1.1
-0.030	1.1
-0.030	1.0
-0.030	1.1
-0.030	1.1
-0.030	1.1
-0.030	1.1
-0.030	1.1
-0.030	1.1
-0.030	1.1
-0.030	1.1
-0.030	1.1
-0.030	1.1
-0.030	1.1
-0.030	1.1
-0.031	1.1
-0.031	1.2
-0.031	1.1
-0.031	1.2
-0.031	1.2
-0.031	1.2
-0.031	1.2
-0.031	1.2
-0.031	1.1
-0.031	1.2
-0.031	1.2
-0.031	1.2
-0.031	1.2
-0.031	1.2
-0.031	1.2
-0.031	1.2
-0.031	1.2
-0.031	1.2
-0.031	1.2
-0.031	1.2
-0.031	1.2
-0.031	1.2
-0.031	1.2
-0.031	1.2
-0.031	1.2
-0.031	1.2
-0.031	1.2
-0.031	1.2
-0.031	1.2
-0.031	1.2
-0.032	1.3
-0.032	1.2
-0.032	1.3
-0.032	1.2
-0.032	1.3
-0.032	1.2
-0.032	1.2
-0.032	1.3
-0.032	1.3
-0.032	1.3
-0.032	1.3
-0.032	1.3
-0.032	1.3
-0.032	1.3
-0.032	1.3
-0.032	1.3
-0.032	1.3
-0.032	1.3
-0.032	1.3
-0.032	1.3
-0.032	1.3
-0.032	1.3
-0.032	1.3
-0.032	1.3
-0.032	1.3
-0.032	1.3
-0.032	1.3
-0.032	1.3
-0.033	1.3
-0.033	1.4
-0.033	1.4
-0.033	1.3
-0.033	1.4
-0.033	1.3
-0.033	1.4
-0.033	1.4
-0.033	1.4
-0.033	1.4
-0.033	1.3
-0.033	1.4
-0.033	1.4
-0.033	1.4
-0.033	1.4
-0.033	1.4
-0.033	1.4
-0.033	1.3
-0.033	1.4
-0.033	1.4
-0.033	1.3
-0.033	1.4
-0.033	1.3
-0.033	1.3
-0.033	1.4
-0.033	1.3
-0.033	1.3
-0.033	1.3
-0.034	1.3
-0.034	1.3
-0.034	1.3
-0.034	1.3
-0.034	1.3
-0.034	1.3
-0.034	1.4
-0.034	1.3
-0.034	1.3
-0.034	1.3
-0.034	1.3
-0.034	1.3
-0.034	1.3
-0.034	1.3
-0.034	1.3
-0.034	1.3
-0.034	1.3
-0.034	1.3
-0.034	1.3
-0.034	1.3
-0.034	1.3
-0.034	1.3
-0.034	1.3
-0.034	1.3
-0.034	1.3
-0.034	1.3
-0.035	1.3
-0.035	1.3
-0.035	1.3
-0.035	1.3
-0.035	1.3
-0.035	1.3
-0.035	1.3
-0.035	1.3
-0.035	1.3
-0.035	1.3
-0.035	1.3
-0.035	1.3
-0.035	1.3
-0.035	1.3
-0.035	1.3
-0.035	1.3
-0.035	1.3
-0.035	1.3
-0.035	1.3
-0.035	1.3
-0.035	1.3
-0.035	1.3
-0.035	1.3
-0.035	1.3
-0.035	1.3
-0.035	1.3
-0.035	1.3
-0.035	1.3
-0.036	1.3
-0.036	1.3
-0.036	1.3
-0.036	1.4
-0.036	1.3
-0.036	1.3
-0.036	1.4
-0.036	1.3
-0.036	1.3
-0.036	1.3
-0.036	1.3
-0.036	1.4
-0.036	1.5
-0.036	1.5
-0.036	1.4
-0.036	1.6
-0.036	1.6
-0.036	1.4
-0.036	1.5
-0.036	1.6
-0.036	1.6
-0.036	1.6
-0.036	1.6
-0.036	1.6
-0.036	1.6
-0.036	1.6
-0.036	1.6
-0.036	1.6
-0.036	1.6
-0.036	1.6
-0.036	1.6
-0.037	1.6
-0.037	1.6
-0.037	1.7
-0.037	1.6
-0.037	1.6
-0.037	1.7
-0.037	1.7
-0.037	1.7
-0.037	1.7
-0.037	1.7
-0.037	1.7
-0.037	1.7
-0.037	1.7
-0.037	1.7
-0.037	1.7
-0.037	1.7
-0.037	1.7
-0.037	1.7
-0.037	1.7
-0.037	1.7
-0.037	1.7
-0.037	1.7
-0.037	1.8
-0.037	1.8
-0.037	1.9
-0.037	1.8
-0.037	1.8
-0.037	1.8
-0.037	1.9
-0.037	1.9
-0.037	1.9
-0.038	1.9
-0.038	1.9
-0.038	1.9
-0.038	2.0
-0.038	2.0
-0.038	2.0
-0.038	1.9
-0.038	2.0
-0.038	1.9
-0.038	2.0
-0.038	2.0
-0.038	1.9
-0.038	1.8
-0.038	1.9
-0.038	1.9
-0.038	1.9
-0.038	1.9
-0.038	1.8
-0.038	1.8
-0.038	1.9
-0.038	1.8
-0.038	1.8
-0.038	1.9
-0.038	1.8
-0.038	1.8
-0.038	1.8
-0.038	1.8
-0.038	1.8
-0.038	1.8
-0.038	1.8
-0.038	1.7
-0.038	1.8
-0.039	1.8
-0.039	1.7
-0.039	1.8
-0.039	1.7
-0.039	1.8
-0.039	1.8
-0.039	1.8
-0.039	1.8
-0.039	1.7
-0.039	1.7
-0.039	1.7
-0.039	1.7
-0.039	1.7
-0.039	1.7
-0.039	1.7
-0.039	1.7
-0.039	1.7
-0.039	1.7
-0.039	1.7
-0.039	1.7
-0.039	1.6
-0.039	1.7
-0.039	1.7
-0.039	1.7
-0.039	1.6
-0.039	1.7
-0.039	1.7
-0.039	1.6
-0.039	1.6
-0.039	1.6
-0.039	1.6
-0.039	1.6
-0.040	1.6
-0.040	1.6
-0.040	1.6
-0.040	1.6
-0.040	1.6
-0.040	1.6
-0.040	1.6
-0.040	1.6
-0.040	1.6
-0.040	1.6
-0.040	1.6
-0.040	1.6
-0.040	1.6
-0.040	1.6
-0.040	1.6
-0.040	1.6
-0.040	1.6
-0.040	1.6
-0.040	1.6
-0.040	1.6
-0.040	1.6
-0.040	1.6
-0.040	1.6
-0.040	1.6
-0.040	1.6
-0.040	1.6
-0.040	1.6
-0.040	1.6
-0.040	1.6
-0.040	1.6
-0.040	1.6
-0.041	1.6
-0.041	1.6
-0.041	1.6
-0.041	1.6
-0.041	1.6
-0.041	1.6
-0.041	1.6
-0.041	1.6
-0.041	1.6
-0.041	1.7
-0.041	1.7
-0.041	1.7
-0.041	1.7
-0.041	1.7
-0.041	1.7
-0.041	1.7
-0.041	1.7
-0.041	1.7
-0.041	1.7
-0.041	1.7
-0.041	1.8
-0.041	1.8
-0.041	1.9
-0.041	1.9
-0.041	1.9
-0.041	1.9
-0.041	1.9
-0.041	2.0
-0.041	2.0
-0.041	2.0
-0.041	2.0
-0.042	2.0
-0.042	2.0
-0.042	2.0
-0.042	2.0
-0.042	2.1
-0.042	2.0
-0.042	2.0
-0.042	2.1
-0.042	2.0
-0.042	2.1
-0.042	2.1
-0.042	2.1
-0.042	2.1
-0.042	2.1
-0.042	2.1
-0.042	2.1
-0.042	2.1
-0.042	2.1
-0.042	2.1
-0.042	2.1
-0.042	2.2
-0.042	2.2
-0.042	2.2
-0.042	2.1
-0.042	2.2
-0.042	2.2
-0.042	2.2
-0.043	2.3
-0.043	2.3
-0.043	2.3
-0.043	2.3
-0.043	2.2
-0.043	2.3
-0.043	2.2
-0.043	2.2
-0.043	2.2
-0.043	2.3
-0.043	2.2
-0.043	2.2
-0.043	2.2
-0.043	2.2
-0.043	2.3
-0.043	2.2
-0.043	2.2
-0.043	2.2
-0.043	2.2
-0.043	2.3
-0.043	2.2
-0.043	2.2
-0.043	2.2
-0.043	2.2
-0.043	2.2
-0.043	2.2
-0.044	2.2
-0.044	2.2
-0.044	2.2
-0.044	2.2
-0.044	2.2
-0.044	2.2
-0.044	2.2
-0.044	2.2
-0.044	2.2
-0.044	2.1
-0.044	2.1
-0.044	2.1
-0.044	2.1
-0.044	2.1
-0.044	2.1
-0.044	2.1
-0.044	2.1
-0.044	2.1
-0.044	2.1
-0.044	2.1
-0.044	2.1
-0.044	2.1
-0.044	2.0
-0.044	2.0
-0.044	2.0
-0.044	2.0
-0.044	2.0
-0.045	2.0
-0.045	2.0
-0.045	2.0
-0.045	2.0
-0.045	1.9
-0.045	1.9
-0.045	1.9
-0.045	1.8
-0.045	1.9
-0.045	1.9
-0.045	1.9
-0.045	1.8
-0.045	1.9
-0.045	1.8
-0.045	1.7
-0.045	1.8
-0.045	1.7
-0.045	1.9
-0.045	1.8
-0.045	1.7
-0.045	1.8
-0.045	1.8
-0.045	1.7
-0.045	1.8
-0.045	1.8
-0.046	1.8
-0.046	1.8
-0.046	1.8
-0.046	1.8
-0.046	1.8
-0.046	1.8
-0.046	1.8
-0.046	1.8
-0.046	1.9
-0.046	1.9
-0.046	1.9
-0.046	1.9
-0.046	2.0
-0.046	1.9
-0.046	2.0
-0.046	2.0
-0.046	2.0
-0.046	2.0
-0.046	2.0
-0.046	2.1
-0.046	2.1
-0.046	2.1
-0.046	2.1
-0.046	2.1
-0.046	2.1
-0.046	2.1
-0.046	2.1
-0.047	2.1
-0.047	2.2
-0.047	2.2
-0.047	2.3
-0.047	2.3
-0.047	2.4
-0.047	2.4
-0.047	2.4
-0.047	2.4
-0.047	2.4
-0.047	2.5
-0.047	2.5
-0.047	2.6
-0.047	2.6
-0.047	2.6
-0.047	2.7
-0.047	2.7
-0.047	2.7
-0.047	2.7
-0.047	2.7
-0.047	2.7
-0.047	2.7
-0.047	2.8
-0.047	2.8
-0.047	2.8
-0.047	2.7
-0.047	2.8
-0.047	2.8
-0.048	2.8
-0.048	2.8
-0.048	2.9
-0.048	2.9
-0.048	2.9
-0.048	2.9
-0.048	3.0
-0.048	3.0
-0.048	3.0
-0.048	3.1
-0.048	3.1
-0.048	3.1
-0.048	3.2
-0.048	3.2
-0.048	3.2
-0.048	3.2
-0.048	3.2
-0.048	3.3
-0.048	3.3
-0.048	3.3
-0.048	3.3
-0.048	3.4
-0.048	3.4
-0.048	3.3
-0.048	3.3
-0.048	3.3
-0.048	3.3
-0.048	3.2
-0.048	3.2
-0.049	3.2
-0.049	3.2
-0.049	3.2
-0.049	3.1
-0.049	3.1
-0.049	3.1
-0.049	3.1
-0.049	3.0
-0.049	3.0
-0.049	3.0
-0.049	2.9
-0.049	2.8
-0.049	2.9
-0.049	2.8
-0.049	2.8
-0.049	2.8
-0.049	2.7
-0.049	2.7
-0.049	2.7
-0.049	2.7
-0.049	2.7
-0.049	2.7
-0.049	2.7
-0.049	2.7
-0.049	2.6
-0.049	2.7
-0.049	2.6
-0.049	2.6
-0.050	2.7
-0.050	2.7
-0.050	2.6
-0.050	2.6
-0.050	2.5
-0.050	2.5
-0.050	2.4
-0.050	2.4
-0.050	2.4
-0.050	2.4
-0.050	2.4
-0.050	2.4
-0.050	2.3
-0.050	2.3
-0.050	2.3
-0.050	2.3
-0.050	2.2
-0.050	2.2
-0.050	2.1
-0.050	2.1
-0.050	2.1
-0.050	2.1
-0.050	2.1
-0.050	2.0
-0.050	2.1
-0.050	2.0
-0.051	2.0
-0.051	2.0
-0.051	2.0
-0.051	2.0
-0.051	2.0
-0.051	2.0
-0.051	2.0
-0.051	2.0
-0.051	2.0
-0.051	2.0
-0.051	2.0
-0.051	2.0
-0.051	2.1
-0.051	2.1
-0.051	2.1
-0.051	2.1
-0.051	2.1
-0.051	2.1
-0.051	2.1
-0.051	2.1
-0.051	2.2
-0.051	2.2
-0.051	2.2
-0.052	2.3
-0.052	2.4
-0.052	2.4
-0.052	2.4
-0.052	2.4
-0.052	2.5
-0.052	2.5
-0.052	2.6
-0.052	2.6
-0.052	2.7
-0.052	2.7
-0.052	2.8
-0.052	2.8
-0.052	2.9
-0.052	3.0
-0.052	3.0
-0.052	3.1
-0.052	3.2
-0.052	3.2
-0.052	3.3
-0.052	3.4
-0.052	3.5
-0.053	3.5
-0.053	3.6
-0.053	3.6
-0.053	3.6
-0.053	3.8
-0.053	3.9
-0.053	3.9
-0.053	4.0
-0.053	4.1
-0.053	4.2
-0.053	4.3
-0.053	4.3
-0.053	4.4
-0.053	4.4
-0.053	4.4
-0.053	4.4
-0.053	4.4
-0.053	4.4
-0.053	4.5
-0.053	4.5
-0.053	4.5
-0.053	4.7
-0.053	4.7
-0.054	4.7
-0.054	4.7
-0.054	4.6
-0.054	4.7
-0.054	4.6
-0.054	4.7
-0.054	4.7
-0.054	4.5
-0.054	4.4
-0.054	4.4
-0.054	4.4
-0.054	4.4
-0.054	4.3
-0.054	4.3
-0.054	4.3
-0.054	4.3
-0.054	4.3
-0.054	4.3
-0.054	4.2
-0.054	4.2
-0.054	4.1
-0.055	4.0
-0.055	4.0
-0.055	3.9
-0.055	3.8
-0.055	3.7
-0.055	3.6
-0.055	3.6
-0.055	3.5
-0.055	3.5
-0.055	3.3
-0.055	3.2
-0.055	3.1
-0.055	3.1
-0.055	3.0
-0.055	2.9
-0.055	2.9
-0.055	2.9
-0.055	2.8
-0.055	2.7
-0.055	2.7
-0.055	2.6
-0.056	2.5
-0.056	2.4
-0.056	2.4
-0.056	2.4
-0.056	2.4
-0.056	2.3
-0.056	2.4
-0.056	2.3
-0.056	2.3
-0.056	2.4
-0.056	2.4
-0.056	2.4
-0.056	2.4
-0.056	2.4
-0.056	2.4
-0.056	2.4
-0.056	2.4
-0.056	2.4
-0.056	2.4
-0.056	2.4
-0.056	2.4
-0.056	2.6
-0.056	2.6
-0.057	2.7
-0.057	2.7
-0.057	2.8
-0.057	2.9
-0.057	2.9
-0.057	3.0
-0.057	3.1
-0.057	3.2
-0.057	3.3
-0.057	3.4
-0.057	3.5
-0.057	3.6
-0.057	3.6
-0.057	3.8
-0.057	3.9
-0.057	4.0
-0.057	4.3
-0.057	4.4
-0.057	4.7
-0.057	4.8
-0.057	4.9
-0.058	5.1
-0.058	5.2
-0.058	5.5
-0.058	5.6
-0.058	5.7
-0.058	5.8
-0.058	5.9
-0.058	6.0
-0.058	6.0
-0.058	6.2
-0.058	6.3
-0.058	6.3
-0.058	6.3
-0.058	6.4
-0.058	6.5
-0.058	6.6
-0.058	6.6
-0.058	6.7
-0.058	6.8
-0.058	6.9
-0.058	6.9
-0.058	7.0
-0.058	7.1
-0.059	7.1
-0.059	7.1
-0.059	7.1
-0.059	7.1
-0.059	7.1
-0.059	7.1
-0.059	7.1
-0.059	7.1
-0.059	7.1
-0.059	7.1
-0.059	7.1
-0.059	7.1
-0.059	7.1
-0.059	7.1
-0.059	7.1
-0.059	7.1
-0.059	7.1
-0.059	7.1
-0.059	7.1
-0.059	7.0
-0.059	7.0
-0.059	6.9
-0.059	6.9
-0.059	6.7
-0.060	6.7
-0.060	6.6
-0.060	6.4
-0.060	6.3
-0.060	6.3
-0.060	6.2
-0.060	6.0
-0.060	6.0
-0.060	5.9
-0.060	5.6
-0.060	5.6
-0.060	5.5
-0.060	5.3
-0.060	5.2
-0.060	5.1
-0.060	5.0
-0.060	4.9
-0.060	4.7
-0.060	4.7
-0.060	4.5
-0.060	4.4
-0.060	4.3
-0.060	4.1
-0.061	4.0
-0.061	3.9
-0.061	3.8
-0.061	3.7
-0.061	3.6
-0.061	3.6
-0.061	3.5
-0.061	3.5
-0.061	3.4
-0.061	3.3
-0.061	3.2
-0.061	3.2
-0.061	3.2
-0.061	3.2
-0.061	3.1
-0.061	3.1
-0.061	3.1
-0.061	3.1
-0.061	3.1
-0.061	3.0
-0.061	3.0
-0.061	3.0
-0.061	3.1
-0.061	3.1
-0.062	3.1
-0.062	3.1
-0.062	3.2
-0.062	3.2
-0.062	3.4
-0.062	3.5
-0.062	3.6
-0.062	3.7
-0.062	3.8
-0.062	3.9
-0.062	4.1
-0.062	4.3
-0.062	4.4
-0.062	4.7
-0.062	4.7
-0.062	4.8
-0.062	5.0
-0.062	5.1
-0.062	5.2
-0.062	5.4
-0.062	5.5
-0.062	5.6
-0.062	5.9
-0.062	6.0
-0.062	6.2
-0.063	6.3
-0.063	6.5
-0.063	6.7
-0.063	7.0
-0.063	7.2
-0.063	7.5
-0.063	7.8
-0.063	7.9
-0.063	8.3
-0.063	8.6
-0.063	8.8
-0.063	9.1
-0.063	9.4
-0.063	9.6
-0.063	9.9
-0.063	10.1
-0.063	10.2
-0.063	10.4
-0.063	10.5
-0.063	10.5
-0.063	10.6
-0.063	10.7
-0.063	10.9
-0.063	10.9
-0.063	11.0
-0.063	11.0
-0.063	11.2
-0.063	11.3
-0.064	11.4
-0.064	11.4
-0.064	11.6
-0.064	11.6
-0.064	11.8
-0.064	12.0
-0.064	12.1
-0.064	12.2
-0.064	12.3
-0.064	12.4
-0.064	12.5
-0.064	12.5
-0.064	12.6
-0.064	12.6
-0.064	12.6
-0.064	12.6
-0.064	12.6
-0.064	12.5
-0.064	12.5
-0.064	12.4
-0.064	12.2
-0.064	12.1
-0.064	12.1
-0.064	11.9
-0.064	11.7
-0.064	11.6
-0.064	11.4
-0.064	11.3
-0.064	11.2
-0.065	11.0
-0.065	10.9
-0.065	10.9
-0.065	10.9
-0.065	10.6
-0.065	10.5
-0.065	10.5
-0.065	10.4
-0.065	10.4
-0.065	10.3
-0.065	10.3
-0.065	10.2
-0.065	10.0
-0.065	9.9
-0.065	9.9
-0.065	9.8
-0.065	9.7
-0.065	9.5
-0.065	9.4
-0.065	9.2
-0.065	9.1
-0.065	9.0
-0.065	8.7
-0.065	8.6
-0.065	8.4
-0.065	8.2
-0.065	8.0
-0.065	7.8
-0.065	7.6
-0.065	7.4
-0.065	7.1
-0.065	7.0
-0.066	6.7
-0.066	6.6
-0.066	6.4
-0.066	6.3
-0.066	6.1
-0.066	5.9
-0.066	5.7
-0.066	5.6
-0.066	5.4
-0.066	5.3
-0.066	5.2
-0.066	5.0
-0.066	4.8
-0.066	4.7
-0.066	4.7
-0.066	4.5
-0.066	4.4
-0.066	4.3
-0.066	4.2
-0.066	4.0
-0.066	4.0
-0.066	3.9
-0.066	3.8
-0.066	3.8
-0.066	3.6
-0.066	3.6
-0.066	3.5
-0.066	3.5
-0.066	3.4
-0.066	3.3
-0.066	3.4
-0.066	3.3
-0.066	3.3
-0.066	3.3
-0.066	3.3
-0.067	3.3
-0.067	3.4
-0.067	3.5
-0.067	3.5
-0.067	3.6
-0.067	3.6
-0.067	3.8
-0.067	3.9
-0.067	4.0
-0.067	4.2
-0.067	4.4
-0.067	4.7
-0.067	4.8
-0.067	5.1
-0.067	5.3
-0.067	5.6
-0.067	5.9
-0.067	6.1
-0.067	6.3
-0.067	6.7
-0.067	7.0
-0.067	7.3
-0.067	7.6
-0.067	8.0
-0.067	8.2
-0.067	8.5
-0.067	8.9
-0.067	9.2
-0.067	9.5
-0.067	9.8
-0.067	10.1
-0.067	10.4
-0.067	10.5
-0.067	10.9
-0.067	11.0
-0.067	11.3
-0.068	11.6
-0.068	11.8
-0.068	12.1
-0.068	12.4
-0.068	12.6
-0.068	12.9
-0.068	13.1
-0.068	13.4
-0.068	13.7
-0.068	14.1
-0.068	14.3
-0.068	14.6
-0.068	14.9
-0.068	15.3
-0.068	15.7
-0.068	16.1
-0.068	16.5
-0.068	17.0
-0.068	17.5
-0.068	17.9
-0.068	18.4
-0.068	18.8
-0.068	19.4
-0.068	19.8
-0.068	20.3
-0.068	20.8
-0.068	21.2
-0.068	21.8
-0.068	22.2
-0.068	22.6
-0.068	23.0
-0.068	23.4
-0.068	23.7
-0.068	23.9
-0.068	24.2
-0.068	24.6
-0.068	24.7
-0.069	25.0
-0.069	25.1
-0.069	25.2
-0.069	25.4
-0.069	25.4
-0.069	25.5
-0.069	25.5
-0.069	25.5
-0.069	25.5
-0.069	25.4
-0.069	25.4
-0.069	25.3
-0.069	25.3
-0.069	25.2
-0.069	25.1
-0.069	25.1
-0.069	25.1
-0.069	25.1
-0.069	25.1
-0.069	25.1
-0.069	25.2
-0.069	25.2
-0.069	25.4
-0.069	25.4
-0.069	25.5
-0.069	25.7
-0.069	25.8
-0.069	26.0
-0.069	26.2
-0.069	26.4
-0.069	26.6
-0.069	26.8
-0.069	27.1
-0.069	27.2
-0.069	27.3
-0.069	27.4
-0.070	27.6
-0.070	27.8
-0.070	27.8
-0.070	27.9
-0.070	28.0
-0.070	28.0
-0.070	27.9
-0.070	27.8
-0.070	27.7
-0.070	27.6
-0.070	27.3
-0.070	27.1
-0.070	27.0
-0.070	26.7
-0.070	26.4
-0.070	26.0
-0.070	25.7
-0.070	25.3
-0.070	24.8
-0.070	24.4
-0.070	24.0
-0.070	23.5
-0.070	23.1
-0.070	22.7
-0.070	22.3
-0.070	21.8
-0.070	21.5
-0.070	21.0
-0.070	20.5
-0.070	20.1
-0.070	19.7
-0.070	19.3
-0.070	19.0
-0.070	18.6
-0.071	18.4
-0.071	17.9
-0.071	17.6
-0.071	17.2
-0.071	16.8
-0.071	16.5
-0.071	16.1
-0.071	15.7
-0.071	15.3
-0.071	15.0
-0.071	14.6
-0.071	14.3
-0.071	13.8
-0.071	13.5
-0.071	13.1
-0.071	12.7
-0.071	12.3
-0.071	11.9
-0.071	11.6
-0.071	11.1
-0.071	10.7
-0.071	10.4
-0.071	10.0
-0.071	9.7
-0.071	9.3
-0.071	8.9
-0.071	8.5
-0.071	8.2
-0.071	7.9
-0.071	7.5
-0.071	7.3
-0.071	7.0
-0.071	6.7
-0.071	6.5
-0.071	6.3
-0.072	6.2
-0.072	6.0
-0.072	5.8
-0.072	5.7
-0.072	5.6
-0.072	5.5
-0.072	5.5
-0.072	5.4
-0.072	5.4
-0.072	5.4
-0.072	5.5
-0.072	5.6
-0.072	5.6
-0.072	5.8
-0.072	5.9
-0.072	6.1
-0.072	6.3
-0.072	6.5
-0.072	6.8
-0.072	7.2
-0.072	7.6
-0.072	8.1
-0.072	8.6
-0.072	9.1
-0.072	9.8
-0.072	10.4
-0.072	11.1
-0.072	11.8
-0.072	12.7
-0.072	13.5
-0.072	14.5
-0.072	15.3
-0.073	16.1
-0.073	17.2
-0.073	18.1
-0.073	18.9
-0.073	19.9
-0.073	20.8
-0.073	21.8
-0.073	22.7
-0.073	23.5
-0.073	24.6
-0.073	25.5
-0.073	26.5
-0.073	27.3
-0.073	28.3
-0.073	29.3
-0.073	30.4
-0.073	31.3
-0.073	32.4
-0.073	33.6
-0.073	34.7
-0.073	35.9
-0.073	37.2
-0.073	38.5
-0.073	39.8
-0.073	41.3
-0.073	42.9
-0.073	44.4
-0.073	46.2
-0.073	48.0
-0.073	49.7
-0.074	51.6
-0.074	53.5
-0.074	55.5
-0.074	57.4
-0.074	59.4
-0.074	61.4
-0.074	63.4
-0.074	65.4
-0.074	67.3
-0.074	69.3
-0.074	71.2
-0.074	73.0
-0.074	75.0
-0.074	76.6
-0.074	78.1
-0.074	79.7
-0.074	81.0
-0.074	82.3
-0.074	83.4
-0.074	84.4
-0.074	85.1
-0.074	85.7
-0.074	86.3
-0.074	86.7
-0.074	87.0
-0.074	87.2
-0.074	87.2
-0.074	87.2
-0.074	87.1
-0.074	86.8
-0.074	86.6
-0.075	86.3
-0.075	85.9
-0.075	85.5
-0.075	85.1
-0.075	84.7
-0.075	84.1
-0.075	83.7
-0.075	83.2
-0.075	82.6
-0.075	82.1
-0.075	81.6
-0.075	81.3
-0.075	80.8
-0.075	80.4
-0.075	80.0
-0.075	79.7
-0.075	79.3
-0.075	78.9
-0.075	78.6
-0.075	78.2
-0.075	78.0
-0.075	77.7
-0.075	77.4
-0.075	77.2
-0.075	77.0
-0.075	76.7
-0.075	76.6
-0.075	76.3
-0.075	76.2
-0.075	75.9
-0.075	75.7
-0.075	75.4
-0.075	75.2
-0.075	75.0
-0.076	74.6
-0.076	74.3
-0.076	74.0
-0.076	73.5
-0.076	73.1
-0.076	72.7
-0.076	72.2
-0.076	71.6
-0.076	70.8
-0.076	70.0
-0.076	69.2
-0.076	68.4
-0.076	67.5
-0.076	66.4
-0.076	65.2
-0.076	64.1
-0.076	62.9
-0.076	61.4
-0.076	60.0
-0.076	58.5
-0.076	56.9
-0.076	55.3
-0.076	53.6
-0.076	52.0
-0.076	50.1
-0.076	48.4
-0.076	46.5
-0.076	44.6
-0.076	42.9
-0.076	41.0
-0.076	39.2
-0.076	37.5
-0.076	35.6
-0.076	34.0
-0.076	32.3
-0.076	30.7
-0.077	29.0
-0.077	27.4
-0.077	26.1
-0.077	24.6
-0.077	23.3
-0.077	22.0
-0.077	20.8
-0.077	19.6
-0.077	18.7
-0.077	17.6
-0.077	16.8
-0.077	16.0
-0.077	15.2
-0.077	14.6
-0.077	14.2
-0.077	13.8
-0.077	13.4
-0.077	13.3
-0.077	13.3
-0.077	13.4
-0.077	13.6
-0.077	14.0
-0.077	14.5
-0.077	15.0
-0.077	15.7
-0.077	16.7
-0.077	17.7
-0.077	18.9
-0.077	20.3
-0.077	21.9
-0.077	23.5
-0.077	25.6
-0.077	27.6
-0.077	29.8
-0.077	32.4
-0.078	35.1
-0.078	37.9
-0.078	40.9
-0.078	44.1
-0.078	47.5
-0.078	51.0
-0.078	54.8
-0.078	58.7
-0.078	62.6
-0.078	66.9
-0.078	71.2
-0.078	75.6
-0.078	80.2
-0.078	84.8
-0.078	89.5
-0.078	94.1
-0.078	98.5
-0.078	98.8
-0.078	98.7
-0.078	98.7
-0.078	98.8
-0.078	98.7
-0.078	98.7
-0.078	98.8
-0.078	98.8
-0.078	98.7
-0.078	98.8
-0.078	98.8
-0.078	98.8
-0.078	98.8
-0.078	98.8
-0.078	98.8
-0.078	98.8
-0.078	98.7
-0.078	98.8
-0.078	98.8
-0.078	98.8
-0.078	98.8
-0.079	98.8
-0.079	98.7
-0.079	98.8
-0.079	98.7
-0.079	98.8
-0.079	98.8
-0.079	98.8
-0.079	98.7
-0.079	98.8
-0.079	98.8
-0.079	98.8
-0.079	98.7
-0.079	98.7
-0.079	98.8
-0.079	98.8
-0.079	98.8
-0.079	98.7
-0.079	98.8
-0.079	98.8
-0.079	98.7
-0.079	98.8
-0.079	98.8
-0.079	98.7
-0.079	98.8
-0.079	98.8
-0.079	98.7
-0.079	98.8
-0.079	98.8
-0.079	98.7
-0.079	98.7
-0.079	98.6
-0.079	98.8
-0.079	98.8
-0.079	98.8
-0.079	98.8
-0.079	98.8
-0.079	98.7
-0.079	98.8
-0.079	98.6
-0.079	98.8
-0.079	98.8
-0.079	98.8
-0.079	98.7
-0.080	98.7
-0.080	98.8
-0.080	98.7
-0.080	98.7
-0.080	98.8
-0.080	98.7
-0.080	98.8
-0.080	98.7
-0.080	98.8
-0.080	98.7
-0.080	98.7
-0.080	98.7
-0.080	98.7
-0.080	98.7
-0.080	98.7
-0.080	98.7
-0.080	98.7
-0.080	98.8
-0.080	98.8
-0.080	98.7
-0.080	98.7
-0.080	98.8
-0.080	98.7
-0.080	98.6
-0.080	98.7
-0.080	98.7
-0.080	98.8
-0.080	98.7
-0.080	98.7
-0.080	98.7
-0.080	98.7
-0.080	98.7
-0.080	98.7
-0.080	98.7
-0.080	98.7
-0.080	98.7
-0.080	98.7
-0.080	98.7
-0.080	98.7
-0.080	98.6
-0.080	98.7
-0.081	98.7
-0.081	98.7
-0.081	98.6
-0.081	98.7
-0.081	98.6
-0.081	98.7
-0.081	98.6
-0.081	98.7
-0.081	98.7
-0.081	98.7
-0.081	98.8
-0.081	98.6
-0.081	98.7
-0.081	98.6
-0.081	98.7
-0.081	98.7
-0.081	98.7
-0.081	98.6
-0.081	98.6
-0.081	98.7
-0.081	98.6
-0.081	98.6
-0.081	98.6
-0.081	98.7
-0.081	98.6
-0.081	98.7
-0.081	98.7
-0.081	98.6
-0.081	98.7
-0.081	98.7
-0.081	98.6
-0.081	98.6
-0.081	98.6
-0.081	98.6
-0.081	98.8
-0.081	98.7
-0.081	98.6
-0.081	98.6
-0.081	98.6
-0.082	98.6
-0.082	98.6
-0.082	98.6
-0.082	98.6
-0.082	98.6
-0.082	98.6
-0.082	98.6
-0.082	98.6
-0.082	98.6
-0.082	98.6
-0.082	98.6
-0.082	98.6
-0.082	98.5
-0.082	98.6
-0.082	98.6
-0.082	98.6
-0.082	98.7
-0.082	98.5
-0.082	98.6
-0.082	98.6
-0.082	98.6
-0.082	98.5
-0.082	98.6
-0.082	98.6
-0.082	98.9
-0.082	99.0
-0.082	99.0
-0.082	99.0
-0.082	99.0
-0.082	99.0
-0.082	98.9
-0.082	99.0
-0.082	98.9
-0.082	99.0
-0.082	98.9
-0.082	98.9
-0.082	98.9
-0.082	98.9
-0.082	98.9
-0.082	99.0
-0.082	99.0
-0.082	99.0
-0.082	99.0
-0.083	98.9
-0.083	98.9
-0.083	99.0
-0.083	99.0
-0.083	99.0
-0.083	99.0
-0.083	98.9
-0.083	99.0
-0.083	99.0
-0.083	99.0
-0.083	99.0
-0.083	98.9
-0.083	99.0
-0.083	99.0
-0.083	99.0
-0.083	99.0
-0.083	99.0
-0.083	98.9
-0.083	99.0
-0.083	99.0
-0.083	99.0
-0.083	98.9
-0.083	99.0
-0.083	99.0
-0.083	99.0
-0.083	99.0
-0.083	99.0
-0.083	98.9
-0.083	98.9
-0.083	99.1
-0.083	99.0
-0.083	99.0
-0.083	99.0
-0.083	99.0
-0.083	99.0
-0.083	98.9
-0.083	99.0
-0.083	98.9
-0.083	98.9
-0.083	98.9
-0.083	99.0
-0.083	99.0
-0.084	99.0
-0.084	98.9
-0.084	98.9
-0.084	98.9
-0.084	99.0
-0.084	98.9
-0.084	98.9
-0.084	99.0
-0.084	99.0
-0.084	99.0
-0.084	98.7
-0.084	98.6
-0.084	98.6
-0.084	98.5
-0.084	98.5
-0.084	98.5
-0.084	98.5
-0.084	98.6
-0.084	98.6
-0.084	98.6
-0.084	98.6
-0.084	98.7
-0.084	98.5
-0.084	98.7
-0.084	98.6
-0.084	98.6
-0.084	98.6
-0.084	98.6
-0.084	98.8
-0.084	98.6
-0.084	98.7
-0.084	98.6
-0.084	98.7
-0.084	98.7
-0.084	98.6
-0.084	98.7
-0.084	98.7
-0.084	98.7
-0.085	98.7
-0.085	98.7
-0.085	98.7
-0.085	98.7
-0.085	98.8
-0.085	98.7
-0.085	98.8
-0.085	98.7
-0.085	98.7
-0.085	98.7
-0.085	98.6
-0.085	98.7
-0.085	98.7
-0.085	98.6
-0.085	98.7
-0.085	98.8
-0.085	98.8
-0.085	98.8
-0.085	98.7
-0.085	98.7
-0.085	98.8
-0.085	98.7
-0.085	98.7
-0.085	98.7
-0.085	98.8
-0.085	98.6
-0.085	98.8
-0.085	98.8
-0.085	98.8
-0.085	98.7
-0.085	98.7
-0.085	98.7
-0.085	98.7
-0.085	98.8
-0.085	98.8
-0.085	98.7
-0.085	98.7
-0.085	98.7
-0.085	98.7
-0.085	98.8
-0.086	98.8
-0.086	98.7
-0.086	98.7
-0.086	98.8
-0.086	98.8
-0.086	98.8
-0.086	98.7
-0.086	98.8
-0.086	98.8
-0.086	98.7
-0.086	98.7
-0.086	98.7
-0.086	98.8
-0.086	98.7
-0.086	98.8
-0.086	98.8
-0.086	98.7
-0.086	98.8
-0.086	98.8
-0.086	98.8
-0.086	98.7
-0.086	98.8
-0.086	98.7
-0.086	98.8
-0.086	98.8
-0.086	98.8
-0.086	98.8
-0.086	98.8
-0.086	98.7
-0.086	98.8
-0.086	98.7
-0.086	98.7
-0.086	98.8
-0.086	98.7
-0.086	98.7
-0.086	98.7
-0.086	98.7
-0.086	98.8
-0.087	98.7
-0.087	98.7
-0.087	98.7
-0.087	98.8
-0.087	98.7
-0.087	98.7
-0.087	98.8
-0.087	98.8
-0.087	98.8
-0.087	98.8
-0.087	98.7
-0.087	98.8
-0.087	98.7
-0.087	98.8
-0.087	98.8
-0.087	98.7
-0.087	98.7
-0.087	98.8
-0.087	98.8
-0.087	98.8
-0.087	98.8
-0.087	98.8
-0.087	98.7
-0.087	98.1
-0.087	96.8
-0.087	94.5
-0.087	91.8
-0.087	88.6
-0.087	85.2
-0.087	81.5
-0.087	77.7
-0.087	73.9
-0.087	70.3
-0.087	66.5
-0.087	63.0
-0.088	59.5
-0.088	56.2
-0.088	52.8
-0.088	49.6
-0.088	46.7
-0.088	43.8
-0.088	41.3
-0.088	38.8
-0.088	36.4
-0.088	34.4
-0.088	32.4
-0.088	30.6
-0.088	28.8
-0.088	27.4
-0.088	26.1
-0.088	25.0
-0.088	23.9
-0.088	23.0
-0.088	22.3
-0.088	21.7
-0.088	21.3
-0.088	21.0
-0.088	20.9
-0.088	20.8
-0.088	21.0
-0.088	21.2
-0.088	21.5
-0.088	22.0
-0.088	22.6
-0.088	23.2
-0.088	24.0
-0.088	25.0
-0.088	25.8
-0.088	26.9
-0.088	27.9
-0.089	29.1
-0.089	30.4
-0.089	31.7
-0.089	33.1
-0.089	34.5
-0.089	35.9
-0.089	37.5
-0.089	39.1
-0.089	40.6
-0.089	42.3
-0.089	43.9
-0.089	45.7
-0.089	47.6
-0.089	49.3
-0.089	51.2
-0.089	53.1
-0.089	55.1
-0.089	57.0
-0.089	59.0
-0.089	60.9
-0.089	63.0
-0.089	64.9
-0.089	67.0
-0.089	69.1
-0.089	71.0
-0.089	73.0
-0.089	75.0
-0.089	77.1
-0.089	79.0
-0.089	81.0
-0.089	82.9
-0.089	84.9
-0.089	86.7
-0.089	88.7
-0.089	90.5
-0.089	92.3
-0.089	94.1
-0.090	95.8
-0.090	97.6
-0.090	98.7
-0.090	98.7
-0.090	98.8
-0.090	98.8
-0.090	98.8
-0.090	98.8
-0.090	98.8
-0.090	98.7
-0.090	98.7
-0.090	98.8
-0.090	98.8
-0.090	98.8
-0.090	98.8
-0.090	98.7
-0.090	98.7
-0.090	98.8
-0.090	98.7
-0.090	98.8
-0.090	98.8
-0.090	98.8
-0.090	98.8
-0.090	98.8
-0.090	98.8
-0.090	98.8
-0.090	98.8
-0.090	98.7
-0.090	98.8
-0.090	98.8
-0.090	98.7
-0.090	98.8
-0.090	98.8
-0.090	98.8
-0.091	98.8
-0.091	98.7
-0.091	98.8
-0.091	98.7
-0.091	98.8
-0.091	98.8
-0.091	98.7
-0.091	98.8
-0.091	98.8
-0.091	98.7
-0.091	98.8
-0.091	98.8
-0.091	98.8
-0.091	98.8
-0.091	98.7
-0.091	98.8
-0.091	98.8
-0.091	98.7
-0.091	98.8
-0.091	98.5
-0.091	98.2
-0.091	97.8
-0.091	97.0
-0.091	96.0
-0.091	94.9
-0.091	93.7
-0.091	92.3
-0.091	90.7
-0.091	89.3
-0.091	87.7
-0.091	86.0
-0.091	84.4
-0.092	82.6
-0.092	80.9
-0.092	79.0
-0.092	77.1
-0.092	75.3
-0.092	73.4
-0.092	71.5
-0.092	69.5
-0.092	67.7
-0.092	65.7
-0.092	63.8
-0.092	61.9
-0.092	60.1
-0.092	58.1
-0.092	56.3
-0.092	54.4
-0.092	52.5
-0.092	50.7
-0.092	48.9
-0.092	47.1
-0.092	45.4
-0.092	43.7
-0.092	41.9
-0.092	40.2
-0.092	38.6
-0.092	36.9
-0.092	35.4
-0.092	33.8
-0.092	32.3
-0.092	30.9
-0.092	29.4
-0.092	28.0
-0.093	26.7
-0.093	25.4
-0.093	24.1
-0.093	22.9
-0.093	21.8
-0.093	20.6
-0.093	19.5
-0.093	18.5
-0.093	17.5
-0.093	16.5
-0.093	15.6
-0.093	14.8
-0.093	14.1
-0.093	13.3
-0.093	12.6
-0.093	12.1
-0.093	11.4
-0.093	11.0
-0.093	10.5
-0.093	10.1
-0.093	9.7
-0.093	9.4
-0.093	9.1
-0.093	8.9
-0.093	8.7
-0.093	8.5
-0.093	8.4
-0.093	8.3
-0.093	8.3
-0.093	8.4
-0.093	8.5
-0.093	8.6
-0.094	8.7
-0.094	9.0
-0.094	9.1
-0.094	9.5
-0.094	9.8
-0.094	10.1
-0.094	10.4
-0.094	10.9
-0.094	11.2
-0.094	11.7
-0.094	12.1
-0.094	12.6
-0.094	13.2
-0.094	13.7
-0.094	14.3
-0.094	14.8
-0.094	15.5
-0.094	16.1
-0.094	16.8
-0.094	17.4
-0.094	18.0
-0.094	18.8
-0.094	19.3
-0.094	20.0
-0.094	20.7
-0.094	21.5
-0.094	22.2
-0.094	22.8
-0.094	23.5
-0.095	24.2
-0.095	25.0
-0.095	25.5
-0.095	26.3
-0.095	27.0
-0.095	27.5
-0.095	28.2
-0.095	28.8
-0.095	29.4
-0.095	30.1
-0.095	30.6
-0.095	31.3
-0.095	31.7
-0.095	32.4
-0.095	32.9
-0.095	33.5
-0.095	34.0
-0.095	34.5
-0.095	34.9
-0.095	35.4
-0.095	35.9
-0.095	36.2
-0.095	36.6
-0.095	37.0
-0.095	37.4
-0.095	37.7
-0.095	38.0
-0.095	38.2
-0.095	38.5
-0.095	38.7
-0.096	39.1
-0.096	39.2
-0.096	39.3
-0.096	39.5
-0.096	39.6
-0.096	39.6
-0.096	39.7
-0.096	39.7
-0.096	39.8
-0.096	39.8
-0.096	39.7
-0.096	39.6
-0.096	39.6
-0.096	39.6
-0.096	39.5
-0.096	39.3
-0.096	39.2
-0.096	39.1
-0.096	38.8
-0.096	38.5
-0.096	38.3
-0.096	38.0
-0.096	37.7
-0.096	37.4
-0.096	37.1
-0.096	36.6
-0.096	36.3
-0.096	35.9
-0.096	35.5
-0.096	35.1
-0.096	34.6
-0.096	34.1
-0.096	33.7
-0.097	33.2
-0.097	32.8
-0.097	32.1
-0.097	31.7
-0.097	31.2
-0.097	30.6
-0.097	30.1
-0.097	29.5
-0.097	28.9
-0.097	28.4
-0.097	27.8
-0.097	27.1
-0.097	26.6
-0.097	26.0
-0.097	25.4
-0.097	24.7
-0.097	24.1
-0.097	23.5
-0.097	22.9
-0.097	22.3
-0.097	21.7
-0.097	21.1
-0.097	20.5
-0.097	19.9
-0.097	19.3
-0.097	18.8
-0.097	18.2
-0.097	17.6
-0.097	17.2
-0.097	16.5
-0.097	16.0
-0.097	15.3
-0.097	14.9
-0.098	14.4
-0.098	14.1
-0.098	13.4
-0.098	13.0
-0.098	12.5
-0.098	12.0
-0.098	11.5
-0.098	11.1
-0.098	10.7
-0.098	10.3
-0.098	9.9
-0.098	9.5
-0.098	9.1
-0.098	8.7
-0.098	8.4
-0.098	8.0
-0.098	7.8
-0.098	7.4
-0.098	7.0
-0.098	6.7
-0.098	6.5
-0.098	6.3
-0.098	6.0
-0.098	5.8
-0.098	5.6
-0.098	5.3
-0.098	5.1
-0.098	4.9
-0.098	4.7
-0.098	4.7
-0.098	4.4
-0.098	4.3
-0.098	4.1
-0.099	4.0
-0.099	3.9
-0.099	3.9
-0.099	3.7
-0.099	3.7
-0.099	3.6
-0.099	3.6
-0.099	3.6
-0.099	3.6
-0.099	3.6
-0.099	3.6
-0.099	3.8
-0.099	3.8
-0.099	3.9
-0.099	3.9
-0.099	4.0
-0.099	4.2
-0.099	4.3
-0.099	4.4
-0.099	4.7
-0.099	4.7
-0.099	5.0
-0.099	5.1
-0.099	5.4
-0.099	5.6
-0.099	5.8
-0.099	6.0
-0.099	6.3
-0.099	6.3
-0.099	6.6
-0.099	6.9
-0.099	7.1
-0.099	7.4
-0.099	7.8
-0.099	7.9
-0.099	8.3
-0.099	8.5
-0.100	8.8
-0.100	9.1
-0.100	9.4
-0.100	9.6
-0.100	9.9
-0.100	10.2
-0.100	10.4
-0.100	10.6
-0.100	11.0
-0.100	11.2
-0.100	11.4
-0.100	11.8
-0.100	12.0
-0.100	12.2
-0.100	12.4
-0.100	12.6
-0.100	12.9
-0.100	13.2
-0.100	13.4
-0.100	13.6
-0.100	13.8
-0.100	14.1
-0.100	14.2
-0.100	14.5
-0.100	14.6
-0.100	14.7
-0.100	14.9
-0.100	15.2
-0.100	15.3
-0.100	15.5
-0.100	15.7
-0.100	15.8
-0.100	16.1
-0.100	16.1
-0.100	16.3
-0.100	16.4
-0.101	16.6
-0.101	16.8
-0.101	16.9
-0.101	17.1
-0.101	17.2
-0.101	17.3
-0.101	17.4
-0.101	17.6
-0.101	17.7
-0.101	17.8
-0.101	17.9
-0.101	18.0
-0.101	18.1
-0.101	18.2
-0.101	18.3
-0.101	18.4
-0.101	18.5
-0.101	18.5
-0.101	18.7
-0.101	18.8
-0.101	18.8
-0.101	18.8
-0.101	18.9
-0.101	19.0
-0.101	19.1
-0.101	19.2
-0.101	19.3
-0.101	19.4
-0.101	19.4
-0.101	19.5
-0.101	19.6
-0.101	19.6
-0.101	19.8
-0.101	19.9
-0.101	19.9
-0.101	19.9
-0.102	20.0
-0.102	20.0
-0.102	20.0
-0.102	20.1
-0.102	20.2
-0.102	20.2
-0.102	20.3
-0.102	20.2
-0.102	20.3
-0.102	20.1
-0.102	20.1
-0.102	20.0
-0.102	20.0
-0.102	19.9
-0.102	19.9
-0.102	19.8
-0.102	19.7
-0.102	19.6
-0.102	19.4
-0.102	19.3
-0.102	19.1
-0.102	18.9
-0.102	18.8
-0.102	18.7
-0.102	18.4
-0.102	18.1
-0.102	17.9
-0.102	17.7
-0.102	17.4
-0.102	17.2
-0.102	16.8
-0.102	16.5
-0.102	16.1
-0.102	15.7
-0.102	15.4
-0.102	15.2
-0.102	14.8
-0.103	14.5
-0.103	14.1
-0.103	13.8
-0.103	13.3
-0.103	13.0
-0.103	12.6
-0.103	12.2
-0.103	11.8
-0.103	11.4
-0.103	11.1
-0.103	10.9
-0.103	10.5
-0.103	10.1
-0.103	9.8
-0.103	9.4
-0.103	9.1
-0.103	8.7
-0.103	8.4
-0.103	8.1
-0.103	7.8
-0.103	7.4
-0.103	7.1
-0.103	6.8
-0.103	6.6
-0.103	6.3
-0.103	6.1
-0.103	5.9
-0.103	5.6
-0.103	5.4
-0.103	5.2
-0.103	4.9
-0.103	4.7
-0.103	4.6
-0.103	4.4
-0.103	4.2
-0.104	4.0
-0.104	3.8
-0.104	3.7
-0.104	3.6
-0.104	3.5
-0.104	3.4
-0.104	3.3
-0.104	3.2
-0.104	3.2
-0.104	3.1
-0.104	3.1
-0.104	3.0
-0.104	3.0
-0.104	3.0
-0.104	3.0
-0.104	3.0
-0.104	3.0
-0.104	3.0
-0.104	3.1
-0.104	3.1
-0.104	3.2
-0.104	3.2
-0.104	3.3
-0.104	3.4
-0.104	3.5
-0.104	3.5
-0.104	3.6
-0.104	3.8
-0.104	3.8
-0.104	3.9
-0.104	4.0
-0.104	4.1
-0.104	4.2
-0.105	4.3
-0.105	4.4
-0.105	4.5
-0.105	4.7
-0.105	4.7
-0.105	4.8
-0.105	4.8
-0.105	4.9
-0.105	5.1
-0.105	5.1
-0.105	5.2
-0.105	5.3
-0.105	5.4
-0.105	5.5
-0.105	5.6
-0.105	5.6
-0.105	5.8
-0.105	5.9
-0.105	6.0
-0.105	6.0
-0.105	6.2
-0.105	6.2
-0.105	6.3
-0.105	6.3
-0.105	6.4
-0.105	6.6
-0.105	6.6
-0.105	6.8
-0.105	6.9
-0.105	7.0
-0.105	7.1
-0.105	7.3
-0.105	7.5
-0.105	7.7
-0.105	7.8
-0.106	7.9
-0.106	8.2
-0.106	8.3
-0.106	8.5
-0.106	8.7
-0.106	9.0
-0.106	9.1
-0.106	9.4
-0.106	9.6
-0.106	9.9
-0.106	10.1
-0.106	10.4
-0.106	10.5
-0.106	10.9
-0.106	11.1
-0.106	11.4
-0.106	11.6
-0.106	11.9
-0.106	12.2
-0.106	12.5
-0.106	12.7
-0.106	12.9
-0.106	13.2
-0.106	13.4
-0.106	13.6
-0.106	13.8
-0.106	14.0
-0.106	14.1
-0.106	14.1
-0.106	14.2
-0.106	14.2
-0.106	14.3
-0.106	14.3
-0.106	14.2
-0.106	14.2
-0.106	14.1
-0.107	14.1
-0.107	13.9
-0.107	13.8
-0.107	13.7
-0.107	13.6
-0.107	13.4
-0.107	13.2
-0.107	13.1
-0.107	12.9
-0.107	12.8
-0.107	12.6
-0.107	12.5
-0.107	12.3
-0.107	12.1
-0.107	11.9
-0.107	11.7
-0.107	11.6
-0.107	11.4
-0.107	11.3
-0.107	11.2
-0.107	11.0
-0.107	10.9
-0.107	10.6
-0.107	10.5
-0.107	10.5
-0.107	10.3
-0.107	10.2
-0.107	10.1
-0.107	9.9
-0.107	9.9
-0.107	9.7
-0.107	9.5
-0.107	9.5
-0.107	9.4
-0.107	9.2
-0.108	9.1
-0.108	9.0
-0.108	8.8
-0.108	8.7
-0.108	8.5
-0.108	8.5
-0.108	8.3
-0.108	8.2
-0.108	8.1
-0.108	7.9
-0.108	7.8
-0.108	7.8
-0.108	7.5
-0.108	7.4
-0.108	7.3
-0.108	7.1
-0.108	7.0
-0.108	6.9
-0.108	6.7
-0.108	6.6
-0.108	6.4
-0.108	6.3
-0.108	6.3
-0.108	6.0
-0.108	6.0
-0.108	5.8
-0.108	5.6
-0.108	5.5
-0.108	5.2
-0.108	5.2
-0.108	5.1
-0.108	4.9
-0.108	4.8
-0.108	4.7
-0.108	4.4
-0.108	4.3
-0.108	4.2
-0.108	4.0
-0.109	4.0
-0.109	3.9
-0.109	3.7
-0.109	3.7
-0.109	3.5
-0.109	3.5
-0.109	3.4
-0.109	3.2
-0.109	3.2
-0.109	3.1
-0.109	3.1
-0.109	3.0
-0.109	2.9
-0.109	2.8
-0.109	2.8
-0.109	2.7
-0.109	2.7
-0.109	2.6
-0.109	2.5
-0.109	2.5
-0.109	2.4
-0.109	2.4
-0.109	2.4
-0.109	2.3
-0.109	2.3
-0.109	2.3
-0.109	2.2
-0.109	2.3
-0.109	2.2
-0.109	2.2
-0.109	2.2
-0.109	2.2
-0.109	2.2
-0.109	2.2
-0.109	2.2
-0.109	2.3
-0.109	2.2
-0.109	2.3
-0.109	2.2
-0.109	2.3
-0.109	2.3
-0.109	2.3
-0.109	2.4
-0.109	2.4
-0.110	2.4
-0.110	2.4
-0.110	2.4
-0.110	2.4
-0.110	2.5
-0.110	2.6
-0.110	2.6
-0.110	2.7
-0.110	2.7
-0.110	2.7
-0.110	2.7
-0.110	2.8
-0.110	2.8
-0.110	2.8
-0.110	2.9
-0.110	2.9
-0.110	3.0
-0.110	3.0
-0.110	3.1
-0.110	3.1
-0.110	3.2
-0.110	3.2
-0.110	3.2
-0.110	3.3
-0.110	3.4
-0.110	3.5
-0.110	3.5
-0.110	3.5
-0.110	3.6
-0.110	3.6
-0.110	3.8
-0.110	3.9
-0.110	3.9
-0.110	4.0
-0.110	4.1
-0.110	4.2
-0.110	4.3
-0.110	4.4
-0.110	4.5
-0.110	4.7
-0.110	4.7
-0.110	4.8
-0.110	5.0
-0.110	5.1
-0.111	5.2
-0.111	5.4
-0.111	5.6
-0.111	5.7
-0.111	5.9
-0.111	6.0
-0.111	6.2
-0.111	6.3
-0.111	6.3
-0.111	6.6
-0.111	6.7
-0.111	6.9
-0.111	7.0
-0.111	7.1
-0.111	7.4
-0.111	7.5
-0.111	7.6
-0.111	7.8
-0.111	7.9
-0.111	8.1
-0.111	8.2
-0.111	8.3
-0.111	8.3
-0.111	8.5
-0.111	8.6
-0.111	8.7
-0.111	8.8
-0.111	8.9
-0.111	9.0
-0.111	9.0
-0.111	9.0
-0.111	9.1
-0.111	9.1
-0.111	9.1
-0.111	9.2
-0.111	9.2
-0.111	9.1
-0.111	9.2
-0.111	9.1
-0.111	9.1
-0.111	9.1
-0.111	9.1
-0.111	9.1
-0.111	9.1
-0.111	9.0
-0.111	9.0
-0.111	9.0
-0.111	9.0
-0.111	8.9
-0.111	8.9
-0.112	8.9
-0.112	8.8
-0.112	8.8
-0.112	8.8
-0.112	8.7
-0.112	8.7
-0.112	8.7
-0.112	8.7
-0.112	8.7
-0.112	8.7
-0.112	8.7
-0.112	8.7
-0.112	8.7
-0.112	8.8
-0.112	8.8
-0.112	8.9
-0.112	8.9
-0.112	9.0
-0.112	8.9
-0.112	9.0
-0.112	9.0
-0.112	9.1
-0.112	9.1
-0.112	9.1
-0.112	9.1
-0.112	9.2
-0.112	9.3
-0.112	9.3
-0.112	9.4
-0.112	9.4
-0.112	9.5
-0.112	9.5
-0.112	9.5
-0.112	9.5
-0.112	9.6
-0.112	9.6
-0.112	9.7
-0.112	9.7
-0.112	9.8
-0.112	9.7
-0.112	9.7
-0.112	9.7
-0.112	9.7
-0.112	9.7
-0.112	9.7
-0.112	9.6
-0.112	9.6
-0.112	9.5
-0.112	9.5
-0.112	9.5
-0.112	9.4
-0.112	9.3
-0.112	9.2
-0.112	9.1
-0.112	9.1
-0.113	9.0
-0.113	8.9
-0.113	8.7
-0.113	8.6
-0.113	8.5
-0.113	8.3
-0.113	8.3
-0.113	8.2
-0.113	8.0
-0.113	7.9
-0.113	7.8
-0.113	7.6
-0.113	7.5
-0.113	7.4
-0.113	7.3
-0.113	7.1
-0.113	7.0
-0.113	6.8
-0.113	6.7
-0.113	6.6
-0.113	6.5
-0.113	6.4
-0.113	6.3
-0.113	6.3
-0.113	6.2
-0.113	6.0
-0.113	6.0
-0.113	5.9
-0.113	5.8
-0.113	5.7
-0.113	5.6
-0.113	5.5
-0.113	5.5
-0.113	5.4
-0.113	5.2
-0.113	5.1
-0.113	5.2
-0.113	5.1
-0.113	5.1
-0.113	5.0
-0.113	4.9
-0.113	4.8
-0.113	4.8
-0.113	4.7
-0.113	4.7
-0.113	4.7
-0.113	4.5
-0.113	4.4
-0.113	4.4
-0.113	4.3
-0.113	4.3
-0.113	4.3
-0.113	4.2
-0.114	4.2
-0.114	4.0
-0.114	4.0
-0.114	4.0
-0.114	3.9
-0.114	3.8
-0.114	3.8
-0.114	3.8
-0.114	3.6
-0.114	3.6
-0.114	3.6
-0.114	3.5
-0.114	3.5
-0.114	3.4
-0.114	3.2
-0.114	3.2
-0.114	3.2
-0.114	3.1
-0.114	3.1
-0.114	2.9
-0.114	2.9
-0.114	2.8
-0.114	2.7
-0.114	2.7
-0.114	2.7
-0.114	2.5
-0.114	2.4
-0.114	2.4
-0.114	2.3
-0.114	2.3
-0.114	2.2
-0.114	2.1
-0.114	2.1
-0.114	2.1
-0.114	2.1
-0.114	2.1
-0.114	2.0
-0.114	2.0
-0.114	1.9
-0.114	1.9
-0.114	1.8
-0.114	1.8
-0.114	1.8
-0.114	1.8
-0.114	1.7
-0.114	1.7
-0.114	1.7
-0.114	1.6
-0.115	1.7
-0.115	1.7
-0.115	1.7
-0.115	1.7
-0.115	1.7
-0.115	1.6
-0.115	1.7
-0.115	1.7
-0.115	1.7
-0.115	1.7
-0.115	1.7
-0.115	1.7
-0.115	1.7
-0.115	1.7
-0.115	1.7
-0.115	1.8
-0.115	1.8
-0.115	1.7
-0.115	1.8
-0.115	1.9
-0.115	1.9
-0.115	1.9
-0.115	2.0
-0.115	2.0
-0.115	2.0
-0.115	2.0
-0.115	2.0
-0.115	2.0
-0.115	2.1
-0.115	2.1
-0.115	2.1
-0.115	2.1
-0.115	2.1
-0.115	2.1
-0.115	2.2
-0.115	2.2
-0.115	2.2
-0.115	2.3
-0.115	2.3
-0.115	2.4
-0.115	2.4
-0.115	2.5
-0.115	2.5
-0.116	2.6
-0.116	2.7
-0.116	2.7
-0.116	2.8
-0.116	2.8
-0.116	2.9
-0.116	3.0
-0.116	3.1
-0.116	3.2
-0.116	3.2
-0.116	3.3
-0.116	3.4
-0.116	3.6
-0.116	3.6
-0.116	3.7
-0.116	3.8
-0.116	3.9
-0.116	4.0
-0.116	4.0
-0.116	4.2
-0.116	4.3
-0.116	4.4
-0.116	4.4
-0.116	4.4
-0.116	4.5
-0.116	4.7
-0.116	4.7
-0.116	4.7
-0.116	4.8
-0.116	4.8
-0.116	4.8
-0.116	4.9
-0.116	5.0
-0.116	5.1
-0.116	5.1
-0.116	5.1
-0.116	5.2
-0.116	5.2
-0.116	5.2
-0.117	5.3
-0.117	5.4
-0.117	5.4
-0.117	5.4
-0.117	5.6
-0.117	5.6
-0.117	5.7
-0.117	5.8
-0.117	5.9
-0.117	5.9
-0.117	6.0
-0.117	6.0
-0.117	6.1
-0.117	6.2
-0.117	6.3
-0.117	6.3
-0.117	6.3
-0.117	6.3
-0.117	6.4
-0.117	6.4
-0.117	6.5
-0.117	6.6
-0.117	6.6
-0.117	6.6
-0.117	6.7
-0.117	6.6
-0.117	6.6
-0.117	6.6
-0.117	6.6
-0.117	6.6
-0.117	6.6
-0.117	6.6
-0.117	6.5
-0.117	6.4
-0.117	6.3
-0.117	6.3
-0.117	6.3
-0.117	6.3
-0.118	6.3
-0.118	6.2
-0.118	6.2
-0.118	6.1
-0.118	6.0
-0.118	6.0
-0.118	6.0
-0.118	6.0
-0.118	5.9
-0.118	5.9
-0.118	5.9
-0.118	5.9
-0.118	5.9
-0.118	5.9
-0.118	5.9
-0.118	5.9
-0.118	5.8
-0.118	5.9
-0.118	5.9
-0.118	5.9
-0.118	5.9
-0.118	5.9
-0.118	5.8
-0.118	5.9
-0.118	5.8
-0.118	5.7
-0.118	5.6
-0.118	5.6
-0.118	5.5
-0.118	5.5
-0.118	5.4
-0.118	5.4
-0.118	5.2
-0.118	5.2
-0.118	5.1
-0.118	5.0
-0.118	4.9
-0.119	4.8
-0.119	4.7
-0.119	4.7
-0.119	4.4
-0.119	4.4
-0.119	4.3
-0.119	4.2
-0.119	4.1
-0.119	4.0
-0.119	3.9
-0.119	3.9
-0.119	3.8
-0.119	3.6
-0.119	3.6
-0.119	3.5
-0.119	3.5
-0.119	3.3
-0.119	3.3
-0.119	3.2
-0.119	3.2
-0.119	3.1
-0.119	3.1
-0.119	3.0
-0.119	3.0
-0.119	2.9
-0.119	2.8
-0.119	2.8
-0.119	2.7
-0.119	2.7
-0.119	2.6
-0.119	2.5
-0.119	2.4
-0.119	2.4
-0.119	2.4
-0.119	2.3
-0.119	2.2
-0.120	2.2
-0.120	2.1
-0.120	2.1
-0.120	2.1
-0.120	2.1
-0.120	2.0
-0.120	1.9
-0.120	1.9
-0.120	1.9
-0.120	1.8
-0.120	1.7
-0.120	1.7
-0.120	1.7
-0.120	1.7
-0.120	1.7
-0.120	1.7
-0.120	1.7
-0.120	1.6
-0.120	1.6
-0.120	1.6
-0.120	1.6
-0.120	1.6
-0.120	1.6
-0.120	1.6
-0.120	1.6
-0.120	1.6
-0.120	1.6
-0.120	1.6
-0.120	1.6
-0.120	1.6
-0.120	1.7
-0.120	1.6
-0.120	1.6
-0.121	1.7
-0.121	1.6
-0.121	1.7
-0.121	1.7
-0.121	1.7
-0.121	1.7
-0.121	1.7
-0.121	1.7
-0.121	1.8
-0.121	1.8
-0.121	1.9
-0.121	1.9
-0.121	2.0
-0.121	2.0
-0.121	2.0
-0.121	2.1
-0.121	2.1
-0.121	2.1
-0.121	2.1
-0.121	2.2
-0.121	2.2
-0.121	2.3
-0.121	2.3
-0.121	2.4
-0.121	2.4
-0.121	2.4
-0.121	2.5
-0.121	2.6
-0.121	2.7
-0.121	2.7
-0.121	2.7
-0.121	2.8
-0.121	2.8
-0.122	2.8
-0.122	2.9
-0.122	3.0
-0.122	3.0
-0.122	3.1
-0.122	3.1
-0.122	3.2
-0.122	3.2
-0.122	3.3
-0.122	3.3
-0.122	3.5
-0.122	3.5
-0.122	3.5
-0.122	3.6
-0.122	3.6
-0.122	3.8
-0.122	3.8
-0.122	3.9
-0.122	3.9
-0.122	4.0
-0.122	4.0
-0.122	4.1
-0.122	4.1
-0.122	4.2
-0.122	4.3
-0.122	4.3
-0.122	4.3
-0.122	4.3
-0.122	4.3
-0.122	4.3
-0.122	4.3
-0.122	4.3
-0.122	4.3
-0.122	4.3
-0.123	4.4
-0.123	4.4
-0.123	4.4
-0.123	4.4
-0.123	4.4
-0.123	4.4
-0.123	4.4
-0.123	4.4
-0.123	4.5
-0.123	4.5
-0.123	4.6
-0.123	4.7
-0.123	4.7
-0.123	4.7
-0.123	4.7
-0.123	4.7
-0.123	4.7
-0.123	4.7
-0.123	4.7
-0.123	4.7
-0.123	4.7
-0.123	4.7
-0.123	4.7
-0.123	4.7
-0.123	4.5
-0.123	4.5
-0.123	4.4
-0.123	4.4
-0.123	4.3
-0.123	4.3
-0.123	4.3
-0.123	4.2
-0.123	4.1
-0.124	4.0
-0.124	4.0
-0.124	3.9
-0.124	3.9
-0.124	3.8
-0.124	3.9
-0.124	3.8
-0.124	3.8
-0.124	3.7
-0.124	3.7
-0.124	3.7
-0.124	3.6
-0.124	3.6
-0.124	3.6
-0.124	3.6
-0.124	3.6
-0.124	3.5
-0.124	3.5
-0.124	3.4
-0.124	3.4
-0.124	3.4
-0.124	3.2
-0.124	3.2
-0.124	3.2
-0.124	3.1
-0.124	3.1
-0.124	3.0
-0.124	2.9
-0.124	2.8
-0.124	2.8
-0.124	2.8
-0.124	2.7
-0.124	2.7
-0.124	2.6
-0.124	2.6
-0.125	2.5
-0.125	2.4
-0.125	2.4
-0.125	2.3
-0.125	2.3
-0.125	2.3
-0.125	2.2
-0.125	2.1
-0.125	2.1
-0.125	2.1
-0.125	2.1
-0.125	2.1
-0.125	2.0
-0.125	2.0
-0.125	2.0
-0.125	1.9
-0.125	1.9
-0.125	1.8
-0.125	1.8
-0.125	1.7
-0.125	1.7
-0.125	1.6
-0.125	1.6
-0.125	1.6
-0.125	1.6
-0.125	1.6
-0.125	1.5
-0.125	1.4
-0.125	1.4
-0.125	1.4
-0.125	1.4
-0.125	1.3
-0.125	1.3
-0.125	1.3
-0.125	1.3
-0.126	1.3
-0.126	1.3
-0.126	1.3
-0.126	1.3
-0.126	1.3
-0.126	1.3
-0.126	1.3
-0.126	1.3
-0.126	1.2
-0.126	1.2
-0.126	1.2
-0.126	1.2
-0.126	1.2
-0.126	1.2
-0.126	1.2
-0.126	1.2
-0.126	1.2
-0.126	1.2
-0.126	1.2
-0.126	1.2
-0.126	1.2
-0.126	1.2
-0.126	1.2
-0.126	1.3
-0.126	1.2
-0.126	1.3
-0.126	1.3
-0.126	1.3
-0.126	1.3
-0.126	1.3
-0.126	1.3
-0.126	1.3
-0.126	1.3
-0.126	1.4
-0.126	1.6
-0.126	1.6
-0.126	1.6
-0.127	1.6
-0.127	1.6
-0.127	1.6
-0.127	1.6
-0.127	1.6
-0.127	1.6
-0.127	1.6
-0.127	1.7
-0.127	1.7
-0.127	1.7
-0.127	1.7
-0.127	1.8
-0.127	1.8
-0.127	1.8
-0.127	1.8
-0.127	1.9
-0.127	2.0
-0.127	2.0
-0.127	2.0
-0.127	2.0
-0.127	2.0
-0.127	2.0
-0.127	2.1
-0.127	2.1
-0.127	2.1
-0.127	2.1
-0.127	2.1
-0.127	2.2
-0.127	2.2
-0.127	2.2
-0.127	2.2
-0.127	2.2
-0.127	2.2
-0.127	2.2
-0.127	2.3
-0.127	2.3
-0.127	2.3
-0.127	2.3
-0.128	2.3
-0.128	2.3
-0.128	2.3
-0.128	2.3
-0.128	2.3
-0.128	2.3
-0.128	2.3
-0.128	2.4
-0.128	2.4
-0.128	2.4
-0.128	2.4
-0.128	2.4
-0.128	2.4
-0.128	2.4
-0.128	2.4
-0.128	2.4
-0.128	2.4
-0.128	2.5
-0.128	2.5
-0.128	2.5
-0.128	2.5
-0.128	2.6
-0.128	2.6
-0.128	2.6
-0.128	2.5
-0.128	2.6
-0.128	2.6
-0.128	2.5
-0.128	2.6
-0.128	2.5
-0.128	2.6
-0.128	2.5
-0.128	2.5
-0.128	2.5
-0.128	2.5
-0.128	2.5
-0.128	2.5
-0.128	2.5
-0.128	2.5
-0.128	2.4
-0.128	2.4
-0.129	2.4
-0.129	2.4
-0.129	2.4
-0.129	2.4
-0.129	2.4
-0.129	2.4
-0.129	2.5
-0.129	2.4
-0.129	2.4
-0.129	2.4
-0.129	2.4
-0.129	2.4
-0.129	2.4
-0.129	2.4
-0.129	2.4
-0.129	2.4
-0.129	2.4
-0.129	2.4
-0.129	2.4
-0.129	2.4
-0.129	2.4
-0.129	2.3
-0.129	2.3
-0.129	2.2
-0.129	2.2
-0.129	2.2
-0.129	2.2
-0.129	2.2
-0.129	2.1
-0.129	2.1
-0.129	2.1
-0.129	2.1
-0.129	2.1
-0.129	2.1
-0.129	2.0
-0.129	2.1
-0.129	2.1
-0.129	2.0
-0.129	2.0
-0.130	2.0
-0.130	1.9
-0.130	2.0
-0.130	2.0
-0.130	1.8
-0.130	1.8
-0.130	1.9
-0.130	1.8
-0.130	1.8
-0.130	1.8
-0.130	1.8
-0.130	1.7
-0.130	1.7
-0.130	1.7
-0.130	1.7
-0.130	1.6
-0.130	1.6
-0.130	1.6
-0.130	1.6
-0.130	1.6
-0.130	1.6
-0.130	1.6
-0.130	1.4
-0.130	1.4
-0.130	1.4
-0.130	1.4
-0.130	1.4
-0.130	1.3
-0.130	1.3
-0.130	1.3
-0.130	1.3
-0.130	1.2
-0.130	1.2
-0.130	1.2
-0.130	1.2
-0.131	1.2
-0.131	1.2
-0.131	1.2
-0.131	1.1
-0.131	1.1
-0.131	1.0
-0.131	1.1
-0.131	1.0
-0.131	1.0
-0.131	1.0
-0.131	1.0
-0.131	1.0
-0.131	0.9
-0.131	0.9
-0.131	0.9
-0.131	0.9
-0.131	0.9
-0.131	0.9
-0.131	0.9
-0.131	0.9
-0.131	0.9
-0.131	0.9
-0.131	0.9
-0.131	0.9
-0.131	0.9
-0.131	0.9
-0.131	0.9
-0.131	0.9
-0.131	0.9
-0.131	0.9
-0.131	0.9
-0.131	0.9
-0.131	0.9
-0.132	0.9
-0.132	0.9
-0.132	0.9
-0.132	0.9
-0.132	0.9
-0.132	0.9
-0.132	0.9
-0.132	0.9
-0.132	1.0
-0.132	1.0
-0.132	1.0
-0.132	1.0
-0.132	1.0
-0.132	1.0
-0.132	0.9
-0.132	1.0
-0.132	1.0
-0.132	1.0
-0.132	1.1
-0.132	1.1
-0.132	1.1
-0.132	1.2
-0.132	1.1
-0.132	1.2
-0.132	1.2
-0.132	1.2
-0.132	1.2
-0.132	1.2
-0.132	1.2
-0.132	1.2
-0.132	1.2
-0.132	1.3
-0.132	1.2
-0.133	1.3
-0.133	1.3
-0.133	1.3
-0.133	1.3
-0.133	1.3
-0.133	1.3
-0.133	1.3
-0.133	1.4
-0.133	1.4
-0.133	1.4
-0.133	1.4
-0.133	1.5
-0.133	1.4
-0.133	1.6
-0.133	1.6
-0.133	1.6
-0.133	1.6
-0.133	1.6
-0.133	1.6
-0.133	1.6
-0.133	1.6
-0.133	1.6
-0.133	1.6
-0.133	1.6
-0.133	1.6
-0.133	1.6
-0.133	1.6
-0.133	1.6
-0.133	1.6
-0.133	1.6
-0.133	1.6
-0.133	1.6
-0.133	1.6
-0.133	1.6
-0.133	1.6
-0.133	1.6
-0.134	1.6
-0.134	1.6
-0.134	1.6
-0.134	1.6
-0.134	1.6
-0.134	1.6
-0.134	1.6
-0.134	1.6
-0.134	1.6
-0.134	1.6
-0.134	1.6
-0.134	1.6
-0.134	1.6
-0.134	1.6
-0.134	1.6
-0.134	1.6
-0.134	1.6
-0.134	1.6
-0.134	1.6
-0.134	1.6
-0.134	1.6
-0.134	1.6
-0.134	1.6
-0.134	1.4
-0.134	1.6
-0.134	1.6
-0.134	1.4
-0.134	1.3
-0.134	1.3
-0.134	1.4
-0.134	1.3
-0.134	1.3
-0.134	1.3
-0.134	1.3
-0.134	1.3
-0.135	1.3
-0.135	1.2
-0.135	1.3
-0.135	1.3
-0.135	1.3
-0.135	1.3
-0.135	1.3
-0.135	1.2
-0.135	1.2
-0.135	1.2
-0.135	1.2
-0.135	1.2
-0.135	1.2
-0.135	1.2
-0.135	1.2
-0.135	1.2
-0.135	1.2
-0.135	1.2
-0.135	1.2
-0.135	1.2
-0.135	1.1
-0.135	1.1
-0.135	1.1
-0.135	1.1
-0.135	1.0
-0.135	1.0
-0.135	1.0
-0.135	0.9
-0.135	1.0
-0.135	0.9
-0.135	0.9
-0.135	0.9
-0.135	0.9
-0.135	0.9
-0.135	0.9
-0.135	0.9
-0.135	0.9
-0.136	0.9
-0.136	0.9
-0.136	0.9
-0.136	0.9
-0.136	0.8
-0.136	0.9
-0.136	0.9
-0.136	0.9
-0.136	0.9
-0.136	0.8
-0.136	0.9
-0.136	0.8
-0.136	0.8
-0.136	0.8
-0.136	0.8
-0.136	0.8
-0.136	0.8
-0.136	0.8
-0.136	0.8
-0.136	0.8
-0.136	0.8
-0.136	0.8
-0.136	0.8
-0.136	0.8
-0.136	0.8
-0.136	0.8
-0.136	0.7
-0.136	0.8
-0.136	0.7
-0.136	0.7
-0.136	0.8
-0.136	0.8
-0.136	0.8
-0.136	0.8
-0.136	0.8
-0.136	0.8
-0.136	0.8
-0.136	0.8
-0.136	0.8
-0.137	0.8
-0.137	0.8
-0.137	0.8
-0.137	0.8
-0.137	0.8
-0.137	0.8
-0.137	0.9
-0.137	0.8
-0.137	0.8
-0.137	0.9
-0.137	0.9
-0.137	0.9
-0.137	0.8
-0.137	0.9
-0.137	0.9
-0.137	0.9
-0.137	0.9
-0.137	0.9
-0.137	0.8
-0.137	0.9
-0.137	0.8
-0.137	0.9
-0.137	0.9
-0.137	0.9
-0.137	0.9
-0.137	0.9
-0.137	0.9
-0.137	0.9
-0.137	0.9
-0.137	1.0
-0.137	1.0
-0.137	1.1
-0.137	1.0
-0.137	0.9
-0.137	1.0
-0.137	1.0
-0.138	1.0
-0.138	1.1
-0.138	1.1
-0.138	1.1
-0.138	1.1
-0.138	1.1
-0.138	1.2
-0.138	1.2
-0.138	1.2
-0.138	1.2
-0.138	1.2
-0.138	1.2
-0.138	1.2
-0.138	1.2
-0.138	1.2
-0.138	1.2
-0.138	1.2
-0.138	1.2
-0.138	1.2
-0.138	1.2
-0.138	1.2
-0.138	1.2
-0.138	1.2
-0.138	1.3
-0.138	1.2
-0.138	1.3
-0.138	1.3
-0.138	1.3
-0.138	1.3
-0.138	1.3
-0.138	1.3
-0.138	1.3
-0.138	1.3
-0.138	1.3
-0.138	1.4
-0.138	1.4
-0.139	1.4
-0.139	1.4
-0.139	1.6
-0.139	1.4
-0.139	1.6
-0.139	1.5
-0.139	1.5
-0.139	1.5
-0.139	1.4
-0.139	1.6
-0.139	1.6
-0.139	1.6
-0.139	1.5
-0.139	1.5
-0.139	1.6
-0.139	1.6
-0.139	1.4
-0.139	1.5
-0.139	1.6
-0.139	1.6
-0.139	1.5
-0.139	1.4
-0.139	1.6
-0.139	1.6
-0.139	1.5
-0.139	1.4
-0.139	1.5
-0.139	1.6
-0.139	1.5
-0.139	1.4
-0.139	1.4
-0.139	1.4
-0.139	1.4
-0.139	1.6
-0.139	1.3
-0.140	1.4
-0.140	1.4
-0.140	1.4
-0.140	1.4
-0.140	1.4
-0.140	1.4
-0.140	1.4
-0.140	1.4
-0.140	1.3
-0.140	1.3
-0.140	1.3
-0.140	1.3
-0.140	1.3
-0.140	1.3
-0.140	1.3
-0.140	1.3
-0.140	1.3
-0.140	1.3
-0.140	1.3
-0.140	1.2
-0.140	1.2
-0.140	1.2
-0.140	1.3
-0.140	1.2
-0.140	1.2
-0.140	1.2
-0.140	1.2
-0.140	1.2
-0.140	1.2
-0.140	1.2
-0.140	1.2
-0.140	1.2
-0.140	1.2
-0.141	1.2
-0.141	1.2
-0.141	1.1
-0.141	1.1
-0.141	1.1
-0.141	1.2
-0.141	1.0
-0.141	1.0
-0.141	1.0
-0.141	1.1
-0.141	1.0
-0.141	0.9
-0.141	0.9
-0.141	0.9
-0.141	0.9
-0.141	0.9
-0.141	0.9
-0.141	0.9
-0.141	0.9
-0.141	0.9
-0.141	0.9
-0.141	0.9
-0.141	0.9
-0.141	0.9
-0.141	0.9
-0.141	0.8
-0.141	0.9
-0.141	0.8
-0.141	0.9
-0.141	0.8
-0.141	0.8
-0.141	0.8
-0.141	0.8
-0.141	0.8
-0.141	0.8
-0.141	0.9
-0.142	0.8
-0.142	0.8
-0.142	0.8
-0.142	0.8
-0.142	0.8
-0.142	0.8
-0.142	0.8
-0.142	0.8
-0.142	0.8
-0.142	0.8
-0.142	0.8
-0.142	0.8
-0.142	0.8
-0.142	0.7
-0.142	0.8
-0.142	0.8
-0.142	0.8
-0.142	0.8
-0.142	0.8
-0.142	0.8
-0.142	0.8
-0.142	0.8
-0.142	0.8
-0.142	0.8
-0.142	0.8
-0.142	0.8
-0.142	0.9
-0.142	0.9
-0.142	0.8
-0.142	0.9
-0.142	0.8
-0.142	0.9
-0.142	0.9
-0.142	0.9
-0.142	0.9
-0.142	0.9
-0.142	0.9
-0.142	0.9
-0.142	0.9
-0.143	0.9
-0.143	0.9
-0.143	0.9
-0.143	0.9
-0.143	0.9
-0.143	0.9
-0.143	0.9
-0.143	0.9
-0.143	0.9
-0.143	1.0
-0.143	1.0
-0.143	1.0
-0.143	1.0
-0.143	1.1
-0.143	1.1
-0.143	1.1
-0.143	1.1
-0.143	1.2
-0.143	1.1
-0.143	1.2
-0.143	1.1
-0.143	1.2
-0.143	1.2
-0.143	1.2
-0.143	1.2
-0.143	1.2
-0.143	1.2
-0.143	1.2
-0.143	1.2
-0.143	1.2
-0.143	1.2
-0.143	1.2
-0.143	1.2
-0.143	1.3
-0.143	1.3
-0.143	1.2
-0.143	1.3
-0.143	1.3
-0.144	1.3
-0.144	1.3
-0.144	1.3
-0.144	1.3
-0.144	1.3
-0.144	1.3
-0.144	1.3
-0.144	1.3
-0.144	1.3
-0.144	1.4
-0.144	1.3
-0.144	1.3
-0.144	1.3
-0.144	1.3
-0.144	1.3
-0.144	1.4
-0.144	1.3
-0.144	1.3
-0.144	1.3
-0.144	1.3
-0.144	1.3
-0.144	1.4
-0.144	1.3
-0.144	1.3
-0.144	1.4
-0.144	1.4
-0.144	1.4
-0.144	1.4
-0.144	1.4
-0.144	1.3
-0.144	1.3
-0.144	1.4
-0.144	1.3
-0.144	1.4
-0.144	1.4
-0.144	1.4
-0.144	1.3
-0.144	1.4
-0.144	1.3
-0.144	1.3
-0.144	1.3
-0.144	1.3
-0.144	1.4
-0.144	1.3
-0.144	1.3
-0.144	1.3
-0.145	1.3
-0.145	1.3
-0.145	1.4
-0.145	1.3
-0.145	1.3
-0.145	1.3
-0.145	1.3
-0.145	1.3
-0.145	1.3
-0.145	1.3
-0.145	1.3
-0.145	1.3
-0.145	1.3
-0.145	1.3
-0.145	1.3
-0.145	1.3
-0.145	1.3
-0.145	1.3
-0.145	1.2
-0.145	1.2
-0.145	1.3
-0.145	1.3
-0.145	1.3
-0.145	1.3
-0.145	1.2
-0.145	1.2
-0.145	1.2
-0.145	1.2
-0.145	1.2
-0.145	1.2
-0.145	1.2
-0.145	1.2
-0.145	1.2
-0.145	1.2
-0.145	1.2
-0.145	1.2
-0.145	1.2
-0.145	1.2
-0.145	1.2
-0.145	1.2
-0.145	1.2
-0.145	1.2
-0.145	1.2
-0.145	1.2
-0.145	1.2
-0.145	1.2
-0.145	1.1
-0.145	1.1
-0.145	1.2
-0.145	1.2
-0.145	1.1
-0.145	1.2
-0.145	1.1
-0.145	1.2
-0.145	1.1
-0.145	1.1
-0.146	1.1
-0.146	1.1
-0.146	1.0
-0.146	1.1
-0.146	1.1
-0.146	1.0
-0.146	1.1
-0.146	1.0
-0.146	1.1
-0.146	1.0
-0.146	1.1
-0.146	1.0
-0.146	1.0
-0.146	0.9
-0.146	1.0
-0.146	0.9
-0.146	0.9
-0.146	0.9
-0.146	1.0
-0.146	0.9
-0.146	0.9
-0.146	0.9
-0.146	0.9
-0.146	0.9
-0.146	0.9
-0.146	0.9
-0.146	0.9
-0.146	0.9
-0.146	0.9
-0.146	0.9
-0.146	0.9
-0.146	0.9
-0.146	0.9
-0.146	0.9
-0.146	0.9
-0.146	0.9
-0.146	0.9
-0.146	0.8
-0.146	0.9
-0.146	0.8
-0.146	0.9
-0.146	0.9
-0.146	0.9
-0.146	0.9
-0.146	0.8
-0.146	0.8
-0.146	0.8
-0.146	0.9
-0.146	0.8
-0.146	0.8
-0.146	0.8
-0.146	0.8
-0.146	0.8
-0.146	0.8
-0.146	0.8
-0.146	0.8
-0.146	0.8
-0.146	0.8
-0.146	0.8
-0.147	0.8
-0.147	0.8
-0.147	0.8
-0.147	0.8
-0.147	0.7
-0.147	0.8
-0.147	0.8
-0.147	0.7
-0.147	0.8
-0.147	0.7
-0.147	0.7
-0.147	0.7
-0.147	0.8
-0.147	0.8
-0.147	0.8
-0.147	0.8
-0.147	0.8
-0.147	0.7
-0.147	0.7
-0.147	0.7
-0.147	0.7
-0.147	0.7
-0.147	0.8
-0.147	0.7
-0.147	0.7
-0.147	0.7
-0.147	0.7
-0.147	0.7
-0.147	0.7
-0.147	0.7
-0.147	0.7
-0.147	0.8
-0.147	0.7
-0.147	0.7
-0.147	0.7
-0.147	0.7
-0.147	0.7
-0.147	0.7
-0.147	0.7
-0.147	0.7
-0.147	0.7
-0.147	0.7
-0.147	0.7
-0.147	0.7
-0.147	0.7
-0.147	0.7
-0.147	0.7
-0.147	0.7
-0.147	0.7
-0.147	0.7
-0.147	0.7
-0.147	0.7
-0.148	0.7
-0.148	0.8
-0.148	0.7
-0.148	0.8
-0.148	0.7
-0.148	0.8
-0.148	0.7
-0.148	0.8
-0.148	0.8
-0.148	0.7
-0.148	0.8
-0.148	0.8
-0.148	0.8
-0.148	0.8
-0.148	0.8
-0.148	0.8
-0.148	0.8
-0.148	0.8
-0.148	0.8
-0.148	0.8
-0.148	0.8
-0.148	0.8
-0.148	0.8
-0.148	0.8
-0.148	0.8
-0.148	0.9
-0.148	0.9
-0.148	0.8
-0.148	0.9
-0.148	0.8
-0.148	0.9
-0.148	0.8
-0.148	0.9
-0.148	0.9
-0.148	0.9
-0.148	0.9
-0.148	0.9
-0.148	0.9
-0.148	0.9
-0.148	0.9
-0.148	0.9
-0.148	0.9
-0.148	0.9
-0.149	0.9
-0.149	0.9
-0.149	0.9
-0.149	0.9
-0.149	0.9
-0.149	1.0
-0.149	0.9
-0.149	1.0
-0.149	0.9
-0.149	1.0
-0.149	0.9
-0.149	1.0
-0.149	1.0
-0.149	1.0
-0.149	1.0
-0.149	1.0
-0.149	1.0
-0.149	1.1
-0.149	1.0
-0.149	1.1
-0.149	1.1
-0.149	1.1
-0.149	1.1
-0.149	1.1
-0.149	1.1
-0.149	1.1
-0.149	1.2
-0.149	1.1
-0.149	1.1
-0.149	1.1
-0.149	1.2
-0.149	1.1
-0.149	1.1
-0.149	1.2
-0.149	1.2
-0.149	1.1
-0.149	1.2
-0.149	1.2
-0.149	1.2
-0.150	1.2
-0.150	1.1
-0.150	1.1
-0.150	1.2
-0.150	1.1
-0.150	1.2
-0.150	1.2
-0.150	1.2
-0.150	1.2
-0.150	1.2
-0.150	1.1
-0.150	1.2
-0.150	1.2
-0.150	1.1
-0.150	1.2
-0.150	1.2
-0.150	1.2
-0.150	1.1
-0.150	1.2
-0.150	1.2
-0.150	1.2
-0.150	1.2
-0.150	1.2
-0.150	1.1
-0.150	1.2
-0.150	1.1
-0.150	1.1
-0.150	1.1
-0.150	1.1
-0.150	1.2
-0.150	1.2
-0.150	1.1
-0.150	1.1
-0.150	1.0
-0.150	1.1
-0.150	1.1
-0.151	1.1
-0.151	1.0
-0.151	1.0
-0.151	1.1
-0.151	1.0
-0.151	1.1
-0.151	1.1
-0.151	1.1
-0.151	1.0
-0.151	1.0
-0.151	1.0
-0.151	1.0
-0.151	1.0
-0.151	1.0
-0.151	1.0
-0.151	1.0
-0.151	0.9
-0.151	1.0
-0.151	1.0
-0.151	0.9
-0.151	0.9
-0.151	0.9
-0.151	0.9
-0.151	0.9
-0.151	0.9
-0.151	0.9
-0.151	0.9
-0.151	0.9
-0.151	0.9
-0.151	0.9
-0.151	0.9
-0.151	0.9
-0.151	0.9
-0.151	0.9
-0.151	0.9
-0.151	0.9
-0.152	0.9
-0.152	0.8
-0.152	0.9
-0.152	0.8
-0.152	0.8
-0.152	0.8
-0.152	0.8
-0.152	0.8
-0.152	0.8
-0.152	0.8
-0.152	0.8
-0.152	0.8
-0.152	0.8
-0.152	0.8
-0.152	0.8
-0.152	0.7
-0.152	0.7
-0.152	0.7
-0.152	0.8
-0.152	0.7
-0.152	0.7
-0.152	0.7
-0.152	0.7
-0.152	0.7
-0.152	0.7
-0.152	0.7
-0.152	0.7
-0.152	0.7
-0.152	0.7
-0.152	0.7
-0.152	0.7
-0.152	0.7
-0.152	0.7
-0.152	0.6
-0.152	0.7
-0.152	0.7
-0.152	0.7
-0.152	0.7
-0.153	0.7
-0.153	0.7
-0.153	0.7
-0.153	0.7
-0.153	0.7
-0.153	0.7
-0.153	0.7
-0.153	0.7
-0.153	0.7
-0.153	0.7
-0.153	0.7
-0.153	0.6
-0.153	0.6
-0.153	0.6
-0.153	0.7
-0.153	0.7
-0.153	0.7
-0.153	0.7
-0.153	0.7
-0.153	0.7
-0.153	0.7
-0.153	0.7
-0.153	0.7
-0.153	0.7
-0.153	0.7
-0.153	0.7
-0.153	0.7
-0.153	0.7
-0.153	0.7
-0.153	0.7
-0.153	0.7
-0.153	0.7
-0.153	0.7
-0.153	0.7
-0.153	0.7
-0.153	0.7
-0.153	0.7
-0.154	0.7
-0.154	0.7
-0.154	0.7
-0.154	0.7
-0.154	0.7
-0.154	0.7
-0.154	0.7
-0.154	0.7
-0.154	0.7
-0.154	0.7
-0.154	0.7
-0.154	0.7
-0.154	0.7
-0.154	0.7
-0.154	0.8
-0.154	0.8
-0.154	0.8
-0.154	0.8
-0.154	0.8
-0.154	0.8
-0.154	0.8
-0.154	0.8
-0.154	0.8
-0.154	0.7
-0.154	0.8
-0.154	0.8
-0.154	0.8
-0.154	0.8
-0.154	0.8
-0.154	0.9
-0.154	0.8
-0.154	0.8
-0.154	0.8
-0.154	0.8
-0.155	0.8
-0.155	0.9
-0.155	0.9
-0.155	0.8
-0.155	0.9
-0.155	0.9
-0.155	0.9
-0.155	0.9
-0.155	0.9
-0.155	0.8
-0.155	0.9
-0.155	0.9
-0.155	0.9
-0.155	0.9
-0.155	0.9
-0.155	0.9
-0.155	0.9
-0.155	0.9
-0.155	0.9
-0.155	0.9
-0.155	0.9
-0.155	0.9
-0.155	0.9
-0.155	0.9
-0.155	0.9
-0.155	0.9
-0.155	0.9
-0.155	0.9
-0.155	0.9
-0.155	0.9
-0.155	0.9
-0.155	0.9
-0.155	0.9
-0.155	0.9
-0.155	0.9
-0.155	0.9
-0.155	0.9
-0.156	0.9
-0.156	0.9
-0.156	0.9
-0.156	0.9
-0.156	0.9
-0.156	0.9
-0.156	0.8
-0.156	0.9
-0.156	0.9
-0.156	0.9
-0.156	0.9
-0.156	0.9
-0.156	0.8
-0.156	0.9
-0.156	0.9
-0.156	0.9
-0.156	0.9
-0.156	0.9
-0.156	0.8
-0.156	0.8
-0.156	0.8
-0.156	0.9
-0.156	0.8
-0.156	0.8
-0.156	0.8
-0.156	0.8
-0.156	0.8
-0.156	0.8
-0.156	0.9
-0.156	0.8
-0.156	0.8
-0.156	0.8
-0.156	0.8
-0.156	0.8
-0.157	0.7
-0.157	0.8
-0.157	0.8
-0.157	0.8
-0.157	0.7
-0.157	0.7
-0.157	0.8
-0.157	0.7
-0.157	0.8
-0.157	0.7
-0.157	0.7
-0.157	0.7
-0.157	0.7
-0.157	0.8
-0.157	0.7
-0.157	0.7
-0.157	0.7
-0.157	0.7
-0.157	0.7
-0.157	0.7
-0.157	0.7
-0.157	0.7
-0.157	0.7
-0.157	0.7
-0.157	0.7
-0.157	0.7
-0.157	0.7
-0.157	0.7
-0.157	0.7
-0.157	0.7
-0.157	0.6
-0.157	0.6
-0.157	0.7
-0.158	0.7
-0.158	0.7
-0.158	0.6
-0.158	0.7
-0.158	0.7
-0.158	0.6
-0.158	0.6
-0.158	0.6
-0.158	0.7
-0.158	0.6
-0.158	0.6
-0.158	0.6
-0.158	0.7
-0.158	0.6
-0.158	0.6
-0.158	0.6
-0.158	0.6
-0.158	0.6
-0.158	0.6
-0.158	0.6
-0.158	0.6
-0.158	0.6
-0.158	0.5
-0.158	0.6
-0.158	0.6
-0.158	0.6
-0.158	0.6
-0.158	0.6
-0.158	0.6
-0.158	0.6
-0.158	0.6
-0.158	0.7
-0.158	0.6
-0.159	0.6
-0.159	0.6
-0.159	0.6
-0.159	0.5
-0.159	0.5
-0.159	0.6
-0.159	0.6
-0.159	0.6
-0.159	0.5
-0.159	0.6
-0.159	0.7
-0.159	0.6
-0.159	0.7
-0.159	0.6
-0.159	0.6
-0.159	0.7
-0.159	0.7
-0.159	0.6
-0.159	0.7
-0.159	0.6
-0.159	0.6
-0.159	0.6
-0.159	0.7
-0.159	0.6
-0.159	0.7
-0.159	0.7
-0.159	0.7
-0.159	0.7
-0.159	0.7
-0.159	0.7
-0.159	0.7
-0.159	0.7
-0.159	0.7
-0.160	0.7
-0.160	0.7
-0.160	0.7
-0.160	0.7
-0.160	0.6
-0.160	0.6
-0.160	0.7
-0.160	0.7
-0.160	0.7
-0.160	0.7
-0.160	0.7
-0.160	0.7
-0.160	0.7
-0.160	0.7
-0.160	0.7
-0.160	0.7
-0.160	0.7
-0.160	0.7
-0.160	0.7
-0.160	0.7
-0.160	0.7
-0.160	0.7
-0.160	0.7
-0.160	0.7
-0.160	0.7
-0.160	0.7
-0.160	0.7
-0.160	0.8
-0.160	0.7
-0.160	0.7
-0.160	0.8
-0.161	0.7
-0.161	0.7
-0.161	0.7
-0.161	0.7
-0.161	0.7
-0.161	0.7
-0.161	0.7
-0.161	0.7
-0.161	0.7
-0.161	0.8
-0.161	0.7
-0.161	0.7
-0.161	0.7
-0.161	0.7
-0.161	0.7
-0.161	0.7
-0.161	0.7
-0.161	0.8
-0.161	0.7
-0.161	0.7
-0.161	0.7
-0.161	0.7
-0.161	0.8
-0.161	0.7
-0.161	0.7
-0.161	0.7
-0.161	0.7
-0.161	0.7
-0.161	0.7
-0.161	0.7
-0.161	0.7
-0.161	0.7
-0.162	0.7
-0.162	0.8
-0.162	0.7
-0.162	0.7
-0.162	0.7
-0.162	0.7
-0.162	0.7
-0.162	0.7
-0.162	0.7
-0.162	0.7
-0.162	0.7
-0.162	0.7
-0.162	0.7
-0.162	0.7
-0.162	0.7
-0.162	0.7
-0.162	0.7
-0.162	0.7
-0.162	0.7
-0.162	0.7
-0.162	0.7
-0.162	0.7
-0.162	0.7
-0.162	0.7
-0.162	0.6
-0.162	0.7
-0.162	0.6
-0.162	0.7
-0.162	0.6
-0.162	0.7
-0.162	0.7
-0.162	0.7
-0.162	0.6
-0.162	0.7
-0.162	0.7
-0.163	0.7
-0.163	0.7
-0.163	0.6
-0.163	0.7
-0.163	0.6
-0.163	0.7
-0.163	0.6
-0.163	0.7
-0.163	0.6
-0.163	0.6
-0.163	0.6
-0.163	0.6
-0.163	0.6
-0.163	0.6
-0.163	0.6
-0.163	0.6
-0.163	0.6
-0.163	0.6
-0.163	0.6
-0.163	0.6
-0.163	0.6
-0.163	0.6
-0.163	0.6
-0.163	0.6
-0.163	0.5
-0.163	0.5
-0.163	0.6
-0.163	0.5
-0.163	0.6
-0.163	0.6
-0.163	0.6
-0.163	0.6
-0.163	0.5
-0.163	0.6
-0.163	0.6
-0.163	0.6
-0.164	0.6
-0.164	0.5
-0.164	0.6
-0.164	0.5
-0.164	0.6
-0.164	0.5
-0.164	0.6
-0.164	0.5
-0.164	0.6
-0.164	0.5
-0.164	0.6
-0.164	0.6
-0.164	0.5
-0.164	0.5
-0.164	0.5
-0.164	0.5
-0.164	0.5
-0.164	0.6
-0.164	0.5
-0.164	0.6
-0.164	0.5
-0.164	0.6
-0.164	0.6
-0.164	0.5
-0.164	0.5
-0.164	0.6
-0.164	0.5
-0.164	0.5
-0.164	0.5
-0.164	0.5
-0.164	0.5
-0.164	0.6
-0.164	0.6
-0.164	0.6
-0.164	0.6
-0.164	0.6
-0.164	0.5
-0.164	0.6
-0.165	0.6
-0.165	0.6
-0.165	0.6
-0.165	0.5
-0.165	0.5
-0.165	0.6
-0.165	0.6
-0.165	0.6
-0.165	0.6
-0.165	0.6
-0.165	0.5
-0.165	0.6
-0.165	0.6
-0.165	0.6
-0.165	0.5
-0.165	0.5
-0.165	0.6
-0.165	0.5
-0.165	0.6
-0.165	0.6
-0.165	0.5
-0.165	0.6
-0.165	0.5
-0.165	0.6
-0.165	0.5
-0.165	0.6
-0.165	0.6
-0.165	0.6
-0.165	0.5
-0.165	0.5
-0.165	0.5
-0.165	0.5
-0.165	0.6
-0.165	0.6
-0.165	0.5
-0.165	0.6
-0.165	0.6
-0.165	0.6
-0.165	0.6
-0.165	0.6
-0.165	0.6
-0.165	0.6
-0.165	0.6
-0.166	0.6
-0.166	0.6
-0.166	0.6
-0.166	0.6
-0.166	0.6
-0.166	0.6
-0.166	0.6
-0.166	0.6
-0.166	0.5
-0.166	0.6
-0.166	0.6
-0.166	0.6
-0.166	0.6
-0.166	0.6
-0.166	0.6
-0.166	0.6
-0.166	0.6
-0.166	0.6
-0.166	0.6
-0.166	0.6
-0.166	0.6
-0.166	0.6
-0.166	0.6
-0.166	0.6
-0.166	0.6
-0.166	0.6
-0.166	0.6
-0.166	0.6
-0.166	0.6
-0.166	0.6
-0.166	0.6
-0.166	0.6
-0.166	0.7
-0.166	0.5
-0.166	0.6
-0.166	0.6
-0.166	0.6
-0.166	0.6
-0.166	0.6
-0.166	0.6
-0.166	0.6
-0.166	0.6
-0.166	0.5
-0.166	0.6
-0.167	0.5
-0.167	0.6
-0.167	0.6
-0.167	0.6
-0.167	0.6
-0.167	0.6
-0.167	0.6
-0.167	0.6
-0.167	0.6
-0.167	0.6
-0.167	0.6
-0.167	0.5
-0.167	0.6
-0.167	0.5
-0.167	0.6
-0.167	0.6
-0.167	0.6
-0.167	0.6
-0.167	0.5
-0.167	0.6
-0.167	0.7
-0.167	0.5
-0.167	0.6
-0.167	0.6
-0.167	0.6
-0.167	0.6
-0.167	0.6
-0.167	0.7
-0.167	0.5
-0.167	0.5
-0.167	0.6
-0.167	0.6
-0.167	0.5
-0.167	0.6
-0.167	0.6
-0.167	0.6
-0.167	0.6
-0.168	0.6
-0.168	0.5
-0.168	0.6
-0.168	0.6
-0.168	0.6
-0.168	0.6
-0.168	0.5
-0.168	0.5
-0.168	0.6
-0.168	0.6
-0.168	0.6
-0.168	0.6
-0.168	0.6
-0.168	0.6
-0.168	0.6
-0.168	0.6
-0.168	0.6
-0.168	0.6
-0.168	0.5
-0.168	0.6
-0.168	0.6
-0.168	0.6
-0.168	0.5
-0.168	0.5
-0.168	0.5
-0.168	0.6
-0.168	0.5
-0.168	0.5
-0.168	0.5
-0.168	0.5
-0.168	0.6
-0.168	0.5
-0.168	0.5
-0.168	0.5
-0.168	0.6
-0.168	0.6
-0.169	0.6
-0.169	0.6
-0.169	0.6
-0.169	0.5
-0.169	0.5
-0.169	0.5
-0.169	0.6
-0.169	0.6
-0.169	0.5
-0.169	0.5
-0.169	0.5
-0.169	0.5
-0.169	0.5
-0.169	0.5
-0.169	0.6
-0.169	0.6
-0.169	0.5
-0.169	0.6
-0.169	0.5
-0.169	0.5
-0.169	0.5
-0.169	0.5
-0.169	0.6
-0.169	0.5
-0.169	0.6
-0.169	0.5
-0.169	0.5
-0.169	0.5
-0.169	0.6
-0.169	0.5
-0.169	0.5
-0.169	0.5
-0.169	0.5
-0.169	0.5
-0.169	0.5
-0.169	0.5
-0.170	0.5
-0.170	0.6
-0.170	0.5
-0.170	0.6
-0.170	0.5
-0.170	0.5
-0.170	0.6
-0.170	0.5
-0.170	0.5
-0.170	0.5
-0.170	0.5
-0.170	0.5
-0.170	0.5
-0.170	0.5
-0.170	0.5
-0.170	0.5
-0.170	0.5
-0.170	0.5
-0.170	0.5
-0.170	0.5
-0.170	0.5
-0.170	0.5
-0.170	0.5
-0.170	0.5
-0.170	0.5
-0.170	0.5
-0.170	0.5
-0.170	0.6
-0.170	0.6
-0.170	0.5
-0.170	0.5
-0.170	0.6
-0.170	0.5
-0.170	0.5
-0.171	0.5
-0.171	0.5
-0.171	0.5
-0.171	0.6
-0.171	0.5
-0.171	0.6
-0.171	0.6
-0.171	0.5
-0.171	0.5
-0.171	0.5
-0.171	0.5
-0.171	0.5
-0.171	0.5
-0.171	0.5
-0.171	0.5
-0.171	0.5
-0.171	0.6
-0.171	0.5
-0.171	0.5
-0.171	0.5
-0.171	0.5
-0.171	0.5
-0.171	0.5
-0.171	0.5
-0.171	0.5
-0.171	0.6
-0.171	0.6
-0.171	0.5
-0.171	0.6
-0.171	0.6
-0.171	0.5
-0.171	0.5
-0.171	0.5
-0.171	0.5
-0.171	0.5
-0.171	0.5
-0.171	0.5
-0.172	0.5
-0.172	0.5
-0.172	0.5
-0.172	0.5
-0.172	0.5
-0.172	0.5
-0.172	0.5
-0.172	0.6
-0.172	0.5
-0.172	0.6
-0.172	0.5
-0.172	0.5
-0.172	0.5
-0.172	0.5
-0.172	0.5
-0.172	0.5
-0.172	0.5
-0.172	0.5
-0.172	0.5
-0.172	0.5
-0.172	0.5
-0.172	0.5
-0.172	0.5
-0.172	0.6
-0.172	0.5
-0.172	0.5
-0.172	0.5
-0.172	0.5
-0.172	0.5
-0.172	0.5
-0.172	0.5
-0.172	0.5
-0.172	0.5
-0.172	0.5
-0.172	0.5
-0.172	0.5
-0.172	0.5
-0.172	0.6
-0.173	0.6
-0.173	0.6
-0.173	0.5
-0.173	0.5
-0.173	0.5
-0.173	0.5
-0.173	0.6
-0.173	0.6
-0.173	0.6
-0.173	0.5
-0.173	0.5
-0.173	0.5
-0.173	0.5
-0.173	0.6
-0.173	0.6
-0.173	0.5
-0.173	0.5
-0.173	0.5
-0.173	0.6
-0.173	0.5
-0.173	0.5
-0.173	0.6
-0.173	0.5
-0.173	0.6
-0.173	0.5
-0.173	0.5
-0.173	0.5
-0.173	0.5
-0.173	0.5
-0.173	0.5
-0.173	0.5
-0.173	0.5
-0.173	0.5
-0.173	0.5
-0.173	0.5
-0.173	0.5
-0.173	0.5
-0.173	0.5
-0.174	0.5
-0.174	0.6
-0.174	0.5
-0.174	0.5
-0.174	0.5
-0.174	0.5
-0.174	0.5
-0.174	0.5
-0.174	0.5
-0.174	0.6
-0.174	0.5
-0.174	0.5
-0.174	0.5
-0.174	0.6
-0.174	0.5
-0.174	0.5
-0.174	0.5
-0.174	0.5
-0.174	0.5
-0.174	0.6
-0.174	0.5
-0.174	0.5
-0.174	0.5
-0.174	0.5
-0.174	0.5
-0.174	0.5
-0.174	0.5
-0.174	0.5
-0.174	0.5
-0.174	0.5
-0.174	0.5
-0.174	0.5
-0.174	0.5
-0.174	0.5
-0.174	0.6
-0.174	0.5
-0.174	0.5
-0.174	0.5
-0.175	0.5
-0.175	0.5
-0.175	0.5
-0.175	0.5
-0.175	0.5
-0.175	0.5
-0.175	0.5
-0.175	0.5
-0.175	0.5
-0.175	0.5
-0.175	0.5
-0.175	0.5
-0.175	0.5
-0.175	0.5
-0.175	0.5
-0.175	0.5
-0.175	0.5
-0.175	0.5
-0.175	0.5
-0.175	0.5
-0.175	0.5
-0.175	0.5
-0.175	0.5
-0.175	0.5
-0.175	0.5
-0.175	0.5
-0.175	0.5
-0.175	0.5
-0.175	0.5
-0.175	0.5
-0.175	0.5
-0.175	0.5
-0.175	0.5
-0.175	0.5
-0.175	0.5
-0.175	0.5
-0.175	0.5
-0.176	0.5
-0.176	0.5
-0.176	0.5
-0.176	0.5
-0.176	0.5
-0.176	0.5
-0.176	0.5
-0.176	0.5
-0.176	0.5
-0.176	0.5
-0.176	0.5
-0.176	0.5
-0.176	0.5
-0.176	0.5
-0.176	0.5
-0.176	0.5
-0.176	0.5
-0.176	0.5
-0.176	0.5
-0.176	0.5
-0.176	0.5
-0.176	0.5
-0.176	0.5
-0.176	0.5
-0.176	0.5
-0.176	0.5
-0.176	0.5
-0.176	0.6
-0.176	0.5
-0.177	0.5
-0.177	0.6
-0.177	0.5
-0.177	0.5
-0.177	0.5
-0.177	0.6
-0.177	0.5
-0.177	0.5
-0.177	0.6
-0.177	0.6
-0.177	0.5
-0.177	0.5
-0.177	0.6
-0.177	0.5
-0.177	0.6
-0.177	0.5
-0.177	0.5
-0.177	0.5
-0.177	0.5
-0.177	0.5
-0.177	0.6
-0.177	0.6
-0.177	0.5
-0.177	0.6
-0.177	0.5
-0.177	0.5
-0.177	0.5
-0.177	0.6
-0.177	0.5
-0.178	0.5
-0.178	0.5
-0.178	0.5
-0.178	0.5
-0.178	0.6
-0.178	0.5
-0.178	0.5
-0.178	0.6
-0.178	0.5
-0.178	0.5
-0.178	0.5
-0.178	0.5
-0.178	0.5
-0.178	0.5
-0.178	0.5
-0.178	0.5
-0.178	0.5
-0.178	0.5
-0.178	0.5
-0.178	0.5
-0.178	0.5
-0.178	0.5
-0.178	0.5
-0.178	0.5
-0.178	0.5
-0.178	0.5
-0.178	0.5
-0.178	0.5
-0.178	0.5
-0.179	0.5
-0.179	0.5
-0.179	0.5
-0.179	0.5
-0.179	0.5
-0.179	0.5
-0.179	0.5
-0.179	0.5
-0.179	0.5
-0.179	0.5
-0.179	0.5
-0.179	0.5
-0.179	0.5
-0.179	0.5
-0.179	0.5
-0.179	0.5
-0.179	0.5
-0.179	0.5
-0.179	0.5
-0.179	0.5
-0.179	0.5
-0.179	0.5
-0.179	0.5
-0.179	0.5
-0.179	0.5
-0.179	0.5
-0.179	0.6
-0.179	0.5
-0.179	0.5
-0.179	0.5
-0.179	0.5
-0.179	0.5
-0.179	0.5
-0.179	0.5
-0.179	0.5
-0.179	0.5
-0.179	0.5
-0.179	0.5
-0.179	0.5
-0.179	0.5
-0.179	0.5
-0.179	0.5
-0.179	0.5
-0.180	0.5
-0.180	0.5
-0.180	0.5
-0.180	0.5
-0.180	0.5
-0.180	0.5
-0.180	0.5
-0.180	0.5
-0.180	0.5
-0.180	0.5
-0.180	0.5
-0.180	0.5
-0.180	0.5
-0.180	0.5
-0.180	0.6
-0.180	0.6
-0.180	0.5
-0.180	0.5
-0.180	0.5
-0.180	0.5
-0.180	0.5
-0.180	0.5
-0.180	0.5
-0.180	0.5
-0.180	0.5
-0.180	0.5
-0.180	0.5
-0.180	0.5
-0.180	0.5
-0.180	0.5
-0.180	0.5
-0.180	0.5
-0.180	0.5
-0.180	0.5
-0.180	0.5
-0.180	0.5
-0.180	0.5
-0.180	0.5
-0.180	0.5
-0.180	0.5
-0.180	0.5
-0.180	0.5
-0.180	0.5
-0.180	0.5
-0.180	0.5
-0.180	0.5
-0.180	0.5
-0.180	0.5
-0.180	0.5
-0.180	0.5
-0.180	0.5
-0.180	0.5
-0.180	0.5
-0.180	0.5
-0.180	0.5
-0.180	0.5
-0.180	0.5
-0.180	0.5
-0.180	0.5
-0.180	0.5
-0.180	0.5
-0.180	0.5
-0.180	0.5
-0.180	0.5
-0.180	0.5
-0.180	0.5
-0.180	0.5
-0.180	0.5
-0.180	0.5
-0.180	0.5
-0.180	0.5
-0.180	0.5
-0.180	0.5
-0.180	0.5
-0.180	0.5
-0.180	0.5
-0.180	0.5
-0.180	0.5
-0.180	0.5
-0.181	0.5
-0.181	0.5
-0.181	0.5
-0.181	0.5
-0.181	0.5
-0.181	0.5
-0.181	0.5
-0.181	0.5
-0.181	0.5
-0.181	0.5
-0.181	0.5
-0.181	0.5
-0.181	0.5
-0.181	0.5
-0.181	0.5
-0.181	0.5
-0.181	0.5
-0.181	0.5
-0.181	0.5
-0.181	0.5
-0.181	0.5
-0.181	0.5
-0.181	0.5
-0.181	0.5
-0.181	0.5
-0.181	0.5
-0.181	0.5
-0.181	0.5
-0.181	0.5
-0.181	0.5
-0.181	0.5
-0.181	0.5
-0.181	0.5
-0.181	0.5
-0.181	0.5
-0.181	0.5
-0.181	0.5
-0.181	0.5
-0.181	0.5
-0.181	0.5
-0.181	0.5
-0.181	0.5
-0.181	0.5
-0.181	0.5
-0.181	0.5
-0.181	0.5
-0.181	0.5
-0.181	0.5
-0.181	0.5
-0.181	0.5
-0.181	0.5
-0.181	0.5
-0.181	0.5
-0.181	0.5
-0.181	0.5
-0.181	0.5
-0.181	0.5
-0.181	0.5
-0.181	0.5
-0.181	0.5
-0.181	0.5
-0.181	0.5
-0.181	0.5
-0.181	0.6
-0.181	0.5
-0.181	0.5
-0.181	0.5
-0.181	0.5
-0.181	0.5
-0.181	0.5
-0.181	0.5
-0.181	0.5
-0.181	0.5
-0.181	0.5
-0.181	0.5
-0.181	0.5
-0.181	0.5
-0.181	0.5
-0.181	0.5
-0.181	0.5
-0.181	0.5
-0.181	0.5
-0.181	0.5
-0.181	0.5
-0.181	0.5
-0.181	0.5
-0.181	0.5
-0.181	0.5
-0.181	0.5
-0.181	0.5
-0.181	0.5
-0.181	0.5
-0.181	0.5
-0.181	0.5
-0.181	0.5
-0.181	0.5
-0.181	0.5
-0.181	0.5
-0.181	0.5
-0.181	0.5
-0.181	0.5
-0.181	0.5
-0.181	0.5
-0.181	0.5
-0.181	0.5
-0.181	0.5
-0.181	0.5
-0.181	0.5
-0.181	0.5
-0.181	0.5
-0.181	0.5
-0.181	0.5
-0.181	0.5
-0.181	0.5
-0.181	0.5
-0.181	0.5
-0.181	0.5
-0.181	0.5
-0.181	0.5
-0.181	0.5
-0.181	0.5
-0.181	0.5
-0.181	0.5
-0.181	0.5
-0.181	0.5
-0.181	0.5
-0.181	0.5
-0.181	0.5
-0.181	0.5
-0.181	0.5
-0.181	0.5
-0.181	0.5
-0.181	0.5
-0.181	0.5
-0.181	0.5
-0.181	0.5
-0.181	0.5
-0.181	0.5
-0.181	0.5
-0.181	0.5
-0.181	0.5
-0.181	0.5
-0.181	0.5
-0.181	0.5
-0.181	0.5
-0.181	0.5
-0.181	0.5
-0.181	0.5
-0.181	0.5
-0.181	0.5
-0.181	0.5
-0.181	0.5
-0.181	0.5
-0.181	0.5
-0.181	0.5
-0.181	0.5
-0.181	0.5
-0.181	0.5
-0.181	0.5
-0.181	0.5
-0.181	0.5
-0.181	0.5
-0.181	0.5
-0.181	0.5
-0.181	0.5
-0.181	0.5
-0.181	0.5
-0.181	0.5
-0.181	0.5
-0.181	0.5
-0.181	0.5
-0.181	0.5
-0.181	0.5
-0.181	0.5
-0.181	0.5
-0.181	0.5
-0.181	0.5
-0.181	0.5
-0.181	0.5
-0.181	0.5
-0.181	0.5
-0.181	0.5
-0.181	0.5
-0.181	0.5
-0.181	0.5
-0.181	0.6
-0.181	0.5
-0.181	0.5
-0.181	0.5
-0.181	0.5
-0.181	0.5
-0.181	0.5
-0.181	0.5
-0.181	0.5
-0.181	0.5
-0.181	0.5
-0.181	0.5
-0.181	0.5
-0.181	0.5
-0.181	0.5
-0.181	0.5
-0.181	0.5
-0.181	0.5
-0.181	0.5
-0.181	0.5
-0.181	0.5
-0.181	0.5
-0.181	0.5
-0.181	0.5
-0.181	0.5
-0.181	0.5
-0.181	0.5
-0.181	0.5
-0.181	0.5
-0.181	0.5
-0.181	0.5
-0.181	0.5
-0.181	0.5
-0.181	0.5
-0.181	0.5
-0.181	0.5
-0.181	0.5
-0.181	0.5
-0.181	0.5
-0.181	0.5
-0.181	0.5
-0.181	0.5
-0.181	0.5
-0.181	0.5
-0.181	0.5
-0.181	0.5
-0.181	0.5
-0.181	0.5
-0.181	0.5
-0.181	0.5
-0.181	0.5
-0.181	0.5
-0.181	0.5
-0.181	0.5
-0.181	0.5
-0.181	0.5
-0.181	0.5
-0.181	0.5
-0.181	0.5
-0.181	0.5
-0.181	0.5
-0.181	0.5
-0.181	0.5
-0.181	0.5
-0.181	0.5
-0.181	0.5
-0.181	0.5
-0.181	0.5
-0.181	0.5
-0.181	0.5
-0.181	0.5
-0.181	0.5
-0.181	0.5
-0.181	0.5
-0.181	0.5
-0.181	0.5
-0.181	0.5
-0.181	0.5
-0.181	0.5
-0.181	0.5
-0.181	0.5
-0.181	0.5
-0.181	0.5
-0.181	0.5
-0.181	0.5
-0.181	0.5
-0.181	0.5
-0.181	0.5
-0.181	0.5
-0.181	0.5
-0.181	0.5
-0.181	0.5
-0.181	0.5
-0.181	0.5
-0.181	0.5
-0.181	0.5
-0.181	0.5
-0.181	0.5
-0.181	0.5
-0.181	0.5
-0.181	0.5
-0.181	0.5
-0.181	0.5
-0.181	0.5
