0.000	0.6
0.000	0.6
0.000	0.6
0.000	0.6
0.000	0.6
0.000	0.6
0.000	0.6
0.000	0.6
0.000	0.6
0.000	0.6
0.000	0.6
0.000	0.6
0.000	0.6
0.000	0.6
0.000	0.6
0.000	0.6
0.000	0.6
0.000	0.6
0.000	0.6
0.000	0.6
0.000	0.6
0.000	0.6
0.000	0.6
0.000	0.6
0.000	0.6
0.000	0.6
0.000	0.6
0.000	0.6
0.000	0.6
0.000	0.6
0.000	0.6
0.000	0.6
0.000	0.6
0.000	0.6
0.000	0.6
0.000	0.6
0.000	0.6
0.000	0.6
0.000	0.6
0.000	0.6
0.000	0.6
0.000	0.6
0.000	0.6
0.000	0.6
0.000	0.6
0.000	0.6
0.000	0.6
0.000	0.6
0.000	0.6
0.000	0.6
0.000	0.6
0.000	0.6
0.000	0.6
0.000	0.6
0.000	0.6
0.000	0.6
0.000	0.6
0.000	0.6
0.000	0.6
0.000	0.6
0.000	0.6
0.000	0.6
0.000	0.6
0.000	0.6
0.000	0.6
0.000	0.6
0.000	0.6
0.000	0.6
0.000	0.6
0.000	0.6
0.000	0.6
0.000	0.6
0.000	0.6
0.000	0.6
0.000	0.6
0.000	0.6
0.000	0.6
0.000	0.6
0.000	0.6
0.000	0.6
0.000	0.6
0.000	0.6
0.000	0.6
0.000	0.6
0.000	0.6
0.000	0.6
0.000	0.6
0.000	0.6
0.000	0.6
0.000	0.8
0.000	0.6
0.000	0.6
0.000	0.6
0.000	0.6
0.000	0.6
0.000	0.6
0.000	0.6
0.000	0.6
0.000	0.6
0.000	0.6
0.000	0.6
0.000	0.6
0.000	0.6
0.000	0.6
0.000	0.6
0.000	0.6
0.000	0.6
0.000	0.6
0.000	0.6
0.000	0.6
0.000	0.6
0.000	0.6
0.000	0.6
0.000	0.6
0.000	0.6
0.000	0.6
0.000	0.6
0.000	0.6
0.000	0.6
0.000	0.6
0.000	0.6
0.000	0.6
0.000	0.6
0.000	0.6
0.000	0.6
0.000	0.6
0.000	0.6
0.000	0.6
0.000	0.6
0.000	0.6
0.000	0.6
0.000	0.6
0.000	0.6
0.000	0.6
0.000	0.6
0.000	0.6
0.000	0.6
0.000	0.6
0.000	0.6
0.000	0.6
0.000	0.6
0.000	0.6
0.000	0.6
0.000	0.6
0.000	0.6
0.000	0.6
0.000	0.6
0.000	0.6
0.000	0.6
0.000	0.6
0.000	0.8
0.000	0.6
0.000	0.6
0.000	0.6
0.000	0.6
0.000	0.6
0.000	0.6
0.000	0.6
0.000	0.6
0.000	0.6
0.000	0.6
0.000	0.6
0.000	0.6
0.000	0.6
0.000	0.6
0.000	0.6
0.000	0.6
0.000	0.6
0.000	0.6
0.000	0.6
0.000	0.6
0.000	0.6
0.000	0.6
0.000	0.6
0.000	0.6
0.000	0.6
0.000	0.6
0.000	0.6
0.000	0.6
0.000	0.6
0.000	0.6
0.000	0.6
0.000	0.6
0.000	0.6
0.000	0.6
0.000	0.6
0.000	0.6
0.000	0.6
0.000	0.6
0.000	0.6
0.000	0.6
0.000	0.6
0.000	0.6
0.000	0.6
0.000	0.6
0.000	0.6
0.000	0.6
0.000	0.6
0.000	0.6
0.000	0.6
0.000	0.6
0.000	0.6
0.000	0.6
0.000	0.8
0.000	0.6
0.000	0.6
0.000	0.6
0.000	0.6
0.000	0.6
0.000	0.6
0.000	0.6
0.000	0.6
0.000	0.6
0.000	0.6
0.000	0.6
0.000	0.6
0.000	0.6
0.000	0.6
0.000	0.6
0.000	0.6
0.000	0.6
0.000	0.6
0.000	0.6
0.000	0.6
0.000	0.6
0.000	0.6
0.000	0.6
0.000	0.6
0.000	0.6
0.000	0.6
0.000	0.6
0.000	0.6
0.000	0.6
0.000	0.6
0.000	0.6
0.000	0.6
0.000	0.6
0.000	0.6
0.000	0.6
0.000	0.6
0.000	0.6
0.000	0.6
0.000	0.6
0.000	0.6
0.000	0.6
0.000	0.6
0.000	0.6
0.000	0.6
0.000	0.6
0.000	0.6
0.000	0.6
0.000	0.6
0.000	0.6
0.000	0.6
0.000	0.6
0.000	0.6
0.000	0.6
0.000	0.6
0.000	0.6
0.000	0.6
0.000	0.6
0.000	0.6
0.000	0.6
0.000	0.6
0.000	0.6
0.000	0.6
0.000	0.6
0.000	0.6
0.000	0.6
0.000	0.6
0.000	0.6
0.000	0.6
0.000	0.6
0.000	0.6
0.000	0.6
0.000	0.6
0.000	0.6
0.000	0.6
0.000	0.6
0.000	0.6
0.000	0.6
0.000	0.6
0.000	0.6
0.000	0.6
0.000	0.6
0.000	0.6
0.000	0.6
0.000	0.6
0.000	0.6
0.000	0.6
0.000	0.6
0.000	0.6
0.000	0.6
0.000	0.6
0.000	0.6
0.000	0.6
0.000	0.6
0.000	0.6
0.000	0.6
0.000	0.6
0.000	0.6
0.000	0.6
0.000	0.6
0.000	0.6
0.000	0.6
0.000	0.6
0.000	0.6
0.000	0.6
0.000	0.6
0.000	0.6
0.000	0.6
0.000	0.6
0.000	0.6
0.000	0.6
0.000	0.6
0.000	0.6
0.000	0.6
0.000	0.6
0.000	0.6
0.000	0.6
0.000	0.6
0.000	0.6
0.000	0.6
0.000	0.6
0.000	0.6
0.000	0.6
0.000	0.6
0.000	0.6
0.000	0.6
0.000	0.6
0.000	0.6
0.000	0.6
0.000	0.6
0.000	0.6
0.000	0.6
0.000	0.6
0.000	0.6
0.000	0.6
0.000	0.6
0.000	0.6
0.000	0.6
0.000	0.6
0.000	0.6
0.000	0.6
0.000	0.6
0.000	0.6
0.000	0.6
0.000	0.6
0.000	0.6
0.000	0.6
-5.542E-5	0.6
-5.542E-5	0.6
-5.542E-5	0.6
-5.542E-5	0.6
-5.542E-5	0.6
-5.542E-5	0.6
-5.542E-5	0.6
-5.542E-5	0.6
-5.542E-5	0.6
-1.108E-4	0.6
-1.108E-4	0.6
-1.108E-4	0.6
-1.108E-4	0.6
-1.108E-4	0.6
-1.108E-4	0.8
-1.108E-4	0.6
-1.108E-4	0.6
-1.663E-4	0.6
-1.663E-4	0.6
-1.663E-4	0.6
-1.663E-4	0.6
-1.663E-4	0.6
-2.217E-4	0.6
-2.217E-4	0.6
-2.217E-4	0.6
-2.217E-4	0.6
-2.217E-4	0.6
-2.771E-4	0.6
-2.771E-4	0.6
-2.771E-4	0.6
-2.771E-4	0.6
-3.325E-4	0.6
-3.325E-4	0.6
-3.325E-4	0.6
-3.325E-4	0.6
-3.879E-4	0.6
-3.879E-4	0.6
-3.879E-4	0.6
-3.879E-4	0.8
-4.433E-4	0.6
-4.433E-4	0.6
-4.433E-4	0.6
-4.988E-4	0.8
-4.988E-4	0.6
-4.988E-4	0.6
-5.542E-4	0.6
-5.542E-4	0.6
-5.542E-4	0.6
-6.096E-4	0.6
-6.096E-4	0.8
-6.096E-4	0.6
-6.650E-4	0.6
-6.650E-4	0.8
-6.650E-4	0.6
-7.204E-4	0.6
-7.204E-4	0.6
-7.758E-4	0.6
-7.758E-4	0.6
-7.758E-4	0.6
-8.313E-4	0.6
-8.313E-4	0.6
-8.867E-4	0.6
-8.867E-4	0.6
-9.421E-4	0.6
-9.421E-4	0.6
-9.975E-4	0.6
-9.975E-4	0.6
-9.975E-4	0.6
-0.001	0.6
-0.001	0.6
-0.001	0.6
-0.001	0.6
-0.001	0.8
-0.001	0.6
-0.001	0.6
-0.001	0.6
-0.001	0.6
-0.001	0.8
-0.001	0.6
-0.001	0.6
-0.001	0.8
-0.001	0.8
-0.001	0.6
-0.001	0.8
-0.001	0.8
-0.001	0.8
-0.002	0.6
-0.002	0.6
-0.002	0.8
-0.002	0.6
-0.002	0.8
-0.002	0.6
-0.002	0.6
-0.002	0.7
-0.002	0.8
-0.002	0.6
-0.002	0.8
-0.002	0.6
-0.002	0.8
-0.002	0.8
-0.002	0.8
-0.002	0.8
-0.002	0.8
-0.002	0.8
-0.002	0.6
-0.002	0.8
-0.002	0.8
-0.002	0.8
-0.002	0.8
-0.002	0.8
-0.002	0.6
-0.003	0.8
-0.003	0.8
-0.003	0.8
-0.003	0.8
-0.003	0.8
-0.003	0.8
-0.003	0.8
-0.003	0.8
-0.003	0.8
-0.003	0.8
-0.003	0.8
-0.003	0.8
-0.003	0.8
-0.003	0.8
-0.003	0.8
-0.003	0.8
-0.003	0.8
-0.003	0.8
-0.003	0.8
-0.003	0.8
-0.003	0.8
-0.003	0.8
-0.003	0.8
-0.004	0.8
-0.004	0.8
-0.004	0.8
-0.004	0.8
-0.004	0.8
-0.004	0.8
-0.004	0.8
-0.004	0.8
-0.004	0.8
-0.004	0.8
-0.004	0.8
-0.004	0.8
-0.004	0.8
-0.004	0.8
-0.004	0.8
-0.004	0.8
-0.004	0.8
-0.004	0.8
-0.004	0.8
-0.004	0.8
-0.005	0.8
-0.005	0.8
-0.005	0.8
-0.005	0.8
-0.005	0.8
-0.005	0.8
-0.005	0.8
-0.005	0.8
-0.005	0.8
-0.005	0.8
-0.005	0.8
-0.005	0.8
-0.005	0.8
-0.005	0.8
-0.005	0.8
-0.005	0.8
-0.005	0.8
-0.005	0.8
-0.006	0.8
-0.006	0.8
-0.006	0.8
-0.006	0.8
-0.006	0.8
-0.006	0.8
-0.006	0.8
-0.006	0.8
-0.006	0.8
-0.006	0.8
-0.006	0.8
-0.006	0.8
-0.006	0.8
-0.006	0.8
-0.006	0.8
-0.006	0.8
-0.006	0.8
-0.006	0.8
-0.007	0.8
-0.007	0.8
-0.007	0.8
-0.007	0.8
-0.007	0.8
-0.007	0.8
-0.007	0.8
-0.007	0.8
-0.007	0.8
-0.007	0.8
-0.007	0.8
-0.007	0.8
-0.007	0.8
-0.007	0.8
-0.007	0.8
-0.007	0.8
-0.007	0.8
-0.007	0.8
-0.008	0.8
-0.008	0.8
-0.008	0.8
-0.008	0.8
-0.008	0.8
-0.008	0.8
-0.008	0.8
-0.008	0.8
-0.008	0.8
-0.008	0.8
-0.008	0.8
-0.008	0.8
-0.008	0.8
-0.008	0.8
-0.008	0.8
-0.008	0.8
-0.008	0.8
-0.008	0.8
-0.009	0.8
-0.009	0.8
-0.009	0.8
-0.009	0.8
-0.009	0.8
-0.009	0.8
-0.009	0.8
-0.009	0.8
-0.009	0.8
-0.009	0.8
-0.009	0.8
-0.009	0.8
-0.009	0.8
-0.009	0.8
-0.009	0.8
-0.009	0.8
-0.009	0.8
-0.009	0.8
-0.010	0.8
-0.010	0.8
-0.010	0.8
-0.010	0.8
-0.010	0.8
-0.010	0.8
-0.010	0.8
-0.010	0.8
-0.010	0.7
-0.010	0.6
-0.010	0.8
-0.010	0.8
-0.010	0.8
-0.010	0.8
-0.010	0.8
-0.010	0.8
-0.010	0.6
-0.011	0.6
-0.011	0.6
-0.011	0.8
-0.011	0.8
-0.011	0.8
-0.011	0.8
-0.011	0.7
-0.011	0.6
-0.011	0.7
-0.011	0.8
-0.011	0.6
-0.011	0.8
-0.011	0.7
-0.011	0.6
-0.011	0.6
-0.011	0.6
-0.011	0.6
-0.011	0.8
-0.012	0.6
-0.012	0.6
-0.012	0.6
-0.012	0.6
-0.012	0.6
-0.012	0.6
-0.012	0.8
-0.012	0.6
-0.012	0.6
-0.012	0.6
-0.012	0.6
-0.012	0.6
-0.012	0.6
-0.012	0.6
-0.012	0.6
-0.012	0.6
-0.012	0.6
-0.013	0.6
-0.013	0.6
-0.013	0.6
-0.013	0.6
-0.013	0.6
-0.013	0.6
-0.013	0.6
-0.013	0.6
-0.013	0.6
-0.013	0.6
-0.013	0.6
-0.013	0.6
-0.013	0.6
-0.013	0.6
-0.013	0.6
-0.013	0.6
-0.013	0.6
-0.013	0.6
-0.014	0.6
-0.014	0.6
-0.014	0.6
-0.014	0.6
-0.014	0.6
-0.014	0.6
-0.014	0.6
-0.014	0.6
-0.014	0.6
-0.014	0.6
-0.014	0.6
-0.014	0.6
-0.014	0.6
-0.014	0.6
-0.014	0.6
-0.014	0.6
-0.015	0.6
-0.015	0.6
-0.015	0.6
-0.015	0.6
-0.015	0.6
-0.015	0.6
-0.015	0.6
-0.015	0.8
-0.015	0.6
-0.015	0.8
-0.015	0.6
-0.015	0.6
-0.015	0.6
-0.015	0.6
-0.015	0.6
-0.015	0.6
-0.015	0.8
-0.016	0.6
-0.016	0.8
-0.016	0.8
-0.016	0.8
-0.016	0.8
-0.016	0.8
-0.016	0.8
-0.016	0.8
-0.016	0.7
-0.016	0.8
-0.016	0.8
-0.016	0.8
-0.016	0.8
-0.016	0.8
-0.016	0.8
-0.016	0.8
-0.016	0.8
-0.017	0.8
-0.017	0.8
-0.017	0.8
-0.017	0.8
-0.017	0.8
-0.017	0.8
-0.017	0.8
-0.017	0.8
-0.017	0.8
-0.017	0.8
-0.017	0.8
-0.017	0.8
-0.017	0.8
-0.017	0.8
-0.017	0.8
-0.017	0.8
-0.017	0.8
-0.018	0.8
-0.018	0.8
-0.018	0.8
-0.018	0.8
-0.018	0.8
-0.018	0.8
-0.018	0.8
-0.018	0.8
-0.018	0.8
-0.018	0.8
-0.018	0.8
-0.018	0.8
-0.018	0.8
-0.018	0.9
-0.018	0.8
-0.018	0.8
-0.018	0.9
-0.018	0.9
-0.019	0.9
-0.019	1.0
-0.019	0.9
-0.019	0.9
-0.019	1.0
-0.019	0.9
-0.019	0.9
-0.019	1.0
-0.019	0.8
-0.019	1.0
-0.019	0.9
-0.019	0.9
-0.019	1.0
-0.019	0.9
-0.019	1.0
-0.019	1.0
-0.019	1.0
-0.019	1.0
-0.019	1.0
-0.020	1.0
-0.020	1.0
-0.020	1.0
-0.020	1.0
-0.020	1.0
-0.020	1.0
-0.020	1.0
-0.020	1.0
-0.020	1.0
-0.020	1.0
-0.020	1.0
-0.020	1.0
-0.020	1.0
-0.020	1.0
-0.020	1.0
-0.020	1.0
-0.020	1.0
-0.020	1.0
-0.020	1.0
-0.021	1.0
-0.021	1.0
-0.021	1.0
-0.021	1.0
-0.021	1.0
-0.021	1.0
-0.021	1.0
-0.021	1.0
-0.021	1.0
-0.021	1.0
-0.021	1.0
-0.021	1.0
-0.021	1.0
-0.021	1.0
-0.021	1.0
-0.021	1.0
-0.021	1.0
-0.021	1.0
-0.021	1.0
-0.021	1.0
-0.022	1.0
-0.022	1.0
-0.022	1.0
-0.022	1.0
-0.022	1.0
-0.022	1.0
-0.022	1.0
-0.022	1.0
-0.022	1.0
-0.022	1.0
-0.022	1.0
-0.022	1.0
-0.022	1.0
-0.022	1.0
-0.022	0.9
-0.022	1.0
-0.022	0.9
-0.022	1.0
-0.022	0.9
-0.022	0.9
-0.022	0.9
-0.023	0.8
-0.023	0.9
-0.023	0.9
-0.023	0.8
-0.023	0.9
-0.023	0.9
-0.023	0.9
-0.023	0.9
-0.023	0.9
-0.023	0.8
-0.023	1.0
-0.023	0.9
-0.023	0.8
-0.023	0.8
-0.023	0.8
-0.023	0.8
-0.023	0.8
-0.023	0.8
-0.023	0.8
-0.023	0.8
-0.023	0.8
-0.024	0.8
-0.024	0.8
-0.024	0.8
-0.024	0.8
-0.024	0.8
-0.024	0.8
-0.024	0.8
-0.024	0.8
-0.024	0.8
-0.024	0.8
-0.024	0.8
-0.024	0.8
-0.024	0.8
-0.024	0.8
-0.024	0.8
-0.024	0.8
-0.024	0.8
-0.024	0.8
-0.024	0.8
-0.025	0.8
-0.025	0.8
-0.025	0.8
-0.025	0.8
-0.025	0.8
-0.025	0.8
-0.025	0.8
-0.025	0.8
-0.025	0.8
-0.025	0.8
-0.025	0.8
-0.025	0.8
-0.025	0.8
-0.025	0.8
-0.025	0.8
-0.025	0.8
-0.025	0.8
-0.025	0.8
-0.025	0.8
-0.025	0.8
-0.025	0.6
-0.026	0.8
-0.026	0.8
-0.026	0.6
-0.026	0.6
-0.026	0.6
-0.026	0.6
-0.026	0.6
-0.026	0.6
-0.026	0.6
-0.026	0.6
-0.026	0.6
-0.026	0.6
-0.026	0.6
-0.026	0.6
-0.026	0.6
-0.026	0.6
-0.026	0.6
-0.026	0.6
-0.026	0.6
-0.026	0.6
-0.027	0.6
-0.027	0.6
-0.027	0.6
-0.027	0.6
-0.027	0.6
-0.027	0.6
-0.027	0.6
-0.027	0.6
-0.027	0.6
-0.027	0.6
-0.027	0.6
-0.027	0.6
-0.027	0.6
-0.027	0.6
-0.027	0.6
-0.027	0.6
-0.027	0.6
-0.028	0.6
-0.028	0.6
-0.028	0.6
-0.028	0.6
-0.028	0.6
-0.028	0.6
-0.028	0.6
-0.028	0.6
-0.028	0.6
-0.028	0.6
-0.028	0.6
-0.028	0.6
-0.028	0.6
-0.028	0.6
-0.028	0.6
-0.028	0.6
-0.028	0.6
-0.028	0.6
-0.029	0.6
-0.029	0.6
-0.029	0.6
-0.029	0.6
-0.029	0.6
-0.029	0.6
-0.029	0.6
-0.029	0.6
-0.029	0.6
-0.029	0.6
-0.029	0.6
-0.029	0.6
-0.029	0.6
-0.029	0.6
-0.029	0.6
-0.029	0.6
-0.029	0.6
-0.030	0.6
-0.030	0.6
-0.030	0.6
-0.030	0.6
-0.030	0.6
-0.030	0.6
-0.030	0.8
-0.030	0.8
-0.030	0.8
-0.030	0.8
-0.030	0.8
-0.030	0.8
-0.030	0.8
-0.030	0.8
-0.030	0.8
-0.030	0.8
-0.030	0.8
-0.031	0.8
-0.031	0.8
-0.031	0.8
-0.031	0.8
-0.031	0.8
-0.031	0.8
-0.031	0.8
-0.031	0.8
-0.031	0.8
-0.031	0.8
-0.031	0.8
-0.031	0.9
-0.031	0.8
-0.031	0.8
-0.031	0.8
-0.031	1.0
-0.031	0.9
-0.032	0.9
-0.032	0.9
-0.032	1.0
-0.032	1.0
-0.032	1.0
-0.032	1.0
-0.032	1.0
-0.032	1.0
-0.032	1.0
-0.032	1.0
-0.032	1.0
-0.032	1.0
-0.032	1.0
-0.032	1.1
-0.032	1.0
-0.032	1.0
-0.032	1.1
-0.033	1.1
-0.033	1.1
-0.033	1.1
-0.033	1.2
-0.033	1.2
-0.033	1.2
-0.033	1.2
-0.033	1.2
-0.033	1.2
-0.033	1.3
-0.033	1.2
-0.033	1.3
-0.033	1.3
-0.033	1.3
-0.033	1.4
-0.033	1.4
-0.033	1.4
-0.034	1.4
-0.034	1.4
-0.034	1.4
-0.034	1.4
-0.034	1.4
-0.034	1.4
-0.034	1.4
-0.034	1.4
-0.034	1.4
-0.034	1.4
-0.034	1.4
-0.034	1.4
-0.034	1.4
-0.034	1.4
-0.034	1.4
-0.034	1.4
-0.034	1.4
-0.035	1.5
-0.035	1.5
-0.035	1.5
-0.035	1.5
-0.035	1.6
-0.035	1.5
-0.035	1.6
-0.035	1.6
-0.035	1.6
-0.035	1.6
-0.035	1.6
-0.035	1.6
-0.035	1.6
-0.035	1.6
-0.035	1.6
-0.035	1.6
-0.035	1.6
-0.036	1.6
-0.036	1.6
-0.036	1.6
-0.036	1.6
-0.036	1.6
-0.036	1.6
-0.036	1.7
-0.036	1.6
-0.036	1.7
-0.036	1.6
-0.036	1.6
-0.036	1.6
-0.036	1.6
-0.036	1.7
-0.036	1.6
-0.036	1.7
-0.036	1.7
-0.037	1.6
-0.037	1.6
-0.037	1.6
-0.037	1.7
-0.037	1.6
-0.037	1.6
-0.037	1.6
-0.037	1.6
-0.037	1.6
-0.037	1.6
-0.037	1.6
-0.037	1.6
-0.037	1.6
-0.037	1.6
-0.037	1.6
-0.037	1.6
-0.038	1.6
-0.038	1.6
-0.038	1.6
-0.038	1.6
-0.038	1.6
-0.038	1.6
-0.038	1.5
-0.038	1.5
-0.038	1.5
-0.038	1.4
-0.038	1.5
-0.038	1.4
-0.038	1.4
-0.038	1.4
-0.038	1.4
-0.038	1.4
-0.039	1.4
-0.039	1.4
-0.039	1.4
-0.039	1.4
-0.039	1.4
-0.039	1.4
-0.039	1.3
-0.039	1.2
-0.039	1.2
-0.039	1.2
-0.039	1.2
-0.039	1.2
-0.039	1.2
-0.039	1.2
-0.039	1.2
-0.039	1.1
-0.040	1.2
-0.040	1.2
-0.040	1.1
-0.040	1.1
-0.040	1.1
-0.040	1.1
-0.040	1.1
-0.040	1.0
-0.040	1.0
-0.040	1.0
-0.040	1.0
-0.040	1.0
-0.040	1.0
-0.040	0.9
-0.041	0.9
-0.041	1.0
-0.041	1.0
-0.041	0.9
-0.041	0.8
-0.041	0.8
-0.041	0.8
-0.041	0.8
-0.041	0.8
-0.041	0.8
-0.041	0.8
-0.041	0.8
-0.041	0.8
-0.041	0.8
-0.042	0.8
-0.042	0.8
-0.042	0.8
-0.042	0.8
-0.042	0.8
-0.042	0.8
-0.042	0.8
-0.042	0.8
-0.042	0.6
-0.042	0.8
-0.042	0.8
-0.042	0.8
-0.042	0.8
-0.042	0.8
-0.043	0.8
-0.043	0.8
-0.043	0.8
-0.043	0.8
-0.043	0.8
-0.043	0.8
-0.043	0.6
-0.043	0.8
-0.043	0.8
-0.043	0.8
-0.043	0.8
-0.043	0.8
-0.044	0.8
-0.044	0.8
-0.044	0.8
-0.044	0.8
-0.044	0.8
-0.044	0.8
-0.044	0.8
-0.044	0.8
-0.044	0.9
-0.044	0.8
-0.044	0.9
-0.044	1.0
-0.044	1.0
-0.045	1.0
-0.045	1.0
-0.045	1.0
-0.045	1.0
-0.045	1.1
-0.045	1.1
-0.045	1.1
-0.045	1.2
-0.045	1.2
-0.045	1.2
-0.045	1.2
-0.045	1.3
-0.046	1.4
-0.046	1.4
-0.046	1.4
-0.046	1.4
-0.046	1.5
-0.046	1.5
-0.046	1.6
-0.046	1.6
-0.046	1.7
-0.046	1.8
-0.046	1.8
-0.046	1.8
-0.047	1.8
-0.047	1.8
-0.047	1.9
-0.047	2.0
-0.047	2.0
-0.047	2.1
-0.047	2.1
-0.047	2.1
-0.047	2.1
-0.047	2.3
-0.047	2.3
-0.047	2.3
-0.048	2.3
-0.048	2.4
-0.048	2.5
-0.048	2.5
-0.048	2.5
-0.048	2.6
-0.048	2.6
-0.048	2.7
-0.048	2.7
-0.048	2.8
-0.048	2.9
-0.049	2.9
-0.049	2.9
-0.049	2.9
-0.049	3.1
-0.049	3.1
-0.049	3.1
-0.049	3.1
-0.049	3.1
-0.049	3.2
-0.049	3.1
-0.049	3.2
-0.050	3.3
-0.050	3.3
-0.050	3.3
-0.050	3.3
-0.050	3.3
-0.050	3.3
-0.050	3.3
-0.050	3.3
-0.050	3.4
-0.050	3.4
-0.050	3.4
-0.051	3.5
-0.051	3.5
-0.051	3.5
-0.051	3.5
-0.051	3.5
-0.051	3.4
-0.051	3.5
-0.051	3.4
-0.051	3.4
-0.051	3.4
-0.052	3.3
-0.052	3.3
-0.052	3.3
-0.052	3.3
-0.052	3.3
-0.052	3.3
-0.052	3.3
-0.052	3.2
-0.052	3.1
-0.052	3.1
-0.052	3.1
-0.053	3.1
-0.053	3.1
-0.053	3.1
-0.053	3.1
-0.053	3.1
-0.053	2.9
-0.053	2.9
-0.053	2.7
-0.053	2.7
-0.053	2.7
-0.053	2.6
-0.053	2.5
-0.054	2.5
-0.054	2.5
-0.054	2.3
-0.054	2.3
-0.054	2.3
-0.054	2.3
-0.054	2.1
-0.054	2.1
-0.054	2.1
-0.054	2.0
-0.054	2.0
-0.055	1.9
-0.055	1.9
-0.055	1.8
-0.055	1.8
-0.055	1.7
-0.055	1.6
-0.055	1.6
-0.055	1.6
-0.055	1.5
-0.055	1.5
-0.055	1.4
-0.056	1.4
-0.056	1.4
-0.056	1.4
-0.056	1.2
-0.056	1.1
-0.056	1.2
-0.056	1.1
-0.056	1.1
-0.056	1.0
-0.056	1.0
-0.056	1.0
-0.056	1.0
-0.057	1.0
-0.057	0.9
-0.057	0.9
-0.057	0.8
-0.057	0.8
-0.057	0.8
-0.057	0.8
-0.057	0.8
-0.057	0.8
-0.057	0.8
-0.057	0.9
-0.057	0.8
-0.058	1.0
-0.058	0.8
-0.058	0.9
-0.058	1.0
-0.058	1.0
-0.058	1.0
-0.058	1.0
-0.058	1.0
-0.058	1.1
-0.058	1.2
-0.058	1.2
-0.058	1.3
-0.058	1.4
-0.059	1.4
-0.059	1.4
-0.059	1.4
-0.059	1.4
-0.059	1.6
-0.059	1.6
-0.059	1.8
-0.059	1.8
-0.059	2.0
-0.059	2.0
-0.059	2.1
-0.059	2.1
-0.059	2.3
-0.060	2.3
-0.060	2.5
-0.060	2.5
-0.060	2.6
-0.060	2.7
-0.060	2.8
-0.060	2.9
-0.060	3.1
-0.060	3.1
-0.060	3.3
-0.060	3.5
-0.060	3.7
-0.060	3.9
-0.060	3.9
-0.061	4.1
-0.061	4.1
-0.061	4.3
-0.061	4.4
-0.061	4.5
-0.061	4.5
-0.061	4.7
-0.061	4.7
-0.061	4.9
-0.061	5.1
-0.061	5.3
-0.061	5.5
-0.061	5.7
-0.061	5.9
-0.062	6.3
-0.062	6.3
-0.062	6.4
-0.062	6.4
-0.062	6.6
-0.062	6.8
-0.062	6.8
-0.062	6.8
-0.062	7.0
-0.062	7.0
-0.062	7.1
-0.062	7.2
-0.062	7.3
-0.062	7.5
-0.062	7.6
-0.062	7.9
-0.063	8.0
-0.063	8.3
-0.063	8.6
-0.063	8.6
-0.063	8.8
-0.063	8.8
-0.063	8.9
-0.063	9.0
-0.063	9.0
-0.063	9.0
-0.063	9.0
-0.063	9.0
-0.063	8.9
-0.063	9.0
-0.063	9.0
-0.063	9.1
-0.064	9.2
-0.064	9.4
-0.064	9.4
-0.064	9.6
-0.064	9.8
-0.064	10.0
-0.064	10.2
-0.064	10.2
-0.064	10.3
-0.064	10.4
-0.064	10.4
-0.064	10.4
-0.064	10.4
-0.064	10.4
-0.064	10.4
-0.064	10.2
-0.065	10.2
-0.065	10.2
-0.065	10.2
-0.065	10.3
-0.065	10.4
-0.065	10.5
-0.065	10.5
-0.065	10.7
-0.065	10.9
-0.065	11.1
-0.065	11.2
-0.065	11.4
-0.065	11.5
-0.065	11.7
-0.065	11.7
-0.065	11.7
-0.065	11.7
-0.066	11.5
-0.066	11.5
-0.066	11.4
-0.066	11.2
-0.066	11.1
-0.066	10.9
-0.066	10.8
-0.066	10.7
-0.066	10.6
-0.066	10.5
-0.066	10.4
-0.066	10.4
-0.066	10.4
-0.066	10.4
-0.066	10.5
-0.066	10.5
-0.066	10.5
-0.066	10.4
-0.067	10.4
-0.067	10.4
-0.067	10.4
-0.067	10.3
-0.067	10.2
-0.067	10.0
-0.067	9.8
-0.067	9.7
-0.067	9.5
-0.067	9.4
-0.067	9.1
-0.067	8.8
-0.067	8.6
-0.067	8.6
-0.067	8.4
-0.067	8.2
-0.068	8.1
-0.068	8.0
-0.068	8.0
-0.068	7.9
-0.068	7.8
-0.068	7.8
-0.068	7.7
-0.068	7.6
-0.068	7.6
-0.068	7.4
-0.068	7.2
-0.068	7.2
-0.068	7.0
-0.068	6.8
-0.068	6.6
-0.068	6.4
-0.069	6.3
-0.069	6.1
-0.069	5.9
-0.069	5.7
-0.069	5.5
-0.069	5.5
-0.069	5.2
-0.069	5.1
-0.069	4.9
-0.069	4.7
-0.069	4.6
-0.069	4.5
-0.069	4.3
-0.069	4.1
-0.069	4.1
-0.069	3.9
-0.070	3.9
-0.070	3.7
-0.070	3.4
-0.070	3.3
-0.070	3.3
-0.070	3.1
-0.070	3.1
-0.070	2.8
-0.070	2.7
-0.070	2.6
-0.070	2.5
-0.070	2.3
-0.070	2.3
-0.070	2.3
-0.070	2.1
-0.071	2.1
-0.071	2.0
-0.071	2.0
-0.071	2.0
-0.071	2.0
-0.071	1.9
-0.071	2.0
-0.071	1.8
-0.071	1.8
-0.071	1.9
-0.071	1.9
-0.071	1.9
-0.071	1.9
-0.071	2.0
-0.071	1.9
-0.072	2.0
-0.072	2.0
-0.072	2.1
-0.072	2.1
-0.072	2.1
-0.072	2.1
-0.072	2.3
-0.072	2.3
-0.072	2.5
-0.072	2.7
-0.072	2.9
-0.072	3.1
-0.072	3.3
-0.072	3.5
-0.072	3.9
-0.073	4.1
-0.073	4.5
-0.073	4.7
-0.073	5.1
-0.073	5.5
-0.073	5.9
-0.073	6.3
-0.073	6.6
-0.073	7.0
-0.073	7.2
-0.073	7.5
-0.073	7.8
-0.073	8.2
-0.073	8.6
-0.073	8.8
-0.073	9.0
-0.074	9.4
-0.074	9.6
-0.074	10.2
-0.074	10.4
-0.074	10.8
-0.074	11.3
-0.074	11.9
-0.074	12.5
-0.074	13.3
-0.074	14.2
-0.074	15.0
-0.074	16.0
-0.074	17.0
-0.074	18.2
-0.075	19.3
-0.075	20.6
-0.075	21.9
-0.075	23.0
-0.075	24.2
-0.075	25.4
-0.075	26.5
-0.075	27.5
-0.075	28.4
-0.075	29.3
-0.075	30.1
-0.075	30.9
-0.075	31.4
-0.075	32.1
-0.075	32.7
-0.076	33.2
-0.076	33.8
-0.076	34.4
-0.076	35.0
-0.076	35.7
-0.076	36.3
-0.076	37.1
-0.076	38.1
-0.076	39.1
-0.076	40.2
-0.076	41.6
-0.076	43.2
-0.076	44.7
-0.076	46.7
-0.076	48.6
-0.077	50.8
-0.077	53.1
-0.077	55.6
-0.077	58.0
-0.077	60.5
-0.077	62.9
-0.077	65.4
-0.077	67.6
-0.077	69.7
-0.077	71.9
-0.077	73.6
-0.077	75.2
-0.077	76.7
-0.077	77.7
-0.077	78.9
-0.078	79.7
-0.078	80.5
-0.078	81.1
-0.078	81.5
-0.078	82.0
-0.078	82.4
-0.078	82.8
-0.078	83.2
-0.078	83.8
-0.078	84.4
-0.078	85.2
-0.078	85.9
-0.078	86.9
-0.078	88.3
-0.079	89.7
-0.079	91.4
-0.079	93.5
-0.079	95.7
-0.079	98.4
-0.079	98.7
-0.079	98.7
-0.079	98.8
-0.079	98.7
-0.079	98.7
-0.079	98.7
-0.079	98.6
-0.079	98.8
-0.079	98.7
-0.080	98.7
-0.080	98.8
-0.080	98.7
-0.080	98.6
-0.080	98.7
-0.080	98.6
-0.080	98.6
-0.080	98.7
-0.080	98.7
-0.080	98.7
-0.080	98.6
-0.080	98.7
-0.080	98.7
-0.080	98.7
-0.080	98.7
-0.081	98.7
-0.081	98.6
-0.081	98.7
-0.081	98.8
-0.081	98.7
-0.081	98.6
-0.081	98.7
-0.081	98.7
-0.081	98.7
-0.081	98.7
-0.081	98.7
-0.081	98.7
-0.081	98.7
-0.081	98.7
-0.082	98.6
-0.082	98.7
-0.082	98.7
-0.082	98.7
-0.082	98.7
-0.082	98.7
-0.082	98.7
-0.082	98.8
-0.082	98.7
-0.082	98.7
-0.082	98.6
-0.082	98.7
-0.082	98.7
-0.083	98.7
-0.083	98.7
-0.083	98.7
-0.083	98.7
-0.083	98.7
-0.083	98.7
-0.083	98.7
-0.083	98.7
-0.083	98.7
-0.083	98.7
-0.083	98.7
-0.083	98.7
-0.083	98.7
-0.083	98.7
-0.083	98.7
-0.084	98.7
-0.084	98.7
-0.084	98.7
-0.084	98.7
-0.084	98.7
-0.084	98.6
-0.084	98.7
-0.084	98.7
-0.084	98.7
-0.084	98.7
-0.084	98.7
-0.084	98.7
-0.084	98.7
-0.085	98.7
-0.085	98.7
-0.085	98.6
-0.085	98.7
-0.085	98.7
-0.085	98.7
-0.085	98.7
-0.085	98.6
-0.085	98.7
-0.085	98.7
-0.085	98.7
-0.085	98.6
-0.085	98.6
-0.085	98.7
-0.086	98.7
-0.086	98.7
-0.086	98.7
-0.086	98.7
-0.086	98.7
-0.086	98.8
-0.086	98.8
-0.086	98.7
-0.086	98.7
-0.086	98.7
-0.086	98.7
-0.086	98.7
-0.086	98.8
-0.086	98.6
-0.087	98.7
-0.087	98.8
-0.087	98.7
-0.087	98.7
-0.087	98.7
-0.087	98.6
-0.087	98.7
-0.087	98.6
-0.087	98.7
-0.087	98.6
-0.087	98.7
-0.087	98.7
-0.087	98.7
-0.088	98.7
-0.088	98.7
-0.088	98.6
-0.088	98.7
-0.088	98.7
-0.088	98.7
-0.088	98.7
-0.088	98.7
-0.088	98.7
-0.088	98.7
-0.088	98.6
-0.088	98.7
-0.088	98.6
-0.088	98.7
-0.089	98.7
-0.089	98.7
-0.089	98.7
-0.089	98.7
-0.089	98.6
-0.089	98.6
-0.089	98.6
-0.089	98.7
-0.089	98.7
-0.089	98.7
-0.089	98.7
-0.089	98.7
-0.089	98.6
-0.089	98.7
-0.089	98.7
-0.090	98.6
-0.090	98.7
-0.090	98.7
-0.090	98.7
-0.090	98.7
-0.090	98.7
-0.090	98.7
-0.090	98.6
-0.090	98.7
-0.090	98.7
-0.090	98.6
-0.090	98.7
-0.090	98.7
-0.090	98.7
-0.091	98.7
-0.091	98.7
-0.091	98.7
-0.091	98.7
-0.091	98.7
-0.091	98.6
-0.091	98.7
-0.091	98.7
-0.091	98.7
-0.091	98.8
-0.091	98.8
-0.091	98.7
-0.091	98.7
-0.092	98.6
-0.092	98.7
-0.092	98.7
-0.092	98.7
-0.092	98.7
-0.092	98.7
-0.092	98.6
-0.092	98.6
-0.092	98.6
-0.092	98.7
-0.092	98.7
-0.092	98.8
-0.092	98.7
-0.092	98.7
-0.093	98.7
-0.093	98.7
-0.093	98.6
-0.093	98.7
-0.093	98.7
-0.093	98.6
-0.093	98.7
-0.093	98.6
-0.093	98.7
-0.093	98.7
-0.093	98.7
-0.093	98.6
-0.093	98.0
-0.093	97.4
-0.093	96.3
-0.094	94.9
-0.094	93.6
-0.094	91.8
-0.094	90.0
-0.094	88.3
-0.094	86.5
-0.094	84.6
-0.094	82.6
-0.094	80.6
-0.094	78.6
-0.094	76.6
-0.094	74.6
-0.094	72.7
-0.095	70.5
-0.095	68.6
-0.095	66.5
-0.095	64.4
-0.095	62.5
-0.095	60.4
-0.095	58.4
-0.095	56.4
-0.095	54.5
-0.095	52.4
-0.095	50.6
-0.095	48.6
-0.095	46.9
-0.095	44.8
-0.096	43.1
-0.096	41.4
-0.096	39.6
-0.096	37.9
-0.096	36.2
-0.096	34.7
-0.096	33.0
-0.096	31.6
-0.096	30.1
-0.096	28.7
-0.096	27.3
-0.096	26.0
-0.096	24.6
-0.096	23.4
-0.096	22.2
-0.097	21.1
-0.097	19.9
-0.097	18.9
-0.097	18.0
-0.097	17.0
-0.097	16.0
-0.097	15.1
-0.097	14.3
-0.097	13.5
-0.097	12.7
-0.097	12.0
-0.097	11.3
-0.097	10.7
-0.097	10.2
-0.098	9.5
-0.098	8.9
-0.098	8.4
-0.098	7.9
-0.098	7.4
-0.098	7.0
-0.098	6.6
-0.098	6.3
-0.098	5.8
-0.098	5.5
-0.098	5.2
-0.098	4.9
-0.098	4.5
-0.098	4.3
-0.098	4.1
-0.099	3.9
-0.099	3.5
-0.099	3.4
-0.099	3.2
-0.099	3.1
-0.099	2.9
-0.099	2.8
-0.099	2.6
-0.099	2.5
-0.099	2.5
-0.099	2.3
-0.099	2.3
-0.099	2.3
-0.099	2.3
-0.099	2.3
-0.100	2.1
-0.100	2.1
-0.100	2.3
-0.100	2.3
-0.100	2.3
-0.100	2.3
-0.100	2.3
-0.100	2.4
-0.100	2.5
-0.100	2.5
-0.100	2.6
-0.100	2.7
-0.100	2.9
-0.100	2.9
-0.100	3.1
-0.101	3.1
-0.101	3.2
-0.101	3.3
-0.101	3.4
-0.101	3.4
-0.101	3.5
-0.101	3.7
-0.101	3.9
-0.101	3.9
-0.101	3.9
-0.101	4.1
-0.101	4.1
-0.101	4.3
-0.101	4.3
-0.101	4.5
-0.102	4.5
-0.102	4.7
-0.102	4.9
-0.102	4.9
-0.102	5.1
-0.102	5.3
-0.102	5.5
-0.102	5.5
-0.102	5.8
-0.102	5.9
-0.102	6.1
-0.102	6.3
-0.102	6.5
-0.102	6.8
-0.102	7.0
-0.102	7.3
-0.103	7.6
-0.103	7.9
-0.103	8.2
-0.103	8.6
-0.103	9.0
-0.103	9.4
-0.103	9.7
-0.103	10.2
-0.103	10.4
-0.103	10.7
-0.103	11.1
-0.103	11.4
-0.103	11.7
-0.103	12.0
-0.103	12.1
-0.103	12.5
-0.103	12.7
-0.104	12.8
-0.104	12.9
-0.104	13.1
-0.104	13.1
-0.104	13.1
-0.104	13.1
-0.104	13.1
-0.104	13.1
-0.104	13.1
-0.104	13.1
-0.104	12.9
-0.104	12.9
-0.104	12.7
-0.104	12.7
-0.104	12.7
-0.104	12.5
-0.105	12.5
-0.105	12.5
-0.105	12.5
-0.105	12.5
-0.105	12.5
-0.105	12.5
-0.105	12.5
-0.105	12.5
-0.105	12.5
-0.105	12.6
-0.105	12.7
-0.105	12.7
-0.105	12.9
-0.105	13.1
-0.105	13.3
-0.105	13.4
-0.105	13.5
-0.105	13.7
-0.106	13.9
-0.106	14.0
-0.106	14.2
-0.106	14.3
-0.106	14.4
-0.106	14.5
-0.106	14.5
-0.106	14.5
-0.106	14.5
-0.106	14.4
-0.106	14.4
-0.106	14.3
-0.106	14.3
-0.106	14.1
-0.106	13.9
-0.106	13.7
-0.106	13.6
-0.106	13.4
-0.106	13.3
-0.107	13.1
-0.107	12.8
-0.107	12.7
-0.107	12.5
-0.107	12.3
-0.107	12.1
-0.107	12.0
-0.107	11.9
-0.107	11.7
-0.107	11.7
-0.107	11.7
-0.107	11.5
-0.107	11.5
-0.107	11.5
-0.107	11.5
-0.107	11.5
-0.107	11.5
-0.107	11.7
-0.108	11.7
-0.108	11.7
-0.108	11.7
-0.108	11.7
-0.108	11.7
-0.108	11.7
-0.108	11.7
-0.108	11.8
-0.108	11.7
-0.108	11.7
-0.108	11.7
-0.108	11.5
-0.108	11.5
-0.108	11.3
-0.108	11.1
-0.108	10.9
-0.108	10.7
-0.108	10.4
-0.108	10.4
-0.109	10.2
-0.109	9.8
-0.109	9.6
-0.109	9.4
-0.109	9.0
-0.109	8.8
-0.109	8.6
-0.109	8.3
-0.109	8.0
-0.109	7.8
-0.109	7.7
-0.109	7.6
-0.109	7.3
-0.109	7.2
-0.109	7.1
-0.109	7.0
-0.109	7.0
-0.109	6.8
-0.110	6.8
-0.110	6.7
-0.110	6.6
-0.110	6.6
-0.110	6.5
-0.110	6.4
-0.110	6.4
-0.110	6.4
-0.110	6.3
-0.110	6.3
-0.110	6.1
-0.110	6.0
-0.110	5.9
-0.110	5.7
-0.110	5.6
-0.110	5.5
-0.110	5.3
-0.110	5.1
-0.111	4.9
-0.111	4.8
-0.111	4.6
-0.111	4.5
-0.111	4.3
-0.111	4.1
-0.111	4.1
-0.111	3.9
-0.111	3.7
-0.111	3.7
-0.111	3.5
-0.111	3.3
-0.111	3.3
-0.111	3.1
-0.111	3.1
-0.111	3.1
-0.111	2.9
-0.112	2.9
-0.112	2.8
-0.112	2.7
-0.112	2.6
-0.112	2.5
-0.112	2.4
-0.112	2.5
-0.112	2.3
-0.112	2.3
-0.112	2.1
-0.112	2.1
-0.112	2.0
-0.112	2.0
-0.112	1.9
-0.112	1.8
-0.112	1.8
-0.112	1.7
-0.112	1.6
-0.113	1.6
-0.113	1.5
-0.113	1.4
-0.113	1.4
-0.113	1.4
-0.113	1.4
-0.113	1.4
-0.113	1.3
-0.113	1.2
-0.113	1.2
-0.113	1.1
-0.113	1.2
-0.113	1.1
-0.113	1.1
-0.113	1.1
-0.114	1.1
-0.114	1.1
-0.114	1.1
-0.114	1.1
-0.114	1.1
-0.114	1.1
-0.114	1.1
-0.114	1.1
-0.114	1.0
-0.114	1.1
-0.114	1.1
-0.114	1.1
-0.114	1.2
-0.114	1.1
-0.115	1.2
-0.115	1.2
-0.115	1.2
-0.115	1.2
-0.115	1.2
-0.115	1.3
-0.115	1.4
-0.115	1.4
-0.115	1.4
-0.115	1.4
-0.115	1.4
-0.115	1.4
-0.115	1.5
-0.115	1.5
-0.115	1.5
-0.116	1.6
-0.116	1.6
-0.116	1.8
-0.116	1.8
-0.116	1.8
-0.116	1.9
-0.116	2.0
-0.116	2.1
-0.116	2.1
-0.116	2.1
-0.116	2.3
-0.116	2.3
-0.116	2.4
-0.116	2.4
-0.117	2.5
-0.117	2.5
-0.117	2.5
-0.117	2.5
-0.117	2.5
-0.117	2.7
-0.117	2.7
-0.117	2.7
-0.117	2.8
-0.117	2.9
-0.117	3.1
-0.117	3.1
-0.117	3.2
-0.117	3.2
-0.117	3.3
-0.118	3.3
-0.118	3.5
-0.118	3.5
-0.118	3.5
-0.118	3.7
-0.118	3.7
-0.118	3.7
-0.118	3.7
-0.118	3.9
-0.118	3.7
-0.118	3.9
-0.118	3.9
-0.118	4.0
-0.118	4.1
-0.119	4.1
-0.119	4.2
-0.119	4.3
-0.119	4.4
-0.119	4.5
-0.119	4.5
-0.119	4.5
-0.119	4.6
-0.119	4.6
-0.119	4.5
-0.119	4.5
-0.119	4.5
-0.119	4.5
-0.119	4.5
-0.120	4.5
-0.120	4.5
-0.120	4.5
-0.120	4.6
-0.120	4.6
-0.120	4.6
-0.120	4.7
-0.120	4.8
-0.120	4.8
-0.120	4.9
-0.120	4.8
-0.120	4.8
-0.120	4.8
-0.120	4.7
-0.120	4.7
-0.121	4.7
-0.121	4.6
-0.121	4.6
-0.121	4.5
-0.121	4.6
-0.121	4.5
-0.121	4.5
-0.121	4.6
-0.121	4.5
-0.121	4.6
-0.121	4.6
-0.121	4.6
-0.121	4.5
-0.121	4.5
-0.122	4.5
-0.122	4.5
-0.122	4.3
-0.122	4.3
-0.122	4.1
-0.122	4.1
-0.122	4.1
-0.122	4.1
-0.122	4.1
-0.122	4.1
-0.122	4.1
-0.122	4.0
-0.122	3.9
-0.122	3.9
-0.122	3.9
-0.123	3.9
-0.123	3.9
-0.123	3.7
-0.123	3.7
-0.123	3.5
-0.123	3.5
-0.123	3.5
-0.123	3.4
-0.123	3.3
-0.123	3.3
-0.123	3.3
-0.123	3.3
-0.123	3.3
-0.123	3.3
-0.124	3.2
-0.124	3.1
-0.124	3.1
-0.124	3.1
-0.124	3.1
-0.124	2.9
-0.124	2.9
-0.124	2.7
-0.124	2.7
-0.124	2.6
-0.124	2.6
-0.124	2.5
-0.124	2.5
-0.124	2.5
-0.125	2.4
-0.125	2.3
-0.125	2.3
-0.125	2.3
-0.125	2.3
-0.125	2.1
-0.125	2.1
-0.125	2.1
-0.125	2.0
-0.125	2.0
-0.125	2.0
-0.125	1.9
-0.125	1.9
-0.125	1.8
-0.126	1.8
-0.126	1.8
-0.126	1.8
-0.126	1.6
-0.126	1.6
-0.126	1.6
-0.126	1.5
-0.126	1.4
-0.126	1.4
-0.126	1.4
-0.126	1.3
-0.126	1.4
-0.126	1.2
-0.126	1.2
-0.126	1.2
-0.127	1.2
-0.127	1.1
-0.127	1.1
-0.127	1.0
-0.127	1.0
-0.127	1.0
-0.127	1.0
-0.127	1.0
-0.127	1.0
-0.127	1.0
-0.127	0.8
-0.127	0.9
-0.127	0.8
-0.127	0.8
-0.128	0.8
-0.128	0.8
-0.128	0.8
-0.128	0.8
-0.128	0.8
-0.128	0.8
-0.128	0.8
-0.128	0.8
-0.128	0.8
-0.128	0.8
-0.128	0.8
-0.128	0.8
-0.128	0.8
-0.128	0.8
-0.129	0.6
-0.129	0.6
-0.129	0.8
-0.129	0.8
-0.129	0.8
-0.129	0.8
-0.129	0.8
-0.129	0.6
-0.129	0.8
-0.129	0.8
-0.129	0.8
-0.129	0.8
-0.129	0.6
-0.130	0.8
-0.130	0.8
-0.130	0.8
-0.130	0.8
-0.130	0.8
-0.130	0.8
-0.130	0.8
-0.130	0.8
-0.130	0.8
-0.130	0.8
-0.130	0.8
-0.130	0.8
-0.130	0.8
-0.131	0.8
-0.131	0.8
-0.131	0.8
-0.131	0.9
-0.131	0.8
-0.131	0.8
-0.131	0.9
-0.131	0.9
-0.131	0.9
-0.131	1.0
-0.131	1.0
-0.131	1.0
-0.132	1.0
-0.132	1.0
-0.132	1.0
-0.132	1.0
-0.132	1.1
-0.132	1.1
-0.132	1.1
-0.132	1.1
-0.132	1.1
-0.132	1.1
-0.132	1.2
-0.132	1.2
-0.132	1.1
-0.132	1.2
-0.133	1.2
-0.133	1.2
-0.133	1.2
-0.133	1.2
-0.133	1.3
-0.133	1.2
-0.133	1.4
-0.133	1.4
-0.133	1.2
-0.133	1.3
-0.133	1.3
-0.133	1.3
-0.133	1.4
-0.134	1.4
-0.134	1.4
-0.134	1.4
-0.134	1.4
-0.134	1.4
-0.134	1.4
-0.134	1.4
-0.134	1.4
-0.134	1.4
-0.134	1.4
-0.134	1.4
-0.135	1.4
-0.135	1.5
-0.135	1.5
-0.135	1.4
-0.135	1.5
-0.135	1.5
-0.135	1.5
-0.135	1.5
-0.135	1.5
-0.135	1.5
-0.135	1.6
-0.135	1.6
-0.135	1.6
-0.135	1.6
-0.136	1.6
-0.136	1.6
-0.136	1.6
-0.136	1.6
-0.136	1.6
-0.136	1.6
-0.136	1.6
-0.136	1.6
-0.136	1.6
-0.136	1.6
-0.136	1.6
-0.136	1.6
-0.137	1.6
-0.137	1.6
-0.137	1.6
-0.137	1.6
-0.137	1.6
-0.137	1.6
-0.137	1.6
-0.137	1.6
-0.137	1.6
-0.137	1.5
-0.137	1.6
-0.138	1.6
-0.138	1.5
-0.138	1.5
-0.138	1.6
-0.138	1.5
-0.138	1.5
-0.138	1.5
-0.138	1.5
-0.138	1.5
-0.138	1.4
-0.138	1.4
-0.138	1.4
-0.139	1.4
-0.139	1.4
-0.139	1.4
-0.139	1.4
-0.139	1.4
-0.139	1.4
-0.139	1.4
-0.139	1.2
-0.139	1.2
-0.139	1.2
-0.139	1.2
-0.139	1.2
-0.139	1.2
-0.140	1.2
-0.140	1.2
-0.140	1.2
-0.140	1.2
-0.140	1.1
-0.140	1.1
-0.140	1.1
-0.140	1.1
-0.140	1.0
-0.140	1.0
-0.140	1.0
-0.140	1.0
-0.141	1.0
-0.141	1.0
-0.141	1.0
-0.141	1.0
-0.141	1.0
-0.141	0.9
-0.141	0.9
-0.141	0.9
-0.141	0.8
-0.141	0.8
-0.141	0.8
-0.141	0.8
-0.141	0.8
-0.142	0.8
-0.142	0.8
-0.142	0.8
-0.142	0.8
-0.142	0.8
-0.142	0.8
-0.142	0.8
-0.142	0.8
-0.142	0.8
-0.142	0.8
-0.142	0.8
-0.142	0.8
-0.142	0.8
-0.143	0.8
-0.143	0.8
-0.143	0.6
-0.143	0.6
-0.143	0.6
-0.143	0.6
-0.143	0.7
-0.143	0.6
-0.143	0.6
-0.143	0.6
-0.143	0.6
-0.143	0.6
-0.143	0.6
-0.143	0.6
-0.144	0.6
-0.144	0.6
-0.144	0.6
-0.144	0.6
-0.144	0.8
-0.144	0.6
-0.144	0.6
-0.144	0.6
-0.144	0.6
-0.144	0.7
-0.144	0.6
-0.144	0.6
-0.144	0.6
-0.144	0.8
-0.145	0.8
-0.145	0.8
-0.145	0.8
-0.145	0.8
-0.145	0.8
-0.145	0.8
-0.145	0.8
-0.145	0.8
-0.145	0.8
-0.145	0.8
-0.145	0.8
-0.145	0.8
-0.145	0.8
-0.145	0.8
-0.145	0.8
-0.146	0.8
-0.146	0.8
-0.146	0.8
-0.146	0.8
-0.146	0.8
-0.146	0.8
-0.146	0.8
-0.146	0.9
-0.146	0.8
-0.146	0.9
-0.146	1.0
-0.146	1.0
-0.146	1.0
-0.146	1.0
-0.146	1.0
-0.146	1.0
-0.146	1.0
-0.147	1.0
-0.147	1.0
-0.147	1.0
-0.147	1.0
-0.147	1.0
-0.147	1.0
-0.147	1.0
-0.147	1.0
-0.147	1.1
-0.147	1.0
-0.147	1.0
-0.147	1.1
-0.147	1.1
-0.147	1.1
-0.147	1.2
-0.147	1.1
-0.148	1.2
-0.148	1.2
-0.148	1.1
-0.148	1.2
-0.148	1.2
-0.148	1.2
-0.148	1.2
-0.148	1.2
-0.148	1.2
-0.148	1.3
-0.148	1.2
-0.148	1.2
-0.148	1.2
-0.148	1.2
-0.148	1.2
-0.148	1.2
-0.149	1.3
-0.149	1.4
-0.149	1.4
-0.149	1.3
-0.149	1.4
-0.149	1.3
-0.149	1.4
-0.149	1.3
-0.149	1.4
-0.149	1.4
-0.149	1.3
-0.149	1.4
-0.149	1.4
-0.149	1.4
-0.149	1.4
-0.149	1.4
-0.149	1.4
-0.150	1.4
-0.150	1.4
-0.150	1.4
-0.150	1.4
-0.150	1.4
-0.150	1.4
-0.150	1.4
-0.150	1.4
-0.150	1.4
-0.150	1.4
-0.150	1.4
-0.150	1.4
-0.150	1.4
-0.150	1.4
-0.150	1.4
-0.150	1.4
-0.150	1.4
-0.151	1.3
-0.151	1.3
-0.151	1.4
-0.151	1.3
-0.151	1.4
-0.151	1.4
-0.151	1.4
-0.151	1.4
-0.151	1.4
-0.151	1.3
-0.151	1.3
-0.151	1.4
-0.151	1.3
-0.151	1.3
-0.151	1.2
-0.151	1.3
-0.152	1.2
-0.152	1.2
-0.152	1.2
-0.152	1.2
-0.152	1.2
-0.152	1.2
-0.152	1.2
-0.152	1.2
-0.152	1.2
-0.152	1.2
-0.152	1.2
-0.152	1.2
-0.152	1.2
-0.152	1.2
-0.152	1.1
-0.152	1.1
-0.152	1.2
-0.152	1.1
-0.153	1.1
-0.153	1.1
-0.153	1.0
-0.153	1.1
-0.153	1.1
-0.153	1.0
-0.153	1.0
-0.153	1.0
-0.153	1.1
-0.153	1.0
-0.153	1.0
-0.153	1.0
-0.153	1.0
-0.153	1.0
-0.153	1.0
-0.153	1.0
-0.153	1.0
-0.153	1.0
-0.153	1.0
-0.153	0.9
-0.154	1.0
-0.154	1.0
-0.154	1.0
-0.154	1.0
-0.154	0.8
-0.154	0.8
-0.154	0.8
-0.154	0.8
-0.154	0.8
-0.154	0.8
-0.154	0.8
-0.154	0.8
-0.154	0.8
-0.154	0.8
-0.154	0.8
-0.154	0.8
-0.154	0.8
-0.154	0.8
-0.154	0.8
-0.155	0.8
-0.155	0.8
-0.155	0.8
-0.155	0.8
-0.155	0.8
-0.155	0.8
-0.155	0.8
-0.155	0.8
-0.155	0.8
-0.155	0.8
-0.155	0.8
-0.155	0.8
-0.155	0.8
-0.155	0.8
-0.155	0.8
-0.155	0.8
-0.155	0.8
-0.155	0.8
-0.155	0.6
-0.155	0.8
-0.155	0.6
-0.155	0.6
-0.156	0.8
-0.156	0.7
-0.156	0.6
-0.156	0.6
-0.156	0.6
-0.156	0.6
-0.156	0.6
-0.156	0.6
-0.156	0.6
-0.156	0.6
-0.156	0.6
-0.156	0.6
-0.156	0.6
-0.156	0.6
-0.156	0.6
-0.156	0.6
-0.156	0.6
-0.156	0.6
-0.156	0.6
-0.156	0.6
-0.157	0.6
-0.157	0.6
-0.157	0.6
-0.157	0.6
-0.157	0.6
-0.157	0.6
-0.157	0.6
-0.157	0.6
-0.157	0.6
-0.157	0.6
-0.157	0.6
-0.157	0.6
-0.157	0.6
-0.157	0.6
-0.157	0.6
-0.157	0.6
-0.157	0.6
-0.157	0.6
-0.157	0.6
-0.157	0.6
-0.158	0.6
-0.158	0.6
-0.158	0.6
-0.158	0.6
-0.158	0.6
-0.158	0.6
-0.158	0.6
-0.158	0.6
-0.158	0.6
-0.158	0.6
-0.158	0.6
-0.158	0.6
-0.158	0.6
-0.158	0.6
-0.158	0.6
-0.158	0.6
-0.158	0.6
-0.158	0.6
-0.158	0.6
-0.158	0.6
-0.159	0.6
-0.159	0.6
-0.159	0.6
-0.159	0.6
-0.159	0.6
-0.159	0.6
-0.159	0.6
-0.159	0.6
-0.159	0.6
-0.159	0.6
-0.159	0.6
-0.159	0.6
-0.159	0.6
-0.159	0.6
-0.159	0.6
-0.159	0.6
-0.159	0.6
-0.159	0.6
-0.159	0.6
-0.159	0.6
-0.159	0.6
-0.160	0.6
-0.160	0.6
-0.160	0.6
-0.160	0.6
-0.160	0.6
-0.160	0.6
-0.160	0.6
-0.160	0.6
-0.160	0.6
-0.160	0.6
-0.160	0.6
-0.160	0.6
-0.160	0.6
-0.160	0.6
-0.160	0.6
-0.160	0.6
-0.160	0.6
-0.160	0.6
-0.160	0.6
-0.160	0.6
-0.161	0.6
-0.161	0.6
-0.161	0.6
-0.161	0.6
-0.161	0.6
-0.161	0.6
-0.161	0.6
-0.161	0.6
-0.161	0.6
-0.161	0.6
-0.161	0.7
-0.161	0.6
-0.161	0.6
-0.161	0.6
-0.161	0.6
-0.161	0.6
-0.161	0.6
-0.161	0.6
-0.161	0.6
-0.162	0.6
-0.162	0.6
-0.162	0.6
-0.162	0.6
-0.162	0.6
-0.162	0.6
-0.162	0.6
-0.162	0.8
-0.162	0.6
-0.162	0.6
-0.162	0.6
-0.162	0.6
-0.162	0.6
-0.162	0.8
-0.162	0.6
-0.162	0.8
-0.162	0.6
-0.162	0.6
-0.162	0.6
-0.162	0.6
-0.162	0.8
-0.162	0.6
-0.162	0.6
-0.163	0.8
-0.163	0.6
-0.163	0.8
-0.163	0.6
-0.163	0.6
-0.163	0.6
-0.163	0.6
-0.163	0.6
-0.163	0.6
-0.163	0.6
-0.163	0.6
-0.163	0.6
-0.163	0.6
-0.163	0.6
-0.163	0.6
-0.163	0.6
-0.163	0.6
-0.163	0.8
-0.163	0.6
-0.163	0.6
-0.163	0.6
-0.163	0.6
-0.163	0.6
-0.163	0.6
-0.163	0.6
-0.163	0.6
-0.164	0.6
-0.164	0.6
-0.164	0.6
-0.164	0.6
-0.164	0.6
-0.164	0.6
-0.164	0.6
-0.164	0.6
-0.164	0.6
-0.164	0.6
-0.164	0.6
-0.164	0.6
-0.164	0.6
-0.164	0.6
-0.164	0.6
-0.164	0.8
-0.164	0.6
-0.164	0.6
-0.164	0.6
-0.164	0.6
-0.164	0.6
-0.164	0.6
-0.164	0.6
-0.164	0.6
-0.164	0.6
-0.164	0.6
-0.164	0.6
-0.165	0.6
-0.165	0.7
-0.165	0.6
-0.165	0.6
-0.165	0.6
-0.165	0.6
-0.165	0.6
-0.165	0.6
-0.165	0.6
-0.165	0.6
-0.165	0.6
-0.165	0.6
-0.165	0.6
-0.165	0.6
-0.165	0.6
-0.165	0.6
-0.165	0.6
-0.165	0.6
-0.165	0.6
-0.165	0.6
-0.165	0.6
-0.165	0.6
-0.165	0.6
-0.165	0.6
-0.165	0.6
-0.165	0.6
-0.165	0.6
-0.165	0.6
-0.166	0.6
-0.166	0.6
-0.166	0.6
-0.166	0.6
-0.166	0.6
-0.166	0.6
-0.166	0.6
-0.166	0.6
-0.166	0.6
-0.166	0.6
-0.166	0.6
-0.166	0.6
-0.166	0.6
-0.166	0.6
-0.166	0.6
-0.166	0.6
-0.166	0.6
-0.166	0.6
-0.166	0.6
-0.166	0.6
-0.166	0.6
-0.166	0.6
-0.166	0.6
-0.166	0.6
-0.166	0.6
-0.166	0.6
-0.166	0.6
-0.166	0.6
-0.166	0.6
-0.166	0.6
-0.167	0.6
-0.167	0.6
-0.167	0.6
-0.167	0.6
-0.167	0.6
-0.167	0.6
-0.167	0.6
-0.167	0.6
-0.167	0.6
-0.167	0.6
-0.167	0.6
-0.167	0.6
-0.167	0.6
-0.167	0.6
-0.167	0.6
-0.167	0.6
-0.167	0.6
-0.167	0.6
-0.167	0.6
-0.167	0.6
-0.167	0.6
-0.167	0.6
-0.167	0.6
-0.167	0.6
-0.167	0.6
-0.167	0.6
-0.167	0.5
-0.167	0.6
-0.167	0.6
-0.167	0.6
-0.168	0.6
-0.168	0.6
-0.168	0.6
-0.168	0.5
-0.168	0.6
-0.168	0.6
-0.168	0.6
-0.168	0.6
-0.168	0.6
-0.168	0.6
-0.168	0.6
-0.168	0.6
-0.168	0.6
-0.168	0.6
-0.168	0.6
-0.168	0.6
-0.168	0.6
-0.168	0.5
-0.168	0.6
-0.168	0.6
-0.168	0.6
-0.168	0.5
-0.168	0.6
-0.168	0.6
-0.168	0.6
-0.168	0.6
-0.168	0.6
-0.168	0.6
-0.168	0.6
-0.168	0.6
-0.168	0.6
-0.168	0.5
-0.169	0.6
-0.169	0.6
-0.169	0.5
-0.169	0.6
-0.169	0.5
-0.169	0.6
-0.169	0.5
-0.169	0.6
-0.169	0.5
-0.169	0.6
-0.169	0.6
-0.169	0.6
-0.169	0.6
-0.169	0.6
-0.169	0.6
-0.169	0.6
-0.169	0.6
-0.169	0.6
-0.169	0.6
-0.169	0.6
-0.169	0.6
-0.169	0.6
-0.169	0.5
-0.169	0.5
-0.169	0.6
-0.169	0.6
-0.169	0.6
-0.169	0.6
-0.169	0.6
-0.169	0.5
-0.169	0.6
-0.169	0.6
-0.169	0.6
-0.169	0.6
-0.169	0.6
-0.169	0.6
-0.169	0.6
-0.170	0.6
-0.170	0.5
-0.170	0.5
-0.170	0.5
-0.170	0.6
-0.170	0.6
-0.170	0.6
-0.170	0.6
-0.170	0.6
-0.170	0.5
-0.170	0.6
-0.170	0.6
-0.170	0.6
-0.170	0.6
-0.170	0.4
-0.170	0.5
-0.170	0.5
-0.170	0.4
-0.170	0.4
-0.170	0.6
-0.170	0.5
-0.170	0.6
-0.170	0.4
-0.170	0.6
-0.170	0.5
-0.170	0.5
-0.170	0.5
-0.170	0.6
-0.170	0.6
-0.170	0.6
-0.170	0.5
-0.170	0.5
-0.170	0.5
-0.171	0.5
-0.171	0.5
-0.171	0.6
-0.171	0.6
-0.171	0.5
-0.171	0.6
-0.171	0.4
-0.171	0.6
-0.171	0.6
-0.171	0.5
-0.171	0.5
-0.171	0.5
-0.171	0.4
-0.171	0.4
-0.171	0.5
-0.171	0.6
-0.171	0.6
-0.171	0.5
-0.171	0.6
-0.171	0.5
-0.171	0.5
-0.171	0.5
-0.171	0.6
-0.171	0.5
-0.172	0.6
-0.172	0.6
-0.172	0.6
-0.172	0.6
-0.172	0.6
-0.172	0.5
-0.172	0.6
-0.172	0.5
-0.172	0.5
-0.172	0.6
-0.172	0.5
-0.172	0.5
-0.172	0.5
-0.172	0.6
-0.172	0.5
-0.172	0.6
-0.172	0.6
-0.172	0.5
-0.172	0.6
-0.172	0.6
-0.172	0.6
-0.172	0.6
-0.172	0.6
-0.173	0.6
-0.173	0.5
-0.173	0.6
-0.173	0.6
-0.173	0.4
-0.173	0.5
-0.173	0.6
-0.173	0.6
-0.173	0.6
-0.173	0.6
-0.173	0.6
-0.173	0.5
-0.173	0.6
-0.173	0.5
-0.173	0.5
-0.173	0.5
-0.173	0.6
-0.173	0.6
-0.173	0.5
-0.173	0.5
-0.173	0.6
-0.173	0.6
-0.174	0.5
-0.174	0.5
-0.174	0.6
-0.174	0.6
-0.174	0.5
-0.174	0.6
-0.174	0.6
-0.174	0.6
-0.174	0.6
-0.174	0.5
-0.174	0.5
-0.174	0.6
-0.174	0.4
-0.174	0.4
-0.174	0.6
-0.174	0.5
-0.174	0.6
-0.174	0.6
-0.174	0.6
-0.174	0.6
-0.175	0.6
-0.175	0.4
-0.175	0.6
-0.175	0.6
-0.175	0.6
-0.175	0.5
-0.175	0.6
-0.175	0.5
-0.175	0.5
-0.175	0.5
-0.175	0.5
-0.175	0.5
-0.175	0.6
-0.175	0.5
-0.175	0.5
-0.175	0.6
-0.175	0.5
-0.175	0.6
-0.175	0.6
-0.175	0.6
-0.176	0.5
-0.176	0.6
-0.176	0.5
-0.176	0.6
-0.176	0.6
-0.176	0.6
-0.176	0.6
-0.176	0.6
-0.176	0.4
-0.176	0.5
-0.176	0.5
-0.176	0.5
-0.176	0.6
-0.176	0.5
-0.176	0.5
-0.177	0.5
-0.177	0.5
-0.177	0.6
-0.177	0.5
-0.177	0.5
-0.177	0.6
-0.177	0.6
-0.177	0.5
-0.177	0.6
-0.177	0.4
-0.177	0.5
-0.177	0.5
-0.178	0.4
-0.178	0.5
-0.178	0.6
-0.178	0.6
-0.178	0.5
-0.178	0.6
-0.178	0.6
-0.178	0.6
-0.178	0.6
-0.178	0.6
-0.179	0.6
-0.179	0.6
-0.179	0.5
-0.179	0.5
-0.179	0.5
-0.179	0.6
-0.179	0.6
-0.179	0.6
-0.179	0.6
-0.179	0.6
-0.179	0.6
-0.179	0.5
-0.179	0.6
-0.179	0.6
-0.180	0.6
-0.180	0.6
-0.180	0.6
-0.180	0.5
-0.180	0.6
-0.180	0.5
-0.180	0.6
-0.180	0.6
-0.180	0.6
-0.180	0.6
-0.180	0.6
-0.180	0.6
-0.180	0.6
-0.180	0.6
-0.181	0.6
-0.181	0.6
-0.181	0.6
-0.181	0.5
-0.181	0.5
-0.181	0.6
-0.181	0.6
-0.181	0.6
-0.181	0.6
-0.181	0.6
-0.181	0.5
-0.181	0.6
-0.181	0.5
-0.181	0.5
-0.181	0.6
-0.181	0.6
-0.181	0.6
-0.181	0.6
-0.181	0.5
-0.181	0.5
-0.181	0.5
-0.181	0.6
-0.181	0.6
-0.181	0.6
-0.181	0.5
-0.181	0.5
-0.181	0.5
-0.181	0.5
-0.181	0.4
-0.181	0.6
-0.181	0.5
-0.181	0.5
-0.181	0.6
-0.181	0.6
-0.181	0.6
-0.181	0.6
-0.181	0.5
-0.181	0.6
-0.181	0.6
-0.181	0.5
-0.181	0.5
-0.181	0.5
-0.181	0.6
-0.181	0.4
-0.181	0.5
-0.181	0.6
-0.181	0.6
-0.181	0.5
-0.181	0.5
-0.181	0.5
-0.181	0.4
-0.181	0.6
-0.181	0.6
-0.181	0.5
-0.181	0.5
-0.181	0.6
-0.181	0.5
-0.181	0.5
-0.181	0.6
-0.181	0.6
-0.181	0.4
-0.181	0.5
-0.181	0.6
-0.181	0.4
-0.181	0.6
-0.181	0.6
-0.181	0.5
-0.181	0.5
-0.181	0.6
-0.181	0.5
-0.181	0.6
-0.181	0.5
-0.181	0.6
-0.181	0.5
-0.181	0.6
-0.181	0.6
-0.181	0.5
-0.181	0.5
-0.181	0.6
-0.181	0.5
-0.181	0.5
-0.181	0.4
-0.181	0.5
-0.181	0.5
-0.181	0.5
-0.181	0.5
-0.181	0.5
-0.181	0.6
-0.181	0.6
-0.181	0.6
-0.181	0.6
-0.181	0.5
-0.181	0.6
-0.181	0.4
-0.181	0.5
-0.181	0.5
-0.181	0.5
-0.181	0.5
-0.181	0.6
-0.181	0.6
-0.181	0.5
-0.181	0.6
-0.181	0.6
-0.181	0.6
-0.181	0.5
-0.181	0.6
-0.181	0.5
-0.181	0.6
-0.181	0.5
-0.181	0.6
-0.181	0.5
-0.181	0.5
-0.181	0.5
-0.181	0.5
-0.181	0.6
-0.181	0.6
-0.181	0.5
-0.181	0.5
-0.181	0.5
-0.181	0.5
-0.181	0.6
-0.181	0.5
-0.181	0.5
-0.181	0.5
-0.181	0.5
-0.181	0.4
-0.181	0.6
-0.181	0.4
-0.181	0.5
-0.181	0.6
-0.181	0.5
-0.181	0.4
-0.181	0.6
-0.181	0.5
-0.181	0.4
-0.181	0.6
-0.181	0.6
-0.181	0.5
-0.181	0.5
-0.181	0.6
-0.181	0.5
-0.181	0.4
-0.181	0.5
-0.181	0.5
-0.181	0.5
-0.181	0.5
-0.181	0.5
-0.181	0.5
-0.181	0.5
-0.181	0.6
-0.181	0.5
-0.181	0.6
-0.181	0.6
-0.181	0.5
-0.181	0.5
-0.181	0.5
-0.181	0.5
-0.181	0.5
-0.181	0.4
-0.181	0.5
-0.181	0.6
-0.181	0.5
-0.181	0.6
-0.181	0.5
-0.181	0.5
-0.181	0.6
-0.181	0.5
-0.181	0.5
-0.181	0.5
-0.181	0.6
-0.181	0.5
-0.181	0.5
-0.181	0.6
-0.181	0.5
-0.181	0.6
-0.181	0.5
-0.181	0.5
-0.181	0.4
-0.181	0.6
-0.181	0.4
-0.181	0.5
-0.181	0.6
-0.181	0.6
-0.181	0.6
-0.181	0.6
-0.181	0.6
-0.181	0.5
-0.181	0.6
-0.181	0.5
-0.181	0.5
-0.181	0.5
-0.181	0.5
-0.181	0.5
-0.181	0.4
-0.181	0.6
-0.181	0.6
-0.181	0.5
-0.181	0.5
-0.181	0.5
-0.181	0.6
-0.181	0.6
-0.181	0.5
-0.181	0.5
-0.181	0.6
-0.181	0.6
-0.181	0.6
-0.181	0.6
-0.181	0.4
-0.181	0.4
-0.181	0.6
-0.181	0.5
-0.181	0.5
-0.181	0.5
-0.181	0.4
-0.181	0.4
-0.181	0.5
-0.181	0.6
-0.181	0.6
-0.181	0.6
-0.181	0.5
-0.181	0.6
-0.181	0.4
-0.181	0.5
-0.181	0.5
-0.181	0.5
-0.181	0.6
-0.181	0.5
-0.181	0.6
-0.181	0.5
-0.181	0.5
-0.181	0.6
-0.181	0.6
-0.181	0.6
-0.181	0.6
-0.181	0.6
-0.181	0.5
-0.181	0.5
-0.181	0.4
-0.181	0.5
-0.181	0.5
-0.181	0.5
-0.181	0.5
-0.181	0.5
-0.181	0.5
-0.181	0.5
-0.181	0.5
-0.181	0.5
-0.181	0.5
-0.181	0.6
-0.181	0.6
-0.181	0.6
-0.181	0.6
-0.181	0.5
-0.181	0.5
-0.181	0.5
-0.181	0.5
-0.181	0.4
-0.181	0.5
-0.181	0.6
-0.181	0.4
-0.181	0.6
-0.181	0.6
-0.181	0.5
-0.181	0.5
-0.181	0.6
-0.181	0.6
-0.181	0.5
-0.181	0.5
-0.181	0.6
-0.181	0.6
-0.181	0.6
-0.181	0.6
-0.181	0.4
-0.181	0.5
-0.181	0.6
-0.181	0.5
-0.181	0.5
-0.181	0.6
-0.181	0.6
-0.181	0.6
-0.181	0.6
-0.181	0.6
-0.181	0.5
-0.181	0.6
-0.181	0.6
-0.181	0.6
-0.181	0.6
-0.181	0.5
-0.181	0.4
-0.181	0.5
-0.181	0.5
-0.181	0.5
-0.181	0.5
-0.181	0.5
-0.181	0.6
-0.181	0.6
-0.181	0.6
-0.181	0.5
-0.181	0.5
-0.181	0.6
-0.181	0.5
-0.181	0.6
-0.181	0.5
-0.181	0.6
-0.181	0.5
-0.181	0.6
-0.181	0.6
-0.181	0.5
-0.181	0.5
-0.181	0.6
-0.181	0.5
-0.181	0.5
-0.181	0.5
-0.181	0.6
-0.181	0.6
-0.181	0.6
-0.181	0.5
-0.181	0.6
-0.181	0.5
-0.181	0.6
-0.181	0.6
-0.181	0.5
-0.181	0.5
-0.181	0.4
-0.181	0.5
-0.181	0.6
-0.181	0.5
-0.181	0.5
-0.181	0.5
-0.181	0.6
-0.181	0.6
-0.181	0.6
-0.181	0.5
-0.181	0.5
-0.181	0.6
-0.181	0.5
-0.181	0.6
-0.181	0.6
-0.181	0.5
-0.181	0.6
-0.181	0.6
-0.181	0.5
-0.181	0.5
-0.181	0.5
-0.181	0.5
-0.181	0.6
-0.181	0.6
-0.181	0.6
-0.181	0.6
-0.181	0.5
-0.181	0.6
-0.181	0.6
-0.181	0.6
-0.181	0.6
-0.181	0.6
-0.181	0.6
-0.181	0.5
-0.181	0.6
-0.181	0.6
-0.181	0.6
-0.181	0.6
-0.181	0.5
-0.181	0.6
-0.181	0.5
-0.181	0.6
-0.181	0.6
-0.181	0.6
-0.181	0.6
-0.181	0.6
-0.181	0.6
-0.181	0.6
-0.181	0.5
-0.181	0.6
-0.181	0.5
-0.181	0.6
-0.181	0.6
-0.181	0.6
-0.181	0.5
-0.181	0.5
-0.181	0.5
-0.181	0.6
-0.181	0.5
-0.181	0.6
-0.181	0.6
-0.181	0.6
-0.181	0.6
-0.181	0.6
-0.181	0.6
-0.181	0.6
-0.181	0.6
-0.181	0.6
-0.181	0.6
-0.181	0.5
-0.181	0.6
-0.181	0.5
-0.181	0.6
-0.181	0.6
-0.181	0.4
-0.181	0.5
-0.181	0.6
-0.181	0.6
-0.181	0.6
-0.181	0.6
-0.181	0.6
-0.181	0.6
-0.181	0.6
-0.181	0.6
-0.181	0.6
-0.181	0.6
-0.181	0.5
-0.181	0.5
-0.181	0.6
-0.181	0.5
-0.181	0.6
-0.181	0.4
-0.181	0.6
-0.181	0.6
-0.181	0.6
-0.181	0.6
-0.181	0.6
-0.181	0.6
-0.181	0.5
-0.181	0.5
-0.181	0.5
-0.181	0.6
-0.181	0.6
-0.181	0.6
-0.181	0.6
-0.181	0.6
-0.181	0.6
-0.181	0.6
-0.181	0.6
-0.181	0.5
-0.181	0.6
-0.181	0.6
-0.181	0.6
-0.181	0.6
-0.181	0.5
-0.181	0.5
-0.181	0.6
-0.181	0.6
-0.181	0.6
-0.181	0.6
-0.181	0.5
-0.181	0.6
-0.181	0.6
-0.181	0.6
-0.181	0.6
-0.181	0.6
-0.181	0.6
-0.181	0.6
-0.181	0.6
-0.181	0.6
-0.181	0.6
-0.181	0.6
-0.181	0.5
-0.181	0.6
-0.181	0.6
-0.181	0.6
-0.181	0.6
-0.181	0.5
-0.181	0.5
-0.181	0.5
-0.181	0.5
-0.181	0.6
-0.181	0.6
-0.181	0.6
-0.181	0.6
-0.181	0.5
-0.181	0.6
-0.181	0.5
-0.181	0.6
-0.181	0.6
-0.181	0.6
-0.181	0.5
-0.181	0.5
-0.181	0.6
-0.181	0.6
-0.181	0.6
-0.181	0.5
-0.181	0.6
-0.181	0.6
-0.181	0.6
-0.181	0.6
-0.181	0.5
-0.181	0.6
-0.181	0.6
-0.181	0.6
-0.181	0.6
-0.181	0.6
-0.181	0.6
-0.181	0.6
-0.181	0.6
-0.181	0.6
-0.181	0.6
-0.181	0.6
-0.181	0.6
-0.181	0.5
-0.181	0.6
-0.181	0.6
-0.181	0.6
-0.181	0.6
-0.181	0.6
-0.181	0.6
-0.181	0.6
-0.181	0.6
-0.181	0.6
-0.181	0.6
-0.181	0.6
-0.181	0.6
-0.181	0.6
-0.181	0.5
-0.181	0.6
-0.181	0.6
-0.181	0.6
-0.181	0.6
-0.181	0.5
-0.181	0.6
-0.181	0.6
-0.181	0.6
-0.181	0.6
-0.181	0.6
-0.181	0.6
-0.181	0.6
-0.181	0.6
-0.181	0.6
-0.181	0.6
-0.181	0.6
