345.44	2.161
345.66	2.175
345.88	2.189
346.10	1.306
346.31	2.955
346.53	-0.728
346.75	-0.268
346.97	0.752
347.19	-2.013
347.41	-0.154
347.63	0.507
347.85	2.952
348.07	4.988
348.29	-0.645
348.51	1.244
348.73	-7.730
348.95	0.949
349.17	0.224
349.39	0.418
349.61	0.966
349.83	0.288
350.05	0.332
350.27	-0.497
350.49	-0.322
350.71	0.766
350.93	0.792
351.15	0.590
351.37	1.270
351.59	0.031
351.80	0.379
352.02	0.193
352.24	-0.777
352.46	1.318
352.68	0.597
352.90	-0.013
353.12	-0.087
353.34	0.846
353.56	0.422
353.78	0.318
354.00	0.234
354.22	0.949
354.44	0.957
354.66	2.304
354.88	0.733
355.09	1.172
355.31	62.535
355.53	1.084
355.75	-1.320
355.97	0.413
356.19	0.710
356.41	1.149
356.63	0.769
356.85	0.000
357.07	0.538
357.29	0.424
357.50	-0.276
357.72	0.670
357.94	0.907
358.16	0.344
358.38	0.300
358.60	0.468
358.82	-0.501
359.04	1.844
359.26	0.907
359.48	0.855
359.69	0.307
359.91	1.879
360.13	0.715
360.35	-1.030
360.57	0.919
360.79	0.486
361.01	0.896
361.23	-2.388
361.45	0.373
361.66	0.081
361.88	1.219
362.10	0.997
362.32	0.853
362.54	0.499
362.76	-2.201
362.98	-0.019
363.20	-0.057
363.41	1.792
363.63	-0.147
363.85	0.861
364.07	1.460
364.29	0.322
364.51	0.670
364.73	-4.963
364.94	1.344
365.16	1.032
365.38	0.665
365.60	1.338
365.82	-1.085
366.04	-0.069
366.26	0.894
366.47	0.336
366.69	0.423
366.91	1.009
367.13	-0.335
367.35	0.529
367.57	0.499
367.79	3.212
368.00	-0.273
368.22	0.099
368.44	0.469
368.66	-0.600
368.88	0.522
369.10	1.614
369.31	0.591
369.53	1.626
369.75	0.727
369.97	-0.201
370.19	1.674
370.41	0.675
370.62	1.115
370.84	1.755
371.06	0.593
371.28	0.668
371.50	1.369
371.71	1.210
371.93	0.827
372.15	0.114
372.37	1.507
372.59	1.109
372.80	0.551
373.02	-0.024
373.24	1.383
373.46	-0.424
373.68	1.668
373.90	0.166
374.11	1.856
374.33	-0.903
374.55	1.564
374.77	0.509
374.98	0.595
375.20	2.018
375.42	-0.406
375.64	1.629
375.86	0.200
376.07	1.416
376.29	2.133
376.51	-1.541
376.73	1.605
376.95	0.899
377.16	0.829
377.38	0.728
377.60	0.890
377.82	1.533
378.03	1.823
378.25	1.329
378.47	0.355
378.69	2.060
378.91	1.522
379.12	0.517
379.34	3.114
379.56	0.515
379.78	1.044
379.99	1.264
380.21	0.292
380.43	0.303
380.65	1.154
380.86	1.747
381.08	0.997
381.30	-0.127
381.52	1.734
381.73	0.269
381.95	0.936
382.17	1.664
382.39	1.691
382.60	0.777
382.82	1.793
383.04	0.631
383.26	0.725
383.47	1.026
383.69	0.120
383.91	0.173
384.13	-0.380
384.34	1.026
384.56	1.617
384.78	0.488
385.00	0.215
385.21	0.936
385.43	-1.731
385.65	-0.636
385.86	0.708
386.08	2.160
386.30	2.248
386.52	1.157
386.73	-0.885
386.95	1.807
387.17	1.241
387.38	0.950
387.60	1.077
387.82	2.273
388.04	0.634
388.25	2.064
388.47	-0.199
388.69	-1.065
388.90	0.900
389.12	0.836
389.34	2.121
389.56	2.453
389.77	1.378
389.99	1.503
390.21	1.526
390.42	1.981
390.64	0.579
390.86	2.129
391.07	0.922
391.29	0.724
391.51	1.485
391.72	0.905
391.94	-0.360
392.16	2.968
392.38	1.776
392.59	2.593
392.81	1.044
393.03	1.069
393.24	2.329
393.46	0.973
393.68	1.348
393.89	1.184
394.11	1.846
394.33	2.631
394.54	0.471
394.76	1.979
394.98	1.484
395.19	0.583
395.41	0.051
395.63	0.838
395.84	2.547
396.06	1.304
396.28	2.449
396.49	1.331
396.71	1.115
396.93	0.357
397.14	1.628
397.36	1.559
397.57	0.991
397.79	2.515
398.01	1.827
398.22	1.310
398.44	1.395
398.66	1.895
398.87	0.707
399.09	2.395
399.31	1.241
399.52	2.443
399.74	2.501
399.96	1.760
400.17	3.178
400.39	1.040
400.60	2.944
400.82	2.310
401.04	1.656
401.25	2.334
401.47	2.691
401.69	2.572
401.90	2.387
402.12	2.091
402.33	2.255
402.55	2.454
402.77	2.090
402.98	1.708
403.20	2.799
403.41	2.570
403.63	2.491
403.85	3.176
404.06	1.868
404.28	2.559
404.49	0.949
404.71	1.513
404.93	2.784
405.14	2.932
405.36	1.449
405.57	3.028
405.79	1.137
406.01	3.097
406.22	1.819
406.44	1.948
406.65	3.659
406.87	3.285
407.09	2.219
407.30	2.407
407.52	3.345
407.73	1.758
407.95	3.319
408.17	3.384
408.38	3.202
408.60	2.226
408.81	3.466
409.03	3.141
409.24	2.331
409.46	3.046
409.68	2.812
409.89	3.204
410.11	2.030
410.32	3.281
410.54	2.693
410.75	3.106
410.97	2.737
411.18	3.367
411.40	1.969
411.62	1.432
411.83	2.019
412.05	3.268
412.26	2.596
412.48	3.989
412.69	2.632
412.91	3.062
413.12	2.727
413.34	3.348
413.56	3.718
413.77	2.938
413.99	1.901
414.20	2.370
414.42	4.433
414.63	3.619
414.85	3.934
415.06	3.085
415.28	3.784
415.49	3.145
415.71	3.015
415.92	4.197
416.14	3.288
416.35	4.636
416.57	3.121
416.79	2.780
417.00	3.066
417.22	4.213
417.43	2.375
417.65	3.394
417.86	3.357
418.08	4.312
418.29	3.572
418.51	3.292
418.72	3.930
418.94	4.433
419.15	3.630
419.37	3.386
419.58	3.930
419.80	3.554
420.01	4.535
420.23	3.836
420.44	1.833
420.66	4.147
420.87	4.512
421.09	3.965
421.30	4.209
421.52	3.958
421.73	3.488
421.95	4.481
422.16	3.818
422.38	4.945
422.59	4.520
422.81	4.394
423.02	3.495
423.23	4.295
423.45	4.375
423.66	4.384
423.88	4.500
424.09	4.743
424.31	4.168
424.52	5.348
424.74	4.783
424.95	4.239
425.17	4.560
425.38	4.151
425.60	3.368
425.81	4.427
426.03	4.873
426.24	4.642
426.45	4.597
426.67	3.425
426.88	4.394
427.10	4.000
427.31	4.087
427.53	4.372
427.74	4.802
427.96	4.408
428.17	4.385
428.39	4.710
428.60	4.690
428.81	4.892
429.03	5.469
429.24	4.214
429.46	4.483
429.67	5.661
429.89	4.602
430.10	4.728
430.31	4.801
430.53	4.691
430.74	5.295
430.96	5.613
431.17	6.373
431.39	6.315
431.60	5.867
431.81	4.646
432.03	4.670
432.24	5.449
432.46	5.124
432.67	5.611
432.89	5.176
433.10	5.239
433.31	5.331
433.53	5.845
433.74	5.204
433.96	5.445
434.17	4.947
434.38	5.183
434.60	6.261
434.81	5.542
435.03	4.888
435.24	5.399
435.45	6.690
435.67	5.899
435.88	5.463
436.10	5.877
436.31	5.282
436.52	6.118
436.74	5.675
436.95	6.614
437.17	5.233
437.38	5.762
437.59	6.093
437.81	5.827
438.02	5.929
438.23	5.674
438.45	6.726
438.66	6.034
438.88	6.409
439.09	6.173
439.30	5.665
439.52	6.239
439.73	6.499
439.94	6.354
440.16	6.413
440.37	6.134
440.58	6.641
440.80	7.212
441.01	6.540
441.23	6.310
441.44	6.163
441.65	6.740
441.87	6.062
442.08	6.713
442.29	6.403
442.51	6.521
442.72	6.586
442.93	6.752
443.15	6.948
443.36	6.514
443.57	7.175
443.79	7.221
444.00	6.955
444.21	7.149
444.43	7.111
444.64	7.132
444.85	6.812
445.07	7.795
445.28	7.242
445.49	6.602
445.71	7.594
445.92	7.295
446.13	7.122
446.35	7.502
446.56	6.592
446.77	7.445
446.99	7.273
447.20	6.986
447.41	7.196
447.63	6.780
447.84	7.578
448.05	7.369
448.27	8.368
448.48	7.876
448.69	6.618
448.90	7.784
449.12	7.610
449.33	7.774
449.54	7.919
449.76	8.142
449.97	7.418
450.18	7.908
450.40	7.949
450.61	7.491
450.82	7.714
451.03	8.031
451.25	7.382
451.46	7.112
451.67	7.630
451.89	7.779
452.10	7.559
452.31	7.820
452.52	8.264
452.74	7.446
452.95	7.201
453.16	8.093
453.38	8.505
453.59	7.985
453.80	8.500
454.01	8.556
454.23	8.082
454.44	7.831
454.65	8.923
454.86	8.737
455.08	8.275
455.29	8.316
455.50	8.728
455.71	8.984
455.93	8.381
456.14	8.580
456.35	8.104
456.56	8.231
456.78	8.699
456.99	8.555
457.20	8.851
457.41	9.053
457.63	8.611
457.84	8.595
458.05	9.087
458.26	8.738
458.48	8.765
458.69	9.673
458.90	9.192
459.11	8.167
459.33	9.291
459.54	8.798
459.75	8.279
459.96	9.271
460.18	8.969
460.39	8.950
460.60	9.022
460.81	8.820
461.02	8.923
461.24	9.461
461.45	9.144
461.66	9.919
461.87	9.206
462.09	9.364
462.30	10.098
462.51	9.496
462.72	9.407
462.93	9.182
463.15	9.324
463.36	10.105
463.57	9.763
463.78	9.890
463.99	9.883
464.21	9.269
464.42	9.793
464.63	9.584
464.84	9.881
465.05	10.110
465.27	10.182
465.48	9.730
465.69	10.222
465.90	9.909
466.11	10.336
466.33	9.825
466.54	10.272
466.75	9.911
466.96	9.757
467.17	9.985
467.38	10.115
467.60	10.635
467.81	10.128
468.02	10.447
468.23	10.246
468.44	10.516
468.65	10.348
468.87	9.810
469.08	10.277
469.29	9.988
469.50	9.758
469.71	10.451
469.92	10.513
470.14	10.835
470.35	11.177
470.56	10.584
470.77	10.148
470.98	10.407
471.19	10.796
471.41	10.462
471.62	11.367
471.83	10.778
472.04	11.189
472.25	10.984
472.46	10.964
472.67	11.334
472.89	10.871
473.10	11.213
473.31	10.852
473.52	11.237
473.73	11.048
473.94	11.149
474.15	11.193
474.37	11.723
474.58	11.399
474.79	11.299
475.00	11.145
475.21	11.399
475.42	11.420
475.63	11.573
475.84	11.369
476.06	11.739
476.27	11.473
476.48	11.850
476.69	11.446
476.90	11.396
477.11	11.772
477.32	11.936
477.53	11.883
477.74	11.504
477.96	11.606
478.17	11.440
478.38	11.694
478.59	11.518
478.80	11.943
479.01	11.873
479.22	11.905
479.43	11.957
479.64	12.261
479.85	12.109
480.06	11.629
480.28	11.912
480.49	12.125
480.70	12.020
480.91	12.109
481.12	11.952
481.33	12.104
481.54	12.192
481.75	12.054
481.96	12.712
482.17	12.061
482.38	11.915
482.59	12.246
482.81	12.488
483.02	12.619
483.23	12.517
483.44	12.239
483.65	12.793
483.86	12.323
484.07	12.648
484.28	12.553
484.49	12.514
484.70	12.459
484.91	12.368
485.12	12.735
485.33	12.864
485.54	12.969
485.75	12.767
485.96	12.802
486.17	12.833
486.38	12.736
486.60	12.797
486.81	13.185
487.02	13.018
487.23	13.072
487.44	13.110
487.65	12.956
487.86	12.991
488.07	13.291
488.28	13.099
488.49	13.024
488.70	13.138
488.91	13.221
489.12	13.179
489.33	13.280
489.54	13.321
489.75	13.271
489.96	13.281
490.17	13.338
490.38	13.837
490.59	13.556
490.80	13.380
491.01	13.479
491.22	13.313
491.43	13.362
491.64	13.583
491.85	13.650
492.06	13.728
492.27	13.555
492.48	13.638
492.69	13.756
492.90	13.814
493.11	13.549
493.32	13.569
493.53	13.431
493.74	13.775
493.95	13.848
494.16	13.757
494.37	13.776
494.58	13.856
494.79	13.867
495.00	14.019
495.21	14.214
495.42	14.141
495.63	13.918
495.84	14.219
496.05	14.060
496.26	13.938
496.47	13.943
496.68	14.127
496.89	14.213
497.10	14.312
497.31	14.440
497.52	14.057
497.73	14.511
497.94	14.383
498.15	14.440
498.36	14.189
498.57	14.347
498.78	14.335
498.99	14.489
499.19	14.438
499.40	14.427
499.61	14.535
499.82	14.466
500.03	14.732
500.24	14.512
500.45	14.323
500.66	14.792
500.87	14.654
501.08	14.693
501.29	14.657
501.50	14.466
501.71	14.730
501.92	14.845
502.13	14.935
502.34	14.898
502.55	14.851
502.76	14.651
502.96	14.733
503.17	14.913
503.38	14.893
503.59	14.963
503.80	14.809
504.01	14.976
504.22	14.973
504.43	15.073
504.64	14.730
504.85	14.894
505.06	14.942
505.27	15.039
505.47	15.049
505.68	15.218
505.89	15.107
506.10	14.966
506.31	15.013
506.52	15.107
506.73	14.911
506.94	15.012
507.15	15.279
507.36	15.091
507.56	15.065
507.77	15.192
507.98	15.171
508.19	15.370
508.40	15.087
508.61	15.031
508.82	14.999
509.03	15.317
509.24	15.262
509.44	15.357
509.65	15.194
509.86	15.193
510.07	15.288
510.28	15.259
510.49	15.314
510.70	15.357
510.91	15.263
511.11	15.165
511.32	15.306
511.53	15.262
511.74	15.645
511.95	15.300
512.16	15.425
512.37	15.402
512.58	15.388
512.78	15.086
512.99	15.568
513.20	15.457
513.41	15.502
513.62	15.240
513.83	15.299
514.04	15.257
514.24	15.463
514.45	15.327
514.66	15.348
514.87	15.421
515.08	15.351
515.29	15.529
515.49	15.268
515.70	15.511
515.91	15.328
516.12	15.440
516.33	15.478
516.54	15.409
516.74	15.413
516.95	15.701
517.16	15.372
517.37	15.354
517.58	15.601
517.79	15.591
517.99	15.447
518.20	15.465
518.41	15.466
518.62	15.561
518.83	15.151
519.03	15.335
519.24	15.389
519.45	15.612
519.66	15.460
519.87	15.433
520.07	15.583
520.28	15.378
520.49	15.744
520.70	15.387
520.91	15.485
521.12	15.339
521.32	15.580
521.53	15.315
521.74	15.625
521.95	15.409
522.15	15.406
522.36	15.344
522.57	15.473
522.78	15.446
522.99	15.385
523.19	15.441
523.40	15.518
523.61	15.455
523.82	15.233
524.03	15.452
524.23	15.492
524.44	15.223
524.65	15.315
524.86	15.129
525.06	15.433
525.27	15.292
525.48	15.298
525.69	15.265
525.89	15.429
526.10	15.383
526.31	15.161
526.52	15.226
526.72	15.165
526.93	15.179
527.14	15.312
527.35	15.278
527.56	15.061
527.76	15.124
527.97	15.053
528.18	15.038
528.38	15.079
528.59	14.985
528.80	14.992
529.01	14.963
529.21	15.053
529.42	15.140
529.63	15.012
529.84	15.019
530.04	14.968
530.25	14.934
530.46	15.025
530.67	14.891
530.87	14.807
531.08	14.847
531.29	14.823
531.50	14.845
531.70	14.697
531.91	14.827
532.12	14.898
532.32	14.693
532.53	14.681
532.74	14.699
532.95	14.803
533.15	14.764
533.36	14.709
533.57	14.555
533.77	14.285
533.98	14.557
534.19	14.527
534.39	14.352
534.60	14.414
534.81	14.537
535.02	14.438
535.22	14.305
535.43	14.427
535.64	14.304
535.84	14.354
536.05	14.402
536.26	14.235
536.46	14.249
536.67	14.237
536.88	14.124
537.08	14.024
537.29	14.151
537.50	14.077
537.70	14.059
537.91	13.810
538.12	14.046
538.33	13.697
538.53	13.750
538.74	14.021
538.95	13.706
539.15	13.669
539.36	13.696
539.57	13.499
539.77	13.691
539.98	13.508
540.18	13.495
540.39	13.566
540.60	13.458
540.80	13.522
541.01	13.220
541.22	13.476
541.42	13.372
541.63	13.342
541.84	13.312
542.04	13.051
542.25	13.043
542.46	13.035
542.66	13.069
542.87	12.899
543.08	12.849
543.28	12.821
543.49	12.741
543.69	12.529
543.90	12.752
544.11	12.623
544.31	12.463
544.52	12.413
544.73	12.320
544.93	12.362
545.14	12.325
545.34	12.172
545.55	12.199
545.76	11.963
545.96	12.120
546.17	11.900
546.38	11.839
546.58	11.909
546.79	11.720
546.99	11.816
547.20	11.772
547.41	11.496
547.61	11.579
547.82	11.498
548.02	11.558
548.23	11.399
548.44	11.353
548.64	11.244
548.85	11.089
549.05	11.147
549.26	11.153
549.47	10.931
549.67	10.872
549.88	10.812
550.08	10.752
550.29	10.679
550.50	10.586
550.70	10.521
550.91	10.337
551.11	10.275
551.32	10.203
551.52	10.170
551.73	10.160
551.94	10.040
552.14	9.946
552.35	10.029
552.55	9.823
552.76	9.811
552.96	9.646
553.17	9.690
553.38	9.568
553.58	9.557
553.79	9.410
553.99	9.414
554.20	9.309
554.40	9.248
554.61	9.186
554.81	8.980
555.02	9.032
555.23	8.873
555.43	8.886
555.64	8.634
555.84	8.604
556.05	8.595
556.25	8.550
556.46	8.424
556.66	8.332
556.87	8.278
557.07	8.143
557.28	8.131
557.48	7.959
557.69	7.992
557.90	7.760
558.10	7.814
558.31	7.759
558.51	7.654
558.72	7.487
558.92	7.448
559.13	7.400
559.33	7.314
559.54	7.333
559.74	7.182
559.95	7.039
560.15	7.024
560.36	7.088
560.56	7.018
560.77	6.850
560.97	6.799
561.18	6.752
561.38	6.676
561.59	6.611
561.79	6.482
562.00	6.460
562.20	6.414
562.41	6.411
562.61	6.272
562.82	6.293
563.02	6.099
563.23	6.069
563.43	5.996
563.64	5.938
563.84	5.829
564.05	5.892
564.25	5.892
564.46	5.794
564.66	5.698
564.87	5.644
565.07	5.504
565.28	5.454
565.48	5.519
565.68	5.332
565.89	5.389
566.09	5.310
566.30	5.159
566.50	5.121
566.71	5.181
566.91	5.137
567.12	5.130
567.32	4.932
567.53	5.116
567.73	4.960
567.94	4.940
568.14	4.853
568.34	4.751
568.55	4.695
568.75	4.681
568.96	4.741
569.16	4.599
569.37	4.524
569.57	4.565
569.78	4.456
569.98	4.420
570.18	4.448
570.39	4.381
570.59	4.351
570.80	4.299
571.00	4.399
571.21	4.282
571.41	4.104
571.61	4.180
571.82	4.096
572.02	4.105
572.23	4.062
572.43	3.945
572.64	3.974
572.84	3.879
573.04	3.850
573.25	3.809
573.45	3.767
573.66	3.790
573.86	3.725
574.06	3.661
574.27	3.616
574.47	3.617
574.68	3.562
574.88	3.521
575.08	3.479
575.29	3.362
575.49	3.478
575.70	3.395
575.90	3.423
576.10	3.359
576.31	3.349
576.51	3.294
576.72	3.217
576.92	3.244
577.12	3.288
577.33	3.307
577.53	3.286
577.73	3.092
577.94	3.149
578.14	3.127
578.35	3.182
578.55	3.081
578.75	3.069
578.96	3.009
579.16	2.949
579.36	3.049
579.57	2.963
579.77	2.878
579.98	2.907
580.18	2.839
580.38	2.916
580.59	2.871
580.79	2.751
580.99	2.819
581.20	2.811
581.40	2.775
581.60	2.767
581.81	2.682
582.01	2.668
582.21	2.680
582.42	2.761
582.62	2.724
582.82	2.561
583.03	2.617
583.23	2.585
583.43	2.601
583.64	2.518
583.84	2.547
584.04	2.561
584.25	2.482
584.45	2.524
584.65	2.457
584.86	2.487
585.06	2.499
585.26	2.418
585.47	2.492
585.67	2.441
585.87	2.395
586.08	2.446
586.28	2.351
586.48	2.333
586.69	2.379
586.89	2.345
587.09	2.317
587.30	2.322
587.50	2.300
587.70	2.378
587.90	2.290
588.11	2.232
588.31	2.289
588.51	2.224
588.72	2.263
588.92	2.236
589.12	2.209
589.33	2.234
589.53	2.223
589.73	2.199
589.93	2.126
590.14	2.103
590.34	2.110
590.54	2.117
590.75	2.098
590.95	2.129
591.15	2.049
591.35	1.938
591.56	2.001
591.76	1.999
591.96	2.024
592.16	2.007
592.37	1.950
592.57	1.988
592.77	1.898
592.97	2.037
593.18	1.878
593.38	1.876
593.58	1.935
593.79	1.856
593.99	1.829
594.19	1.877
594.39	1.873
594.60	1.819
594.80	1.829
595.00	1.736
595.20	1.700
595.41	1.737
595.61	1.702
595.81	1.737
596.01	1.714
596.21	1.638
596.42	1.709
596.62	1.664
596.82	1.618
597.02	1.615
597.23	1.639
597.43	1.617
597.63	1.593
597.83	1.571
598.04	1.602
598.24	1.498
598.44	1.517
598.64	1.489
598.84	1.512
599.05	1.465
599.25	1.490
599.45	1.455
599.65	1.456
599.85	1.451
600.06	1.391
600.26	1.370
600.46	1.385
600.66	1.343
600.87	1.352
601.07	1.360
601.27	1.369
601.47	1.373
601.67	1.295
601.87	1.282
602.08	1.300
602.28	1.309
602.48	1.259
602.68	1.190
602.88	1.221
603.09	1.214
603.29	1.166
603.49	1.230
603.69	1.202
603.89	1.214
604.10	1.154
604.30	1.221
604.50	1.124
604.70	1.127
604.90	1.116
605.10	1.111
605.31	1.170
605.51	1.119
605.71	1.105
605.91	1.087
606.11	1.075
606.31	1.063
606.52	1.145
606.72	1.095
606.92	1.146
607.12	1.105
607.32	1.067
607.52	0.973
607.72	1.054
607.93	1.007
608.13	0.972
608.33	1.032
608.53	1.010
608.73	0.994
608.93	0.969
609.13	1.023
609.34	1.061
609.54	1.035
609.74	0.991
609.94	1.024
610.14	1.062
610.34	0.970
610.54	1.025
610.74	0.991
610.95	1.029
611.15	0.956
611.35	0.998
611.55	0.971
611.75	0.941
611.95	0.993
612.15	1.063
612.35	1.000
612.56	0.962
612.76	1.001
612.96	1.043
613.16	1.014
613.36	0.965
613.56	1.002
613.76	1.003
613.96	0.998
614.16	1.005
614.36	0.949
614.57	0.986
614.77	0.959
614.97	1.002
615.17	1.002
615.37	1.108
615.57	1.002
615.77	0.975
615.97	1.023
616.17	0.958
616.37	1.035
616.57	1.005
616.78	1.004
616.98	1.007
617.18	1.072
617.38	1.025
617.58	1.024
617.78	1.001
617.98	0.993
618.18	1.015
618.38	1.047
618.58	1.070
618.78	1.091
618.98	1.022
619.18	1.044
619.38	1.030
619.58	1.117
619.79	1.051
619.99	1.088
620.19	1.066
620.39	1.128
620.59	1.092
620.79	1.096
620.99	1.087
621.19	1.033
621.39	1.070
621.59	1.052
621.79	1.097
621.99	1.104
622.19	1.123
622.39	1.146
622.59	1.169
622.79	1.134
622.99	1.098
623.19	1.120
623.39	1.109
623.59	1.138
623.79	1.197
623.99	1.124
624.19	1.095
624.39	1.143
624.59	1.129
624.79	1.173
624.99	1.132
625.19	1.213
625.39	1.232
625.59	1.156
625.79	1.203
625.99	1.167
626.19	1.232
626.39	1.177
626.59	1.244
626.79	1.175
626.99	1.206
627.19	1.189
627.39	1.237
627.59	1.259
627.79	1.224
627.99	1.272
628.19	1.267
628.39	1.219
628.59	1.257
628.79	1.196
628.99	1.244
629.19	1.285
629.39	1.240
629.59	1.285
629.79	1.300
629.99	1.316
630.19	1.285
630.39	1.259
630.59	1.312
630.79	1.378
630.99	1.385
631.19	1.368
631.39	1.324
631.59	1.364
631.79	1.300
631.99	1.315
632.19	1.375
632.39	1.347
632.59	1.334
632.79	1.397
632.99	1.280
633.19	1.355
633.39	1.346
633.58	1.406
633.78	1.385
633.98	1.381
634.18	1.335
634.38	1.387
634.58	1.373
634.78	1.372
634.98	1.390
635.18	1.404
635.38	1.461
635.58	1.408
635.78	1.409
635.98	1.454
636.18	1.414
636.38	1.445
636.57	1.491
636.77	1.473
636.97	1.474
637.17	1.479
637.37	1.523
637.57	1.517
637.77	1.505
637.97	1.498
638.17	1.456
638.37	1.502
638.57	1.504
638.76	1.537
638.96	1.584
639.16	1.524
639.36	1.478
639.56	1.560
639.76	1.572
639.96	1.566
640.16	1.568
640.36	1.576
640.56	1.519
640.75	1.596
640.95	1.588
641.15	1.593
641.35	1.678
641.55	1.662
641.75	1.707
641.95	1.659
642.15	1.705
642.34	1.710
642.54	1.745
642.74	1.713
642.94	1.721
643.14	1.765
643.34	1.758
643.54	1.726
643.74	1.747
643.93	1.839
644.13	1.858
644.33	1.840
644.53	1.806
644.73	1.842
644.93	1.863
645.13	1.910
645.32	1.936
645.52	1.918
645.72	1.879
645.92	1.975
646.12	1.986
646.32	1.956
646.52	1.989
646.71	1.996
646.91	2.071
647.11	2.058
647.31	2.096
647.51	2.091
647.71	2.174
647.90	2.172
648.10	2.166
648.30	2.209
648.50	2.253
648.70	2.205
648.89	2.234
649.09	2.253
649.29	2.232
649.49	2.292
649.69	2.327
649.89	2.312
650.08	2.319
650.28	2.357
650.48	2.412
650.68	2.309
650.88	2.462
651.07	2.470
651.27	2.471
651.47	2.516
651.67	2.544
651.87	2.458
652.06	2.575
652.26	2.548
652.46	2.600
652.66	2.620
652.86	2.626
653.05	2.744
653.25	2.716
653.45	2.738
653.65	2.720
653.85	2.762
654.04	2.806
654.24	2.777
654.44	2.777
654.64	2.837
654.83	2.869
655.03	2.954
655.23	2.900
655.43	2.912
655.63	2.911
655.82	2.928
656.02	2.972
656.22	2.939
656.42	3.030
656.61	3.073
656.81	3.073
657.01	3.061
657.21	3.098
657.40	3.131
657.60	3.134
657.80	3.115
658.00	3.118
658.19	3.174
658.39	3.248
658.59	3.183
658.79	3.182
658.98	3.199
659.18	3.231
659.38	3.300
659.58	3.233
659.77	3.254
659.97	3.313
660.17	3.335
660.36	3.232
660.56	3.399
660.76	3.373
660.96	3.268
661.15	3.386
661.35	3.354
661.55	3.285
661.75	3.347
661.94	3.378
662.14	3.309
662.34	3.313
662.53	3.291
662.73	3.369
662.93	3.235
663.13	3.339
663.32	3.245
663.52	3.264
663.72	3.279
663.91	3.250
664.11	3.257
664.31	3.205
664.50	3.205
664.70	3.179
664.90	3.191
665.10	3.181
665.29	3.167
665.49	3.152
665.69	3.058
665.88	3.106
666.08	3.037
666.28	3.054
666.47	3.022
666.67	2.970
666.87	2.993
667.06	2.924
667.26	2.893
667.46	2.854
667.65	2.753
667.85	2.782
668.05	2.811
668.24	2.766
668.44	2.745
668.64	2.716
668.83	2.704
669.03	2.705
669.23	2.716
669.42	2.643
669.62	2.621
669.82	2.587
670.01	2.526
670.21	2.564
670.41	2.490
670.60	2.456
670.80	2.480
671.00	2.412
671.19	2.421
671.39	2.417
671.58	2.332
671.78	2.336
671.98	2.318
672.17	2.300
672.37	2.311
672.57	2.296
672.76	2.303
672.96	2.292
673.15	2.250
673.35	2.240
673.55	2.277
673.74	2.268
673.94	2.219
674.14	2.226
674.33	2.181
674.53	2.214
674.72	2.141
674.92	2.190
675.12	2.164
675.31	2.120
675.51	2.171
675.70	2.180
675.90	2.166
676.10	2.212
676.29	2.197
676.49	2.159
676.68	2.212
676.88	2.157
677.08	2.194
677.27	2.185
677.47	2.146
677.66	2.183
677.86	2.192
678.06	2.199
678.25	2.239
678.45	2.230
678.64	2.283
678.84	2.246
679.03	2.285
679.23	2.213
679.43	2.253
679.62	2.319
679.82	2.356
680.01	2.344
680.21	2.328
680.40	2.407
680.60	2.439
680.80	2.405
680.99	2.474
681.19	2.402
681.38	2.479
681.58	2.467
681.77	2.488
681.97	2.515
682.16	2.592
682.36	2.577
682.56	2.556
682.75	2.593
682.95	2.616
683.14	2.615
683.34	2.630
683.53	2.677
683.73	2.643
683.92	2.754
684.12	2.747
684.31	2.743
684.51	2.822
684.70	2.803
684.90	2.901
685.10	2.821
685.29	2.825
685.49	2.905
685.68	2.935
685.88	2.853
686.07	2.915
686.27	2.920
686.46	2.962
686.66	2.952
686.85	3.038
687.05	3.013
687.24	3.033
687.44	3.059
687.63	3.098
687.83	3.094
688.02	3.065
688.22	3.085
688.41	3.129
688.61	3.078
688.80	3.184
689.00	3.146
689.19	3.143
689.39	3.234
689.58	3.191
689.78	3.172
689.97	3.207
690.17	3.211
690.36	3.174
690.56	3.269
690.75	3.247
690.95	3.265
691.14	3.247
691.34	3.210
691.53	3.261
691.72	3.236
691.92	3.280
692.11	3.234
692.31	3.226
692.50	3.256
692.70	3.199
692.89	3.279
693.09	3.277
693.28	3.262
693.48	3.270
693.67	3.267
693.87	3.256
694.06	3.224
694.25	3.237
694.45	3.205
694.64	3.199
694.84	3.198
695.03	3.248
695.23	3.205
695.42	3.191
695.62	3.178
695.81	3.144
696.00	3.227
696.20	3.119
696.39	3.177
696.59	3.097
696.78	3.167
696.98	3.131
697.17	3.038
697.36	3.072
697.56	3.119
697.75	3.027
697.95	3.021
698.14	3.040
698.34	3.090
698.53	2.982
698.72	3.005
698.92	2.965
699.11	2.980
699.31	2.977
699.50	2.887
699.69	2.847
699.89	2.858
700.08	2.907
700.28	2.879
700.47	2.830
700.66	2.869
700.86	2.837
701.05	2.783
701.25	2.793
701.44	2.796
701.63	2.734
701.83	2.808
702.02	2.702
702.21	2.683
702.41	2.746
702.60	2.713
702.80	2.714
702.99	2.641
703.18	2.649
703.38	2.573
703.57	2.566
703.77	2.596
703.96	2.620
704.15	2.585
704.35	2.563
704.54	2.522
704.73	2.585
704.93	2.518
705.12	2.512
705.31	2.527
705.51	2.491
705.70	2.449
705.89	2.469
706.09	2.465
706.28	2.413
706.48	2.428
706.67	2.433
706.86	2.389
707.06	2.367
707.25	2.454
707.44	2.389
707.64	2.364
707.83	2.417
708.02	2.407
708.22	2.427
708.41	2.391
708.60	2.427
708.80	2.375
708.99	2.400
709.18	2.367
709.38	2.391
709.57	2.383
709.76	2.358
709.95	2.353
710.15	2.378
710.34	2.350
710.53	2.412
710.73	2.379
710.92	2.386
711.11	2.369
711.31	2.416
711.50	2.313
711.69	2.413
711.89	2.376
712.08	2.430
712.27	2.474
712.46	2.424
712.66	2.527
712.85	2.416
713.04	2.399
713.24	2.527
713.43	2.472
713.62	2.509
713.81	2.535
714.01	2.538
714.20	2.533
714.39	2.543
714.59	2.595
714.78	2.615
714.97	2.621
715.16	2.655
715.36	2.640
715.55	2.589
715.74	2.622
715.93	2.666
716.13	2.719
716.32	2.742
716.51	2.757
716.71	2.798
716.90	2.795
717.09	2.809
717.28	2.861
717.48	2.885
717.67	2.852
717.86	2.894
718.05	3.006
718.25	2.956
718.44	2.964
718.63	3.010
718.82	3.117
719.02	3.151
719.21	3.182
719.40	3.177
719.59	3.250
719.78	3.202
719.98	3.243
720.17	3.320
720.36	3.381
720.55	3.398
720.75	3.486
720.94	3.463
721.13	3.515
721.32	3.530
721.51	3.586
721.71	3.636
721.90	3.750
722.09	3.763
722.28	3.805
722.48	3.861
722.67	3.841
722.86	3.904
723.05	3.977
723.24	4.026
723.44	4.090
723.63	4.162
723.82	4.185
724.01	4.251
724.20	4.267
724.40	4.307
724.59	4.407
724.78	4.461
724.97	4.477
725.16	4.541
725.35	4.632
725.55	4.730
725.74	4.842
725.93	4.877
726.12	4.975
726.31	5.054
726.51	5.074
726.70	5.108
726.89	5.199
727.08	5.331
727.27	5.290
727.46	5.419
727.66	5.462
727.85	5.519
728.04	5.688
728.23	5.693
728.42	5.799
728.61	5.909
728.81	6.025
729.00	6.069
729.19	6.095
729.38	6.279
729.57	6.324
729.76	6.376
729.95	6.494
730.15	6.575
730.34	6.761
730.53	6.829
730.72	6.985
730.91	6.940
731.10	7.039
731.29	7.219
731.49	7.358
731.68	7.440
731.87	7.495
732.06	7.679
732.25	7.789
732.44	7.944
732.63	7.929
732.82	7.962
733.02	8.187
733.21	8.284
733.40	8.393
733.59	8.462
733.78	8.559
733.97	8.779
734.16	8.908
734.35	9.013
734.54	9.186
734.74	9.353
734.93	9.483
735.12	9.593
735.31	9.745
735.50	9.829
735.69	10.008
735.88	10.158
736.07	10.256
736.26	10.445
736.45	10.512
736.64	10.668
736.84	10.779
737.03	11.022
737.22	11.154
737.41	11.345
737.60	11.584
737.79	11.674
737.98	11.809
738.17	11.999
738.36	12.164
738.55	12.323
738.74	12.523
738.93	12.482
739.12	12.796
739.32	12.954
739.51	13.097
739.70	13.393
739.89	13.522
740.08	13.735
740.27	13.868
740.46	14.028
740.65	14.297
740.84	14.451
741.03	14.655
741.22	14.833
741.41	14.975
741.60	15.285
741.79	15.572
741.98	15.564
742.17	15.895
742.36	16.030
742.55	16.355
742.74	16.514
742.93	16.681
743.12	16.871
743.31	17.141
743.51	17.391
743.70	17.592
743.89	17.942
744.08	18.088
744.27	18.289
744.46	18.396
744.65	18.625
744.84	18.933
745.03	19.068
745.22	19.428
745.41	19.540
745.60	19.874
745.79	20.101
745.98	20.360
746.17	20.531
746.36	20.880
746.55	21.170
746.74	21.388
746.93	21.659
747.12	21.847
747.31	22.264
747.50	22.568
747.69	22.581
747.88	22.846
748.07	23.312
748.26	23.485
748.45	23.655
748.64	23.968
748.83	24.216
749.02	24.462
749.21	24.816
749.40	25.127
749.59	25.416
749.77	25.641
749.96	26.060
750.15	26.181
750.34	26.539
750.53	26.785
750.72	27.010
750.91	27.474
751.10	27.788
751.29	27.750
751.48	28.267
751.67	28.389
751.86	28.770
752.05	29.094
752.24	29.303
752.43	29.534
752.62	29.881
752.81	30.048
753.00	30.378
753.19	30.659
753.38	30.870
753.57	31.140
753.76	31.408
753.94	31.752
754.13	31.916
754.32	32.283
754.51	32.676
754.70	32.934
754.89	33.071
755.08	33.409
755.27	33.615
755.46	33.924
755.65	34.205
755.84	34.513
756.03	35.069
756.22	35.160
756.40	35.282
756.59	35.544
756.78	35.626
756.97	36.096
757.16	36.161
757.35	36.467
757.54	36.595
757.73	36.906
757.92	37.327
758.11	37.486
758.29	37.740
758.48	37.910
758.67	38.110
758.86	38.209
759.05	38.618
759.24	38.626
759.43	38.975
759.62	39.021
759.81	39.397
759.99	39.378
760.18	39.819
760.37	40.002
760.56	40.341
760.75	40.356
760.94	40.693
761.13	40.861
761.32	41.193
761.50	41.463
761.69	41.512
761.88	41.648
762.07	41.881
762.26	41.787
762.45	41.925
762.64	42.070
762.82	42.553
763.01	42.586
763.20	42.786
763.39	42.968
763.58	43.240
763.77	43.434
763.96	43.593
764.14	43.672
764.33	43.946
764.52	43.931
764.71	43.813
764.90	44.147
765.09	44.326
765.27	44.553
765.46	44.265
765.65	44.612
765.84	44.769
766.03	44.929
766.22	45.160
766.40	45.187
766.59	45.373
766.78	45.541
766.97	45.634
767.16	45.734
767.35	45.828
767.53	46.210
767.72	46.277
767.91	46.359
768.10	46.456
768.29	46.718
768.47	46.788
768.66	46.629
768.85	46.872
769.04	46.967
769.23	47.082
769.41	47.160
769.60	47.113
769.79	47.344
769.98	47.446
770.17	47.804
770.35	47.877
770.54	47.793
770.73	47.924
770.92	48.121
771.10	48.129
771.29	48.062
771.48	48.312
771.67	48.435
771.86	48.289
772.04	48.367
772.23	48.516
772.42	48.596
772.61	48.525
772.79	48.592
772.98	48.888
773.17	48.954
773.36	49.245
773.54	49.194
773.73	49.184
773.92	49.245
774.11	49.245
774.30	49.408
774.48	49.438
774.67	49.589
774.86	49.713
775.05	49.693
775.23	49.865
775.42	50.176
775.61	50.084
775.79	49.937
775.98	49.977
776.17	49.815
776.36	50.056
776.54	50.103
776.73	50.444
776.92	50.222
777.11	50.237
777.29	50.236
777.48	50.561
777.67	50.503
777.85	50.588
778.04	50.599
778.23	50.692
778.42	50.764
778.60	50.756
778.79	51.085
778.98	51.042
779.16	51.042
779.35	51.169
779.54	50.991
779.73	51.207
779.91	50.881
780.10	51.296
780.29	51.473
780.47	51.714
780.66	51.431
780.85	51.856
781.03	51.518
781.22	51.718
781.41	51.867
781.60	51.685
781.78	51.850
781.97	51.806
782.16	51.935
782.34	51.953
782.53	51.891
782.72	51.965
782.90	52.253
783.09	52.015
783.28	52.110
783.46	52.374
783.65	52.405
783.84	52.366
784.02	52.041
784.21	52.168
784.40	52.239
784.58	52.091
784.77	52.222
784.96	52.399
785.14	52.544
785.33	52.506
785.52	52.769
785.70	52.605
785.89	52.602
786.08	52.656
786.26	52.787
786.45	52.666
786.63	52.560
786.82	53.010
787.01	52.805
787.19	53.019
787.38	53.187
787.57	53.121
787.75	53.094
787.94	53.156
788.13	53.148
788.31	53.191
788.50	53.313
788.68	53.398
788.87	53.461
789.06	53.411
789.24	53.353
789.43	53.313
789.61	53.400
789.80	53.835
789.99	53.757
790.17	53.600
790.36	53.724
790.55	53.674
790.73	53.746
790.92	53.625
791.10	53.714
791.29	53.489
791.48	53.815
791.66	53.772
791.85	53.588
792.03	53.870
792.22	53.796
792.40	53.763
792.59	54.026
792.78	54.101
792.96	53.923
793.15	53.875
793.33	54.107
793.52	54.402
793.71	54.255
793.89	54.180
794.08	54.143
794.26	54.134
794.45	54.232
794.63	54.479
794.82	54.180
795.01	54.358
795.19	54.486
795.38	54.794
795.56	54.660
795.75	54.572
795.93	54.691
796.12	54.650
796.30	54.970
796.49	54.868
796.68	54.459
796.86	54.825
797.05	54.521
797.23	54.583
797.42	54.631
797.60	54.824
797.79	55.011
797.97	55.059
798.16	54.980
798.34	54.944
798.53	54.919
798.71	54.930
798.90	54.807
799.08	54.970
799.27	55.281
799.46	55.336
799.64	55.351
799.83	55.270
800.01	55.399
800.20	55.038
800.38	55.130
800.57	55.205
800.75	55.591
800.94	55.287
801.12	55.533
801.31	55.460
801.49	55.535
801.68	55.401
801.86	55.532
802.05	55.671
802.23	55.488
802.42	55.725
802.60	55.652
802.79	55.440
802.97	55.683
803.16	55.391
803.34	55.815
803.53	55.674
803.71	55.950
803.90	55.981
804.08	55.783
804.27	55.776
804.45	55.840
804.63	55.728
804.82	56.005
805.00	55.779
805.19	56.007
805.37	55.689
805.56	56.073
805.74	56.097
805.93	55.958
806.11	55.764
806.30	56.134
806.48	56.238
806.67	56.162
806.85	56.223
807.04	56.284
807.22	56.248
807.40	56.359
807.59	56.069
807.77	56.312
807.96	56.419
808.14	56.479
808.33	56.780
808.51	56.417
808.69	56.481
808.88	56.481
809.06	56.450
809.25	56.333
809.43	56.470
809.62	56.472
809.80	56.392
809.99	56.591
810.17	56.881
810.35	56.815
810.54	56.719
810.72	56.877
810.91	56.513
811.09	56.642
811.27	56.662
811.46	56.774
811.64	56.881
811.83	56.869
812.01	56.532
812.19	56.636
812.38	56.727
812.56	57.060
812.75	56.953
812.93	57.027
813.11	56.871
813.30	57.024
813.48	56.937
813.67	56.952
813.85	56.926
814.03	57.146
814.22	57.203
814.40	57.321
814.59	57.097
814.77	56.998
814.95	56.699
815.14	56.955
815.32	56.959
815.50	56.848
815.69	57.131
815.87	57.348
816.06	57.189
816.24	56.881
816.42	57.221
816.61	57.058
816.79	57.289
816.97	57.472
817.16	57.261
817.34	56.950
817.52	57.074
817.71	57.060
817.89	57.270
818.07	57.292
818.26	57.724
818.44	57.684
818.63	57.292
818.81	57.643
818.99	57.605
819.18	57.543
819.36	57.441
819.54	57.630
819.73	57.407
819.91	57.493
820.09	57.688
820.28	57.524
820.46	57.594
820.64	58.019
820.83	57.806
821.01	57.934
821.19	57.895
821.37	57.818
821.56	58.029
821.74	57.711
821.92	57.757
822.11	57.825
822.29	57.965
822.47	58.055
822.66	57.867
822.84	57.961
823.02	58.302
823.21	58.264
823.39	58.002
823.57	58.103
823.75	57.860
823.94	58.245
824.12	58.199
824.30	57.932
824.49	58.187
824.67	58.398
824.85	58.119
825.03	58.143
825.22	57.928
825.40	58.440
825.58	58.207
825.77	58.205
825.95	58.247
826.13	58.240
826.31	58.359
826.50	58.195
826.68	57.986
826.86	58.084
827.04	58.257
827.23	58.386
827.41	58.419
827.59	58.417
827.78	58.453
827.96	58.297
828.14	58.405
828.32	58.289
828.51	58.105
828.69	58.413
828.87	58.597
829.05	58.304
829.23	58.257
829.42	58.232
829.60	58.185
829.78	58.462
829.96	58.459
830.15	58.536
830.33	58.849
830.51	58.533
830.69	58.783
830.88	59.030
831.06	58.483
831.24	58.621
831.42	58.520
831.60	58.545
831.79	58.636
831.97	58.915
832.15	58.650
832.33	58.686
832.52	58.463
832.70	58.573
832.88	58.688
833.06	58.495
833.24	58.756
833.43	58.774
833.61	59.114
833.79	58.965
833.97	58.791
834.15	58.836
834.34	59.141
834.52	59.110
834.70	59.117
834.88	59.044
835.06	59.195
835.25	59.334
835.43	59.401
835.61	59.235
835.79	58.856
835.97	59.104
836.15	59.239
836.34	59.270
836.52	59.191
836.70	59.228
836.88	59.253
837.06	59.131
837.24	59.462
837.43	59.274
837.61	59.770
837.79	59.429
837.97	59.740
838.15	59.335
838.33	59.644
838.52	59.525
838.70	59.233
838.88	59.308
839.06	59.616
839.24	59.110
839.42	59.477
839.60	59.459
839.79	59.700
839.97	59.527
840.15	59.807
840.33	59.500
840.51	59.911
840.69	59.520
840.87	59.587
841.06	59.659
841.24	59.935
841.42	59.707
841.60	59.558
841.78	59.941
841.96	59.856
842.14	60.088
842.32	59.708
842.51	59.581
842.69	59.879
842.87	59.794
843.05	59.554
843.23	59.672
843.41	59.854
843.59	59.829
843.77	59.687
843.95	59.831
844.14	59.839
844.32	60.213
844.50	59.819
844.68	60.221
844.86	59.954
845.04	59.821
845.22	59.937
845.40	59.858
845.58	59.965
845.76	59.574
845.94	60.003
846.12	59.686
846.31	59.539
846.49	59.811
846.67	59.701
846.85	60.131
847.03	60.062
847.21	59.944
847.39	60.043
847.57	60.236
847.75	60.079
847.93	59.696
848.11	59.652
848.29	59.846
848.47	59.778
848.65	60.000
848.83	59.832
849.02	60.305
849.20	59.937
849.38	60.350
849.56	60.173
849.74	60.140
849.92	60.474
850.10	60.466
850.28	60.185
850.46	60.384
850.64	60.340
850.82	60.607
851.00	60.364
851.18	60.037
851.36	60.126
851.54	60.170
851.72	60.417
851.90	60.591
852.08	60.372
852.26	60.441
852.44	60.186
852.62	60.189
852.80	60.250
852.98	60.403
853.16	60.428
853.34	60.396
853.52	60.145
853.70	60.163
853.88	60.015
854.06	60.116
854.24	60.531
854.42	60.447
854.60	60.449
854.78	60.540
854.96	60.720
855.14	60.608
855.32	60.574
855.50	60.623
855.68	60.700
855.86	60.637
856.04	60.568
856.22	60.375
856.40	60.561
856.58	60.654
856.76	60.593
856.94	60.816
857.12	60.954
857.30	60.444
857.48	60.600
857.66	60.246
857.84	60.565
858.02	60.516
858.20	60.664
858.38	60.571
858.56	60.487
858.74	60.502
858.92	60.872
859.10	60.886
859.28	60.978
859.46	60.633
859.64	61.025
859.81	60.357
859.99	60.789
860.17	60.907
860.35	60.738
860.53	60.796
860.71	60.878
860.89	60.975
861.07	60.744
861.25	60.609
861.43	61.038
861.61	60.831
861.79	61.108
861.97	60.860
862.15	60.955
862.33	60.991
862.50	61.060
862.68	60.846
862.86	61.297
863.04	61.131
863.22	60.745
863.40	61.300
863.58	61.071
863.76	61.244
863.94	61.127
864.12	61.022
864.30	61.072
864.47	61.285
864.65	61.338
864.83	61.113
865.01	60.890
865.19	60.849
865.37	61.038
865.55	61.162
865.73	61.284
865.91	61.492
866.09	61.172
866.26	61.467
866.44	60.907
866.62	61.182
866.80	61.242
866.98	61.055
867.16	60.938
867.34	61.305
867.52	60.690
867.69	61.124
867.87	61.114
868.05	61.027
868.23	60.936
868.41	61.224
868.59	61.380
868.77	61.531
868.94	61.387
869.12	61.687
869.30	61.263
869.48	61.145
869.66	61.172
869.84	61.223
870.02	60.954
870.19	61.177
870.37	61.493
870.55	61.436
870.73	61.394
870.91	61.180
871.09	61.332
871.26	61.519
871.44	61.256
871.62	61.479
871.80	61.248
871.98	61.638
872.16	61.349
872.33	61.407
872.51	61.503
872.69	61.435
872.87	61.460
873.05	61.657
873.22	61.935
873.40	61.772
873.58	61.777
873.76	61.612
873.94	61.916
874.12	61.470
874.29	61.609
874.47	61.730
874.65	61.494
874.83	61.214
875.01	61.238
875.18	61.487
875.36	61.551
875.54	61.970
875.72	61.886
875.89	61.935
876.07	61.843
876.25	61.533
876.43	61.587
876.61	62.051
876.78	61.747
876.96	61.837
877.14	61.624
877.32	61.147
877.49	61.655
877.67	61.999
877.85	61.577
878.03	61.500
878.21	61.766
878.38	61.955
878.56	61.280
878.74	61.498
878.92	61.503
879.09	61.733
879.27	62.125
879.45	62.178
879.63	62.183
879.80	61.625
879.98	61.663
880.16	61.961
880.34	61.919
880.51	61.727
880.69	61.718
880.87	61.595
881.05	61.648
881.22	60.917
881.40	61.155
881.58	61.248
881.75	61.642
881.93	61.584
882.11	61.873
882.29	62.111
882.46	61.751
882.64	62.046
882.82	61.808
883.00	61.845
883.17	61.341
883.35	61.815
883.53	61.630
883.70	61.843
883.88	62.000
884.06	62.077
884.23	62.320
884.41	61.936
884.59	62.204
884.77	61.966
884.94	62.377
885.12	62.407
885.30	61.929
885.47	62.309
885.65	61.908
885.83	62.417
886.00	62.196
886.18	62.536
886.36	62.556
886.53	62.162
886.71	61.839
886.89	61.920
887.07	62.029
887.24	62.362
887.42	62.264
887.60	62.265
887.77	62.281
887.95	62.448
888.13	62.356
888.30	62.055
888.48	62.394
888.66	62.222
888.83	62.664
889.01	62.508
889.18	62.494
889.36	62.317
889.54	61.776
889.71	62.275
889.89	62.256
890.07	62.049
890.24	62.083
890.42	62.186
890.60	62.231
890.77	62.320
890.95	62.274
891.13	62.361
891.30	62.285
891.48	62.357
891.65	62.421
891.83	62.299
892.01	62.367
892.18	62.212
892.36	62.297
892.54	62.298
892.71	62.400
892.89	62.197
893.06	62.496
893.24	62.065
893.42	62.392
893.59	62.430
893.77	62.652
893.94	62.129
894.12	62.264
894.30	62.165
894.47	62.242
894.65	62.180
894.82	62.260
895.00	62.173
895.18	62.510
895.35	62.590
895.53	62.667
895.70	63.085
895.88	62.463
896.06	62.571
896.23	62.673
896.41	62.602
896.58	62.399
896.76	62.423
896.93	62.193
897.11	62.091
897.29	62.139
897.46	62.483
897.64	62.647
897.81	62.366
897.99	62.303
898.16	62.372
898.34	62.533
898.52	62.426
898.69	62.473
898.87	62.428
899.04	62.464
899.22	62.263
899.39	62.429
899.57	62.297
899.74	62.123
899.92	62.632
900.10	62.564
900.27	62.972
900.45	62.412
900.62	62.652
900.80	62.494
900.97	62.441
901.15	62.727
901.32	62.601
901.50	62.984
901.67	62.471
901.85	63.080
902.02	62.615
902.20	62.685
902.37	62.800
902.55	62.923
902.72	62.644
902.90	62.833
903.07	62.794
903.25	62.642
903.43	62.593
903.60	62.787
903.78	62.599
903.95	62.787
904.13	62.632
904.30	62.518
904.48	62.905
904.65	62.757
904.83	62.988
905.00	62.324
905.17	62.482
905.35	62.505
905.52	62.411
905.70	62.217
905.87	62.651
906.05	62.703
906.22	62.280
906.40	62.395
906.57	62.511
906.75	62.699
906.92	62.854
907.10	62.304
907.27	62.835
907.45	62.123
907.62	62.299
907.80	62.528
907.97	62.707
908.15	62.147
908.32	62.443
908.49	62.530
908.67	62.425
908.84	62.633
909.02	62.567
909.19	62.621
909.37	62.769
909.54	62.693
909.72	62.721
909.89	62.465
910.07	62.681
910.24	62.515
910.41	62.962
910.59	62.453
910.76	62.796
910.94	62.484
911.11	62.760
911.29	62.897
911.46	62.858
911.63	62.992
911.81	63.177
911.98	62.618
912.16	62.756
912.33	62.733
912.50	62.607
912.68	62.639
912.85	62.864
913.03	62.595
913.20	62.727
913.38	62.769
913.55	62.858
913.72	62.660
913.90	62.841
914.07	62.675
914.25	63.110
914.42	63.225
914.59	62.670
914.77	62.884
914.94	62.596
915.11	62.666
915.29	62.494
915.46	62.807
915.64	62.678
915.81	62.870
915.98	62.766
916.16	62.796
916.33	62.618
916.51	62.869
916.68	62.772
916.85	62.867
917.03	62.901
917.20	63.070
917.37	62.957
917.55	62.861
917.72	63.052
917.89	62.587
918.07	62.803
918.24	62.588
918.42	62.887
918.59	62.719
918.76	62.529
918.94	62.587
919.11	62.606
919.28	62.468
919.46	62.470
919.63	62.562
919.80	62.602
919.98	62.921
920.15	62.614
920.32	62.750
920.50	63.127
920.67	63.302
920.84	62.961
921.02	63.101
921.19	62.935
921.36	62.799
921.54	62.703
921.71	62.766
921.88	62.827
922.06	62.680
922.23	62.643
922.40	62.578
922.57	62.626
922.75	62.851
922.92	62.751
923.09	63.297
923.27	63.008
923.44	63.434
923.61	63.095
923.79	63.006
923.96	63.212
924.13	63.392
924.30	63.225
924.48	62.963
924.65	63.337
924.82	63.483
925.00	63.428
925.17	63.440
925.34	63.463
925.51	63.674
925.69	63.387
925.86	63.296
926.03	63.166
926.21	63.575
926.38	63.112
926.55	63.054
926.72	62.691
926.90	63.592
927.07	63.612
927.24	63.428
927.41	63.564
927.59	63.176
927.76	63.123
927.93	63.073
928.10	63.516
928.28	63.375
928.45	63.455
928.62	63.210
928.79	63.494
928.97	63.460
929.14	62.713
929.31	63.066
929.48	63.222
929.66	63.546
929.83	62.999
930.00	62.997
930.17	63.130
930.34	63.138
930.52	63.218
930.69	63.266
930.86	62.852
931.03	63.412
931.21	63.312
931.38	63.602
931.55	63.353
931.72	63.380
931.89	63.309
932.07	63.349
932.24	63.550
932.41	63.509
932.58	63.780
932.75	63.673
932.93	63.441
933.10	63.656
933.27	63.405
933.44	63.660
933.61	63.250
933.79	63.254
933.96	63.726
934.13	63.207
934.30	63.440
934.47	63.468
934.65	63.335
934.82	63.925
934.99	63.866
935.16	63.651
935.33	63.638
935.50	63.346
935.68	63.454
935.85	63.600
936.02	63.578
936.19	63.807
936.36	63.768
936.53	63.611
936.71	63.263
936.88	63.627
937.05	63.274
937.22	63.568
937.39	63.730
937.56	63.832
937.74	63.533
937.91	63.368
938.08	63.991
938.25	63.587
938.42	63.348
938.59	64.216
938.76	64.040
938.94	64.241
939.11	64.056
939.28	64.276
939.45	63.886
939.62	63.466
939.79	63.728
939.96	63.736
940.13	63.979
940.31	63.480
940.48	63.891
940.65	63.883
940.82	63.481
940.99	63.755
941.16	63.264
941.33	63.980
941.50	63.504
941.67	63.514
941.85	63.818
942.02	63.865
942.19	63.741
942.36	64.187
942.53	64.109
942.70	63.676
942.87	63.808
943.04	63.814
943.21	63.686
943.38	63.719
943.56	63.629
943.73	64.259
943.90	63.813
944.07	63.879
944.24	63.640
944.41	63.493
944.58	63.655
944.75	64.066
944.92	64.432
945.09	64.439
945.26	63.819
945.43	63.771
945.60	63.728
945.78	64.082
945.95	64.032
946.12	63.724
946.29	63.788
946.46	64.079
946.63	63.735
946.80	63.188
946.97	63.384
947.14	64.117
947.31	63.520
947.48	64.364
947.65	63.707
947.82	63.496
947.99	63.524
948.16	63.880
948.33	63.417
948.50	63.753
948.67	63.844
948.84	63.624
949.01	63.526
949.18	63.700
949.35	63.501
949.52	63.872
949.69	64.266
949.86	63.878
950.03	64.097
950.20	64.295
950.38	64.212
950.55	64.244
950.72	64.333
950.89	63.980
951.06	64.327
951.23	64.401
951.40	64.101
951.57	64.771
951.74	64.118
951.91	63.999
952.08	64.240
952.25	63.714
952.42	63.852
952.59	63.854
952.76	63.965
952.92	63.943
953.09	63.985
953.26	63.595
953.43	63.897
953.60	63.806
953.77	63.519
953.94	63.666
954.11	63.893
954.28	63.790
954.45	63.637
954.62	64.368
954.79	64.281
954.96	63.700
955.13	63.703
955.30	64.543
955.47	63.813
955.64	64.258
955.81	64.251
955.98	64.282
956.15	63.872
956.32	63.660
956.49	63.880
956.66	64.261
956.83	64.456
957.00	64.404
957.17	64.052
957.33	64.108
957.50	63.794
957.67	64.122
957.84	63.981
958.01	63.783
958.18	63.828
958.35	64.108
958.52	63.857
958.69	63.822
958.86	63.716
959.03	64.053
959.20	64.069
959.37	63.870
959.53	63.965
959.70	63.862
959.87	63.981
960.04	64.016
960.21	64.177
960.38	64.051
960.55	63.996
960.72	64.396
960.89	63.979
961.06	63.953
961.23	63.766
961.39	63.974
961.56	64.274
961.73	64.156
961.90	64.450
962.07	63.570
962.24	63.973
962.41	63.797
962.58	64.341
962.75	64.072
962.91	64.472
963.08	63.700
963.25	64.494
963.42	64.584
963.59	64.942
963.76	63.764
963.93	64.056
964.09	64.310
964.26	64.375
964.43	64.971
964.60	64.326
964.77	64.782
964.94	64.534
965.11	64.658
965.27	64.127
965.44	63.731
965.61	64.087
965.78	64.353
965.95	64.365
966.12	64.194
966.29	63.995
966.45	64.420
966.62	64.115
966.79	63.799
966.96	64.304
967.13	63.919
967.30	63.698
967.46	64.327
967.63	63.875
967.80	64.533
967.97	63.594
968.14	64.146
968.30	63.437
968.47	63.781
968.64	63.223
968.81	64.274
968.98	64.705
969.15	63.945
969.31	64.033
969.48	65.326
969.65	64.362
969.82	64.282
969.99	64.630
970.15	64.638
970.32	64.531
970.49	65.101
970.66	64.342
970.82	64.621
970.99	64.613
971.16	64.286
971.33	65.246
971.50	64.452
971.66	64.309
971.83	64.874
972.00	64.413
972.17	64.717
972.34	64.596
972.50	64.864
972.67	64.429
972.84	65.037
973.01	63.685
973.17	64.629
973.34	64.394
973.51	64.212
973.68	64.262
973.84	64.691
974.01	64.452
974.18	64.717
974.35	64.371
974.51	63.851
974.68	64.863
974.85	64.481
975.02	64.746
975.18	64.154
975.35	64.340
975.52	64.915
975.69	64.546
975.85	64.696
976.02	64.800
976.19	64.178
976.36	63.839
976.52	63.992
976.69	64.556
976.86	65.049
977.02	64.929
977.19	64.997
977.36	64.984
977.53	65.418
977.69	65.184
977.86	64.226
978.03	64.701
978.19	65.241
978.36	64.872
978.53	64.487
978.70	64.466
978.86	65.774
979.03	64.715
979.20	64.672
979.36	64.705
979.53	64.218
979.70	64.932
979.86	64.450
980.03	64.299
980.20	64.613
980.36	64.813
980.53	64.335
980.70	64.546
980.86	64.434
981.03	65.003
981.20	65.116
981.36	64.169
981.53	64.961
981.70	64.632
981.86	64.954
982.03	65.084
982.20	63.985
982.36	64.484
982.53	64.623
982.70	64.252
982.86	64.983
983.03	64.904
983.20	64.969
983.36	64.662
983.53	64.212
983.70	65.137
983.86	65.762
984.03	65.429
984.20	65.332
984.36	65.066
984.53	64.382
984.70	65.346
984.86	64.580
985.03	65.083
985.19	65.156
985.36	65.395
985.53	64.046
985.69	64.696
985.86	64.862
986.03	65.014
986.19	64.379
986.36	65.333
986.52	64.817
986.69	65.089
986.86	64.242
987.02	64.406
987.19	64.299
987.35	64.661
987.52	64.611
987.69	65.142
987.85	64.407
988.02	64.330
988.18	65.352
988.35	65.283
988.52	65.251
988.68	64.291
988.85	64.862
989.01	64.357
989.18	64.809
989.35	64.142
989.51	64.493
989.68	64.454
989.84	65.175
990.01	64.686
990.17	65.312
990.34	63.390
990.51	64.262
990.67	64.708
990.84	64.525
991.00	64.266
991.17	65.086
991.33	64.523
991.50	64.603
991.66	64.667
991.83	64.076
992.00	64.930
992.16	64.756
992.33	64.211
992.49	64.836
992.66	64.721
992.82	64.080
992.99	65.233
993.15	64.878
993.32	64.681
993.48	64.688
993.65	64.989
993.82	64.590
993.98	65.778
994.15	64.720
994.31	65.474
994.48	64.077
994.64	64.169
994.81	64.341
994.97	64.935
995.14	64.743
995.30	65.064
995.47	64.200
995.63	65.190
995.80	64.332
995.96	64.191
996.13	64.445
996.29	65.118
996.46	65.185
996.62	64.472
996.79	65.406
996.95	64.559
997.12	65.449
997.28	64.975
997.45	64.721
997.61	65.160
997.78	64.987
997.94	64.565
998.11	65.057
998.27	65.373
998.44	65.711
998.60	64.192
998.77	65.239
998.93	65.233
999.10	65.448
999.26	64.926
999.43	65.184
999.59	64.386
999.75	64.674
999.92	63.896
1000.08	65.600
1000.25	64.866
1000.41	64.102
1000.58	64.779
1000.74	63.981
1000.91	64.746
1001.07	64.673
1001.24	64.027
1001.40	65.803
1001.56	63.712
1001.73	63.979
1001.89	64.038
1002.06	64.890
1002.22	64.021
1002.39	64.579
1002.55	64.363
1002.71	65.139
1002.88	64.071
1003.04	64.291
1003.21	64.130
1003.37	64.894
1003.54	64.397
1003.70	63.928
1003.86	64.631
1004.03	65.744
1004.19	65.041
1004.36	64.818
1004.52	64.310
1004.68	64.731
1004.85	65.505
1005.01	65.764
1005.18	64.547
1005.34	64.667
1005.50	65.297
1005.67	63.840
1005.83	65.127
1006.00	64.397
1006.16	64.848
1006.32	65.313
1006.49	64.470
1006.65	64.146
1006.82	64.339
1006.98	64.815
1007.14	64.604
1007.31	64.068
1007.47	63.968
1007.63	64.134
1007.80	64.695
1007.96	65.731
1008.13	63.968
1008.29	64.914
1008.45	64.181
1008.62	65.410
1008.78	64.168
1008.94	63.734
1009.11	65.106
1009.27	64.899
1009.43	64.616
1009.60	64.451
1009.76	63.701
1009.92	64.031
1010.09	65.167
1010.25	63.932
1010.42	64.437
1010.58	64.287
1010.74	64.332
1010.91	63.684
1011.07	65.095
1011.23	65.224
1011.40	64.564
1011.56	64.341
1011.72	65.150
1011.89	64.270
1012.05	65.985
1012.21	64.845
1012.37	64.562
1012.54	64.040
1012.70	65.164
1012.86	64.815
1013.03	64.540
1013.19	65.314
1013.35	64.564
1013.52	64.131
1013.68	64.861
1013.84	63.777
1014.01	64.133
1014.17	64.545
1014.33	64.807
1014.49	65.134
1014.66	64.593
1014.82	64.367
1014.98	64.400
1015.15	64.435
1015.31	64.652
1015.47	65.518
1015.63	64.566
1015.80	64.462
1015.96	63.832
1016.12	63.561
1016.29	65.254
1016.45	64.263
1016.61	64.649
1016.77	63.163
1016.94	64.927
1017.10	64.360
1017.26	64.265
1017.42	64.869
1017.59	64.412
1017.75	63.603
1017.91	63.526
1018.07	64.260
1018.24	63.702
1018.40	64.205
1018.56	65.116
1018.72	63.716
1018.89	66.644
1019.05	64.391
1019.21	64.531
1019.37	65.160
1019.54	64.181
1019.70	63.137
1019.86	63.969
1020.02	66.230
1020.19	63.851
1020.35	64.373
1020.51	62.063
1020.67	64.106
1020.83	65.332
1021.00	64.168
1021.16	64.605
1021.32	62.896
1021.48	64.628
1021.64	62.595
1021.81	63.998
1021.97	65.214
1022.13	63.954
1022.29	64.281
1022.45	64.963
1022.62	65.060
1022.78	63.698
1022.94	63.740
1023.10	65.619
1023.26	64.196
1023.43	64.757
1023.59	64.817
1023.75	64.023
1023.91	65.004
1024.07	65.762
1024.24	65.536
1024.40	64.457
1024.56	65.171
1024.72	64.255
1024.88	65.721
1025.04	65.920
1025.21	64.681
1025.37	66.466
1025.53	63.976
1025.69	66.024
1025.85	63.947
1026.01	62.622
1026.18	64.582
1026.34	64.163
1026.50	62.166
1026.66	65.098
1026.82	63.506
1026.98	64.754
1027.14	66.024
1027.31	63.192
1027.47	65.911
1027.63	66.293
1027.79	64.713
1027.95	66.605
1028.11	65.202
1028.27	65.392
1028.44	65.551
1028.60	65.122
1028.76	63.703
1028.92	66.450
1029.08	63.102
1029.24	64.980
1029.40	64.850
1029.56	66.060
1029.73	64.691
1029.89	64.294
1030.05	63.763
1030.21	64.934
1030.37	64.321
1030.53	65.275
1030.69	65.912
1030.85	63.672
1031.01	65.371
1031.17	64.779
1031.34	63.977
1031.50	63.535
1031.66	63.343
1031.82	64.709
1031.98	66.510
1032.14	66.935
1032.30	64.756
1032.46	63.702
1032.62	63.542
1032.78	64.831
1032.94	64.982
1033.10	64.335
1033.27	62.760
1033.43	64.694
1033.59	64.471
1033.75	63.523
1033.91	64.646
1034.07	63.287
1034.23	61.546
1034.39	65.288
1034.55	66.184
1034.71	60.029
1034.87	61.562
1035.03	64.350
1035.19	62.750
1035.35	65.677
1035.51	64.072
1035.67	65.569
1035.83	63.232
1035.99	63.551
1036.16	62.259
1036.32	63.796
1036.48	64.640
1036.64	65.782
1036.80	61.061
1036.96	66.859
1037.12	63.819
1037.28	67.147
1037.44	66.074
1037.60	62.966
1037.76	65.867
1037.92	63.689
1038.08	63.159
1038.24	67.221
1038.40	63.606
1038.56	65.662
1038.72	64.217
1038.88	67.456
1039.04	64.207
1039.20	63.469
1039.36	60.916
1039.52	65.555
1039.68	64.394
1039.84	66.209
1040.00	63.822
1040.16	64.593
1040.32	62.790
1040.48	64.819
1040.64	62.834
1040.80	63.737
1040.96	64.540
1041.12	64.638
1041.28	61.586
1041.44	66.030
1041.60	63.701
1041.76	65.925
1041.92	62.115
1042.08	65.213
1042.24	68.041
1042.39	64.237
1042.55	66.843
1042.71	63.593
1042.87	64.079
1043.03	63.093
1043.19	60.178
