345.44	11.70
345.66	11.70
345.88	11.70
346.10	-3.46
346.31	-8.99
346.53	-7.76
346.75	-0.59
346.97	6.58
347.19	10.67
347.41	-15.74
347.63	13.34
347.85	-2.23
348.07	13.13
348.29	13.75
348.51	2.89
348.73	13.95
348.95	10.06
349.17	2.07
349.39	34.84
349.61	19.69
349.83	21.53
350.05	32.59
350.27	23.37
350.49	43.44
350.71	32.79
350.93	20.09
351.15	36.48
351.37	23.78
351.59	32.18
351.80	16.20
352.02	39.76
352.24	29.31
352.46	25.01
352.68	17.64
352.90	29.72
353.12	5.76
353.34	30.95
353.56	10.47
353.78	31.97
354.00	-5.91
354.22	37.71
354.44	22.55
354.66	49.18
354.88	31.36
355.09	32.79
355.31	26.44
355.53	34.84
355.75	29.72
355.97	37.91
356.19	27.88
356.41	31.56
356.63	17.43
356.85	29.31
357.07	30.13
357.29	35.45
357.50	24.60
357.72	27.88
357.94	26.44
358.16	25.01
358.38	4.74
358.60	34.43
358.82	17.43
359.04	20.30
359.26	25.42
359.48	53.68
359.69	45.28
359.91	25.42
360.13	55.52
360.35	27.88
360.57	27.26
360.79	37.30
361.01	10.06
361.23	85.63
361.45	21.32
361.66	20.09
361.88	5.76
362.10	32.59
362.32	13.54
362.54	36.07
362.76	13.13
362.98	26.03
363.20	27.67
363.41	35.25
363.63	50.00
363.85	28.49
364.07	5.35
364.29	32.59
364.51	31.36
364.73	28.08
364.94	17.64
365.16	41.80
365.38	32.38
365.60	32.38
365.82	28.49
366.04	32.59
366.26	11.70
366.47	26.44
366.69	42.83
366.91	25.62
367.13	23.78
367.35	25.42
367.57	37.91
367.79	33.61
368.00	1.66
368.22	45.08
368.44	1.66
368.66	43.03
368.88	36.27
369.10	28.08
369.31	43.44
369.53	9.45
369.75	12.52
369.97	33.20
370.19	32.59
370.41	28.90
370.62	18.66
370.84	25.42
371.06	43.03
371.28	36.89
371.50	16.00
371.71	-5.50
371.93	34.43
372.15	23.58
372.37	23.58
372.59	37.71
372.80	21.94
373.02	43.85
373.24	43.44
373.46	14.97
373.68	27.47
373.90	18.87
374.11	15.79
374.33	49.79
374.55	10.06
374.77	36.07
374.98	-1.41
375.20	34.02
375.42	33.41
375.64	19.28
375.86	23.99
376.07	34.84
376.29	12.52
376.51	37.09
376.73	18.87
376.95	14.77
377.16	24.19
377.38	14.36
377.60	30.95
377.82	29.31
378.03	47.74
378.25	25.01
378.47	28.29
378.69	34.64
378.91	25.42
379.12	60.64
379.34	24.19
379.56	42.21
379.78	10.67
379.99	22.76
380.21	42.42
380.43	28.70
380.65	40.57
380.86	44.47
381.08	21.73
381.30	19.69
381.52	21.73
381.73	47.54
381.95	17.43
382.17	51.63
382.39	31.15
382.60	37.50
382.82	18.25
383.04	25.42
383.26	25.83
383.47	36.27
383.69	24.60
383.91	34.23
384.13	30.54
384.34	28.29
384.56	41.60
384.78	47.13
385.00	31.77
385.21	27.26
385.43	42.62
385.65	28.49
385.86	35.66
386.08	33.41
386.30	30.13
386.52	26.44
386.73	42.62
386.95	41.80
387.17	35.25
387.38	28.49
387.60	47.13
387.82	31.36
388.04	20.50
388.25	23.17
388.47	34.02
388.69	20.30
388.90	20.50
389.12	44.47
389.34	50.20
389.56	47.95
389.77	51.84
389.99	29.52
390.21	28.08
390.42	48.36
390.64	37.50
390.86	57.98
391.07	21.53
391.29	37.91
391.51	51.43
391.72	43.65
391.94	30.95
392.16	46.92
392.38	45.69
392.59	29.31
392.81	54.30
393.03	35.66
393.24	30.33
393.46	40.17
393.68	14.16
393.89	44.06
394.11	33.82
394.33	39.55
394.54	32.59
394.76	34.64
394.98	36.89
395.19	48.56
395.41	55.12
395.63	47.33
395.84	34.43
396.06	49.18
396.28	44.88
396.49	42.62
396.71	50.61
396.93	54.71
397.14	36.27
397.36	25.83
397.57	22.14
397.79	62.08
398.01	27.47
398.22	54.50
398.44	30.33
398.66	42.42
398.87	45.08
399.09	50.81
399.31	46.51
399.52	43.65
399.74	25.01
399.96	46.10
400.17	43.85
400.39	44.88
400.60	18.46
400.82	39.35
401.04	55.93
401.25	45.90
401.47	36.68
401.69	45.90
401.90	39.76
402.12	41.19
402.33	48.56
402.55	17.23
402.77	51.43
402.98	57.16
403.20	46.51
403.41	37.09
403.63	39.55
403.85	42.62
404.06	48.36
404.28	48.56
404.49	72.32
404.71	40.57
404.93	54.09
405.14	18.87
405.36	64.13
405.57	48.56
405.79	49.79
406.01	47.33
406.22	55.32
406.44	32.79
406.65	64.54
406.87	43.85
407.09	76.41
407.30	57.57
407.52	41.19
407.73	59.21
407.95	52.86
408.17	42.62
408.38	53.89
408.60	50.81
408.81	77.64
409.03	63.10
409.24	60.03
409.46	63.92
409.68	52.66
409.89	68.02
410.11	66.17
410.32	67.20
410.54	74.16
410.75	72.52
410.97	65.36
411.18	45.90
411.40	69.45
411.62	68.63
411.83	67.61
412.05	58.19
412.26	54.71
412.48	59.83
412.69	50.00
412.91	68.43
413.12	40.17
413.34	58.19
413.56	71.29
413.77	63.92
413.99	52.86
414.20	67.61
414.42	50.61
414.63	64.54
414.85	74.57
415.06	90.95
415.28	57.16
415.49	44.26
415.71	69.66
415.92	76.82
416.14	72.32
416.35	67.61
416.57	71.09
416.79	73.96
417.00	57.57
417.22	88.50
417.43	60.85
417.65	68.63
417.86	74.78
418.08	51.43
418.29	47.95
418.51	61.46
418.72	63.31
418.94	77.64
419.15	66.99
419.37	67.40
419.58	84.61
419.80	83.99
420.01	69.86
420.23	74.78
420.44	63.72
420.66	76.41
420.87	87.27
421.09	86.45
421.30	78.46
421.52	77.23
421.73	76.62
421.95	79.90
422.16	71.29
422.38	83.99
422.59	78.26
422.81	104.68
423.02	61.67
423.23	88.50
423.45	82.15
423.66	91.16
423.88	80.31
424.09	73.14
424.31	106.31
424.52	80.31
424.74	82.56
424.95	85.63
425.17	85.22
425.38	103.24
425.60	94.03
425.81	108.57
426.03	87.68
426.24	111.43
426.45	81.53
426.67	134.58
426.88	77.64
427.10	83.79
427.31	92.59
427.53	85.83
427.74	97.51
427.96	112.05
428.17	110.62
428.39	121.67
428.60	117.37
428.81	110.21
429.03	87.88
429.24	122.08
429.46	119.22
429.67	109.39
429.89	94.85
430.10	137.24
430.31	119.22
430.53	114.30
430.74	109.39
430.96	97.51
431.17	110.00
431.39	103.65
431.60	76.21
431.81	135.40
432.03	130.07
432.24	132.94
432.46	112.05
432.67	136.21
432.89	119.63
433.10	137.44
433.31	129.87
433.53	133.96
433.74	122.29
433.96	121.47
434.17	101.60
434.38	135.81
434.60	127.41
434.81	146.04
435.03	128.23
435.24	153.83
435.45	134.17
435.67	145.64
435.88	124.95
436.10	141.95
436.31	139.29
436.52	150.96
436.74	153.42
436.95	141.95
437.17	157.31
437.38	151.16
437.59	141.33
437.81	161.40
438.02	143.38
438.23	156.90
438.45	156.08
438.66	181.27
438.88	170.42
439.09	183.52
439.30	145.64
439.52	150.96
439.73	163.04
439.94	167.55
440.16	185.98
440.37	193.15
440.58	179.22
440.80	179.22
441.01	157.51
441.23	178.20
441.44	185.57
441.65	183.11
441.87	194.99
442.08	172.46
442.29	182.29
442.51	198.88
442.72	165.71
442.93	209.74
443.15	164.07
443.36	169.39
443.57	209.53
443.79	206.87
444.00	165.91
444.21	181.88
444.43	175.74
444.64	179.22
444.85	196.22
445.07	210.35
445.28	200.93
445.49	206.46
445.71	188.23
445.92	196.83
446.13	209.12
446.35	195.40
446.56	216.70
446.77	199.70
446.99	207.28
447.20	251.72
447.41	218.75
447.63	220.59
447.84	210.97
448.05	221.21
448.27	221.21
448.48	250.70
448.69	218.13
448.90	236.57
449.12	224.28
449.33	225.92
449.54	233.29
449.76	237.38
449.97	241.28
450.18	221.00
450.40	239.23
450.61	233.29
450.82	230.63
451.03	236.77
451.25	211.17
451.46	273.22
451.67	250.08
451.89	254.38
452.10	223.66
452.31	213.42
452.52	261.55
452.74	251.92
452.95	251.72
453.16	269.74
453.38	230.22
453.59	276.09
453.80	263.19
454.01	276.50
454.23	241.69
454.44	263.19
454.65	269.54
454.86	276.71
455.08	242.50
455.29	297.59
455.50	278.34
455.71	287.15
455.93	273.43
456.14	324.01
456.35	279.98
456.56	296.78
456.78	280.39
456.99	292.88
457.20	291.66
457.41	288.17
457.63	284.90
457.84	334.66
458.05	290.84
458.26	310.09
458.48	286.54
458.69	323.40
458.90	321.15
459.11	337.12
459.33	326.47
459.54	308.65
459.75	308.04
459.96	351.05
460.18	327.29
460.39	326.47
460.60	356.99
460.81	360.67
461.02	352.28
461.24	338.76
461.45	339.17
461.66	372.35
461.87	372.14
462.09	367.64
462.30	356.17
462.51	370.30
462.72	359.03
462.93	388.11
463.15	377.26
463.36	385.66
463.57	386.27
463.78	406.55
463.99	400.20
464.21	402.66
464.42	398.97
464.63	409.82
464.84	445.66
465.05	419.24
465.27	404.09
465.48	412.49
465.69	430.10
465.90	427.64
466.11	423.54
466.33	440.54
466.54	426.62
466.75	449.35
466.96	443.61
467.17	463.48
467.38	445.46
467.60	445.87
467.81	457.34
468.02	467.58
468.23	460.82
468.44	505.05
468.65	477.00
468.87	494.81
469.08	518.37
469.29	495.22
469.50	502.39
469.71	504.03
469.92	489.28
470.14	502.60
470.35	522.67
470.56	515.09
470.77	557.07
470.98	519.59
471.19	553.80
471.41	561.37
471.62	540.28
471.83	552.36
472.04	588.61
472.25	570.79
472.46	565.88
472.67	577.96
472.89	616.87
473.10	617.69
473.31	613.80
473.52	609.09
473.73	631.82
473.94	619.13
474.15	615.23
474.37	673.19
474.58	654.76
474.79	655.17
475.00	669.92
475.21	694.08
475.42	683.64
475.63	708.21
475.84	705.35
476.06	718.45
476.27	710.47
476.48	734.22
476.69	681.38
476.90	733.40
477.11	767.60
477.32	702.48
477.53	755.11
477.74	764.94
477.96	760.44
478.17	808.15
478.38	801.60
478.59	796.89
478.80	829.45
479.01	840.10
479.22	830.07
479.43	838.67
479.64	824.13
479.85	875.53
480.06	880.45
480.28	878.81
480.49	882.90
480.70	899.49
480.91	884.75
481.12	905.64
481.33	903.18
481.54	928.57
481.75	917.31
481.96	922.63
482.17	958.68
482.38	980.18
482.59	970.56
482.81	965.85
483.02	975.47
483.23	989.81
483.44	983.66
483.65	1007.22
483.86	1032.41
484.07	1028.11
484.28	1024.21
484.49	1047.56
484.70	1074.59
484.91	1110.23
485.12	1054.93
485.33	1082.99
485.54	1070.70
485.75	1095.07
485.96	1089.54
486.17	1141.97
486.38	1143.00
486.60	1132.55
486.81	1123.13
487.02	1180.06
487.23	1182.73
487.44	1180.06
487.65	1192.56
487.86	1219.39
488.07	1218.16
488.28	1218.98
488.49	1220.82
488.70	1232.08
488.91	1260.34
489.12	1225.12
489.33	1227.78
489.54	1295.16
489.75	1272.84
489.96	1300.08
490.17	1303.15
490.38	1266.49
490.59	1300.89
490.80	1359.67
491.01	1340.22
491.22	1336.12
491.43	1333.25
491.64	1385.89
491.85	1352.71
492.06	1394.90
492.27	1377.90
492.48	1408.41
492.69	1416.40
492.90	1393.26
493.11	1434.63
493.32	1437.08
493.53	1412.30
493.74	1439.34
493.95	1469.85
494.16	1464.94
494.37	1454.90
494.58	1480.50
494.79	1478.25
495.00	1483.37
495.21	1512.86
495.42	1531.91
495.63	1534.36
495.84	1525.35
496.05	1571.23
496.26	1560.58
496.47	1548.70
496.68	1557.71
496.89	1589.86
497.10	1578.60
497.31	1605.22
497.52	1610.34
497.73	1643.11
497.94	1616.90
498.15	1651.10
498.36	1670.55
498.57	1646.80
498.78	1660.93
498.99	1669.94
499.19	1660.93
499.40	1660.31
499.61	1702.71
499.82	1716.43
500.03	1697.38
500.24	1734.65
500.45	1745.71
500.66	1745.30
500.87	1736.29
501.08	1758.41
501.29	1760.66
501.50	1798.76
501.71	1810.63
501.92	1770.08
502.13	1781.14
502.34	1786.88
502.55	1807.56
502.76	1830.91
502.96	1850.77
503.17	1835.62
503.38	1855.28
503.59	1885.38
503.80	1878.63
504.01	1907.09
504.22	1923.68
504.43	1892.96
504.64	1917.95
504.85	1920.20
505.06	1950.92
505.27	1918.56
505.47	1936.99
505.68	1927.57
505.89	1950.51
506.10	2011.74
506.31	1948.26
506.52	1964.85
506.73	2020.96
506.94	2024.44
507.15	1995.77
507.36	2013.38
507.56	1999.66
507.77	1995.16
507.98	2028.33
508.19	2021.37
508.40	2055.57
508.61	2086.29
508.82	2082.19
509.03	2063.76
509.24	2095.10
509.44	2092.23
509.65	2090.80
509.86	2131.55
510.07	2084.24
510.28	2148.14
510.49	2127.66
510.70	2152.64
510.91	2171.49
511.11	2153.05
511.32	2171.08
511.53	2198.93
511.74	2197.09
511.95	2238.66
512.16	2205.69
512.37	2195.86
512.58	2237.23
512.78	2225.14
512.99	2240.50
513.20	2240.91
513.41	2298.66
513.62	2248.49
513.83	2277.98
514.04	2303.78
514.24	2263.24
514.45	2289.24
514.66	2349.66
514.87	2300.30
515.08	2290.68
515.29	2328.16
515.49	2344.54
515.70	2365.63
515.91	2339.21
516.12	2326.93
516.33	2418.47
516.54	2358.88
516.74	2387.55
516.95	2404.14
517.16	2418.88
517.37	2399.02
517.58	2413.97
517.79	2398.61
517.99	2406.18
518.20	2405.77
518.41	2426.05
518.62	2396.97
518.83	2439.97
519.03	2440.79
519.24	2454.11
519.45	2460.25
519.66	2462.30
519.87	2486.05
520.07	2489.33
520.28	2497.32
520.49	2473.56
520.70	2480.32
520.91	2498.55
521.12	2532.13
521.32	2512.06
521.53	2524.35
521.74	2531.72
521.95	2542.37
522.15	2528.65
522.36	2559.58
522.57	2559.78
522.78	2558.96
522.99	2550.77
523.19	2582.92
523.40	2536.23
523.61	2568.59
523.82	2593.16
524.03	2590.50
524.23	2625.93
524.44	2588.66
524.65	2605.66
524.86	2614.05
525.06	2644.77
525.27	2605.25
525.48	2641.49
525.69	2647.64
525.89	2652.55
526.10	2638.63
526.31	2655.42
526.52	2633.92
526.72	2651.53
526.93	2636.78
527.14	2643.75
527.35	2673.03
527.56	2649.48
527.76	2684.30
527.97	2668.32
528.18	2656.24
528.38	2673.24
528.59	2666.48
528.80	2706.21
529.01	2719.32
529.21	2686.55
529.42	2719.11
529.63	2692.08
529.84	2708.46
530.04	2679.18
530.25	2699.66
530.46	2705.60
530.67	2715.22
530.87	2718.70
531.08	2699.25
531.29	2728.94
531.50	2724.03
531.70	2737.14
531.91	2750.45
532.12	2721.57
532.32	2746.56
532.53	2727.30
532.74	2728.74
532.95	2760.28
533.15	2776.25
533.36	2784.85
533.57	2761.51
533.77	2694.54
533.98	2741.23
534.19	2751.88
534.39	2726.49
534.60	2777.28
534.81	2764.17
535.02	2769.70
535.22	2735.91
535.43	2723.41
535.64	2730.17
535.84	2795.71
536.05	2783.62
536.26	2733.45
536.46	2751.88
536.67	2774.82
536.88	2760.89
537.08	2759.87
537.29	2755.98
537.50	2778.09
537.70	2749.01
537.91	2776.66
538.12	2727.30
538.33	2734.06
538.53	2739.39
538.74	2783.83
538.95	2732.02
539.15	2724.03
539.36	2737.34
539.57	2719.52
539.77	2732.42
539.98	2728.74
540.18	2728.74
540.39	2734.68
540.60	2748.40
540.80	2737.34
541.01	2709.28
541.22	2722.18
541.42	2745.33
541.63	2722.18
541.84	2701.09
542.04	2705.19
542.25	2724.85
542.46	2725.87
542.66	2724.85
542.87	2713.38
543.08	2737.54
543.28	2717.88
543.49	2693.51
543.69	2683.27
543.90	2663.20
544.11	2699.04
544.31	2683.27
544.52	2698.22
544.73	2657.47
544.93	2662.59
545.14	2698.84
545.34	2636.17
545.55	2659.52
545.76	2637.19
545.96	2624.29
546.17	2655.01
546.38	2598.49
546.58	2616.92
546.79	2577.60
546.99	2567.56
547.20	2590.50
547.41	2618.76
547.61	2625.52
547.82	2552.82
548.02	2542.58
548.23	2533.36
548.44	2556.30
548.64	2506.12
548.85	2488.51
549.05	2502.64
549.26	2498.75
549.47	2491.99
549.67	2485.85
549.88	2475.00
550.08	2524.76
550.29	2416.63
550.50	2426.05
550.70	2440.38
550.91	2418.27
551.11	2356.62
551.32	2419.29
551.52	2413.15
551.73	2395.33
551.94	2328.57
552.14	2313.62
552.35	2328.36
552.55	2296.41
552.76	2311.16
552.96	2295.18
553.17	2303.58
553.38	2263.64
553.58	2264.67
553.79	2254.02
553.99	2233.74
554.20	2253.81
554.40	2186.03
554.61	2207.33
554.81	2187.26
555.02	2127.25
555.23	2156.54
555.43	2125.61
555.64	2111.48
555.84	2102.67
556.05	2118.65
556.25	2093.05
556.46	2045.33
556.66	2033.25
556.87	2024.24
557.07	2043.69
557.28	2024.24
557.48	2004.99
557.69	1946.62
557.90	1981.02
558.10	1953.99
558.31	1947.23
558.51	1921.02
558.72	1906.89
558.92	1923.68
559.13	1865.52
559.33	1877.81
559.54	1834.19
559.74	1858.15
559.95	1813.71
560.15	1773.36
560.36	1795.89
560.56	1761.28
560.77	1783.40
560.97	1746.94
561.18	1754.11
561.38	1725.03
561.59	1694.92
561.79	1704.34
562.00	1683.05
562.20	1649.25
562.41	1643.93
562.61	1641.68
562.82	1637.79
563.02	1635.74
563.23	1590.89
563.43	1582.70
563.64	1562.01
563.84	1600.31
564.05	1549.72
564.25	1530.68
564.46	1529.45
564.66	1522.28
564.87	1471.08
565.07	1503.03
565.28	1465.55
565.48	1492.79
565.68	1471.29
565.89	1415.99
566.09	1446.51
566.30	1419.06
566.50	1374.21
566.71	1395.10
566.91	1385.27
567.12	1389.37
567.32	1364.18
567.53	1354.76
567.73	1345.13
567.94	1315.03
568.14	1307.04
568.34	1306.63
568.55	1294.75
568.75	1293.32
568.96	1290.04
569.16	1258.71
569.37	1245.60
569.57	1234.34
569.78	1232.49
569.98	1258.09
570.18	1193.58
570.39	1233.11
570.59	1225.53
570.80	1207.92
571.00	1161.84
571.21	1147.50
571.41	1146.68
571.61	1170.23
571.82	1126.61
572.02	1129.27
572.23	1119.65
572.43	1093.64
572.64	1124.15
572.84	1114.53
573.04	1076.44
573.25	1092.82
573.45	1068.25
573.66	1065.99
573.86	1035.48
574.06	1062.31
574.27	1024.42
574.47	1055.96
574.68	1012.75
574.88	1072.55
575.08	1025.24
575.29	1025.44
575.49	995.75
575.70	1012.95
575.90	1001.48
576.10	978.54
576.31	976.91
576.51	964.41
576.72	971.79
576.92	957.04
577.12	947.82
577.33	950.08
577.53	946.60
577.73	926.53
577.94	903.38
578.14	919.97
578.35	919.97
578.55	943.11
578.75	916.08
578.96	877.58
579.16	872.66
579.36	892.53
579.57	864.47
579.77	853.00
579.98	847.27
580.18	859.56
580.38	857.30
580.59	870.21
580.79	861.81
580.99	866.73
581.20	832.93
581.40	833.14
581.60	860.17
581.81	839.90
582.01	816.14
582.21	816.96
582.42	811.02
582.62	777.84
582.82	804.26
583.03	799.55
583.23	782.76
583.43	813.48
583.64	783.17
583.84	783.58
584.04	784.60
584.25	779.69
584.45	762.28
584.65	783.78
584.86	734.84
585.06	787.47
585.26	762.07
585.47	743.03
585.67	735.66
585.87	757.57
586.08	744.05
586.28	747.33
586.48	712.72
586.69	725.21
586.89	686.71
587.09	706.98
587.30	719.07
587.50	718.25
587.70	698.38
587.90	708.01
588.11	742.62
588.31	700.84
588.51	700.02
588.72	677.29
588.92	691.21
589.12	709.03
589.33	671.55
589.53	679.75
589.73	666.43
589.93	679.13
590.14	656.19
590.34	656.40
590.54	675.65
590.75	652.92
590.95	670.53
591.15	649.85
591.35	700.02
591.56	652.10
591.76	668.48
591.96	624.45
592.16	620.35
592.37	642.06
592.57	611.96
592.77	624.66
592.97	625.06
593.18	586.97
593.38	619.54
593.58	590.04
593.79	589.64
593.99	643.50
594.19	609.50
594.39	593.32
594.60	616.05
594.80	553.59
595.00	600.69
595.20	567.72
595.41	574.89
595.61	556.66
595.81	557.48
596.01	547.65
596.21	547.86
596.42	529.83
596.62	548.06
596.82	562.40
597.02	556.66
597.23	558.71
597.43	526.35
597.63	556.46
597.83	545.40
598.04	540.89
598.24	500.75
598.44	522.05
598.64	536.80
598.84	526.35
599.05	522.46
599.25	534.14
599.45	462.46
599.65	515.09
599.85	489.90
600.06	503.01
600.26	480.27
600.46	481.30
600.66	487.24
600.87	483.96
601.07	495.43
601.27	465.53
601.47	464.30
601.67	441.16
601.87	476.79
602.08	474.95
602.28	431.53
602.48	441.98
602.68	434.60
602.88	435.83
603.09	440.54
603.29	439.72
603.49	418.02
603.69	439.11
603.89	432.35
604.10	445.46
604.30	415.35
604.50	418.42
604.70	427.64
604.90	407.57
605.10	407.37
605.31	413.10
605.51	429.89
605.71	397.33
605.91	387.91
606.11	421.91
606.31	416.17
606.52	384.22
606.72	393.44
606.92	389.55
607.12	399.99
607.32	392.62
607.52	406.34
607.72	384.22
607.93	377.26
608.13	347.97
608.33	380.33
608.53	392.62
608.73	392.42
608.93	389.34
609.13	399.17
609.34	386.48
609.54	371.12
609.74	382.79
609.94	356.37
610.14	387.30
610.34	393.03
610.54	397.13
610.74	356.37
610.95	390.78
611.15	387.91
611.35	366.41
611.55	380.54
611.75	382.99
611.95	377.47
612.15	382.18
612.35	385.66
612.56	414.12
612.76	404.09
612.96	362.92
613.16	369.89
613.36	369.89
613.56	378.90
613.76	363.33
613.96	387.91
614.16	375.01
614.36	386.07
614.57	415.35
614.77	390.37
614.97	386.48
615.17	390.98
615.37	387.91
615.57	411.05
615.77	413.30
615.97	398.56
616.17	408.39
616.37	387.91
616.57	417.81
616.78	406.75
616.98	392.62
617.18	416.38
617.38	420.47
617.58	430.51
617.78	410.44
617.98	413.30
618.18	404.50
618.38	419.45
618.58	412.28
618.78	419.65
618.98	436.65
619.18	430.51
619.38	438.09
619.58	405.52
619.79	456.31
619.99	405.93
620.19	446.69
620.39	431.74
620.59	412.90
620.79	400.40
620.99	472.90
621.19	465.12
621.39	448.12
621.59	459.18
621.79	439.93
621.99	446.07
622.19	435.01
622.39	454.88
622.59	435.01
622.79	453.45
622.99	480.68
623.19	465.32
623.39	459.59
623.59	482.94
623.79	491.74
623.99	496.86
624.19	483.35
624.39	482.53
624.59	481.71
624.79	473.31
624.99	479.45
625.19	457.13
625.39	470.03
625.59	490.10
625.79	475.77
625.99	492.97
626.19	475.97
626.39	482.32
626.59	517.55
626.79	487.65
626.99	482.53
627.19	510.99
627.39	532.29
627.59	536.18
627.79	504.23
627.99	540.89
628.19	531.47
628.39	530.04
628.59	524.30
628.79	540.69
628.99	539.46
629.19	539.05
629.39	544.37
629.59	525.74
629.79	529.42
629.99	517.75
630.19	529.22
630.39	535.98
630.59	563.01
630.79	530.65
630.99	541.92
631.19	554.82
631.39	542.94
631.59	563.01
631.79	584.31
631.99	526.15
632.19	537.82
632.39	559.53
632.59	561.58
632.79	573.05
632.99	587.79
633.19	566.29
633.39	570.18
633.58	575.30
633.78	569.56
633.98	571.20
634.18	607.66
634.38	584.92
634.58	580.62
634.78	577.96
634.98	605.40
635.18	584.52
635.38	584.92
635.58	615.44
635.78	617.28
635.98	602.74
636.18	601.72
636.38	628.75
636.57	629.16
636.77	615.64
636.97	650.05
637.17	618.51
637.37	619.54
637.57	628.75
637.77	631.82
637.97	626.29
638.17	630.80
638.37	630.80
638.57	650.66
638.76	632.64
638.96	682.41
639.16	687.94
639.36	663.16
639.56	661.11
639.76	638.99
639.96	665.41
640.16	683.02
640.36	689.17
640.56	694.90
640.75	685.89
640.95	701.86
641.15	678.72
641.35	734.43
641.55	693.26
641.75	735.45
641.95	697.36
642.15	722.96
642.34	715.38
642.54	758.39
642.74	706.57
642.94	767.40
643.14	735.45
643.34	748.97
643.54	779.07
643.74	780.51
643.93	764.74
644.13	790.54
644.33	799.35
644.53	797.91
644.73	807.74
644.93	841.54
645.13	821.06
645.32	831.70
645.52	822.49
645.72	867.95
645.92	860.99
646.12	882.70
646.32	857.51
646.52	884.95
646.71	872.25
646.91	910.35
647.11	866.32
647.31	907.27
647.51	924.27
647.71	935.95
647.90	946.80
648.10	960.32
648.30	950.08
648.50	972.20
648.70	974.45
648.89	981.62
649.09	974.65
649.29	1003.32
649.49	993.49
649.69	1001.48
649.89	1035.27
650.08	1049.61
650.28	1020.53
650.48	1063.74
650.68	1091.18
650.88	1044.28
651.07	1084.83
651.27	1072.14
651.47	1108.59
651.67	1094.87
651.87	1132.76
652.06	1131.94
652.26	1152.21
652.46	1161.22
652.66	1124.77
652.86	1146.07
653.05	1178.02
653.25	1216.52
653.45	1206.07
653.65	1219.80
653.85	1223.69
654.04	1238.23
654.24	1246.21
654.44	1271.40
654.64	1254.00
654.83	1290.86
655.03	1306.01
655.23	1294.75
655.43	1307.45
655.63	1308.68
655.82	1306.42
656.02	1320.76
656.22	1328.95
656.42	1343.90
656.61	1343.70
656.81	1373.19
657.01	1375.85
657.21	1374.21
657.40	1401.25
657.60	1435.04
657.80	1405.96
658.00	1401.04
658.19	1411.89
658.39	1455.11
658.59	1441.59
658.79	1442.20
658.98	1475.18
659.18	1454.70
659.38	1429.30
659.58	1464.53
659.77	1464.53
659.97	1494.02
660.17	1495.04
660.36	1531.50
660.56	1497.50
660.76	1514.09
660.96	1506.10
661.15	1511.84
661.35	1511.63
661.55	1533.13
661.75	1515.93
661.94	1514.70
662.14	1508.76
662.34	1529.45
662.53	1501.39
662.73	1522.28
662.93	1483.57
663.13	1515.11
663.32	1526.17
663.52	1475.79
663.72	1494.84
663.91	1473.13
664.11	1506.10
664.31	1461.46
664.50	1454.08
664.70	1439.95
664.90	1452.03
665.10	1445.28
665.29	1451.63
665.49	1439.75
665.69	1425.00
665.88	1408.21
666.08	1388.96
666.28	1400.02
666.47	1420.09
666.67	1381.99
666.87	1342.47
667.06	1346.97
667.26	1348.61
667.46	1322.40
667.65	1325.27
667.85	1302.12
668.05	1291.06
668.24	1272.43
668.44	1303.56
668.64	1278.37
668.83	1289.84
669.03	1235.15
669.23	1220.00
669.42	1239.66
669.62	1207.71
669.82	1198.29
670.01	1152.83
670.21	1157.74
670.41	1177.40
670.60	1131.94
670.80	1155.08
671.00	1149.55
671.19	1132.96
671.39	1138.49
671.58	1083.40
671.78	1122.11
671.98	1078.69
672.17	1113.10
672.37	1098.56
672.57	1069.88
672.76	1071.32
672.96	1085.04
673.15	1063.13
673.35	1063.94
673.55	1062.51
673.74	1058.21
673.94	1051.25
674.14	1067.43
674.33	1024.83
674.53	1045.92
674.72	1055.14
674.92	1027.70
675.12	1059.44
675.31	1052.89
675.51	995.34
675.70	1031.38
675.90	1019.91
676.10	1067.84
676.29	1036.09
676.49	1035.07
676.68	1041.01
676.88	1055.55
677.08	1041.62
677.27	1055.96
677.47	1037.12
677.66	1042.24
677.86	1039.37
678.06	1048.99
678.25	1058.01
678.45	1088.52
678.64	1060.87
678.84	1088.52
679.03	1089.13
679.23	1111.66
679.43	1090.36
679.62	1089.75
679.82	1115.35
680.01	1138.90
680.21	1158.97
680.40	1139.51
680.60	1135.83
680.80	1182.52
680.99	1163.68
681.19	1199.93
681.38	1174.33
681.58	1179.86
681.77	1191.53
681.97	1212.63
682.16	1224.71
682.36	1174.33
682.56	1228.60
682.75	1230.65
682.95	1273.66
683.14	1269.97
683.34	1280.41
683.53	1277.96
683.73	1279.19
683.92	1288.81
684.12	1325.06
684.31	1360.90
684.51	1349.23
684.70	1340.22
684.90	1357.62
685.10	1369.71
685.29	1387.32
685.49	1403.70
685.68	1423.36
685.88	1427.46
686.07	1435.45
686.27	1422.75
686.46	1442.41
686.66	1445.07
686.85	1474.77
687.05	1472.51
687.24	1493.40
687.44	1518.18
687.63	1525.15
687.83	1530.06
688.02	1517.16
688.22	1521.87
688.41	1518.80
688.61	1522.69
688.80	1505.69
689.00	1573.27
689.19	1570.20
689.39	1537.43
689.58	1589.66
689.78	1567.13
689.97	1571.64
690.17	1572.66
690.36	1596.42
690.56	1583.31
690.75	1541.53
690.95	1589.66
691.14	1603.99
691.34	1609.52
691.53	1615.46
691.72	1574.09
691.92	1610.55
692.11	1615.46
692.31	1637.17
692.50	1607.48
692.70	1607.07
692.89	1599.49
693.09	1607.07
693.28	1613.62
693.48	1613.41
693.67	1604.81
693.87	1591.71
694.06	1587.20
694.25	1573.48
694.45	1584.95
694.64	1580.03
694.84	1590.89
695.03	1585.36
695.23	1581.26
695.42	1577.37
695.62	1551.16
695.81	1574.71
696.00	1568.77
696.20	1561.81
696.39	1523.92
696.59	1504.05
696.78	1552.59
696.98	1531.09
697.17	1546.65
697.36	1526.79
697.56	1497.70
697.75	1508.76
697.95	1495.86
698.14	1463.71
698.34	1478.45
698.53	1489.51
698.72	1505.28
698.92	1468.42
699.11	1450.81
699.31	1445.69
699.50	1465.76
699.69	1434.83
699.89	1438.93
700.08	1440.77
700.28	1421.52
700.47	1426.64
700.66	1421.32
700.86	1382.40
701.05	1371.14
701.25	1392.23
701.44	1390.80
701.63	1368.27
701.83	1392.23
702.02	1326.29
702.21	1389.57
702.41	1372.98
702.60	1356.60
702.80	1317.28
702.99	1320.35
703.18	1332.64
703.38	1307.65
703.57	1305.81
703.77	1326.49
703.96	1273.45
704.15	1284.51
704.35	1276.52
704.54	1252.56
704.73	1267.72
704.93	1224.51
705.12	1250.10
705.31	1249.70
705.51	1253.59
705.70	1275.70
705.89	1237.61
706.09	1232.08
706.28	1218.98
706.48	1260.14
706.67	1232.90
706.86	1213.24
707.06	1187.23
707.25	1215.49
707.44	1222.05
707.64	1230.65
707.83	1183.96
708.02	1209.56
708.22	1215.08
708.41	1195.63
708.60	1215.70
708.80	1188.46
708.99	1206.28
709.18	1198.91
709.38	1178.63
709.57	1197.88
709.76	1192.97
709.95	1174.74
710.15	1202.59
710.34	1165.52
710.53	1190.10
710.73	1187.23
710.92	1177.81
711.11	1195.42
711.31	1170.64
711.50	1178.02
711.69	1200.54
711.89	1212.22
712.08	1234.95
712.27	1210.17
712.46	1214.68
712.66	1211.60
712.85	1164.09
713.04	1258.30
713.24	1238.43
713.43	1238.43
713.62	1254.82
713.81	1266.08
714.01	1236.59
714.20	1267.92
714.39	1292.70
714.59	1266.49
714.78	1281.85
714.97	1280.21
715.16	1316.46
715.36	1319.74
715.55	1312.57
715.74	1342.88
715.93	1356.80
716.13	1343.49
716.32	1385.48
716.51	1368.07
716.71	1405.14
716.90	1372.78
717.09	1383.02
717.28	1428.07
717.48	1443.43
717.67	1434.22
717.86	1444.05
718.05	1457.15
718.25	1497.09
718.44	1489.31
718.63	1516.34
718.82	1524.53
719.02	1528.42
719.21	1536.82
719.40	1567.34
719.59	1574.71
719.78	1597.85
719.98	1609.11
720.17	1647.00
720.36	1672.81
720.55	1670.35
720.75	1694.10
720.94	1714.58
721.13	1717.45
721.32	1757.39
721.51	1761.48
721.71	1775.82
721.90	1801.21
722.09	1803.06
722.28	1852.82
722.48	1867.57
722.67	1913.24
722.86	1916.51
723.05	1934.13
723.24	1971.19
723.44	1994.95
723.63	2015.23
723.82	2046.15
724.01	2088.75
724.20	2088.75
724.40	2108.00
724.59	2164.93
724.78	2148.34
724.97	2234.97
725.16	2252.59
725.35	2276.75
725.55	2267.54
725.74	2353.14
725.93	2356.83
726.12	2412.53
726.31	2417.04
726.51	2485.85
726.70	2514.52
726.89	2504.08
727.08	2548.93
727.27	2598.28
727.46	2633.92
727.66	2647.43
727.85	2744.51
728.04	2739.80
728.23	2793.86
728.42	2819.05
728.61	2848.75
728.81	2915.10
729.00	2938.45
729.19	3022.01
729.38	3000.50
729.57	3103.31
729.76	3120.72
729.95	3165.57
730.15	3195.47
730.34	3269.81
730.53	3307.70
730.72	3338.42
730.91	3408.25
731.10	3413.99
731.29	3485.87
731.49	3522.74
731.68	3557.14
731.87	3681.25
732.06	3697.02
732.25	3756.82
732.44	3788.15
732.63	3889.12
732.82	3908.98
733.02	3968.99
733.21	3991.93
733.40	4088.59
733.59	4186.69
733.78	4228.06
733.97	4322.67
734.16	4343.15
734.35	4355.44
734.54	4428.14
734.74	4518.25
734.93	4584.81
735.12	4654.24
735.31	4684.34
735.50	4797.39
735.69	4863.34
735.88	4910.85
736.07	4992.15
736.26	5045.20
736.45	5119.54
736.64	5223.78
736.84	5266.79
737.03	5348.50
737.22	5414.65
737.41	5481.00
737.60	5529.95
737.79	5633.17
737.98	5735.57
738.17	5787.38
738.36	5867.86
738.55	5948.55
738.74	6040.30
738.93	6097.44
739.12	6189.19
739.32	6308.18
739.51	6331.32
739.70	6431.26
739.89	6522.19
740.08	6607.59
740.27	6687.46
740.46	6822.22
740.65	6884.68
740.84	7004.08
741.03	7068.38
741.22	7162.80
741.41	7249.02
741.60	7345.06
741.79	7458.52
741.98	7496.20
742.17	7618.26
742.36	7744.83
742.55	7826.75
742.74	7918.91
742.93	8056.73
743.12	8166.10
743.31	8270.54
743.51	8404.07
743.70	8422.09
743.89	8586.95
744.08	8633.24
744.27	8744.65
744.46	8902.14
744.65	8993.07
744.84	9078.26
745.03	9266.06
745.22	9355.97
745.41	9464.10
745.60	9631.42
745.79	9622.82
745.98	9761.26
746.17	9892.53
746.36	10111.05
746.55	10159.18
746.74	10389.98
746.93	10414.97
747.12	10517.57
747.31	10729.95
747.50	10764.56
747.69	10937.20
747.88	11160.02
748.07	11203.64
748.26	11330.62
748.45	11492.82
748.64	11642.73
748.83	11709.49
749.02	11764.58
749.21	11936.00
749.40	12070.75
749.59	12184.21
749.77	12380.82
749.96	12425.67
750.15	12551.21
750.34	12821.95
750.53	12863.93
750.72	13056.44
750.91	13154.95
751.10	13362.00
751.29	13412.79
751.48	13650.15
751.67	13684.96
751.86	13772.61
752.05	14000.14
752.24	14097.22
752.43	14211.90
752.62	14317.17
752.81	14409.33
753.00	14549.61
753.19	14623.55
753.38	14772.23
753.57	14977.03
753.76	15081.06
753.94	15231.18
754.13	15345.25
754.32	15532.84
754.51	15492.70
754.70	15743.78
754.89	15867.48
755.08	15818.54
755.27	16107.09
755.46	16271.55
755.65	16240.21
755.84	16443.58
756.03	16734.18
756.22	16764.90
756.40	16802.99
756.59	17012.91
756.78	16990.38
756.97	17242.08
757.16	17254.98
757.35	17480.67
757.54	17541.49
757.73	17636.93
757.92	17581.43
758.11	17911.97
758.29	17942.69
758.48	18162.44
758.67	18189.06
758.86	18171.04
759.05	18425.80
759.24	18348.80
759.43	18692.25
759.62	18608.89
759.81	18784.81
759.99	18841.75
760.18	18932.27
760.37	19073.17
760.56	19140.96
760.75	19209.36
760.94	19418.86
761.13	19474.57
761.32	19548.30
761.50	19637.79
761.69	19914.88
761.88	19790.98
762.07	19666.87
762.26	19882.12
762.45	19921.85
762.64	20107.19
762.82	20219.01
763.01	20310.35
763.20	20405.78
763.39	20256.48
763.58	20377.11
763.77	20533.78
763.96	20667.31
764.14	20584.16
764.33	20704.99
764.52	20621.43
764.71	20841.59
764.90	21014.23
765.09	20954.64
765.27	21038.60
765.46	21139.77
765.65	21094.51
765.84	21220.26
766.03	21331.26
766.22	21289.27
766.40	21358.29
766.59	21455.98
766.78	21391.47
766.97	21525.61
767.16	21574.76
767.35	21719.96
767.53	21659.96
767.72	21830.35
767.91	21768.70
768.10	21889.53
768.29	22009.54
768.47	22028.18
768.66	22116.45
768.85	22044.97
769.04	22073.85
769.23	22195.50
769.41	22111.12
769.60	22084.30
769.79	22164.78
769.98	22133.86
770.17	22245.27
770.35	22320.63
770.54	22334.56
770.73	22485.49
770.92	22469.31
771.10	22599.36
771.29	22661.41
771.48	22806.20
771.67	22711.79
771.86	22778.56
772.04	22830.99
772.23	22720.80
772.42	22702.37
772.61	22682.30
772.79	22787.77
772.98	22882.39
773.17	22952.02
773.36	22923.14
773.54	23090.26
773.73	23001.38
773.92	22992.57
774.11	23121.59
774.30	22952.22
774.48	22962.67
774.67	22900.41
774.86	23158.87
775.05	23224.60
775.23	23236.28
775.42	23129.58
775.61	23458.89
775.79	23274.78
775.98	23218.87
776.17	23201.05
776.36	23295.46
776.54	23592.83
776.73	23530.98
776.92	23314.92
777.11	23179.34
777.29	23401.55
777.48	23345.03
777.67	23414.66
777.85	23511.32
778.04	23594.67
778.23	23511.93
778.42	23610.44
778.60	23479.78
778.79	23660.62
778.98	23650.38
779.16	23687.45
779.35	23573.99
779.54	23647.72
779.73	23533.64
779.91	23530.16
780.10	23728.81
780.29	23689.70
780.47	23709.97
780.66	23678.23
780.85	23618.63
781.03	23746.22
781.22	23728.00
781.41	23593.24
781.60	23645.26
781.78	23799.47
781.97	23871.56
782.16	23719.80
782.34	23839.20
782.53	23741.72
782.72	23717.76
782.90	23849.64
783.09	23873.40
783.28	24049.94
783.46	23756.05
783.65	23722.06
783.84	23908.63
784.02	23912.72
784.21	23878.73
784.40	23918.25
784.58	23965.97
784.77	23883.85
784.96	23926.24
785.14	23945.29
785.33	24035.19
785.52	23820.77
785.70	23820.36
785.89	23913.34
786.08	24016.55
786.26	24121.00
786.45	23695.23
786.63	23959.62
786.82	23956.34
787.01	23846.78
787.19	23871.35
787.38	24172.81
787.57	23993.62
787.75	24023.11
787.94	24033.55
788.13	24175.07
788.31	24187.56
788.50	24071.85
788.68	24042.77
788.87	24437.82
789.06	24120.39
789.24	24070.83
789.43	24273.16
789.61	24309.41
789.80	24282.79
789.99	24129.40
790.17	24369.01
790.36	24303.47
790.55	24472.43
790.73	24431.47
790.92	24606.78
791.10	24533.05
791.29	24542.06
791.48	24586.71
791.66	24690.54
791.85	24586.91
792.03	24783.93
792.22	24928.31
792.40	24784.54
792.59	24615.99
792.78	24864.21
792.96	24656.34
793.15	24912.54
793.33	24934.45
793.52	25053.44
793.71	25198.44
793.89	25087.44
794.08	25203.35
794.26	25116.72
794.45	25217.28
794.63	25117.13
794.82	25186.15
795.01	25441.12
795.19	25290.80
795.38	25390.33
795.56	25480.24
795.75	25489.25
795.93	25547.21
796.12	25619.70
796.30	25474.50
796.49	25598.41
796.68	25483.72
796.86	25692.00
797.05	25709.20
797.23	25793.99
797.42	25704.49
797.60	25864.85
797.79	25837.81
797.97	25866.69
798.16	25964.99
798.34	25815.49
798.53	26067.80
798.71	25907.85
798.90	26097.50
799.08	25919.94
799.27	26176.75
799.46	25907.44
799.64	25981.99
799.83	26089.10
800.01	26059.61
800.20	26030.73
800.38	25952.50
800.57	26183.92
800.75	25992.23
800.94	26229.59
801.12	26112.86
801.31	26171.02
801.49	26194.16
801.68	26108.35
801.86	26186.38
802.05	26235.32
802.23	26177.98
802.42	26189.86
802.60	26296.56
802.79	26160.78
802.97	26225.08
803.16	26238.60
803.34	26385.85
803.53	26132.11
803.71	26309.26
803.90	26249.86
804.08	26319.09
804.27	26337.31
804.45	26123.10
804.63	26134.77
804.82	26082.95
805.00	26171.02
805.19	26297.17
805.37	26200.92
805.56	26223.04
805.74	26349.40
805.93	26054.28
806.11	26168.97
806.30	26111.42
806.48	25939.39
806.67	26172.66
806.85	26332.60
807.04	25959.46
807.22	26167.13
807.40	25918.71
807.59	26000.22
807.77	26104.46
807.96	25993.25
808.14	26048.96
808.33	25892.49
808.51	25882.05
808.69	25933.25
808.88	26055.92
809.06	25814.47
809.25	25895.36
809.43	25816.51
809.62	25705.51
809.80	25882.46
809.99	25889.01
810.17	25669.27
810.35	25751.18
810.54	25796.24
810.72	25754.67
810.91	25707.15
811.09	25871.19
811.27	25644.48
811.46	25695.89
811.64	25641.62
811.83	25741.97
812.01	25649.60
812.19	25577.93
812.38	25611.51
812.56	25523.04
812.75	25608.03
812.93	25507.27
813.11	25333.19
813.30	25536.76
813.48	25536.97
813.67	25333.81
813.85	25382.96
814.03	25553.76
814.22	25277.90
814.40	25252.30
814.59	25225.06
814.77	25143.96
814.95	25195.77
815.14	24989.13
815.32	25075.15
815.50	25105.87
815.69	24943.47
815.87	25197.82
816.06	24927.08
816.24	25100.54
816.42	24910.08
816.61	24961.90
816.79	24959.44
816.97	24960.46
817.16	24946.74
817.34	24821.41
817.52	24868.92
817.71	24771.85
817.89	24746.25
818.07	24954.11
818.26	24656.54
818.44	24712.25
818.63	24655.73
818.81	24602.68
818.99	24452.16
819.18	24593.06
819.36	24483.29
819.54	24429.63
819.73	24575.24
819.91	24538.17
820.09	24515.64
820.28	24516.46
820.46	24416.32
820.64	24252.28
820.83	24288.73
821.01	24038.06
821.19	24233.23
821.37	24097.65
821.56	24253.30
821.74	24189.20
821.92	24165.03
822.11	24239.99
822.29	24130.22
822.47	24110.15
822.66	24087.82
822.84	24111.38
823.02	24161.96
823.21	24019.42
823.39	24104.41
823.57	23955.32
823.75	23977.03
823.94	24021.26
824.12	23925.83
824.30	24004.47
824.49	24004.06
824.67	23792.30
824.85	24061.40
825.03	23843.50
825.22	23867.05
825.40	23772.03
825.58	23783.50
825.77	23663.28
825.95	23662.05
826.13	23766.09
826.31	23597.54
826.50	23582.18
826.68	23610.65
826.86	23558.01
827.04	23457.25
827.23	23501.08
827.41	23476.71
827.59	23443.12
827.78	23432.88
827.96	23448.04
828.14	23391.72
828.32	23503.95
828.51	23269.05
828.69	23304.68
828.87	23399.91
829.05	23179.75
829.23	23193.48
829.42	23243.86
829.60	23164.39
829.78	23195.73
829.96	23093.94
830.15	23059.74
830.33	23176.68
830.51	23137.57
830.69	23090.87
830.88	22891.40
831.06	23043.15
831.24	22949.36
831.42	22999.94
831.60	22954.89
831.79	22843.48
831.97	23167.88
832.15	22922.94
832.33	23118.11
832.52	22941.99
832.70	22991.96
832.88	23044.59
833.06	22884.85
833.24	22961.65
833.43	22768.73
833.61	22875.02
833.79	22834.26
833.97	22929.90
834.15	22857.20
834.34	22940.55
834.52	22726.74
834.70	22741.90
834.88	22749.07
835.06	22829.55
835.25	22733.91
835.43	22744.97
835.61	22631.10
835.79	22592.60
835.97	22644.42
836.15	22618.20
836.34	22493.28
836.52	22484.47
836.70	22569.05
836.88	22516.01
837.06	22564.54
837.24	22551.23
837.43	22547.14
837.61	22456.21
837.79	22537.31
837.97	22412.79
838.15	22420.98
838.33	22496.35
838.52	22401.12
838.70	22432.25
838.88	22179.73
839.06	22478.53
839.24	22351.35
839.42	22280.08
839.60	22414.22
839.79	22268.41
839.97	22423.03
840.15	22327.18
840.33	22276.80
840.51	22300.56
840.69	22173.18
840.87	22223.76
841.06	22015.07
841.24	22084.50
841.42	22107.03
841.60	22266.36
841.78	22131.40
841.96	22057.06
842.14	22116.65
842.32	22083.07
842.51	22067.30
842.69	21999.10
842.87	21917.59
843.05	22062.59
843.23	22012.21
843.41	22046.20
843.59	21965.31
843.77	22098.84
843.95	21918.62
844.14	21826.87
844.32	21829.12
844.50	21925.58
844.68	21861.27
844.86	22040.26
845.04	21728.97
845.22	21928.24
845.40	21868.44
845.58	21645.83
845.76	21747.81
845.94	21696.00
846.12	21734.30
846.31	21725.49
846.49	21733.48
846.67	21756.83
846.85	21733.48
847.03	21649.10
847.21	21711.36
847.39	21521.92
847.57	21682.48
847.75	21716.89
847.93	21664.26
848.11	21424.24
848.29	21498.78
848.47	21592.17
848.65	21522.33
848.83	21556.53
849.02	21555.92
849.20	21493.87
849.38	21488.13
849.56	21665.69
849.74	21426.28
849.92	21474.62
850.10	21455.57
850.28	21591.96
850.46	21451.88
850.64	21490.38
850.82	21496.53
851.00	21405.80
851.18	21395.36
851.36	21404.98
851.54	21267.16
851.72	21177.25
851.90	21375.49
852.08	21283.34
852.26	21168.24
852.44	21288.25
852.62	21297.47
852.80	21331.46
852.98	21256.92
853.16	21405.80
853.34	21281.70
853.52	21135.27
853.70	21221.08
853.88	21246.68
854.06	21222.92
854.24	21301.36
854.42	21283.54
854.60	21334.53
854.78	21213.09
854.96	21161.48
855.14	21257.94
855.32	21123.18
855.50	21105.78
855.68	21075.47
855.86	21118.88
856.04	20987.81
856.22	21128.10
856.40	20974.91
856.58	21027.34
856.76	20877.02
856.94	20989.25
857.12	20962.21
857.30	20908.97
857.48	20922.48
857.66	21210.43
857.84	20880.50
858.02	20929.45
858.20	20912.86
858.38	20926.17
858.56	21024.88
858.74	20990.27
858.92	20980.44
859.10	20927.81
859.28	20864.53
859.46	20922.69
859.64	20914.29
859.81	20853.26
859.99	20746.77
860.17	20810.87
860.35	20705.81
860.53	20669.35
860.71	20696.59
860.89	20773.19
861.07	20726.29
861.25	20653.79
861.43	20676.32
861.61	20751.68
861.79	20629.83
861.97	20646.21
862.15	20698.23
862.33	20810.46
862.50	20769.70
862.68	20619.38
862.86	20590.92
863.04	20812.10
863.22	20703.96
863.40	20550.98
863.58	20604.64
863.76	20452.68
863.94	20573.51
864.12	20387.96
864.30	20602.39
864.47	20437.32
864.65	20384.07
864.83	20401.07
865.01	20303.59
865.19	20364.00
865.37	20461.08
865.55	20338.61
865.73	20333.69
865.91	20417.86
866.09	20335.13
866.26	20285.77
866.44	20345.57
866.62	20446.33
866.80	20370.35
866.98	20164.94
867.16	20164.33
867.34	20275.12
867.52	20201.39
867.69	20026.70
867.87	20032.23
868.05	19960.14
868.23	19907.71
868.41	19969.56
868.59	20024.65
868.77	19978.57
868.94	19911.61
869.12	19997.42
869.30	20006.63
869.48	19947.65
869.66	19849.55
869.84	19874.13
870.02	19793.03
870.19	19924.10
870.37	19835.01
870.55	19817.40
870.73	19793.03
870.91	19890.72
871.09	19750.64
871.26	19794.67
871.44	19801.83
871.62	19727.29
871.80	19782.79
871.98	19592.33
872.16	19787.50
872.33	19511.02
872.51	19469.86
872.69	19538.26
872.87	19457.98
873.05	19446.10
873.22	19427.26
873.40	19302.54
873.58	19412.11
873.76	19203.21
873.94	19302.13
874.12	19103.89
874.29	19100.20
874.47	19155.29
874.65	19104.30
874.83	18938.41
875.01	19023.61
875.18	19116.58
875.36	19199.73
875.54	19110.24
875.72	18969.34
875.89	19052.07
876.07	18949.67
876.25	18947.63
876.43	18992.48
876.61	18843.39
876.78	18926.33
876.96	18938.21
877.14	18887.21
877.32	18931.24
877.49	18867.55
877.67	19034.05
877.85	18918.14
878.03	19011.73
878.21	18941.28
878.38	18932.68
878.56	18999.85
878.74	18964.83
878.92	18980.80
879.09	18833.35
879.27	19010.09
879.45	18984.08
879.63	19025.04
879.80	19134.61
879.98	18897.25
880.16	19031.59
880.34	19190.11
880.51	19118.63
880.69	19090.78
880.87	19115.77
881.05	19051.05
881.22	19194.82
881.40	19122.32
881.58	18932.47
881.75	19096.31
881.93	19144.23
882.11	19080.54
882.29	19199.53
882.46	19278.58
882.64	19258.71
882.82	19267.11
883.00	19408.83
883.17	19503.24
883.35	19362.95
883.53	19354.56
883.70	19563.25
883.88	19594.79
884.06	19440.78
884.23	19505.08
884.41	19641.27
884.59	19590.69
884.77	19582.91
884.94	19798.35
885.12	19792.82
885.30	19819.86
885.47	19638.00
885.65	19770.09
885.83	19797.94
886.00	19897.27
886.18	19734.25
886.36	19937.21
886.53	19849.14
886.71	19907.51
886.89	20040.83
887.07	20021.99
887.24	20039.40
887.42	20072.17
887.60	20165.35
887.77	20065.41
887.95	20232.93
888.13	20301.54
888.30	20156.54
888.48	20257.92
888.66	20372.19
888.83	20256.89
889.01	20399.43
889.18	20553.85
889.36	20488.93
889.54	20419.09
889.71	20572.28
889.89	20526.41
890.07	20528.86
890.24	20493.64
890.42	20590.30
890.60	20488.52
890.77	20650.92
890.95	20551.19
891.13	20621.23
891.30	20724.03
891.48	20563.88
891.65	20821.52
891.83	20788.55
892.01	20712.16
892.18	20794.28
892.36	20808.21
892.54	20812.71
892.71	20772.57
892.89	20786.29
893.06	20917.57
893.24	20808.62
893.42	20844.05
893.59	20896.88
893.77	20960.17
893.94	20875.79
894.12	20839.13
894.30	20914.29
894.47	20765.81
894.65	20985.36
894.82	20985.97
895.00	20953.41
895.18	20968.15
895.35	20968.56
895.53	20913.68
895.70	21138.13
895.88	21011.37
896.06	21042.29
896.23	21095.95
896.41	21182.58
896.58	21023.65
896.76	20979.62
896.93	20987.20
897.11	21120.11
897.29	20913.68
897.46	21085.91
897.64	21033.48
897.81	21011.37
897.99	20997.03
898.16	21086.12
898.34	20826.84
898.52	21011.98
898.69	21172.13
898.87	21019.56
899.04	20898.52
899.22	21094.31
899.39	21081.41
899.57	20808.41
899.74	21027.95
899.92	20862.48
900.10	20863.30
900.27	20863.71
900.45	20935.59
900.62	21053.14
900.80	20898.32
900.97	20943.58
901.15	20820.90
901.32	20853.88
901.50	20874.77
901.67	20797.35
901.85	20701.51
902.02	20826.84
902.20	20757.83
902.37	20907.12
902.55	20618.77
902.72	20789.37
902.90	20758.65
903.07	20583.54
903.25	20711.95
903.43	20751.68
903.60	20578.42
903.78	20558.15
903.95	20455.96
904.13	20392.67
904.30	20333.28
904.48	20430.97
904.65	20461.08
904.83	20560.20
905.00	20341.68
905.17	20283.72
905.35	20264.06
905.52	20200.37
905.70	20188.08
905.87	20271.23
906.05	20279.83
906.22	20118.86
906.40	20137.70
906.57	20000.49
906.75	20167.19
906.92	20026.91
907.10	20121.11
907.27	19761.28
907.45	19937.41
907.62	19850.58
907.80	19771.32
907.97	19820.06
908.15	19674.25
908.32	19749.61
908.49	19664.62
908.67	19565.09
908.84	19559.56
909.02	19577.99
909.19	19567.96
909.37	19482.97
909.54	19520.03
909.72	19327.73
909.89	19456.34
910.07	19408.83
910.24	19363.36
910.41	19291.48
910.59	19371.35
910.76	19313.80
910.94	19175.57
911.11	19145.05
911.29	19147.51
911.46	19102.25
911.63	19011.32
911.81	18921.41
911.98	18966.67
912.16	18951.52
912.33	18787.48
912.50	18864.48
912.68	18817.99
912.85	18710.27
913.03	18845.64
913.20	18718.25
913.38	18554.01
913.55	18521.04
913.72	18467.17
913.90	18409.22
914.07	18413.93
914.25	18365.18
914.42	18237.39
914.59	18209.13
914.77	18261.15
914.94	18144.82
915.11	18121.27
915.29	18220.19
915.46	17981.40
915.64	17964.81
915.81	17765.33
915.98	17953.13
916.16	17869.78
916.33	17755.30
916.51	17717.41
916.68	17739.94
916.85	17772.50
917.03	17550.91
917.20	17422.71
917.37	17599.24
917.55	17353.49
917.72	17395.27
917.89	17323.59
918.07	17316.83
918.24	17346.12
918.42	17240.44
918.59	17208.70
918.76	17181.25
918.94	16962.74
919.11	17069.64
919.28	16959.05
919.46	16851.53
919.63	16740.53
919.80	16733.77
919.98	16727.42
920.15	16709.81
920.32	16606.18
920.50	16557.65
920.67	16602.70
920.84	16537.37
921.02	16486.17
921.19	16458.73
921.36	16283.22
921.54	16295.92
921.71	16211.34
921.88	16123.07
922.06	16275.85
922.23	16086.41
922.40	16070.85
922.57	16089.48
922.75	15999.58
922.92	15982.78
923.09	15838.81
923.27	15882.84
923.44	15865.23
923.61	15778.80
923.79	15813.42
923.96	15661.66
924.13	15583.43
924.30	15558.24
924.48	15421.84
924.65	15448.88
924.82	15495.37
925.00	15419.59
925.17	15401.36
925.34	15339.72
925.51	15226.47
925.69	15190.22
925.86	15236.71
926.03	15060.99
926.21	15001.19
926.38	14920.91
926.55	14973.95
926.72	14740.89
926.90	14895.11
927.07	14768.75
927.24	14765.27
927.41	14654.88
927.59	14494.11
927.76	14700.14
927.93	14508.65
928.10	14429.60
928.28	14408.10
928.45	14336.42
928.62	14190.40
928.79	14169.10
928.97	14182.62
929.14	14184.26
929.31	14163.16
929.48	14107.05
929.66	14053.80
929.83	13924.78
930.00	13981.92
930.17	13892.83
930.34	13858.42
930.52	13700.94
930.69	13681.48
930.86	13570.68
931.03	13673.90
931.21	13540.99
931.38	13512.93
931.55	13509.86
931.72	13260.42
931.89	13296.67
932.07	13288.47
932.24	13251.00
932.41	13153.72
932.58	13086.75
932.75	13007.90
932.93	13018.96
933.10	12930.69
933.27	12819.29
933.44	12737.16
933.61	12688.42
933.79	12577.62
933.96	12503.28
934.13	12515.78
934.30	12426.08
934.47	12313.64
934.65	12314.05
934.82	12095.74
934.99	12148.17
935.16	11839.54
935.33	11768.27
935.50	11732.43
935.68	11728.95
935.85	11618.97
936.02	11594.60
936.19	11416.22
936.36	11420.52
936.53	11206.10
936.71	11230.27
936.88	11134.42
937.05	11087.11
937.22	10865.52
937.39	10801.01
937.56	10804.70
937.74	10601.13
937.91	10537.44
938.08	10437.09
938.25	10416.20
938.42	10294.96
938.59	10199.32
938.76	10129.48
938.94	10068.45
939.11	10007.83
939.28	9916.49
939.45	9785.22
939.62	9692.65
939.79	9637.77
939.96	9526.36
940.13	9380.95
940.31	9405.12
940.48	9358.83
940.65	9265.85
940.82	9121.06
940.99	9134.78
941.16	9103.45
941.33	9092.19
941.50	8945.35
941.67	8900.50
941.85	8936.13
942.02	8823.29
942.19	8746.90
942.36	8748.13
942.53	8770.86
942.70	8695.09
942.87	8685.46
943.04	8623.82
943.21	8544.76
943.38	8526.33
943.56	8586.34
943.73	8503.60
943.90	8473.91
944.07	8405.91
944.24	8395.06
944.41	8458.55
944.58	8358.81
944.75	8318.46
944.92	8332.80
945.09	8389.32
945.26	8328.50
945.43	8306.38
945.60	8309.04
945.78	8276.48
945.95	8215.25
946.12	8179.20
946.29	8171.01
946.46	8220.37
946.63	8189.03
946.80	8250.06
946.97	8180.02
947.14	8231.63
947.31	8228.35
947.48	8192.31
947.65	8170.19
947.82	8210.54
947.99	8103.02
948.16	8104.86
948.33	8132.71
948.50	8142.34
948.67	8216.27
948.84	8164.87
949.01	8187.39
949.18	8070.25
949.35	8152.78
949.52	8065.13
949.69	8150.12
949.86	8105.27
950.03	8019.05
950.20	8073.12
950.38	8147.66
950.55	8136.40
950.72	8039.74
950.89	8041.37
951.06	8117.76
951.23	8048.13
951.40	8053.25
951.57	8123.09
951.74	8078.24
951.91	8037.07
952.08	8047.72
952.25	8060.83
952.42	7996.93
952.59	8013.32
952.76	8007.79
952.92	8011.68
953.09	8073.32
953.26	8069.64
953.43	8037.69
953.60	7969.29
953.77	8006.35
953.94	7983.21
954.11	7945.73
954.28	7989.36
954.45	7929.56
954.62	7891.26
954.79	7933.65
954.96	7906.21
955.13	7926.48
955.30	7896.38
955.47	7885.73
955.64	7916.45
955.81	7893.92
955.98	7959.46
956.15	7825.31
956.32	7841.49
956.49	7825.93
956.66	7869.55
956.83	7891.87
957.00	7863.00
957.17	7820.19
957.33	7823.68
957.50	7784.76
957.67	7799.30
957.84	7819.99
958.01	7835.96
958.18	7753.02
958.35	7771.86
958.52	7707.76
958.69	7741.14
958.86	7749.74
959.03	7669.87
959.20	7650.01
959.37	7637.92
959.53	7603.52
959.70	7639.15
959.87	7578.33
960.04	7675.20
960.21	7610.69
960.38	7610.69
960.55	7554.78
960.72	7550.48
960.89	7522.62
961.06	7508.70
961.23	7513.20
961.39	7454.63
961.56	7407.12
961.73	7433.95
961.90	7526.51
962.07	7375.37
962.24	7428.21
962.41	7330.52
962.58	7378.86
962.75	7342.81
962.91	7285.06
963.08	7335.23
963.25	7283.63
963.42	7263.97
963.59	7203.55
963.76	7215.02
963.93	7195.77
964.09	7212.77
964.26	7184.30
964.43	7217.48
964.60	7137.61
964.77	7136.38
964.94	7196.18
965.11	7080.88
965.27	7062.24
965.44	7058.35
965.61	7095.62
965.78	7006.54
965.95	6998.14
966.12	6964.96
966.29	6929.33
966.45	6968.24
966.62	6930.76
966.79	6899.22
966.96	6914.38
967.13	6919.91
967.30	6883.25
967.46	6835.53
967.63	6775.93
967.80	6844.95
967.97	6719.00
968.14	6732.31
968.30	6701.59
968.47	6704.26
968.64	6788.43
968.81	6729.04
968.98	6598.99
969.15	6597.15
969.31	6618.45
969.48	6577.28
969.65	6610.66
969.82	6564.17
969.99	6531.82
970.15	6500.07
970.32	6459.73
970.49	6480.21
970.66	6452.36
970.82	6425.73
970.99	6377.60
971.16	6437.40
971.33	6312.48
971.50	6380.47
971.66	6346.68
971.83	6308.18
972.00	6307.77
972.17	6267.01
972.34	6241.41
972.50	6235.48
972.67	6222.16
972.84	6192.26
973.01	6182.64
973.17	6143.32
973.34	6126.93
973.51	6058.33
973.68	6135.74
973.84	6047.68
974.01	6055.46
974.18	6047.68
974.35	5973.13
974.51	5956.54
974.68	5933.60
974.85	5918.04
975.02	5919.27
975.18	5940.57
975.35	5921.11
975.52	5865.41
975.69	5884.86
975.85	5827.32
976.02	5770.59
976.19	5791.68
976.36	5745.40
976.52	5737.00
976.69	5772.22
976.86	5673.72
977.02	5625.18
977.19	5664.09
977.36	5646.07
977.53	5608.39
977.69	5635.22
977.86	5593.44
978.03	5562.92
978.19	5567.02
978.36	5563.74
978.53	5499.64
978.70	5467.08
978.86	5432.88
979.03	5396.83
979.20	5379.42
979.36	5409.73
979.53	5424.89
979.70	5350.34
979.86	5335.80
980.03	5325.36
980.20	5252.86
980.36	5220.71
980.53	5237.09
980.70	5222.35
980.86	5236.48
981.03	5251.63
981.20	5207.60
981.36	5159.88
981.53	5083.49
981.70	5111.96
981.86	5076.94
982.03	5083.08
982.20	5066.09
982.36	4997.68
982.53	5055.03
982.70	4972.08
982.86	4998.71
983.03	4986.21
983.20	4949.97
983.36	5017.14
983.53	4920.68
983.70	4938.29
983.86	4929.49
984.03	4919.86
984.20	4845.31
984.36	4780.19
984.53	4829.34
984.70	4791.86
984.86	4719.77
985.03	4766.06
985.19	4679.43
985.36	4689.67
985.53	4669.60
985.69	4655.47
985.86	4588.09
986.03	4605.09
986.19	4559.42
986.36	4559.62
986.52	4469.10
986.69	4497.16
986.86	4460.71
987.02	4487.94
987.19	4449.44
987.35	4389.85
987.52	4395.99
987.69	4397.63
987.85	4361.38
988.02	4351.96
988.18	4338.24
988.35	4323.70
988.52	4293.80
988.68	4271.88
988.85	4246.90
989.01	4223.14
989.18	4181.36
989.35	4246.90
989.51	4154.94
989.68	4152.69
989.84	4172.56
990.01	4116.85
990.17	4083.67
990.34	4064.01
990.51	4107.84
990.67	4030.63
990.84	4005.85
991.00	4008.51
991.17	4007.08
991.33	3997.05
991.50	3961.00
991.66	3954.45
991.83	3858.60
992.00	3929.46
992.16	3908.37
992.33	3897.31
992.49	3863.93
992.66	3908.57
992.82	3808.43
992.99	3836.89
993.15	3798.80
993.32	3787.33
993.48	3738.59
993.65	3782.01
993.82	3778.73
993.98	3704.19
994.15	3698.45
994.31	3720.16
994.48	3700.70
994.64	3647.05
994.81	3627.18
994.97	3633.53
995.14	3604.04
995.30	3593.39
995.47	3582.33
995.63	3546.70
995.80	3491.20
995.96	3507.79
996.13	3503.48
996.29	3472.56
996.46	3475.43
996.62	3419.72
996.79	3429.35
996.95	3393.10
997.12	3419.11
997.28	3337.60
997.45	3348.66
997.61	3357.67
997.78	3345.79
997.94	3344.36
998.11	3276.57
998.27	3286.20
998.44	3265.51
998.60	3275.14
998.77	3228.85
998.93	3248.10
999.10	3180.11
999.26	3224.55
999.43	3176.83
999.59	3149.80
999.75	3162.70
999.92	3099.83
1000.08	3094.10
1000.25	3078.53
1000.41	3079.76
1000.58	3045.35
1000.74	3037.16
1000.91	3038.39
1001.07	3041.26
1001.24	2952.79
1001.40	2999.07
1001.56	2977.57
1001.73	2947.46
1001.89	2924.11
1002.06	2887.87
1002.22	2909.57
1002.39	2848.95
1002.55	2844.86
1002.71	2861.86
1002.88	2833.18
1003.04	2823.35
1003.21	2827.66
1003.37	2784.65
1003.54	2802.87
1003.70	2711.33
1003.86	2774.61
1004.03	2734.68
1004.19	2709.69
1004.36	2698.43
1004.52	2711.95
1004.68	2704.57
1004.85	2671.40
1005.01	2648.25
1005.18	2648.46
1005.34	2619.79
1005.50	2616.51
1005.67	2608.52
1005.83	2542.78
1006.00	2573.91
1006.16	2546.88
1006.32	2499.98
1006.49	2526.19
1006.65	2484.42
1006.82	2477.86
1006.98	2471.92
1007.14	2460.86
1007.31	2470.90
1007.47	2439.97
1007.63	2422.16
1007.80	2409.87
1007.96	2417.65
1008.13	2387.96
1008.29	2363.79
1008.45	2365.43
1008.62	2325.49
1008.78	2352.12
1008.94	2331.43
1009.11	2292.52
1009.27	2286.79
1009.43	2307.06
1009.60	2292.11
1009.76	2252.79
1009.92	2219.41
1010.09	2302.56
1010.25	2166.98
1010.42	2188.28
1010.58	2138.92
1010.74	2144.86
1010.91	2187.26
1011.07	2154.28
1011.23	2114.14
1011.40	2118.03
1011.56	2130.94
1011.72	2132.37
1011.89	2051.88
1012.05	2064.17
1012.21	2059.67
1012.37	2068.88
1012.54	2016.86
1012.70	2001.30
1012.86	1977.75
1013.03	1997.82
1013.19	1970.99
1013.35	1964.85
1013.52	1926.75
1013.68	1963.00
1013.84	1926.55
1014.01	1913.24
1014.17	1885.59
1014.33	1913.03
1014.49	1867.77
1014.66	1821.69
1014.82	1859.38
1014.98	1865.31
1015.15	1837.05
1015.31	1874.74
1015.47	1791.18
1015.63	1807.56
1015.80	1780.53
1015.96	1760.87
1016.12	1758.00
1016.29	1737.93
1016.45	1743.46
1016.61	1750.01
1016.77	1735.06
1016.94	1745.30
1017.10	1699.22
1017.26	1680.38
1017.42	1661.54
1017.59	1686.94
1017.75	1635.94
1017.91	1668.10
1018.07	1640.04
1018.24	1596.42
1018.40	1589.25
1018.56	1589.25
1018.72	1619.35
1018.89	1582.08
1019.05	1570.61
1019.21	1577.78
1019.37	1561.60
1019.54	1539.07
1019.70	1524.53
1019.86	1519.21
1020.02	1496.68
1020.19	1496.48
1020.35	1499.96
1020.51	1512.45
1020.67	1446.10
1020.83	1481.94
1021.00	1429.51
1021.16	1433.40
1021.32	1445.28
1021.48	1421.93
1021.64	1411.69
1021.81	1425.82
1021.97	1389.16
1022.13	1388.96
1022.29	1356.80
1022.45	1373.60
1022.62	1346.36
1022.78	1348.41
1022.94	1349.23
1023.10	1331.61
1023.26	1323.63
1023.43	1314.41
1023.59	1288.20
1023.75	1306.01
1023.91	1285.33
1024.07	1280.62
1024.24	1262.19
1024.40	1238.02
1024.56	1263.21
1024.72	1256.04
1024.88	1237.00
1025.04	1229.22
1025.21	1218.36
1025.37	1226.35
1025.53	1206.89
1025.69	1179.45
1025.85	1180.06
1026.01	1173.72
1026.18	1148.94
1026.34	1165.73
1026.50	1144.02
1026.66	1149.75
1026.82	1132.14
1026.98	1105.72
1027.14	1124.77
1027.31	1081.35
1027.47	1091.39
1027.63	1096.10
1027.79	1097.33
1027.95	1079.71
1028.11	1078.08
1028.27	1068.65
1028.44	1065.79
1028.60	1038.34
1028.76	1045.10
1028.92	1023.80
1029.08	1010.90
1029.24	1005.17
1029.40	983.87
1029.56	973.83
1029.73	994.52
1029.89	999.23
1030.05	974.45
1030.21	949.67
1030.37	955.81
1030.53	969.33
1030.69	935.74
1030.85	935.95
1031.01	918.13
1031.17	909.12
1031.34	886.18
1031.50	918.33
1031.66	894.99
1031.82	897.85
1031.98	888.23
1032.14	865.70
1032.30	857.71
1032.46	866.11
1032.62	870.41
1032.78	837.44
1032.94	836.01
1033.10	838.87
1033.27	802.42
1033.43	842.97
1033.59	824.95
1033.75	821.06
1033.91	791.77
1034.07	814.91
1034.23	777.84
1034.39	764.94
1034.55	802.62
1034.71	784.60
1034.87	766.17
1035.03	774.57
1035.19	749.17
1035.35	694.90
1035.51	746.10
1035.67	748.15
1035.83	712.51
1035.99	735.25
1036.16	708.21
1036.32	709.03
1036.48	728.49
1036.64	726.23
1036.80	714.36
1036.96	699.41
1037.12	660.49
1037.28	703.30
1037.44	657.22
1037.60	679.13
1037.76	677.29
1037.92	667.46
1038.08	654.76
1038.24	660.29
1038.40	667.66
1038.56	663.98
1038.72	641.04
1038.88	631.62
1039.04	643.29
1039.20	640.83
1039.36	620.56
1039.52	608.07
1039.68	589.84
1039.84	612.16
1040.00	600.28
1040.16	592.91
1040.32	596.39
1040.48	596.19
1040.64	559.73
1040.80	558.92
1040.96	576.12
1041.12	551.75
1041.28	533.32
1041.44	544.58
1041.60	555.02
1041.76	532.91
1041.92	502.80
1042.08	541.51
1042.24	543.56
1042.39	522.26
1042.55	491.13
1042.71	520.41
1042.87	502.60
1043.03	540.07
1043.19	499.73
