345.44	-13.41
345.66	-13.41
345.88	-13.41
346.10	-20.17
346.31	12.80
346.53	-3.79
346.75	7.68
346.97	29.59
347.19	4.40
347.41	-1.94
347.63	14.03
347.85	-6.66
348.07	0.51
348.29	11.37
348.51	10.34
348.73	9.52
348.95	8.50
349.17	-4.40
349.39	10.55
349.61	9.52
349.83	24.06
350.05	5.63
350.27	24.06
350.49	52.12
350.71	27.75
350.93	29.59
351.15	33.48
351.37	10.55
351.59	10.14
351.80	13.62
352.02	30.62
352.24	52.94
352.46	34.10
352.68	15.87
352.90	34.51
353.12	20.17
353.34	27.14
353.56	24.27
353.78	36.56
354.00	25.09
354.22	19.56
354.44	26.32
354.66	34.51
354.88	39.83
355.09	52.33
355.31	24.47
355.53	25.29
355.75	24.47
355.97	17.92
356.19	0.31
356.41	26.93
356.63	27.14
356.85	17.72
357.07	28.57
357.29	13.41
357.50	29.80
357.72	44.75
357.94	11.78
358.16	40.45
358.38	35.74
358.60	27.55
358.82	13.01
359.04	41.47
359.26	25.70
359.48	17.72
359.69	13.01
359.91	49.87
360.13	28.16
360.35	23.45
360.57	28.36
360.79	35.12
361.01	19.15
361.23	108.65
361.45	41.27
361.66	49.46
361.88	31.44
362.10	36.76
362.32	19.97
362.54	46.59
362.76	2.15
362.98	20.38
363.20	20.99
363.41	41.27
363.63	10.96
363.85	26.32
364.07	25.70
364.29	31.44
364.51	43.32
364.73	63.18
364.94	20.79
365.16	34.51
365.38	44.34
365.60	23.04
365.82	42.50
366.04	25.50
366.26	46.59
366.47	35.53
366.69	34.71
366.91	33.28
367.13	22.84
367.35	11.78
367.57	20.17
367.79	27.55
368.00	18.53
368.22	32.67
368.44	-3.58
368.66	44.95
368.88	31.85
369.10	10.55
369.31	31.44
369.53	20.17
369.75	28.16
369.97	21.20
370.19	31.23
370.41	24.88
370.62	30.82
370.84	38.81
371.06	58.47
371.28	36.97
371.50	34.51
371.71	35.33
371.93	13.82
372.15	42.09
372.37	24.47
372.59	36.35
372.80	47.00
373.02	39.22
373.24	38.81
373.46	23.45
373.68	12.39
373.90	27.75
374.11	33.48
374.33	49.25
374.55	20.17
374.77	29.80
374.98	19.76
375.20	29.39
375.42	49.25
375.64	25.29
375.86	16.49
376.07	29.18
376.29	27.55
376.51	48.03
376.73	18.13
376.95	25.70
377.16	28.98
377.38	48.64
377.60	29.18
377.82	48.03
378.03	36.15
378.25	36.15
378.47	27.96
378.69	12.19
378.91	18.13
379.12	70.76
379.34	34.10
379.56	21.61
379.78	7.07
379.99	37.17
380.21	9.32
380.43	9.93
380.65	41.47
380.86	19.76
381.08	17.92
381.30	29.80
381.52	24.47
381.73	48.84
381.95	51.30
382.17	25.50
382.39	24.68
382.60	24.68
382.82	38.81
383.04	50.69
383.26	41.27
383.47	40.45
383.69	51.92
383.91	33.89
384.13	23.45
384.34	34.51
384.56	19.15
384.78	31.44
385.00	48.44
385.21	0.31
385.43	48.84
385.65	41.27
385.86	29.39
386.08	35.94
386.30	19.35
386.52	20.58
386.73	50.89
386.95	43.32
387.17	32.05
387.38	34.71
387.60	47.00
387.82	45.16
388.04	37.79
388.25	19.76
388.47	33.08
388.69	38.60
388.90	49.25
389.12	41.06
389.34	23.25
389.56	54.99
389.77	45.98
389.99	43.11
390.21	41.27
390.42	56.83
390.64	48.84
390.86	39.63
391.07	24.68
391.29	39.63
391.51	30.82
391.72	53.96
391.94	49.25
392.16	46.59
392.38	29.18
392.59	44.75
392.81	40.24
393.03	59.08
393.24	43.32
393.46	50.48
393.68	46.59
393.89	43.32
394.11	51.30
394.33	49.66
394.54	59.70
394.76	42.29
394.98	59.90
395.19	43.93
395.41	30.62
395.63	50.89
395.84	57.04
396.06	65.43
396.28	60.72
396.49	47.62
396.71	56.63
396.93	44.75
397.14	64.41
397.36	59.29
397.57	56.83
397.79	43.93
398.01	46.80
398.22	52.33
398.44	38.20
398.66	55.60
398.87	65.43
399.09	73.63
399.31	84.48
399.52	41.68
399.74	64.00
399.96	60.52
400.17	58.67
400.39	70.35
400.60	60.11
400.82	86.53
401.04	57.24
401.25	84.07
401.47	52.12
401.69	66.46
401.90	36.76
402.12	67.89
402.33	59.29
402.55	69.73
402.77	48.64
402.98	89.19
403.20	81.20
403.41	57.65
403.63	50.48
403.85	59.70
404.06	59.08
404.28	72.19
404.49	60.52
404.71	78.13
404.93	62.36
405.14	83.86
405.36	60.93
405.57	89.39
405.79	88.78
406.01	69.73
406.22	64.41
406.44	80.59
406.65	88.58
406.87	63.59
407.09	79.97
407.30	75.47
407.52	79.97
407.73	75.47
407.95	64.41
408.17	72.81
408.38	76.29
408.60	97.79
408.81	78.75
409.03	75.88
409.24	62.36
409.46	82.84
409.68	79.97
409.89	86.53
410.11	80.59
410.32	75.06
410.54	94.10
410.75	88.17
410.97	92.88
411.18	99.43
411.40	80.79
411.62	94.92
411.83	97.59
412.05	105.78
412.26	60.11
412.48	90.62
412.69	114.79
412.91	112.54
413.12	86.94
413.34	97.59
413.56	96.15
413.77	114.99
413.99	86.32
414.20	105.57
414.42	93.08
414.63	106.80
414.85	95.95
415.06	112.13
415.28	104.34
415.49	107.83
415.71	124.21
415.92	108.03
416.14	96.97
416.35	133.02
416.57	117.25
416.79	117.45
417.00	95.95
417.22	117.66
417.43	94.31
417.65	100.04
417.86	104.96
418.08	97.79
418.29	104.14
418.51	127.49
418.72	126.67
418.94	124.41
419.15	125.03
419.37	124.62
419.58	88.58
419.80	114.38
420.01	124.41
420.23	94.31
420.44	114.38
420.66	126.46
420.87	125.85
421.09	135.06
421.30	132.61
421.52	144.48
421.73	129.94
421.95	115.20
422.16	141.62
422.38	123.19
422.59	138.75
422.81	125.44
423.02	143.05
423.23	143.87
423.45	133.84
423.66	152.27
423.88	138.14
424.09	159.43
424.31	128.92
424.52	149.20
424.74	159.43
424.95	142.64
425.17	128.51
425.38	145.71
425.60	142.23
425.81	155.13
426.03	146.53
426.24	149.40
426.45	151.04
426.67	189.95
426.88	167.83
427.10	168.04
427.31	159.43
427.53	172.13
427.74	181.76
427.96	173.98
428.17	158.62
428.39	159.23
428.60	173.16
428.81	172.54
429.03	162.71
429.24	168.65
429.46	189.54
429.67	172.75
429.89	178.28
430.10	178.07
430.31	176.43
430.53	177.05
430.74	162.92
430.96	206.74
431.17	201.83
431.39	196.91
431.60	178.07
431.81	197.94
432.03	183.19
432.24	178.48
432.46	192.20
432.67	194.46
432.89	209.41
433.10	213.50
433.31	242.38
433.53	201.01
433.74	235.41
433.96	221.49
434.17	223.54
434.38	221.28
434.60	229.89
434.81	227.22
435.03	216.78
435.24	232.14
435.45	201.01
435.67	233.16
435.88	227.63
436.10	247.29
436.31	233.16
436.52	231.11
436.74	239.92
436.95	250.98
437.17	270.84
437.38	247.70
437.59	251.80
437.81	255.89
438.02	257.33
438.23	256.30
438.45	273.51
438.66	279.45
438.88	255.48
439.09	267.36
439.30	283.75
439.52	243.40
439.73	278.63
439.94	268.18
440.16	254.87
440.37	289.28
440.58	307.91
440.80	305.25
441.01	275.76
441.23	276.58
441.44	276.17
441.65	276.78
441.87	322.66
442.08	302.59
442.29	319.38
442.51	289.28
442.72	302.79
442.93	316.51
443.15	312.21
443.36	313.44
443.57	321.84
443.79	306.27
444.00	313.24
444.21	313.85
444.43	302.38
444.64	333.51
444.85	345.60
445.07	339.66
445.28	323.27
445.49	360.96
445.71	339.25
445.92	363.41
446.13	334.33
446.35	354.81
446.56	332.90
446.77	356.04
446.99	350.92
447.20	367.10
447.41	364.23
447.63	388.19
447.84	346.21
448.05	372.22
448.27	359.52
448.48	392.49
448.69	382.46
448.90	390.24
449.12	402.12
449.33	372.22
449.54	355.02
449.76	380.62
449.97	392.70
450.18	393.72
450.40	371.19
450.61	393.11
450.82	403.96
451.03	390.86
451.25	364.03
451.46	421.78
451.67	414.00
451.89	412.15
452.10	419.53
452.31	415.84
452.52	425.26
452.74	435.50
452.95	436.73
453.16	404.99
453.38	438.57
453.59	429.77
453.80	438.98
454.01	442.67
454.23	431.61
454.44	464.58
454.65	470.73
454.86	442.87
455.08	457.82
455.29	483.01
455.50	459.67
455.71	482.19
455.93	497.96
456.14	519.88
456.35	448.81
456.56	500.83
456.78	476.05
456.99	491.41
457.20	445.54
457.41	493.46
457.63	523.56
457.84	547.32
458.05	494.28
458.26	520.49
458.48	504.11
458.69	531.76
458.90	512.50
459.11	546.50
459.33	514.55
459.54	571.90
459.75	517.83
459.96	547.73
460.18	557.97
460.39	569.03
460.60	559.61
460.81	605.89
461.02	606.92
461.24	589.51
461.45	598.72
461.66	598.31
461.87	618.38
462.09	596.06
462.30	599.34
462.51	631.08
462.72	627.60
462.93	660.16
463.15	619.61
463.36	642.14
463.57	660.57
463.78	644.39
463.99	677.78
464.21	666.51
464.42	697.44
464.63	683.10
464.84	661.19
465.05	698.87
465.27	679.21
465.48	742.90
465.69	698.26
465.90	742.49
466.11	712.80
466.33	751.09
466.54	715.05
466.75	768.91
466.96	747.00
467.17	782.84
467.38	754.78
467.60	760.31
467.81	808.64
468.02	778.33
468.23	826.25
468.44	819.70
468.65	843.25
468.87	807.82
469.08	855.13
469.29	842.43
469.50	830.35
469.71	849.40
469.92	844.69
470.14	848.99
470.35	885.85
470.56	892.40
470.77	930.29
470.98	888.72
471.19	925.99
471.41	930.29
471.62	929.06
471.83	933.16
472.04	968.18
472.25	973.50
472.46	1000.33
472.67	968.38
472.89	991.52
473.10	1059.93
473.31	1018.35
473.52	1041.29
473.73	1074.47
473.94	1038.63
474.15	1074.67
474.37	1104.98
474.58	1061.97
474.79	1115.43
475.00	1128.74
475.21	1179.12
475.42	1140.62
475.63	1200.21
475.84	1156.18
476.06	1195.30
476.27	1200.01
476.48	1226.43
476.69	1164.17
476.90	1185.47
477.11	1232.57
477.32	1243.22
477.53	1258.17
477.74	1293.40
477.96	1295.44
478.17	1348.28
478.38	1342.75
478.59	1334.35
478.80	1335.38
479.01	1373.06
479.22	1401.12
479.43	1394.36
479.64	1416.68
479.85	1430.20
480.06	1436.14
480.28	1413.00
480.49	1467.68
480.70	1469.93
480.91	1495.94
481.12	1505.77
481.33	1522.97
481.54	1563.11
481.75	1551.85
481.96	1517.65
482.17	1587.07
482.38	1618.00
482.59	1592.19
482.81	1606.53
483.02	1607.55
483.23	1619.64
483.44	1686.20
483.65	1700.33
483.86	1728.18
484.07	1686.61
484.28	1691.52
484.49	1760.13
484.70	1773.44
484.91	1768.52
485.12	1741.70
485.33	1833.24
485.54	1803.13
485.75	1860.48
485.96	1825.25
486.17	1876.86
486.38	1876.45
486.60	1860.27
486.81	1881.57
487.02	1937.89
487.23	1948.75
487.44	1958.37
487.65	1996.05
487.86	1992.78
488.07	2024.32
488.28	2024.11
488.49	2010.39
488.70	2030.25
488.91	2092.72
489.12	2057.90
489.33	2056.06
489.54	2109.92
489.75	2128.15
489.96	2149.65
490.17	2188.97
490.38	2139.41
490.59	2198.80
490.80	2189.38
491.01	2194.71
491.22	2248.77
491.43	2231.77
491.64	2226.86
491.85	2246.72
492.06	2259.83
492.27	2272.12
492.48	2247.34
492.69	2308.57
492.90	2302.02
493.11	2356.50
493.32	2345.64
493.53	2366.53
493.74	2400.94
493.95	2388.24
494.16	2417.73
494.37	2398.89
494.58	2440.67
494.79	2436.16
495.00	2449.88
495.21	2489.82
495.42	2503.95
495.63	2501.90
495.84	2524.43
496.05	2567.23
496.26	2545.32
496.47	2523.81
496.68	2524.02
496.89	2600.00
497.10	2599.18
497.31	2582.80
497.52	2608.60
497.73	2668.81
497.94	2690.52
498.15	2652.84
498.36	2655.09
498.57	2702.60
498.78	2687.24
498.99	2719.60
499.19	2749.50
499.40	2736.80
499.61	2773.67
499.82	2767.32
500.03	2793.94
500.24	2859.07
500.45	2810.94
500.66	2832.65
500.87	2782.47
501.08	2874.02
501.29	2900.03
501.50	2853.54
501.71	2907.60
501.92	2918.66
502.13	2892.24
502.34	2977.64
502.55	2978.26
502.76	2931.57
502.96	3017.58
503.17	3026.80
503.38	3025.57
503.59	3010.82
503.80	3041.75
504.01	3059.15
504.22	3034.99
504.43	3054.44
504.64	3099.91
504.85	3119.98
505.06	3152.75
505.27	3130.01
505.47	3128.78
505.68	3167.29
505.89	3165.85
506.10	3153.57
506.31	3174.04
506.52	3189.40
506.73	3230.36
506.94	3223.40
507.15	3245.72
507.36	3279.72
507.56	3226.06
507.77	3212.34
507.98	3323.96
508.19	3302.66
508.40	3352.42
508.61	3328.26
508.82	3359.59
509.03	3322.32
509.24	3371.06
509.44	3363.69
509.65	3379.25
509.86	3409.15
510.07	3408.95
510.28	3457.07
510.49	3453.39
510.70	3400.76
510.91	3450.73
511.11	3470.18
511.32	3531.21
511.53	3532.85
511.74	3488.82
511.95	3556.40
512.16	3530.19
512.37	3545.75
512.58	3553.53
512.78	3569.10
512.99	3592.85
513.20	3592.04
513.41	3609.85
513.62	3628.49
513.83	3655.52
514.04	3646.92
514.24	3679.28
514.45	3642.62
514.66	3685.83
514.87	3667.61
515.08	3642.83
515.29	3747.68
515.49	3729.25
515.70	3702.01
515.91	3748.91
516.12	3744.61
516.33	3787.00
516.54	3744.20
516.74	3782.50
516.95	3798.06
517.16	3810.14
517.37	3799.09
517.58	3776.15
517.79	3812.60
517.99	3820.38
518.20	3841.27
518.41	3878.55
518.62	3827.55
518.83	3930.36
519.03	3903.53
519.24	3945.92
519.45	3881.82
519.66	3964.97
519.87	3930.97
520.07	3962.72
520.28	3903.94
520.49	3942.65
520.70	3974.39
520.91	3985.45
521.12	3981.35
521.32	4010.85
521.53	4018.83
521.74	4042.18
521.95	3987.50
522.15	4026.00
522.36	4025.59
522.57	4016.99
522.78	4050.99
522.99	4071.87
523.19	4094.20
523.40	4080.68
523.61	4092.56
523.82	4118.16
524.03	4056.31
524.23	4115.09
524.44	4099.11
524.65	4120.82
524.86	4100.34
525.06	4132.49
525.27	4120.62
525.48	4100.75
525.69	4161.17
525.89	4127.99
526.10	4146.63
526.31	4141.92
526.52	4094.81
526.72	4161.17
526.93	4140.89
527.14	4170.18
527.35	4201.31
527.56	4150.31
527.76	4189.84
527.97	4227.32
528.18	4203.97
528.38	4257.63
528.59	4198.85
528.80	4209.09
529.01	4184.92
529.21	4206.63
529.42	4197.82
529.63	4207.04
529.84	4247.80
530.04	4220.15
530.25	4220.15
530.46	4266.43
530.67	4196.60
530.87	4226.50
531.08	4261.52
531.29	4240.22
531.50	4199.05
531.70	4230.80
531.91	4259.67
532.12	4288.34
532.32	4260.49
532.53	4301.45
532.74	4270.94
532.95	4287.53
533.15	4242.06
533.36	4290.60
533.57	4277.49
533.77	4210.73
533.98	4259.88
534.19	4262.13
534.39	4304.73
534.60	4292.24
534.81	4291.62
535.02	4335.45
535.22	4314.97
535.43	4308.62
535.64	4288.75
535.84	4355.72
536.05	4303.91
536.26	4315.17
536.46	4275.24
536.67	4255.99
536.88	4288.34
537.08	4272.37
537.29	4326.44
537.50	4305.34
537.70	4312.72
537.91	4326.03
538.12	4277.49
538.33	4336.68
538.53	4274.21
538.74	4268.07
538.95	4264.59
539.15	4277.70
539.36	4290.80
539.57	4208.88
539.77	4270.73
539.98	4309.64
540.18	4249.64
540.39	4226.91
540.60	4224.04
540.80	4265.41
541.01	4216.46
541.22	4265.20
541.42	4232.84
541.63	4212.98
541.84	4218.30
542.04	4173.45
542.25	4227.52
542.46	4218.71
542.66	4177.14
542.87	4191.89
543.08	4198.44
543.28	4166.08
543.49	4143.76
543.69	4170.79
543.90	4129.22
544.11	4173.25
544.31	4131.27
544.52	4091.13
544.73	4148.47
544.93	4089.49
545.14	4077.81
545.34	4099.32
545.55	4088.67
545.76	4053.85
545.96	4049.76
546.17	4045.66
546.38	4007.98
546.58	3989.34
546.79	3998.15
546.99	4007.77
547.20	4015.96
547.41	3992.00
547.61	3928.93
547.82	3946.95
548.02	3905.78
548.23	3890.22
548.44	3890.83
548.64	3886.74
548.85	3849.47
549.05	3833.49
549.26	3789.46
549.47	3821.41
549.67	3764.88
549.88	3773.49
550.08	3787.62
550.29	3739.90
550.50	3715.53
550.70	3693.21
550.91	3678.05
551.11	3657.57
551.32	3607.60
551.52	3664.12
551.73	3621.12
551.94	3565.62
552.14	3574.83
552.35	3524.25
552.55	3549.03
552.76	3554.56
552.96	3478.58
553.17	3492.30
553.38	3454.82
553.58	3425.74
553.79	3399.53
553.99	3370.85
554.20	3417.96
554.40	3351.19
554.61	3326.21
554.81	3317.20
555.02	3296.31
555.23	3246.13
555.43	3259.85
555.64	3204.15
555.84	3198.42
556.05	3176.09
556.25	3131.04
556.46	3129.60
556.66	3157.25
556.87	3109.74
557.07	3070.01
557.28	3070.62
557.48	3007.55
557.69	3017.17
557.90	2972.73
558.10	2948.36
558.31	2965.36
558.51	2890.20
558.72	2883.44
558.92	2899.82
559.13	2853.95
559.33	2828.55
559.54	2766.91
559.74	2806.23
559.95	2726.36
560.15	2740.08
560.36	2675.57
560.56	2672.09
560.77	2678.85
560.97	2681.51
561.18	2618.23
561.38	2605.73
561.59	2588.12
561.79	2618.23
562.00	2567.64
562.20	2532.83
562.41	2499.03
562.61	2478.15
562.82	2464.22
563.02	2478.96
563.23	2432.48
563.43	2409.95
563.64	2368.17
563.84	2374.31
564.05	2322.29
564.25	2304.07
564.46	2298.74
564.66	2327.62
564.87	2274.37
565.07	2240.38
565.28	2186.31
565.48	2248.77
565.68	2217.44
565.89	2175.05
566.09	2142.28
566.30	2161.94
566.50	2119.75
566.71	2153.34
566.91	2065.48
567.12	2083.50
567.32	2047.25
567.53	2050.32
567.73	2039.88
567.94	2028.00
568.14	2023.09
568.34	2023.29
568.55	1949.77
568.75	1949.77
568.96	1919.46
569.16	1879.11
569.37	1913.52
569.57	1881.78
569.78	1896.52
569.98	1841.02
570.18	1821.77
570.39	1823.82
570.59	1787.77
570.80	1770.98
571.00	1772.01
571.21	1755.21
571.41	1712.41
571.61	1747.43
571.82	1698.48
572.02	1705.04
572.23	1664.08
572.43	1688.65
572.64	1665.51
572.84	1663.05
573.04	1626.60
573.25	1642.78
573.45	1585.64
573.66	1612.67
573.86	1577.45
574.06	1577.86
574.27	1539.15
574.47	1576.63
574.68	1538.54
574.88	1539.56
575.08	1522.77
575.29	1521.33
575.49	1472.18
575.70	1487.75
575.90	1496.96
576.10	1476.69
576.31	1458.67
576.51	1453.96
576.72	1417.50
576.92	1433.07
577.12	1429.38
577.33	1408.08
577.53	1423.24
577.73	1389.45
577.94	1381.46
578.14	1364.66
578.35	1356.47
578.55	1376.75
578.75	1352.38
578.96	1299.95
579.16	1346.23
579.36	1316.54
579.57	1295.65
579.77	1267.39
579.98	1296.88
580.18	1286.02
580.38	1283.57
580.59	1267.18
580.79	1288.89
580.99	1249.98
581.20	1249.77
581.40	1238.30
581.60	1194.89
581.81	1241.38
582.01	1207.59
582.21	1217.83
582.42	1215.98
582.62	1206.56
582.82	1159.66
583.03	1175.23
583.23	1196.53
583.43	1158.84
583.64	1147.99
583.84	1170.93
584.04	1132.63
584.25	1171.95
584.45	1133.04
584.65	1128.33
584.86	1120.75
585.06	1126.90
585.26	1098.63
585.47	1081.23
585.67	1112.97
585.87	1073.85
586.08	1067.30
586.28	1065.87
586.48	1107.03
586.69	1073.65
586.89	1073.44
587.09	1071.81
587.30	1102.73
587.50	1056.04
587.70	1055.42
587.90	1058.08
588.11	1043.95
588.31	1049.89
588.51	1006.68
588.72	1066.89
588.92	1017.94
589.12	980.06
589.33	1014.87
589.53	977.39
589.73	989.68
589.93	1019.38
590.14	968.38
590.34	966.33
590.54	954.05
590.75	985.18
590.95	972.68
591.15	973.09
591.35	973.30
591.56	956.71
591.76	915.95
591.96	948.72
592.16	919.03
592.37	923.33
592.57	927.01
592.77	908.17
592.97	904.69
593.18	883.19
593.38	897.73
593.58	877.45
593.79	884.21
593.99	888.92
594.19	882.57
594.39	876.84
594.60	868.85
594.80	845.30
595.00	859.43
595.20	855.13
595.41	853.29
595.61	828.51
595.81	836.90
596.01	822.77
596.21	813.56
596.42	801.68
596.62	809.46
596.82	795.33
597.02	764.61
597.23	801.68
597.43	785.50
597.63	805.98
597.83	750.07
598.04	787.75
598.24	751.09
598.44	747.61
598.64	752.12
598.84	747.00
599.05	740.65
599.25	739.01
599.45	762.77
599.65	743.11
599.85	705.83
600.06	715.25
600.26	717.10
600.46	690.47
600.66	706.04
600.87	701.53
601.07	654.84
601.27	685.76
601.47	675.11
601.67	655.45
601.87	672.25
602.08	660.98
602.28	652.59
602.48	662.21
602.68	666.51
602.88	646.65
603.09	655.25
603.29	617.77
603.49	595.86
603.69	639.07
603.89	604.25
604.10	624.94
604.30	590.33
604.50	620.84
604.70	599.54
604.90	605.07
605.10	572.51
605.31	582.55
605.51	577.84
605.71	572.10
605.91	579.27
606.11	567.19
606.31	584.18
606.52	572.31
606.72	519.47
606.92	550.19
607.12	574.15
607.32	591.76
607.52	586.03
607.72	547.32
607.93	554.90
608.13	526.64
608.33	520.49
608.53	551.21
608.73	556.74
608.93	574.56
609.13	549.78
609.34	530.73
609.54	567.80
609.74	541.38
609.94	521.11
610.14	552.03
610.34	552.64
610.54	548.96
610.74	560.02
610.95	536.88
611.15	521.72
611.35	543.22
611.55	541.38
611.75	545.27
611.95	558.58
612.15	549.37
612.35	549.78
612.56	564.93
612.76	557.56
612.96	548.14
613.16	552.24
613.36	545.68
613.56	572.92
613.76	566.37
613.96	556.33
614.16	570.05
614.36	586.44
614.57	581.93
614.77	546.71
614.97	566.37
615.17	578.45
615.37	567.60
615.57	551.83
615.77	544.25
615.97	557.56
616.17	577.02
616.37	559.61
616.57	582.95
616.78	584.80
616.98	591.35
617.18	576.40
617.38	590.33
617.58	585.21
617.78	597.70
617.98	570.05
618.18	615.11
618.38	568.82
618.58	590.33
618.78	600.57
618.98	626.58
619.18	594.01
619.38	592.58
619.58	603.64
619.79	603.43
619.99	611.22
620.19	609.58
620.39	604.87
620.59	626.78
620.79	604.66
620.99	621.66
621.19	636.00
621.39	641.94
621.59	654.43
621.79	649.92
621.99	614.29
622.19	668.76
622.39	666.31
622.59	677.57
622.79	648.49
622.99	642.55
623.19	655.86
623.39	654.43
623.59	678.80
623.79	649.51
623.99	688.02
624.19	688.22
624.39	686.58
624.59	666.72
624.79	681.46
624.99	682.08
625.19	682.49
625.39	714.02
625.59	703.17
625.79	699.48
625.99	687.20
626.19	704.19
626.39	698.26
626.59	693.14
626.79	720.99
626.99	731.84
627.19	739.62
627.39	730.20
627.59	728.57
627.79	761.74
627.99	745.36
628.19	744.54
628.39	738.19
628.59	760.10
628.79	768.71
628.99	756.01
629.19	753.35
629.39	780.99
629.59	773.83
629.79	766.66
629.99	785.70
630.19	765.02
630.39	767.07
630.59	788.57
630.79	780.17
630.99	770.75
631.19	791.03
631.39	798.40
631.59	790.82
631.79	800.24
631.99	790.41
632.19	811.51
632.39	793.69
632.59	817.45
632.79	787.75
632.99	833.22
633.19	793.49
633.39	807.21
633.58	810.07
633.78	819.50
633.98	814.38
634.18	856.77
634.38	825.64
634.58	852.06
634.78	815.60
634.98	865.78
635.18	837.11
635.38	850.62
635.58	814.78
635.78	861.07
635.98	856.77
636.18	882.98
636.38	856.56
636.57	848.58
636.77	878.48
636.97	902.03
637.17	860.86
637.37	885.03
637.57	905.10
637.77	903.87
637.97	882.57
638.17	863.12
638.37	910.83
638.57	915.14
638.76	954.87
638.96	899.37
639.16	915.14
639.36	953.84
639.56	936.23
639.76	958.55
639.96	947.70
640.16	958.14
640.36	969.41
640.56	969.00
640.75	974.12
640.95	1015.08
641.15	990.09
641.35	1002.58
641.55	1010.57
641.75	1014.87
641.95	1012.41
642.15	1043.75
642.34	1045.39
642.54	1040.27
642.74	1050.10
642.94	1054.40
643.14	1061.36
643.34	1071.19
643.54	1067.30
643.74	1098.43
643.93	1102.12
644.13	1083.27
644.33	1123.82
644.53	1117.68
644.73	1142.05
644.93	1141.85
645.13	1130.58
645.32	1198.37
645.52	1161.30
645.72	1182.60
645.92	1187.92
646.12	1211.68
646.32	1188.13
646.52	1251.82
646.71	1246.09
646.91	1251.82
647.11	1280.90
647.31	1273.73
647.51	1281.93
647.71	1291.35
647.90	1316.13
648.10	1318.38
648.30	1328.62
648.50	1348.90
648.70	1339.68
648.89	1379.61
649.09	1384.94
649.29	1399.89
649.49	1429.38
649.69	1413.41
649.89	1427.13
650.08	1446.38
650.28	1424.67
650.48	1489.18
650.68	1504.54
650.88	1491.43
651.07	1499.63
651.27	1505.56
651.47	1523.79
651.67	1543.86
651.87	1536.49
652.06	1570.08
652.26	1575.81
652.46	1618.00
652.66	1590.97
652.86	1638.27
653.05	1628.44
653.25	1680.87
653.45	1696.44
653.65	1704.42
653.85	1681.28
654.04	1724.29
654.24	1744.15
654.44	1767.09
654.64	1772.42
654.83	1752.35
655.03	1751.94
655.23	1796.99
655.43	1842.66
655.63	1807.85
655.82	1820.95
656.02	1858.63
656.22	1876.66
656.42	1900.00
656.61	1889.97
656.81	1924.58
657.01	1943.83
657.21	1946.70
657.40	1961.44
657.60	1975.16
657.80	1946.70
658.00	2024.93
658.19	1969.43
658.39	2021.24
658.59	2006.29
658.79	2073.67
658.98	2021.86
659.18	2041.52
659.38	2029.84
659.58	2073.26
659.77	2065.48
659.97	2075.10
660.17	2076.95
660.36	2090.26
660.56	2074.70
660.76	2097.02
660.96	2093.54
661.15	2107.05
661.35	2080.84
661.55	2118.73
661.75	2100.70
661.94	2114.43
662.14	2075.51
662.34	2125.89
662.53	2068.96
662.73	2103.78
662.93	2067.94
663.13	2086.37
663.32	2086.16
663.52	2055.03
663.72	2066.50
663.91	2055.85
664.11	2051.55
664.31	2032.71
664.50	2051.14
664.70	2020.22
664.90	2010.80
665.10	2013.87
665.29	1981.92
665.49	1965.33
665.69	1968.20
665.88	1968.00
666.08	1943.22
666.28	1926.22
666.47	1903.28
666.67	1912.09
666.87	1871.74
667.06	1913.32
667.26	1861.91
667.46	1840.00
667.65	1827.71
667.85	1807.64
668.05	1813.78
668.24	1768.93
668.44	1792.49
668.64	1775.69
668.83	1735.96
669.03	1704.22
669.23	1725.93
669.42	1691.11
669.62	1698.48
669.82	1686.40
670.01	1645.65
670.21	1624.35
670.41	1598.54
670.60	1612.26
670.80	1609.81
671.00	1578.88
671.19	1585.85
671.39	1546.73
671.58	1549.39
671.78	1500.85
671.98	1519.90
672.17	1515.80
672.37	1497.99
672.57	1516.21
672.76	1485.70
672.96	1492.46
673.15	1471.16
673.35	1493.69
673.55	1438.39
673.74	1461.12
673.94	1429.38
674.14	1430.20
674.33	1421.60
674.53	1450.88
674.72	1438.80
674.92	1439.21
675.12	1417.71
675.31	1407.06
675.51	1429.18
675.70	1439.42
675.90	1406.24
676.10	1445.56
676.29	1437.16
676.49	1411.97
676.68	1443.10
676.88	1453.96
677.08	1439.83
677.27	1432.04
677.47	1455.39
677.66	1444.13
677.86	1453.75
678.06	1450.06
678.25	1469.93
678.45	1470.54
678.64	1475.87
678.84	1475.05
679.03	1495.53
679.23	1503.11
679.43	1484.88
679.62	1537.51
679.82	1544.07
680.01	1568.64
680.21	1592.60
680.40	1580.93
680.60	1584.00
680.80	1592.81
680.99	1567.41
681.19	1622.50
681.38	1630.90
681.58	1655.89
681.77	1648.72
681.97	1681.08
682.16	1662.85
682.36	1676.57
682.56	1705.04
682.75	1734.73
682.95	1718.96
683.14	1737.19
683.34	1773.03
683.53	1773.03
683.73	1770.78
683.92	1784.70
684.12	1838.77
684.31	1879.32
684.51	1854.33
684.70	1870.10
684.90	1875.84
685.10	1894.06
685.29	1849.83
685.49	1936.25
685.68	1925.19
685.88	1936.05
686.07	1937.69
686.27	2013.05
686.46	1997.49
686.66	1970.04
686.85	1996.05
687.05	2021.24
687.24	2011.62
687.44	2071.42
687.63	2061.38
687.83	2063.02
688.02	2105.01
688.22	2122.41
688.41	2066.09
688.61	2067.53
688.80	2088.42
689.00	2115.45
689.19	2154.16
689.39	2110.33
689.58	2139.21
689.78	2165.42
689.97	2156.82
690.17	2149.04
690.36	2197.57
690.56	2162.35
690.75	2169.93
690.95	2161.12
691.14	2173.00
691.34	2200.65
691.53	2167.47
691.72	2180.17
691.92	2182.42
692.11	2184.06
692.31	2196.34
692.50	2184.67
692.70	2207.40
692.89	2202.69
693.09	2174.02
693.28	2200.44
693.48	2208.02
693.67	2180.98
693.87	2150.68
694.06	2171.77
694.25	2158.66
694.45	2150.68
694.64	2129.99
694.84	2150.47
695.03	2145.35
695.23	2139.21
695.42	2143.51
695.62	2125.69
695.81	2142.48
696.00	2109.31
696.20	2087.39
696.39	2067.73
696.59	2114.22
696.78	2068.14
696.98	2089.65
697.17	2074.49
697.36	2070.60
697.56	2048.69
697.75	2059.95
697.95	2068.96
698.14	1986.84
698.34	2004.25
698.53	2013.46
698.72	1997.08
698.92	1969.22
699.11	2014.89
699.31	1984.38
699.50	1987.66
699.69	1959.80
699.89	1961.85
700.08	1962.06
700.28	1928.06
700.47	1905.53
700.66	1906.56
700.86	1876.45
701.05	1888.33
701.25	1901.44
701.44	1873.79
701.63	1867.03
701.83	1842.46
702.02	1818.49
702.21	1816.65
702.41	1832.42
702.60	1799.65
702.80	1792.08
702.99	1777.94
703.18	1786.75
703.38	1769.14
703.57	1762.79
703.77	1772.21
703.96	1732.07
704.15	1759.92
704.35	1722.85
704.54	1690.29
704.73	1722.85
704.93	1722.04
705.12	1693.36
705.31	1686.61
705.51	1673.50
705.70	1672.68
705.89	1663.26
706.09	1671.25
706.28	1655.27
706.48	1651.59
706.67	1645.65
706.86	1636.23
707.06	1587.48
707.25	1606.94
707.44	1621.48
707.64	1636.84
707.83	1602.23
708.02	1603.05
708.22	1592.19
708.41	1587.89
708.60	1587.69
708.80	1597.72
708.99	1590.76
709.18	1589.12
709.38	1597.11
709.57	1605.30
709.76	1579.29
709.95	1610.83
710.15	1584.00
710.34	1598.13
710.53	1609.40
710.73	1609.40
710.92	1580.93
711.11	1599.16
711.31	1584.62
711.50	1618.82
711.69	1581.54
711.89	1590.56
712.08	1604.48
712.27	1627.01
712.46	1631.11
712.66	1620.66
712.85	1623.53
713.04	1667.76
713.24	1641.75
713.43	1635.61
713.62	1665.10
713.81	1671.25
714.01	1710.98
714.20	1684.56
714.39	1694.80
714.59	1700.74
714.78	1702.78
714.97	1704.83
715.16	1727.77
715.36	1722.04
715.55	1762.79
715.74	1777.54
715.93	1778.97
716.13	1812.56
716.32	1824.64
716.51	1821.36
716.71	1851.26
716.90	1835.90
717.09	1853.51
717.28	1877.48
717.48	1898.98
717.67	1911.68
717.86	1931.13
718.05	1960.83
718.25	1923.35
718.44	1988.48
718.63	1978.03
718.82	2042.34
719.02	2037.83
719.21	2061.38
719.40	2070.39
719.59	2098.66
719.78	2123.03
719.98	2142.07
720.17	2178.94
720.36	2207.61
720.55	2221.94
720.75	2229.32
720.94	2305.91
721.13	2270.28
721.32	2293.83
721.51	2337.45
721.71	2346.05
721.90	2359.36
722.09	2415.68
722.28	2451.32
722.48	2474.87
722.67	2524.63
722.86	2570.51
723.05	2567.44
723.24	2578.70
723.44	2619.86
723.63	2664.31
723.82	2670.04
724.01	2729.02
724.20	2750.32
724.40	2816.67
724.59	2851.08
724.78	2868.08
724.97	2916.41
725.16	2895.93
725.35	2998.94
725.55	3003.04
725.74	3103.19
725.93	3116.91
726.12	3199.24
726.31	3186.54
726.51	3255.76
726.70	3254.94
726.89	3304.91
727.08	3362.66
727.27	3413.25
727.46	3446.83
727.66	3488.82
727.85	3559.27
728.04	3578.31
728.23	3701.81
728.42	3705.08
728.61	3793.97
728.81	3825.50
729.00	3873.02
729.19	3977.05
729.38	4016.58
729.57	4061.63
729.76	4083.75
729.95	4215.64
730.15	4223.01
730.34	4278.92
730.53	4371.08
730.72	4430.88
730.91	4491.71
731.10	4523.86
731.29	4550.69
731.49	4670.09
731.68	4732.34
731.87	4848.87
732.06	4903.35
732.25	4955.78
732.44	4986.29
732.63	5075.99
732.82	5152.79
733.02	5213.62
733.21	5279.77
733.40	5351.65
733.59	5470.02
733.78	5534.53
733.97	5609.08
734.16	5646.76
734.35	5729.30
734.54	5814.49
734.74	5939.83
734.93	6010.28
735.12	6137.66
735.31	6164.08
735.50	6283.89
735.69	6393.25
735.88	6428.27
736.07	6532.30
736.26	6594.15
736.45	6663.99
736.64	6854.04
736.84	6915.68
737.03	7010.50
737.22	7009.89
737.41	7156.93
737.60	7242.13
737.79	7400.23
737.98	7416.00
738.17	7610.15
738.36	7665.65
738.55	7822.73
738.74	7878.84
738.93	8020.36
739.12	8095.11
739.32	8187.68
739.51	8393.29
739.70	8403.53
739.89	8588.26
740.08	8647.24
740.27	8746.16
740.46	8853.06
740.65	8988.43
740.84	9127.49
741.03	9223.13
741.22	9390.45
741.41	9495.10
741.60	9597.50
741.79	9749.25
741.98	9802.71
742.17	10011.39
742.36	10130.18
742.55	10236.67
742.74	10362.21
742.93	10470.14
743.12	10594.25
743.31	10812.15
743.51	10909.84
743.70	11027.80
743.89	11251.23
744.08	11268.44
744.27	11420.19
744.46	11605.12
744.65	11730.87
744.84	11929.73
745.03	12032.94
745.22	12167.49
745.41	12420.42
745.60	12500.09
745.79	12567.46
745.98	12694.85
746.17	12904.56
746.36	13163.63
746.55	13233.26
746.74	13508.50
746.93	13609.67
747.12	13725.59
747.31	13917.48
747.50	14050.60
747.69	14321.14
747.88	14491.12
748.07	14521.84
748.26	14819.82
748.45	14899.28
748.64	15136.64
748.83	15291.67
749.02	15357.41
749.21	15519.41
749.40	15730.14
749.59	15824.96
749.77	16108.40
749.96	16144.86
750.15	16441.20
750.34	16570.01
750.53	16791.81
750.72	16971.01
750.91	17054.77
751.10	17383.06
751.29	17387.97
751.48	17653.59
751.67	17714.21
751.86	17880.51
752.05	18154.73
752.24	18125.86
752.43	18367.52
752.62	18605.28
752.81	18662.83
753.00	18800.25
753.19	19078.16
753.38	19220.70
753.57	19433.48
753.76	19488.78
753.94	19762.80
754.13	19921.51
754.32	20090.88
754.51	20170.96
754.70	20358.35
754.89	20587.10
755.08	20530.58
755.27	20904.33
755.46	21025.98
755.65	20982.16
755.84	21268.67
756.03	21564.80
756.22	21690.96
756.40	21658.81
756.59	21907.22
756.78	22024.37
756.97	22241.04
757.16	22318.66
757.35	22536.57
757.54	22762.66
757.73	22760.20
757.92	22770.85
758.11	23113.07
758.29	23239.84
758.48	23485.39
758.67	23494.81
758.86	23453.85
759.05	23664.59
759.24	23764.53
759.43	24119.44
759.62	24035.06
759.81	24182.52
759.99	24193.99
760.18	24269.35
760.37	24625.90
760.56	24730.76
760.75	24742.64
760.94	24989.01
761.13	25054.75
761.32	25202.00
761.50	25286.17
761.69	25523.94
761.88	25446.52
762.07	25440.99
762.26	25704.57
762.45	25652.55
762.64	25726.89
762.82	26026.71
763.01	26102.90
763.20	26233.76
763.39	26012.38
763.58	26315.48
763.77	26387.16
763.96	26592.57
764.14	26531.13
764.33	26495.49
764.52	26629.64
764.71	26792.45
764.90	27007.28
765.09	26868.22
765.27	26997.04
765.46	27007.49
765.65	27216.38
765.84	27287.65
766.03	27319.19
766.22	27294.20
766.40	27393.53
766.59	27745.57
766.78	27609.18
766.97	27661.40
767.16	27547.13
767.35	27745.98
767.53	27725.71
767.72	28040.28
767.91	27980.27
768.10	28125.27
768.29	28199.40
768.47	28186.30
768.66	28322.08
768.85	28210.87
769.04	28201.04
769.23	28493.70
769.41	28217.84
769.60	28312.66
769.79	28345.22
769.98	28357.10
770.17	28584.83
770.35	28623.13
770.54	28510.49
770.73	28889.77
770.92	28746.83
771.10	28956.54
771.29	28869.50
771.48	29065.49
771.67	29008.35
771.86	29013.88
772.04	29148.02
772.23	29002.00
772.42	29068.15
772.61	29124.27
772.79	29155.40
772.98	29340.33
773.17	29387.84
773.36	29321.08
773.54	29591.41
773.73	29461.57
773.92	29417.74
774.11	29343.19
774.30	29332.34
774.48	29319.64
774.67	29418.76
774.86	29597.14
775.05	29709.37
775.23	29666.57
775.42	29581.17
775.61	29847.20
775.79	29650.18
775.98	29695.65
776.17	29662.06
776.36	29726.98
776.54	30101.76
776.73	29873.21
776.92	29788.83
777.11	29641.17
777.29	29740.91
777.48	29727.19
777.67	29897.17
777.85	29952.06
778.04	30023.53
778.23	29960.04
778.42	30044.21
778.60	29919.90
778.79	30293.45
778.98	30104.83
779.16	30050.15
779.35	30081.69
779.54	30146.41
779.73	30012.88
779.91	30044.42
780.10	30116.30
780.29	30044.42
780.47	30044.21
780.66	30165.25
780.85	30030.90
781.03	30241.02
781.22	30235.90
781.41	29974.38
781.60	30188.19
781.78	30218.91
781.97	30233.86
782.16	30095.21
782.34	30126.54
782.53	30188.19
782.72	30102.79
782.90	30269.08
783.09	30355.71
783.28	30672.74
783.46	30229.15
783.65	30169.14
783.84	30273.18
784.02	30386.63
784.21	30235.08
784.40	30305.13
784.58	30373.12
784.77	30207.64
784.96	30408.75
785.14	30406.09
785.33	30454.01
785.52	30221.57
785.70	30280.55
785.89	30189.62
786.08	30412.03
786.26	30595.12
786.45	30069.20
786.63	30364.93
786.82	30365.54
787.01	30337.69
787.19	30379.67
787.38	30634.03
787.57	30355.51
787.75	30435.79
787.94	30546.99
788.13	30592.25
788.31	30604.13
788.50	30472.65
788.68	30448.28
788.87	30790.29
789.06	30655.74
789.24	30518.93
789.43	30806.67
789.61	30791.52
789.80	30627.27
789.99	30643.45
790.17	30799.10
790.36	30764.08
790.55	30900.47
790.73	30839.65
790.92	31146.64
791.10	30970.31
791.29	31060.62
791.48	31001.03
791.66	31234.70
791.85	31139.67
792.03	31297.37
792.22	31430.28
792.40	31253.54
792.59	31222.00
792.78	31475.74
792.96	31279.75
793.15	31451.78
793.33	31600.67
793.52	31632.21
793.71	31741.16
793.89	31687.30
794.08	31965.82
794.26	31672.35
794.45	31851.34
794.63	31718.84
794.82	31880.01
795.01	32063.10
795.19	31890.87
795.38	32229.40
795.56	32201.54
795.75	32251.72
795.93	32230.83
796.12	32320.53
796.30	32236.36
796.49	32187.21
796.68	32344.29
796.86	32501.37
797.05	32426.82
797.23	32537.00
797.42	32480.07
797.60	32751.01
797.79	32559.32
797.97	32652.10
798.16	32608.48
798.34	32562.19
798.53	32815.53
798.71	32640.83
798.90	32881.47
799.08	32676.06
799.27	33047.97
799.46	32748.56
799.64	32753.06
799.83	32897.03
800.01	32739.96
800.20	32709.44
800.38	32645.75
800.57	33017.05
800.75	32734.84
800.94	33160.20
801.12	32843.38
801.31	32969.74
801.49	33035.48
801.68	33025.65
801.86	33091.59
802.05	33163.27
802.23	33126.20
802.42	32923.45
802.60	33100.19
802.79	32905.43
802.97	33035.27
803.16	32997.59
803.34	33199.72
803.53	32804.67
803.71	33225.32
803.90	33033.43
804.08	33143.20
804.27	33155.28
804.45	33031.38
804.63	32806.51
804.82	32852.80
805.00	32903.59
805.19	33087.91
805.37	32839.28
805.56	32988.58
805.74	33002.30
805.93	32813.68
806.11	32828.84
806.30	32857.51
806.48	32701.66
806.67	32780.51
806.85	33055.34
807.04	32607.25
807.22	32736.47
807.40	32633.05
807.59	32650.05
807.77	32717.43
807.96	32631.41
808.14	32778.25
808.33	32626.91
808.51	32685.68
808.69	32708.62
808.88	32868.77
809.06	32353.09
809.25	32646.36
809.43	32431.94
809.62	32418.83
809.80	32488.87
809.99	32450.99
810.17	32256.84
810.35	32506.90
810.54	32445.05
810.72	32353.09
810.91	32284.69
811.09	32294.93
811.27	32226.32
811.46	32164.07
811.64	32336.71
811.83	32192.53
812.01	32168.37
812.19	31966.03
812.38	32029.72
812.56	31976.47
812.75	32134.78
812.93	32047.74
813.11	31715.97
813.30	31966.64
813.48	32043.03
813.67	31785.81
813.85	31767.78
814.03	31955.99
814.22	31805.06
814.40	31589.82
814.59	31516.70
814.77	31629.96
814.95	31580.81
815.14	31472.26
815.32	31420.24
815.50	31412.26
815.69	31334.23
815.87	31496.63
816.06	31121.04
816.24	31420.45
816.42	31188.82
816.61	31145.41
816.79	31236.75
816.97	31094.62
817.16	31166.71
817.34	30996.93
817.52	30991.81
817.71	31015.57
817.89	31005.33
818.07	31198.86
818.26	30851.52
818.44	30908.66
818.63	30867.29
818.81	30842.51
818.99	30721.27
819.18	30965.19
819.36	30654.71
819.54	30670.89
819.73	30596.55
819.91	30694.85
820.09	30662.29
820.28	30638.94
820.46	30567.67
820.64	30377.21
820.83	30370.25
821.01	30162.59
821.19	30244.30
821.37	30207.03
821.56	30194.33
821.74	30094.80
821.92	30301.44
822.11	30212.15
822.29	30118.15
822.47	30192.08
822.66	30143.54
822.84	30227.30
823.02	30378.44
823.21	29989.74
823.39	30093.16
823.57	30221.77
823.75	30034.79
823.94	30126.34
824.12	29975.61
824.30	29941.00
824.49	30039.09
824.67	29792.52
824.85	29839.62
825.03	29779.62
825.22	29858.46
825.40	29729.03
825.58	29665.75
825.77	29582.81
825.95	29376.17
826.13	29564.58
826.31	29509.49
826.50	29523.01
826.68	29399.72
826.86	29472.42
827.04	29393.37
827.23	29456.45
827.41	29256.77
827.59	29176.49
827.78	29271.93
827.96	29226.67
828.14	29271.52
828.32	29388.86
828.51	29107.27
828.69	29083.72
828.87	29120.17
829.05	28933.81
829.23	28992.17
829.42	28937.08
829.60	28910.66
829.78	28987.87
829.96	28723.27
830.15	28789.01
830.33	28813.18
830.51	28743.14
830.69	28684.57
830.88	28677.60
831.06	28722.05
831.24	28628.66
831.42	28644.43
831.60	28571.72
831.79	28507.21
831.97	28695.42
832.15	28609.41
832.33	28779.18
832.52	28495.95
832.70	28724.50
832.88	28729.62
833.06	28509.26
833.24	28507.42
833.43	28381.67
833.61	28519.71
833.79	28361.19
833.97	28591.59
834.15	28457.24
834.34	28371.02
834.52	28233.61
834.70	28241.59
834.88	28347.88
835.06	28361.40
835.25	28158.03
835.43	28297.50
835.61	28228.08
835.79	28065.67
835.97	28122.81
836.15	28192.03
836.34	28090.25
836.52	28068.95
836.70	28252.04
836.88	27877.26
837.06	27995.63
837.24	27927.64
837.43	28143.90
837.61	27968.60
837.79	27981.50
837.97	27830.97
838.15	27871.52
838.33	27913.10
838.52	27821.96
838.70	27919.65
838.88	27699.29
839.06	27876.03
839.24	27727.14
839.42	27722.64
839.60	27710.76
839.79	27701.34
839.97	27843.67
840.15	27758.07
840.33	27606.72
840.51	27616.96
840.69	27640.10
840.87	27513.74
841.06	27388.20
841.24	27451.08
841.42	27340.28
841.60	27535.25
841.78	27441.66
841.96	27442.07
842.14	27462.75
842.32	27468.28
842.51	27262.25
842.69	27189.55
842.87	27180.95
843.05	27466.64
843.23	27263.89
843.41	27305.06
843.59	27153.71
843.77	27351.54
843.95	27211.05
844.14	27134.66
844.32	27096.57
844.50	27313.25
844.68	27167.02
844.86	27300.35
845.04	27010.97
845.22	27025.92
845.40	27109.27
845.58	26926.18
845.76	26855.73
845.94	26973.90
846.12	26908.36
846.31	26850.20
846.49	26969.80
846.67	26818.05
846.85	26804.74
847.03	26755.38
847.21	26966.53
847.39	26630.46
847.57	26686.36
847.75	26732.24
847.93	26727.53
848.11	26617.96
848.29	26647.66
848.47	26576.39
848.65	26502.05
848.83	26628.00
849.02	26657.08
849.20	26654.21
849.38	26497.34
849.56	26859.83
849.74	26516.18
849.92	26532.97
850.10	26534.20
850.28	26547.72
850.46	26345.99
850.64	26533.79
850.82	26548.33
851.00	26520.27
851.18	26456.58
851.36	26475.42
851.54	26298.89
851.72	26286.40
851.90	26453.72
852.08	26358.48
852.26	26242.98
852.44	26199.77
852.62	26299.91
852.80	26437.54
852.98	26380.60
853.16	26496.52
853.34	26328.17
853.52	26241.55
853.70	26163.93
853.88	26238.27
854.06	26155.53
854.24	26214.51
854.42	26249.12
854.60	26377.53
854.78	26162.49
854.96	26107.20
855.14	26251.17
855.32	26048.42
855.50	26135.05
855.68	26101.67
855.86	26029.79
856.04	26028.35
856.22	26033.47
856.40	25968.76
856.58	25913.46
856.76	25747.58
856.94	25974.08
857.12	25861.03
857.30	25814.95
857.48	25720.95
857.66	25976.95
857.84	25709.48
858.02	25836.66
858.20	25802.05
858.38	25694.94
858.56	25701.70
858.74	25803.89
858.92	25802.26
859.10	25701.09
859.28	25739.59
859.46	25760.68
859.64	25793.04
859.81	25743.89
859.99	25462.29
860.17	25552.20
860.35	25588.86
860.53	25397.37
860.71	25566.33
860.89	25655.21
861.07	25477.65
861.25	25506.12
861.43	25456.15
861.61	25596.64
861.79	25378.94
861.97	25484.82
862.15	25365.83
862.33	25568.58
862.50	25535.61
862.68	25383.65
862.86	25402.29
863.04	25367.27
863.22	25460.66
863.40	25350.47
863.58	25408.43
863.76	25157.76
863.94	25147.73
864.12	25103.49
864.30	25384.88
864.47	25292.93
864.65	25005.39
864.83	25238.45
865.01	25038.36
865.19	24995.15
865.37	25178.85
865.55	24969.76
865.73	25072.97
865.91	25192.78
866.09	25054.13
866.26	25004.16
866.44	25028.33
866.62	25110.04
866.80	25045.12
866.98	24934.12
867.16	24804.08
867.34	25042.26
867.52	24913.23
867.69	24602.56
867.87	24768.24
868.05	24638.60
868.23	24503.84
868.41	24480.91
868.59	24589.65
868.77	24647.41
868.94	24415.99
869.12	24487.26
869.30	24533.34
869.48	24516.34
869.66	24416.19
869.84	24416.40
870.02	24275.91
870.19	24534.36
870.37	24350.25
870.55	24293.52
870.73	24317.27
870.91	24431.76
871.09	24351.48
871.26	24348.81
871.44	24349.02
871.62	24307.44
871.80	24310.93
871.98	24047.97
872.16	24183.34
872.33	24018.07
872.51	23873.27
872.69	23954.17
872.87	23811.02
873.05	23847.06
873.22	23888.84
873.40	23711.89
873.58	23716.20
873.76	23573.66
873.94	23698.38
874.12	23462.86
874.29	23441.15
874.47	23510.78
874.65	23518.36
874.83	23393.85
875.01	23247.83
875.18	23317.66
875.36	23449.35
875.54	23385.04
875.72	23245.57
875.89	23346.95
876.07	23197.85
876.25	23204.00
876.43	23280.80
876.61	23118.80
876.78	23147.68
876.96	23186.39
877.14	23138.67
877.32	23224.89
877.49	23059.00
877.67	23350.43
877.85	23191.30
878.03	23202.97
878.21	23244.75
878.38	23223.45
878.56	23245.37
878.74	23172.26
878.92	23206.87
879.09	23120.65
879.27	23214.24
879.45	23163.65
879.63	23210.14
879.80	23312.95
879.98	23126.59
880.16	23290.42
880.34	23559.32
880.51	23321.35
880.69	23345.31
880.87	23415.55
881.05	23339.78
881.22	23532.70
881.40	23330.97
881.58	23360.46
881.75	23371.52
881.93	23329.13
882.11	23423.13
882.29	23414.12
882.46	23626.90
882.64	23505.66
882.82	23534.75
883.00	23602.53
883.17	23747.73
883.35	23640.01
883.53	23689.16
883.70	23888.63
883.88	23830.47
884.06	23713.94
884.23	23872.87
884.41	23998.61
884.59	23960.93
884.77	24042.44
884.94	24212.21
885.12	24284.71
885.30	24178.63
885.47	24160.20
885.65	24080.53
885.83	24180.27
886.00	24400.42
886.18	24286.15
886.36	24326.29
886.53	24180.67
886.71	24455.92
886.89	24364.38
887.07	24381.38
887.24	24604.19
887.42	24550.13
887.60	24559.75
887.77	24377.89
887.95	24724.41
888.13	24805.51
888.30	24587.81
888.48	24798.75
888.66	24855.48
888.83	24769.26
889.01	24886.61
889.18	24989.01
889.36	25004.78
889.54	25034.27
889.71	25008.26
889.89	25053.52
890.07	25110.86
890.24	24979.38
890.42	25106.36
890.60	25090.79
890.77	25291.90
890.95	25105.74
891.13	25230.87
891.30	25295.79
891.48	25116.39
891.65	25412.73
891.83	25344.13
892.01	25370.54
892.18	25300.91
892.36	25363.38
892.54	25311.15
892.71	25352.32
892.89	25314.84
893.06	25468.64
893.24	25268.35
893.42	25323.85
893.59	25506.12
893.77	25553.84
893.94	25571.86
894.12	25308.49
894.30	25476.63
894.47	25310.95
894.65	25689.00
894.82	25451.44
895.00	25449.19
895.18	25486.46
895.35	25506.12
895.53	25585.38
895.70	25687.16
895.88	25599.51
896.06	25634.12
896.23	25638.62
896.41	25799.39
896.58	25759.66
896.76	25561.01
896.93	25652.75
897.11	25709.89
897.29	25439.56
897.46	25654.19
897.64	25563.87
897.81	25583.94
897.99	25646.61
898.16	25607.29
898.34	25481.34
898.52	25562.64
898.69	25665.86
898.87	25504.07
899.04	25547.90
899.22	25615.69
899.39	25624.70
899.57	25311.56
899.74	25501.61
899.92	25425.43
900.10	25424.61
900.27	25434.03
900.45	25369.52
900.62	25446.52
900.80	25465.57
900.97	25499.16
901.15	25258.52
901.32	25388.57
901.50	25491.99
901.67	25325.49
901.85	25112.09
902.02	25485.85
902.20	25376.07
902.37	25471.30
902.55	25305.83
902.72	25328.77
902.90	25327.54
903.07	25157.35
903.25	25232.72
903.43	25097.76
903.60	25059.66
903.78	25034.68
903.95	25032.02
904.13	24929.00
904.30	24618.33
904.48	25002.52
904.65	24845.04
904.83	24928.59
905.00	24702.91
905.17	24641.67
905.35	24630.20
905.52	24600.92
905.70	24600.92
905.87	24783.80
906.05	24628.77
906.22	24384.65
906.40	24376.05
906.57	24344.72
906.75	24497.91
906.92	24291.27
907.10	24464.32
907.27	24079.51
907.45	24171.25
907.62	24146.47
907.80	24145.04
907.97	24012.54
908.15	23992.47
908.32	23975.26
908.49	23898.26
908.67	23930.00
908.84	23814.91
909.02	23779.68
909.19	23747.32
909.37	23715.38
909.54	23648.20
909.72	23538.23
909.89	23663.97
910.07	23609.29
910.24	23522.25
910.41	23576.32
910.59	23560.55
910.76	23405.72
910.94	23265.64
911.11	23242.91
911.29	23236.97
911.46	23230.83
911.63	23142.15
911.81	23000.02
911.98	23039.14
912.16	23070.06
912.33	22868.54
912.50	22866.49
912.68	22893.94
912.85	22653.30
913.03	22862.60
913.20	22774.13
913.38	22463.86
913.55	22432.73
913.72	22508.92
913.90	22357.16
914.07	22302.69
914.25	22407.34
914.42	22108.95
914.59	22154.00
914.77	22019.04
914.94	22064.71
915.11	22027.85
915.29	22104.24
915.46	21868.31
915.64	21819.37
915.81	21652.87
915.98	21755.27
916.16	21707.75
916.33	21514.63
916.51	21444.38
916.68	21383.15
916.85	21519.54
917.03	21251.87
917.20	21202.11
917.37	21324.17
917.55	21055.88
917.72	21092.75
917.89	21057.11
918.07	21068.79
918.24	21037.04
918.42	20970.69
918.59	20734.15
918.76	20852.11
918.94	20526.07
919.11	20632.36
919.28	20590.79
919.46	20498.02
919.63	20434.12
919.80	20339.30
919.98	20306.53
920.15	20248.98
920.32	20133.89
920.50	20035.59
920.67	20093.34
920.84	19983.36
921.02	20046.03
921.19	19950.19
921.36	19768.74
921.54	19711.60
921.71	19684.36
921.88	19527.28
922.06	19591.79
922.23	19509.46
922.40	19445.77
922.57	19404.20
922.75	19321.05
922.92	19388.22
923.09	19137.76
923.27	19196.74
923.44	19190.39
923.61	19026.55
923.79	19101.71
923.96	18898.35
924.13	18828.92
924.30	18790.63
924.48	18751.51
924.65	18636.41
924.82	18698.26
925.00	18607.54
925.17	18635.80
925.34	18534.02
925.51	18452.92
925.69	18382.26
925.86	18307.92
926.03	18358.30
926.21	18140.60
926.38	18066.05
926.55	18202.86
926.72	17908.98
926.90	17937.65
927.07	17849.58
927.24	17734.90
927.41	17672.03
927.59	17654.00
927.76	17699.47
927.93	17458.42
928.10	17521.29
928.28	17418.90
928.45	17379.17
928.62	17266.53
928.79	17180.92
928.97	17254.03
929.14	17099.41
929.31	17131.16
929.48	17122.96
929.66	16974.08
929.83	16860.62
930.00	16971.01
930.17	16750.64
930.34	16719.31
930.52	16691.66
930.69	16511.24
930.86	16428.50
931.03	16503.45
931.21	16352.52
931.38	16336.95
931.55	16283.91
931.72	16076.66
931.89	16132.16
932.07	16132.77
932.24	15960.95
932.41	15931.25
932.58	15741.81
932.75	15789.33
932.93	15803.46
933.10	15647.81
933.27	15501.38
933.44	15338.36
933.61	15293.31
933.79	15221.43
933.96	15099.16
934.13	15101.21
934.30	14981.61
934.47	14816.13
934.65	14773.54
934.82	14646.36
934.99	14679.33
935.16	14316.84
935.33	14220.38
935.50	14249.87
935.68	14245.98
935.85	14090.33
936.02	13915.03
936.19	13869.36
936.36	13757.95
936.53	13594.93
936.71	13645.72
936.88	13516.08
937.05	13350.40
937.22	13124.31
937.39	13044.23
937.56	12984.84
937.74	12828.78
937.91	12657.78
938.08	12671.70
938.25	12553.13
938.42	12430.66
938.59	12269.69
938.76	12287.10
938.94	12204.77
939.11	12054.45
939.28	11875.25
939.45	11803.98
939.62	11649.77
939.79	11645.47
939.96	11451.53
940.13	11329.26
940.31	11403.81
940.48	11225.63
940.65	11042.55
940.82	11096.20
940.99	10991.35
941.16	10955.51
941.33	10895.71
941.50	10832.63
941.67	10707.70
941.85	10731.05
942.02	10693.16
942.19	10581.96
942.36	10528.30
942.53	10562.71
942.70	10463.99
942.87	10340.50
943.04	10344.39
943.21	10223.97
943.38	10282.54
943.56	10256.54
943.73	10203.29
943.90	10245.07
944.07	10200.83
944.24	10136.11
944.41	10134.89
944.58	10102.32
944.75	9991.12
944.92	10060.14
945.09	10050.92
945.26	10003.41
945.43	10041.91
945.60	9978.83
945.78	9890.36
945.95	9860.05
946.12	9793.69
946.29	9835.88
946.46	9809.26
946.63	9784.68
946.80	9825.03
946.97	9829.33
947.14	9870.49
947.31	9862.51
947.48	9855.34
947.65	9749.05
947.82	9884.01
947.99	9794.92
948.16	9802.30
948.33	9781.82
948.50	9745.36
948.67	9763.59
948.84	9863.94
949.01	9839.16
949.18	9709.32
949.35	9799.43
949.52	9699.69
949.69	9666.52
949.86	9739.42
950.03	9733.07
950.20	9697.64
950.38	9761.13
950.55	9723.45
950.72	9687.00
950.89	9673.68
951.06	9665.49
951.23	9668.15
951.40	9678.80
951.57	9786.53
951.74	9642.76
951.91	9622.28
952.08	9627.60
952.25	9576.20
952.42	9606.71
952.59	9680.65
952.76	9620.23
952.92	9593.81
953.09	9654.84
953.26	9702.56
953.43	9727.95
953.60	9618.39
953.77	9554.90
953.94	9536.26
954.11	9548.96
954.28	9542.20
954.45	9474.01
954.62	9422.81
954.79	9463.36
954.96	9464.38
955.13	9479.74
955.30	9458.85
955.47	9434.48
955.64	9442.88
955.81	9436.12
955.98	9442.88
956.15	9442.88
956.32	9391.88
956.49	9398.23
956.66	9450.45
956.83	9369.56
957.00	9458.65
957.17	9364.85
957.33	9275.76
957.50	9366.69
957.67	9385.74
957.84	9223.95
958.01	9270.85
958.18	9279.04
958.35	9311.60
958.52	9244.02
958.69	9232.35
958.86	9199.58
959.03	9191.39
959.20	9174.18
959.37	9148.99
959.53	9199.99
959.70	9157.60
959.87	9064.82
960.04	9196.71
960.21	9128.31
960.38	9074.65
960.55	9097.18
960.72	9064.62
960.89	9010.76
961.06	9068.92
961.23	8979.01
961.39	9037.38
961.56	8868.01
961.73	8870.47
961.90	8930.48
962.07	8770.12
962.24	8834.84
962.41	8750.05
962.58	8829.92
962.75	8761.93
962.91	8712.37
963.08	8712.16
963.25	8719.13
963.42	8742.68
963.59	8630.86
963.76	8599.11
963.93	8667.31
964.09	8637.82
964.26	8625.12
964.43	8603.21
964.60	8609.76
964.77	8526.82
964.94	8445.11
965.11	8464.15
965.27	8460.47
965.44	8474.19
965.61	8440.40
965.78	8406.20
965.95	8361.14
966.12	8332.26
966.29	8318.95
966.45	8225.36
966.62	8206.11
966.79	8242.97
966.96	8255.67
967.13	8158.19
967.30	8169.86
967.46	8196.48
967.63	8079.75
967.80	8104.53
967.97	8104.94
968.14	8051.90
968.30	8054.15
968.47	8052.31
968.64	8114.16
968.81	7995.78
968.98	7940.69
969.15	7953.18
969.31	7920.21
969.48	7884.58
969.65	7897.68
969.82	7800.00
969.99	7767.43
970.15	7728.73
970.32	7758.42
970.49	7668.31
970.66	7664.01
970.82	7627.76
970.99	7634.73
971.16	7653.57
971.33	7558.34
971.50	7580.45
971.66	7574.52
971.83	7483.18
972.00	7527.82
972.17	7489.93
972.34	7403.10
972.50	7455.32
972.67	7374.84
972.84	7401.67
973.01	7399.21
973.17	7300.29
973.34	7363.57
973.51	7254.83
973.68	7295.38
973.84	7256.06
974.01	7220.22
974.18	7186.22
974.35	7194.82
974.51	7110.65
974.68	7160.01
974.85	7061.91
975.02	7099.39
975.18	7044.91
975.35	7071.94
975.52	7035.90
975.69	6999.24
975.85	6963.61
976.02	6940.87
976.19	6908.72
976.36	6859.98
976.52	6858.75
976.69	6861.62
976.86	6799.56
977.02	6709.66
977.19	6740.79
977.36	6762.29
977.53	6675.66
977.69	6696.14
977.86	6693.68
978.03	6685.90
978.19	6647.60
978.36	6614.63
978.53	6583.91
978.70	6532.30
978.86	6492.57
979.03	6431.75
979.20	6434.21
979.36	6396.73
979.53	6391.20
979.70	6355.36
979.86	6342.87
980.03	6303.14
980.20	6281.84
980.36	6259.31
980.53	6261.77
980.70	6221.22
980.86	6215.07
981.03	6178.42
981.20	6084.82
981.36	6141.96
981.53	6039.56
981.70	6090.97
981.86	6025.23
982.03	6049.39
982.20	5999.83
982.36	5953.75
982.53	6002.29
982.70	5909.72
982.86	5910.75
983.03	5894.36
983.20	5907.26
983.36	5913.41
983.53	5817.15
983.70	5871.42
983.86	5811.42
984.03	5805.48
984.20	5749.78
984.36	5661.10
984.53	5709.43
984.70	5633.86
984.86	5660.69
985.03	5634.88
985.19	5611.13
985.36	5568.12
985.53	5561.36
985.69	5513.23
985.86	5430.70
986.03	5443.60
986.19	5428.45
986.36	5415.55
986.52	5310.69
986.69	5364.55
986.86	5278.74
987.02	5309.26
987.19	5284.89
987.35	5257.24
987.52	5216.69
987.69	5166.92
987.85	5158.53
988.02	5213.41
988.18	5138.46
988.35	5120.02
988.52	5068.01
988.68	5074.76
988.85	5017.63
989.01	5052.85
989.18	5009.43
989.35	4977.49
989.51	4958.24
989.68	4934.68
989.84	4974.21
990.01	4907.86
990.17	4895.77
990.34	4823.89
990.51	4794.40
990.67	4763.68
990.84	4756.31
991.00	4783.13
991.17	4750.78
991.33	4764.09
991.50	4740.54
991.66	4719.85
991.83	4656.98
992.00	4636.70
992.16	4656.77
992.33	4634.66
992.49	4582.64
992.66	4606.80
992.82	4519.77
992.99	4561.13
993.15	4503.38
993.32	4506.04
993.48	4465.49
993.65	4478.40
993.82	4463.65
993.98	4403.65
994.15	4443.17
994.31	4369.85
994.48	4410.61
994.64	4330.74
994.81	4333.81
994.97	4312.10
995.14	4263.15
995.30	4248.20
995.47	4261.52
995.63	4228.95
995.80	4183.49
995.96	4174.89
996.13	4122.66
996.29	4093.99
996.46	4074.13
996.62	4075.77
996.79	4087.23
996.95	4019.65
997.12	4025.39
997.28	3969.07
997.45	3971.73
997.61	3981.97
997.78	3944.08
997.94	3915.82
998.11	3950.84
998.27	3901.28
998.44	3857.45
998.60	3833.08
998.77	3804.82
998.93	3819.16
999.10	3790.07
999.26	3731.09
999.43	3719.01
999.59	3778.20
999.75	3741.54
999.92	3667.20
1000.08	3657.78
1000.25	3623.37
1000.41	3653.27
1000.58	3589.78
1000.74	3588.76
1000.91	3583.43
1001.07	3539.40
1001.24	3511.55
1001.40	3512.16
1001.56	3481.45
1001.73	3498.85
1001.89	3425.54
1002.06	3421.44
1002.22	3433.52
1002.39	3350.78
1002.55	3368.60
1002.71	3345.26
1002.88	3378.64
1003.04	3362.87
1003.21	3330.31
1003.37	3264.77
1003.54	3259.04
1003.70	3226.06
1003.86	3276.24
1004.03	3200.87
1004.19	3228.52
1004.36	3166.88
1004.52	3209.07
1004.68	3158.28
1004.85	3144.76
1005.01	3075.13
1005.18	3106.67
1005.34	3116.91
1005.50	3060.59
1005.67	3033.96
1005.83	3054.85
1006.00	2985.63
1006.16	3001.40
1006.32	3010.82
1006.49	3011.44
1006.65	2913.95
1006.82	2942.62
1006.98	2895.93
1007.14	2899.21
1007.31	2866.03
1007.47	2878.32
1007.63	2850.26
1007.80	2830.40
1007.96	2777.35
1008.13	2806.84
1008.29	2788.62
1008.45	2783.91
1008.62	2757.49
1008.78	2753.80
1008.94	2719.81
1009.11	2746.02
1009.27	2666.35
1009.43	2708.75
1009.60	2652.63
1009.76	2669.02
1009.92	2632.36
1010.09	2659.60
1010.25	2614.95
1010.42	2599.38
1010.58	2575.01
1010.74	2534.46
1010.91	2579.52
1011.07	2527.71
1011.23	2547.78
1011.40	2498.62
1011.56	2466.68
1011.72	2492.69
1011.89	2467.09
1012.05	2416.91
1012.21	2444.35
1012.37	2439.85
1012.54	2384.14
1012.70	2390.29
1012.86	2366.94
1013.03	2384.76
1013.19	2334.99
1013.35	2296.70
1013.52	2280.72
1013.68	2279.70
1013.84	2257.99
1014.01	2275.19
1014.17	2249.80
1014.33	2217.64
1014.49	2233.00
1014.66	2215.80
1014.82	2191.84
1014.98	2170.75
1015.15	2164.60
1015.31	2166.44
1015.47	2136.34
1015.63	2125.89
1015.80	2093.33
1015.96	2102.55
1016.12	2067.73
1016.29	2094.56
1016.45	2054.63
1016.61	2083.30
1016.77	2022.88
1016.94	2019.61
1017.10	1997.08
1017.26	1994.41
1017.42	1994.21
1017.59	1970.66
1017.75	1944.44
1017.91	1939.32
1018.07	1923.76
1018.24	1904.51
1018.40	1890.58
1018.56	1882.60
1018.72	1869.90
1018.89	1855.97
1019.05	1850.65
1019.21	1851.67
1019.37	1812.56
1019.54	1851.88
1019.70	1789.41
1019.86	1765.45
1020.02	1756.24
1020.19	1750.71
1020.35	1796.79
1020.51	1766.07
1020.67	1737.60
1020.83	1704.83
1021.00	1723.06
1021.16	1700.12
1021.32	1656.30
1021.48	1675.34
1021.64	1690.70
1021.81	1678.00
1021.97	1652.81
1022.13	1642.98
1022.29	1634.38
1022.45	1616.36
1022.62	1607.96
1022.78	1595.06
1022.94	1564.34
1023.10	1571.71
1023.26	1529.73
1023.43	1527.48
1023.59	1491.64
1023.75	1526.66
1023.91	1495.33
1024.07	1524.61
1024.24	1464.81
1024.40	1475.87
1024.56	1502.29
1024.72	1437.57
1024.88	1453.14
1025.04	1442.08
1025.21	1440.64
1025.37	1431.84
1025.53	1418.73
1025.69	1385.35
1025.85	1388.63
1026.01	1368.35
1026.18	1377.16
1026.34	1376.34
1026.50	1341.52
1026.66	1316.95
1026.82	1333.74
1026.98	1315.10
1027.14	1316.54
1027.31	1274.76
1027.47	1243.63
1027.63	1303.64
1027.79	1262.88
1027.95	1292.58
1028.11	1253.26
1028.27	1249.36
1028.44	1237.08
1028.60	1238.10
1028.76	1198.78
1028.92	1217.01
1029.08	1195.91
1029.24	1184.03
1029.40	1200.42
1029.56	1174.41
1029.73	1144.51
1029.89	1123.21
1030.05	1140.82
1030.21	1107.85
1030.37	1136.11
1030.53	1114.81
1030.69	1121.78
1030.85	1110.72
1031.01	1090.03
1031.17	1074.47
1031.34	1081.43
1031.50	1059.31
1031.66	1061.36
1031.82	1070.99
1031.98	1049.28
1032.14	1066.69
1032.30	1027.98
1032.46	1043.34
1032.62	1028.18
1032.78	984.77
1032.94	1010.37
1033.10	987.02
1033.27	963.26
1033.43	977.39
1033.59	991.52
1033.75	933.98
1033.91	936.23
1034.07	971.25
1034.23	933.57
1034.39	944.22
1034.55	926.60
1034.71	931.52
1034.87	928.04
1035.03	902.44
1035.19	879.30
1035.35	878.68
1035.51	873.97
1035.67	892.40
1035.83	840.79
1035.99	875.81
1036.16	845.30
1036.32	821.13
1036.48	852.47
1036.64	850.01
1036.80	821.13
1036.96	824.41
1037.12	809.26
1037.28	791.03
1037.44	780.99
1037.60	786.73
1037.76	802.29
1037.92	795.74
1038.08	758.47
1038.24	786.32
1038.40	738.40
1038.56	778.13
1038.72	739.42
1038.88	737.37
1039.04	727.34
1039.20	753.14
1039.36	713.41
1039.52	718.53
1039.68	691.50
1039.84	713.62
1040.00	698.26
1040.16	723.45
1040.32	701.33
1040.48	701.53
1040.64	683.92
1040.80	667.33
1040.96	653.00
1041.12	657.71
1041.28	647.67
1041.44	621.66
1041.60	643.17
1041.76	623.30
1041.92	633.13
1042.08	644.39
1042.24	644.60
1042.39	595.86
1042.55	600.57
1042.71	588.48
1042.87	596.68
1043.03	597.29
1043.19	566.16
