345.44	188.158
345.66	188.158
345.88	188.158
346.10	-1369.231
346.31	63.158
346.53	-122.222
346.75	-261.667
346.97	123.256
347.19	139.130
347.41	71.429
347.63	430.000
347.85	163.158
348.07	-8.333
348.29	185.294
348.51	-8.451
348.73	116.667
348.95	165.278
349.17	78.109
349.39	-16.190
349.61	15.847
349.83	25.688
350.05	12.258
350.27	25.676
350.49	-17.857
350.71	35.156
350.93	32.852
351.15	54.167
351.37	112.183
351.59	47.407
351.80	10.651
352.02	30.380
352.24	15.044
352.46	21.525
352.68	35.806
352.90	35.398
353.12	-82.963
353.34	78.512
353.56	61.189
353.78	60.588
354.00	-30.097
354.22	93.750
354.44	41.758
354.66	160.000
354.88	31.525
355.09	43.716
355.31	5450.000
355.53	-0.862
355.75	-43.478
355.97	51.880
356.19	33.459
356.41	55.305
356.63	37.557
356.85	14.493
357.07	60.000
357.29	-5.000
357.50	5.556
357.72	-31.884
357.94	50.276
358.16	-15.132
358.38	45.570
358.60	33.488
358.82	51.327
359.04	85.116
359.26	7.843
359.48	39.904
359.69	38.462
359.91	35.246
360.13	40.299
360.35	-10.714
360.57	-29.012
360.79	77.404
361.01	40.249
361.23	-171.134
361.45	-15.819
361.66	1.456
361.88	92.416
362.10	20.611
362.32	51.373
362.54	57.471
362.76	14.286
362.98	41.497
363.20	39.409
363.41	-5.634
363.63	33.333
363.85	15.766
364.07	84.937
364.29	34.737
364.51	62.327
364.73	-242.105
364.94	-8.982
365.16	42.652
365.38	-13.433
365.60	22.381
365.82	20.149
366.04	11.715
366.26	-14.198
366.47	20.179
366.69	41.096
366.91	-33.333
367.13	-8.880
367.35	-7.656
367.57	40.922
367.79	77.228
368.00	27.848
368.22	22.727
368.44	39.423
368.66	12.022
368.88	18.612
369.10	63.158
369.31	13.260
369.53	115.686
369.75	28.700
369.97	-120.741
370.19	-20.530
370.41	39.891
370.62	63.202
370.84	12.414
371.06	24.291
371.28	57.143
371.50	33.858
371.71	29.268
371.93	65.730
372.15	13.147
372.37	-2.564
372.59	20.536
372.80	49.621
373.02	-11.000
373.24	0.813
373.46	44.828
373.68	46.254
373.90	3.636
374.11	28.986
374.33	8.497
374.55	54.902
374.77	21.622
374.98	19.797
375.20	91.045
375.42	2.463
375.64	20.506
375.86	4.467
376.07	42.599
376.29	61.176
376.51	-66.667
376.73	40.952
376.95	41.935
377.16	11.111
377.38	43.548
377.60	59.155
377.82	-12.227
378.03	30.159
378.25	60.060
378.47	14.074
378.69	28.889
378.91	-4.545
379.12	-0.000
379.34	19.737
379.56	13.939
379.78	50.251
379.99	59.491
380.21	6.015
380.43	11.538
380.65	-4.301
380.86	32.852
381.08	-31.915
381.30	29.111
381.52	71.864
381.73	29.195
381.95	51.119
382.17	15.339
382.39	100.976
382.60	49.565
382.82	19.632
383.04	64.516
383.26	6.195
383.47	58.387
383.69	19.614
383.91	40.873
384.13	13.808
384.34	25.806
384.56	25.566
384.78	5.906
385.00	53.526
385.21	-67.943
385.43	-8.264
385.65	-30.636
385.86	-3.158
386.08	84.120
386.30	67.488
386.52	39.314
386.73	-78.409
386.95	15.812
387.17	43.643
387.38	9.948
387.60	31.611
387.82	40.659
388.04	31.163
388.25	43.421
388.47	-18.182
388.69	-31.541
388.90	23.308
389.12	11.149
389.34	24.224
389.56	61.143
389.77	19.322
389.99	26.962
390.21	-4.046
390.42	36.798
390.64	34.100
390.86	36.842
391.07	14.815
391.29	7.379
391.51	55.102
391.72	27.737
391.94	12.840
392.16	34.097
392.38	18.559
392.59	19.863
392.81	16.788
393.03	30.745
393.24	44.474
393.46	36.424
393.68	10.526
393.89	14.439
394.11	8.500
394.33	93.952
394.54	29.147
394.76	-9.365
394.98	24.286
395.19	5.179
395.41	-10.323
395.63	27.311
395.84	58.844
396.06	37.387
396.28	52.308
396.49	-5.990
396.71	24.501
396.93	52.821
397.14	25.000
397.36	38.902
397.57	16.782
397.79	19.668
398.01	6.443
398.22	21.727
398.44	28.763
398.66	24.952
398.87	25.699
399.09	44.918
399.31	19.363
399.52	24.351
399.74	12.580
399.96	45.511
400.17	20.631
400.39	20.178
400.60	45.395
400.82	41.982
401.04	3.774
401.25	4.928
401.47	14.777
401.69	12.019
401.90	-2.254
402.12	1.325
402.33	42.217
402.55	50.000
402.77	18.711
402.98	-12.634
403.20	28.541
403.41	32.463
403.63	41.186
403.85	33.890
404.06	15.224
404.28	51.827
404.49	30.649
404.71	33.575
404.93	34.400
405.14	8.108
405.36	19.435
405.57	20.261
405.79	11.501
406.01	42.756
406.22	-7.111
406.44	25.123
406.65	35.543
406.87	43.056
407.09	27.581
407.30	43.417
407.52	40.267
407.73	44.006
407.95	43.277
408.17	45.024
408.38	39.223
408.60	38.004
408.81	36.468
409.03	36.774
409.24	4.858
409.46	18.151
409.68	29.630
409.89	33.333
410.11	20.741
410.32	27.322
410.54	15.336
410.75	41.130
410.97	26.917
411.18	31.636
411.40	25.581
411.62	15.308
411.83	26.901
412.05	25.400
412.26	21.651
412.48	37.702
412.69	11.094
412.91	34.776
413.12	18.581
413.34	30.178
413.56	34.794
413.77	19.646
413.99	17.638
414.20	37.233
414.42	31.250
414.63	35.618
414.85	40.000
415.06	39.295
415.28	39.454
415.49	34.352
415.71	31.634
415.92	35.079
416.14	34.765
416.35	50.867
416.57	27.474
416.79	25.239
417.00	32.087
417.22	26.870
417.43	33.295
417.65	33.603
417.86	28.713
418.08	21.370
418.29	20.516
418.51	27.586
418.72	33.769
418.94	28.475
419.15	25.493
419.37	21.790
419.58	33.990
419.80	26.940
420.01	28.782
420.23	26.980
420.44	15.638
420.66	40.791
420.87	34.923
421.09	22.667
421.30	28.424
421.52	42.922
421.73	27.007
421.95	18.734
422.16	30.968
422.38	34.459
422.59	40.980
422.81	34.448
423.02	28.231
423.23	19.814
423.45	20.158
423.66	31.414
423.88	19.383
424.09	39.454
424.31	37.081
424.52	49.667
424.74	26.916
424.95	30.344
425.17	32.653
425.38	24.192
425.60	28.784
425.81	20.723
426.03	33.128
426.24	30.576
426.45	31.904
426.67	27.783
426.88	32.471
427.10	23.028
427.31	31.169
427.53	28.725
427.74	43.502
427.96	40.219
428.17	35.353
428.39	37.291
428.60	28.173
428.81	43.371
429.03	39.173
429.24	31.902
429.46	41.982
429.67	45.714
429.89	30.229
430.10	34.258
430.31	35.167
430.53	35.726
430.74	37.489
430.96	38.011
431.17	49.599
431.39	45.911
431.60	39.386
431.81	38.468
432.03	48.920
432.24	37.435
432.46	34.038
432.67	44.299
432.89	41.799
433.10	39.514
433.31	37.056
433.53	42.038
433.74	39.717
433.96	34.862
434.17	44.924
434.38	31.402
434.60	40.403
434.81	41.328
435.03	37.592
435.24	35.090
435.45	43.225
435.67	42.038
435.88	34.453
436.10	41.928
436.31	44.921
436.52	46.115
436.74	40.394
436.95	40.090
437.17	30.786
437.38	40.464
437.59	42.773
437.81	41.723
438.02	42.146
438.23	38.782
438.45	49.875
438.66	35.490
438.88	40.507
439.09	41.292
439.30	36.999
439.52	43.399
439.73	45.776
439.94	50.968
440.16	40.094
440.37	41.291
440.58	46.765
440.80	42.984
441.01	41.714
441.23	44.444
441.44	45.953
441.65	43.493
441.87	36.744
442.08	44.115
442.29	42.728
442.51	37.185
442.72	39.958
442.93	41.922
443.15	43.718
443.36	46.630
443.57	45.037
443.79	49.253
444.00	45.366
444.21	54.381
444.43	44.364
444.64	47.757
444.85	48.808
445.07	50.490
445.28	48.817
445.49	47.745
445.71	49.379
445.92	51.373
446.13	42.955
446.35	47.071
446.56	47.236
446.77	47.037
446.99	45.872
447.20	45.442
447.41	46.064
447.63	47.490
447.84	51.767
448.05	49.976
448.27	53.657
448.48	53.340
448.69	40.396
448.90	48.651
449.12	53.560
449.33	44.540
449.54	51.649
449.76	50.779
449.97	43.937
450.18	50.705
450.40	45.603
450.61	46.754
450.82	50.738
451.03	52.101
451.25	50.522
451.46	51.442
451.67	48.252
451.89	47.172
452.10	50.318
452.31	53.517
452.52	55.076
452.74	45.966
452.95	48.992
453.16	48.144
453.38	54.530
453.59	52.376
453.80	50.663
454.01	49.082
454.23	53.758
454.44	51.947
454.65	56.370
454.86	52.512
455.08	52.185
455.29	52.083
455.50	55.090
455.71	55.864
455.93	54.536
456.14	56.023
456.35	53.892
456.56	54.772
456.78	54.079
456.99	56.221
457.20	58.004
457.41	58.140
457.63	54.141
457.84	56.295
458.05	55.145
458.26	56.090
458.48	57.773
458.69	57.705
458.90	58.476
459.11	56.832
459.33	56.743
459.54	57.044
459.75	55.885
459.96	64.376
460.18	53.968
460.39	58.354
460.60	60.650
460.81	58.108
461.02	63.235
461.24	59.858
461.45	62.564
461.66	64.532
461.87	62.065
462.09	59.426
462.30	65.804
462.51	65.151
462.72	59.859
462.93	60.246
463.15	62.621
463.36	65.241
463.57	62.304
463.78	63.396
463.99	62.544
464.21	60.610
464.42	64.623
464.63	62.092
464.84	62.994
465.05	66.552
465.27	64.255
465.48	61.672
465.69	69.817
465.90	65.156
466.11	66.451
466.33	63.598
466.54	67.510
466.75	63.900
466.96	65.682
467.17	66.183
467.38	65.629
467.60	69.777
467.81	65.787
468.02	68.242
468.23	68.715
468.44	63.866
468.65	66.369
468.87	67.164
469.08	66.975
469.29	64.433
469.50	64.158
469.71	67.957
469.92	67.902
470.14	67.324
470.35	70.142
470.56	67.367
470.77	65.412
470.98	64.931
471.19	69.023
471.41	66.262
471.62	68.744
471.83	68.760
472.04	70.190
472.25	71.964
472.46	68.010
472.67	68.306
472.89	69.979
473.10	68.513
473.31	70.618
473.52	72.167
473.73	72.819
473.94	71.500
474.15	71.135
474.37	72.529
474.58	71.049
474.79	72.252
475.00	69.585
475.21	70.383
475.42	73.089
475.63	72.014
475.84	73.030
476.06	72.083
476.27	71.760
476.48	72.616
476.69	73.414
476.90	70.468
477.11	73.297
477.32	74.846
477.53	73.756
477.74	71.159
477.96	71.591
478.17	70.171
478.38	74.214
478.59	73.149
478.80	73.272
479.01	72.912
479.22	72.019
479.43	73.709
479.64	75.157
479.85	74.315
480.06	71.437
480.28	73.603
480.49	72.866
480.70	74.400
480.91	74.051
481.12	72.726
481.33	74.193
481.54	74.329
481.75	72.732
481.96	75.833
482.17	75.134
482.38	73.676
482.59	75.356
482.81	76.501
483.02	74.824
483.23	74.140
483.44	71.693
483.65	74.629
483.86	75.514
484.07	75.869
484.28	75.562
484.49	74.847
484.70	75.261
484.91	76.781
485.12	74.835
485.33	76.653
485.54	76.181
485.75	75.059
485.96	74.972
486.17	76.881
486.38	74.198
486.60	74.685
486.81	76.136
487.02	76.275
487.23	77.557
487.44	78.057
487.65	75.898
487.86	75.940
488.07	76.846
488.28	77.614
488.49	76.083
488.70	76.966
488.91	75.851
489.12	75.039
489.33	78.478
489.54	77.611
489.75	76.084
489.96	76.978
490.17	75.978
490.38	78.414
490.59	76.656
490.80	77.333
491.01	77.379
491.22	76.257
491.43	75.594
491.64	77.275
491.85	76.210
492.06	77.383
492.27	78.850
492.48	77.924
492.69	78.670
492.90	78.027
493.11	77.440
493.32	76.637
493.53	76.927
493.74	78.424
493.95	77.137
494.16	77.817
494.37	77.355
494.58	79.003
494.79	77.400
495.00	79.121
495.21	78.785
495.42	79.572
495.63	78.575
495.84	77.780
496.05	77.358
496.26	77.912
496.47	75.967
496.68	77.490
496.89	77.852
497.10	79.118
497.31	79.235
497.52	77.161
497.73	77.571
497.94	79.060
498.15	78.426
498.36	78.515
498.57	78.659
498.78	78.061
498.99	77.619
499.19	78.274
499.40	79.436
499.61	77.503
499.82	78.928
500.03	79.504
500.24	78.493
500.45	79.479
500.66	80.011
500.87	79.276
501.08	78.535
501.29	78.176
501.50	78.466
501.71	79.036
501.92	78.261
502.13	78.689
502.34	79.899
502.55	78.916
502.76	77.897
502.96	77.603
503.17	78.761
503.38	78.764
503.59	78.197
503.80	78.401
504.01	78.404
504.22	78.830
504.43	79.740
504.64	76.900
504.85	79.237
505.06	77.857
505.27	79.192
505.47	77.981
505.68	79.062
505.89	78.607
506.10	78.770
506.31	77.385
506.52	77.579
506.73	77.342
506.94	78.272
507.15	79.660
507.36	77.777
507.56	77.748
507.77	77.511
507.98	78.121
508.19	78.023
508.40	78.422
508.61	77.693
508.82	78.567
509.03	79.508
509.24	78.918
509.44	78.719
509.65	78.084
509.86	78.210
510.07	78.923
510.28	78.753
510.49	78.827
510.70	78.144
510.91	78.635
511.11	77.861
511.32	78.565
511.53	78.815
511.74	78.104
511.95	77.997
512.16	78.744
512.37	77.853
512.58	77.859
512.78	77.265
512.99	78.124
513.20	78.288
513.41	78.830
513.62	77.795
513.83	78.462
514.04	77.933
514.24	78.355
514.45	77.921
514.66	78.106
514.87	77.487
515.08	78.577
515.29	77.789
515.49	76.977
515.70	77.841
515.91	78.604
516.12	77.785
516.33	77.979
516.54	78.202
516.74	78.320
516.95	78.445
517.16	77.415
517.37	76.803
517.58	77.503
517.79	79.054
517.99	77.062
518.20	78.390
518.41	77.516
518.62	77.574
518.83	76.852
519.03	77.280
519.24	76.164
519.45	77.169
519.66	77.022
519.87	76.895
520.07	77.561
520.28	77.433
520.49	77.682
520.70	77.440
520.91	78.033
521.12	77.014
521.32	77.253
521.53	76.589
521.74	77.694
521.95	76.391
522.15	76.693
522.36	77.272
522.57	76.956
522.78	77.154
522.99	76.486
523.19	76.983
523.40	77.461
523.61	77.637
523.82	76.787
524.03	76.904
524.23	77.439
524.44	76.388
524.65	76.076
524.86	76.760
525.06	76.733
525.27	76.891
525.48	76.940
525.69	76.378
525.89	77.360
526.10	76.855
526.31	75.924
526.52	75.902
526.72	76.687
526.93	75.720
527.14	76.543
527.35	75.601
527.56	76.023
527.76	76.660
527.97	75.659
528.18	76.117
528.38	76.866
528.59	75.844
528.80	76.213
529.01	75.032
529.21	76.173
529.42	75.709
529.63	75.651
529.84	75.414
530.04	75.520
530.25	75.912
530.46	75.680
530.67	75.941
530.87	75.207
531.08	75.895
531.29	75.393
531.50	75.641
531.70	75.263
531.91	75.553
532.12	75.485
532.32	75.544
532.53	75.552
532.74	75.025
532.95	75.809
533.15	75.314
533.36	75.188
533.57	74.379
533.77	74.045
533.98	75.643
534.19	75.464
534.39	73.727
534.60	74.840
534.81	74.623
535.02	74.846
535.22	74.161
535.43	74.057
535.64	74.392
535.84	74.473
536.05	74.291
536.26	74.339
536.46	74.927
536.67	74.446
536.88	73.564
537.08	74.306
537.29	74.127
537.50	73.913
537.70	74.413
537.91	72.802
538.12	74.457
538.33	74.044
538.53	73.849
538.74	73.466
538.95	73.573
539.15	73.701
539.36	72.964
539.57	72.955
539.77	73.486
539.98	73.481
540.18	73.085
540.39	73.105
540.60	72.689
540.80	73.706
541.01	73.043
541.22	72.653
541.42	73.615
541.63	73.761
541.84	72.704
542.04	72.415
542.25	73.013
542.46	72.246
542.66	73.136
542.87	72.322
543.08	72.156
543.28	72.322
543.49	72.285
543.69	72.052
543.90	72.091
544.11	72.257
544.31	71.938
544.52	72.337
544.73	71.167
544.93	71.962
545.14	71.666
545.34	71.505
545.55	71.574
545.76	70.985
545.96	71.802
546.17	71.432
546.38	70.862
546.58	71.417
546.79	70.161
546.99	70.812
547.20	70.617
547.41	70.101
547.61	70.781
547.82	70.638
548.02	70.629
548.23	70.213
548.44	70.164
548.64	69.739
548.85	70.043
549.05	69.925
549.26	70.399
549.47	69.521
549.67	69.632
549.88	69.866
550.08	69.096
550.29	68.925
550.50	68.760
550.70	69.137
550.91	68.649
551.11	68.525
551.32	69.114
551.52	69.435
551.73	68.902
551.94	68.365
552.14	68.477
552.35	69.088
552.55	68.690
552.76	67.760
552.96	67.689
553.17	68.242
553.38	67.849
553.58	68.375
553.79	67.480
553.99	67.686
554.20	68.204
554.40	67.220
554.61	67.362
554.81	67.240
555.02	67.575
555.23	67.403
555.43	66.910
555.64	66.566
555.84	66.588
556.05	67.094
556.25	66.523
556.46	66.661
556.66	65.819
556.87	66.107
557.07	66.106
557.28	65.836
557.48	65.468
557.69	65.776
557.90	65.321
558.10	65.217
558.31	65.474
558.51	65.498
558.72	64.958
558.92	65.379
559.13	64.887
559.33	64.304
559.54	64.709
559.74	64.545
559.95	64.059
560.15	64.135
560.36	64.052
560.56	64.394
560.77	64.482
560.97	63.427
561.18	63.957
561.38	63.491
561.59	63.121
561.79	62.836
562.00	62.769
562.20	62.870
562.41	62.769
562.61	62.492
562.82	62.575
563.02	62.278
563.23	62.037
563.43	61.729
563.64	61.948
563.84	61.683
564.05	61.734
564.25	61.605
564.46	61.643
564.66	60.733
564.87	61.304
565.07	60.354
565.28	60.777
565.48	61.299
565.68	60.468
565.89	60.169
566.09	60.646
566.30	59.712
566.50	60.107
566.71	60.280
566.91	59.524
567.12	60.025
567.32	59.213
567.53	59.341
567.73	59.257
567.94	59.046
568.14	58.359
568.34	58.765
568.55	58.889
568.75	58.600
568.96	57.695
569.16	58.158
569.37	57.630
569.57	57.749
569.78	57.526
569.98	57.098
570.18	57.542
570.39	57.093
570.59	57.101
570.80	56.931
571.00	57.105
571.21	56.452
571.41	56.214
571.61	55.826
571.82	56.370
572.02	55.487
572.23	56.008
572.43	55.417
572.64	54.995
572.84	54.538
573.04	54.835
573.25	54.546
573.45	54.349
573.66	54.414
573.86	54.305
574.06	53.591
574.27	53.922
574.47	53.900
574.68	52.947
574.88	52.987
575.08	52.836
575.29	52.773
575.49	52.296
575.70	52.281
575.90	52.485
576.10	51.873
576.31	51.984
576.51	51.390
576.72	51.054
576.92	51.259
577.12	51.051
577.33	51.541
577.53	50.786
577.73	50.325
577.94	50.079
578.14	50.141
578.35	50.111
578.55	49.294
578.75	49.572
578.96	48.867
579.16	49.426
579.36	49.425
579.57	48.511
579.77	48.203
579.98	47.970
580.18	47.841
580.38	47.526
580.59	47.708
580.79	47.065
580.99	47.636
581.20	46.679
581.40	46.598
581.60	46.426
581.81	46.096
582.01	45.510
582.21	45.916
582.42	45.432
582.62	45.120
582.82	44.770
583.03	44.522
583.23	44.536
583.43	44.418
583.64	43.794
583.84	43.566
584.04	43.546
584.25	43.288
584.45	43.467
584.65	42.569
584.86	42.820
585.06	42.351
585.26	42.023
585.47	42.054
585.67	41.676
585.87	40.943
586.08	41.205
586.28	41.023
586.48	40.774
586.69	40.297
586.89	40.073
587.09	39.754
587.30	39.295
587.50	39.334
587.70	39.216
587.90	38.661
588.11	38.449
588.31	38.370
588.51	37.768
588.72	37.881
588.92	37.831
589.12	37.299
589.33	37.167
589.53	36.704
589.73	36.630
589.93	35.958
590.14	35.876
590.34	35.743
590.54	35.430
590.75	34.874
590.95	34.847
591.15	34.778
591.35	33.860
591.56	33.982
591.76	33.472
591.96	33.606
592.16	32.853
592.37	32.977
592.57	32.471
592.77	32.258
592.97	32.343
593.18	31.872
593.38	31.435
593.58	31.378
593.79	31.063
593.99	30.639
594.19	30.374
594.39	29.999
594.60	29.839
594.80	29.719
595.00	29.268
595.20	28.807
595.41	28.944
595.61	28.462
595.81	28.364
596.01	28.028
596.21	27.821
596.42	27.563
596.62	27.312
596.82	27.060
597.02	26.779
597.23	26.466
597.43	26.168
597.63	25.856
597.83	25.767
598.04	25.640
598.24	25.415
598.44	25.103
598.64	24.947
598.84	24.556
599.05	24.277
599.25	24.118
599.45	23.641
599.65	23.649
599.85	23.460
600.06	23.261
600.26	23.233
600.46	23.029
600.66	22.798
600.87	22.440
601.07	22.204
601.27	22.203
601.47	21.883
601.67	21.769
601.87	21.220
602.08	21.287
602.28	21.218
602.48	20.620
602.68	20.708
602.88	20.537
603.09	20.283
603.29	19.992
603.49	19.994
603.69	19.912
603.89	19.785
604.10	19.591
604.30	19.226
604.50	19.217
604.70	19.129
604.90	18.877
605.10	18.616
605.31	18.776
605.51	18.424
605.71	18.238
605.91	18.046
606.11	17.879
606.31	17.872
606.52	17.737
606.72	17.490
606.92	17.715
607.12	17.297
607.32	17.413
607.52	16.953
607.72	17.007
607.93	16.962
608.13	16.943
608.33	16.629
608.53	16.521
608.73	16.406
608.93	16.352
609.13	16.325
609.34	16.202
609.54	16.098
609.74	15.682
609.94	15.744
610.14	15.702
610.34	15.650
610.54	15.584
610.74	15.526
610.95	15.484
611.15	15.276
611.35	15.100
611.55	15.095
611.75	14.970
611.95	14.902
612.15	15.031
612.35	14.946
612.56	14.967
612.76	14.794
612.96	14.794
613.16	14.641
613.36	14.433
613.56	14.373
613.76	14.423
613.96	14.212
614.16	14.199
614.36	14.029
614.57	14.323
614.77	14.144
614.97	14.050
615.17	13.786
615.37	13.965
615.57	14.066
615.77	13.753
615.97	13.715
616.17	13.768
616.37	13.811
616.57	13.643
616.78	13.540
616.98	13.528
617.18	13.648
617.38	13.462
617.58	13.365
617.78	13.391
617.98	13.543
618.18	13.330
618.38	13.390
618.58	13.377
618.78	13.210
618.98	13.146
619.18	13.425
619.38	13.121
619.58	13.310
619.79	13.081
619.99	13.283
620.19	12.902
620.39	13.244
620.59	13.141
620.79	13.008
620.99	13.098
621.19	12.964
621.39	13.096
621.59	13.031
621.79	13.049
621.99	13.044
622.19	13.035
622.39	13.082
622.59	12.971
622.79	12.809
622.99	12.748
623.19	12.914
623.39	12.887
623.59	12.812
623.79	12.823
623.99	12.716
624.19	12.714
624.39	12.791
624.59	12.691
624.79	12.714
624.99	12.578
625.19	12.799
625.39	12.762
625.59	12.666
625.79	12.648
625.99	12.659
626.19	12.646
626.39	12.733
626.59	12.756
626.79	12.438
626.99	12.625
627.19	12.689
627.39	12.606
627.59	12.662
627.79	12.596
627.99	12.564
628.19	12.656
628.39	12.448
628.59	12.520
628.79	12.428
628.99	12.580
629.19	12.618
629.39	12.491
629.59	12.553
629.79	12.515
629.99	12.535
630.19	12.408
630.39	12.284
630.59	12.391
630.79	12.406
630.99	12.515
631.19	12.521
631.39	12.483
631.59	12.583
631.79	12.505
631.99	12.468
632.19	12.532
632.39	12.438
632.59	12.469
632.79	12.589
632.99	12.412
633.19	12.307
633.39	12.536
633.58	12.346
633.78	12.448
633.98	12.406
634.18	12.344
634.38	12.266
634.58	12.257
634.78	12.282
634.98	12.290
635.18	12.313
635.38	12.258
635.58	12.399
635.78	12.241
635.98	12.286
636.18	12.320
636.38	12.299
636.57	12.232
636.77	12.389
636.97	12.216
637.17	12.188
637.37	12.137
637.57	12.232
637.77	12.247
637.97	12.234
638.17	12.301
638.37	12.132
638.57	12.083
638.76	12.161
638.96	12.222
639.16	12.219
639.36	12.079
639.56	12.058
639.76	12.168
639.96	12.137
640.16	12.202
640.36	12.104
640.56	12.138
640.75	12.071
640.95	12.178
641.15	12.055
641.35	11.944
641.55	11.968
641.75	12.181
641.95	12.045
642.15	11.964
642.34	11.892
642.54	12.131
642.74	12.021
642.94	12.084
643.14	12.052
643.34	12.119
643.54	12.055
643.74	12.051
643.93	12.064
644.13	11.970
644.33	11.947
644.53	11.787
644.73	12.061
644.93	11.848
645.13	11.918
645.32	11.955
645.52	12.103
645.72	12.003
645.92	12.038
646.12	12.058
646.32	12.015
646.52	12.020
646.71	12.161
646.91	12.038
647.11	12.162
647.31	12.148
647.51	12.196
647.71	12.122
647.90	12.200
648.10	12.056
648.30	12.143
648.50	12.254
648.70	12.046
648.89	12.226
649.09	12.304
649.29	12.216
649.49	12.220
649.69	12.263
649.89	12.270
650.08	12.273
650.28	12.291
650.48	12.403
650.68	12.193
650.88	12.357
651.07	12.363
651.27	12.371
651.47	12.400
651.67	12.539
651.87	12.493
652.06	12.561
652.26	12.600
652.46	12.582
652.66	12.583
652.86	12.616
653.05	12.695
653.25	12.685
653.45	12.830
653.65	12.819
653.85	12.998
654.04	12.894
654.24	12.970
654.44	12.900
654.64	12.921
654.83	13.065
655.03	13.071
655.23	13.206
655.43	13.161
655.63	13.117
655.82	13.216
656.02	13.352
656.22	13.318
656.42	13.535
656.61	13.571
656.81	13.474
657.01	13.552
657.21	13.742
657.40	13.865
657.60	13.835
657.80	13.969
658.00	13.746
658.19	13.843
658.39	14.027
658.59	14.064
658.79	14.072
658.98	14.111
659.18	14.309
659.38	14.246
659.58	14.349
659.77	14.517
659.97	14.474
660.17	14.579
660.36	14.511
660.56	14.822
660.76	14.779
660.96	14.875
661.15	15.042
661.35	14.961
661.55	15.225
661.75	15.341
661.94	15.442
662.14	15.398
662.34	15.437
662.53	15.490
662.73	15.765
662.93	15.692
663.13	16.027
663.32	15.775
663.52	16.154
663.72	16.136
663.91	16.192
664.11	16.311
664.31	16.462
664.50	16.458
664.70	16.424
664.90	16.730
665.10	16.798
665.29	16.977
665.49	16.883
665.69	17.074
665.88	17.156
666.08	17.289
666.28	17.356
666.47	17.375
666.67	17.601
666.87	17.598
667.06	17.786
667.26	17.707
667.46	17.872
667.65	17.863
667.85	18.057
668.05	18.262
668.24	18.261
668.44	18.324
668.64	18.782
668.83	18.670
669.03	18.748
669.23	18.821
669.42	19.018
669.62	19.154
669.82	19.291
670.01	19.288
670.21	19.239
670.41	19.595
670.60	19.611
670.80	19.687
671.00	19.960
671.19	19.972
671.39	20.072
671.58	20.121
671.78	20.308
671.98	20.374
672.17	20.346
672.37	20.570
672.57	20.830
672.76	20.844
672.96	20.994
673.15	20.986
673.35	21.139
673.55	21.316
673.74	21.346
673.94	21.443
674.14	21.696
674.33	21.718
674.53	21.814
674.72	21.983
674.92	22.127
675.12	22.142
675.31	22.330
675.51	22.386
675.70	22.487
675.90	22.485
676.10	22.742
676.29	22.900
676.49	22.940
676.68	22.983
676.88	23.169
677.08	23.254
677.27	23.399
677.47	23.250
677.66	23.356
677.86	23.631
678.06	23.785
678.25	23.844
678.45	23.996
678.64	23.957
678.84	24.194
679.03	24.433
679.23	24.516
679.43	24.425
679.62	24.591
679.82	24.927
680.01	24.942
680.21	25.017
680.40	25.076
680.60	25.429
680.80	25.275
680.99	25.473
681.19	25.527
681.38	25.713
681.58	25.778
681.77	25.907
681.97	25.870
682.16	26.057
682.36	26.246
682.56	26.367
682.75	26.363
682.95	26.455
683.14	26.543
683.34	26.699
683.53	26.660
683.73	26.951
683.92	26.953
684.12	27.060
684.31	27.265
684.51	27.458
684.70	27.227
684.90	27.552
685.10	27.479
685.29	27.574
685.49	27.982
685.68	28.057
685.88	27.858
686.07	28.145
686.27	28.190
686.46	28.309
686.66	28.296
686.85	28.425
687.05	28.663
687.24	28.841
687.44	28.660
687.63	28.703
687.83	28.940
688.02	29.192
688.22	29.200
688.41	29.033
688.61	29.210
688.80	29.498
689.00	29.510
689.19	29.681
689.39	29.508
689.58	29.804
689.78	29.847
689.97	29.890
690.17	30.161
690.36	30.000
690.56	30.407
690.75	30.280
690.95	30.472
691.14	30.373
691.34	30.344
691.53	30.480
691.72	30.614
691.92	30.908
692.11	30.704
692.31	30.690
692.50	31.053
692.70	30.994
692.89	31.220
693.09	31.344
693.28	31.597
693.48	31.460
693.67	31.483
693.87	31.517
694.06	31.652
694.25	31.613
694.45	31.806
694.64	32.056
694.84	31.972
695.03	31.842
695.23	32.048
695.42	32.182
695.62	32.329
695.81	32.241
696.00	32.429
696.20	32.294
696.39	32.357
696.59	32.325
696.78	32.645
696.98	32.825
697.17	32.750
697.36	32.882
697.56	32.869
697.75	33.059
697.95	32.955
698.14	33.282
698.34	33.040
698.53	33.087
698.72	32.986
698.92	33.081
699.11	33.385
699.31	33.157
699.50	33.400
699.69	33.362
699.89	33.415
700.08	33.515
700.28	33.403
700.47	33.596
700.66	33.699
700.86	33.578
701.05	33.963
701.25	34.021
701.44	33.868
701.63	33.857
701.83	33.976
702.02	33.828
702.21	33.987
702.41	33.995
702.60	34.049
702.80	34.091
702.99	34.013
703.18	34.201
703.38	34.172
703.57	34.031
703.77	34.118
703.96	34.197
704.15	34.352
704.35	34.367
704.54	34.291
704.73	34.308
704.93	34.291
705.12	34.428
705.31	34.300
705.51	34.227
705.70	34.476
705.89	34.450
706.09	34.487
706.28	34.611
706.48	34.224
706.67	34.421
706.86	34.492
707.06	34.456
707.25	34.572
707.44	34.612
707.64	34.350
707.83	34.420
708.02	34.404
708.22	34.520
708.41	34.330
708.60	34.451
708.80	34.344
708.99	34.435
709.18	34.602
709.38	34.453
709.57	34.368
709.76	34.413
709.95	34.454
710.15	34.432
710.34	34.434
710.53	34.499
710.73	34.259
710.92	34.289
711.11	34.355
711.31	34.287
711.50	34.451
711.69	34.336
711.89	34.422
712.08	34.207
712.27	34.493
712.46	34.342
712.66	34.349
712.85	33.947
713.04	34.231
713.24	34.206
713.43	34.135
713.62	34.210
713.81	34.037
714.01	34.320
714.20	34.084
714.39	34.100
714.59	33.862
714.78	33.891
714.97	33.872
715.16	33.677
715.36	33.827
715.55	33.809
715.74	33.767
715.93	33.679
716.13	33.554
716.32	33.609
716.51	33.449
716.71	33.464
716.90	33.477
717.09	33.420
717.28	33.563
717.48	33.590
717.67	33.461
717.86	33.190
718.05	33.491
718.25	33.213
718.44	33.012
718.63	33.215
718.82	33.118
719.02	33.199
719.21	33.272
719.40	33.067
719.59	33.239
719.78	33.138
719.98	33.030
720.17	32.833
720.36	33.015
720.55	32.879
720.75	33.110
720.94	33.140
721.13	32.821
721.32	32.637
721.51	32.570
721.71	32.712
721.90	32.775
722.09	32.716
722.28	32.828
722.48	32.598
722.67	32.557
722.86	32.532
723.05	32.636
723.24	32.521
723.44	32.652
723.63	32.490
723.82	32.705
724.01	32.557
724.20	32.509
724.40	32.685
724.59	32.536
724.78	32.381
724.97	32.486
725.16	32.480
725.35	32.483
725.55	32.519
725.74	32.594
725.93	32.465
726.12	32.724
726.31	32.657
726.51	32.632
726.70	32.782
726.89	32.807
727.08	32.674
727.27	32.708
727.46	32.708
727.66	32.833
727.85	32.765
728.04	32.812
728.23	32.693
728.42	32.838
728.61	32.746
728.81	33.151
729.00	32.605
729.19	32.896
729.38	32.866
729.57	33.259
729.76	33.034
729.95	32.934
730.15	33.140
730.34	33.107
730.53	32.976
730.72	33.229
730.91	33.163
731.10	33.335
731.29	33.442
731.49	33.453
731.68	33.510
731.87	33.394
732.06	33.766
732.25	33.646
732.44	33.708
732.63	33.727
732.82	33.795
733.02	33.898
733.21	33.872
733.40	33.809
733.59	34.005
733.78	34.003
733.97	34.233
734.16	34.317
734.35	34.438
734.54	34.394
734.74	34.638
734.93	34.683
735.12	34.723
735.31	34.733
735.50	34.829
735.69	34.903
735.88	34.945
736.07	34.996
736.26	35.058
736.45	35.220
736.64	35.331
736.84	35.283
737.03	35.507
737.22	35.650
737.41	35.650
737.60	35.900
737.79	35.958
737.98	35.891
738.17	35.936
738.36	35.964
738.55	36.175
738.74	36.257
738.93	36.180
739.12	36.290
739.32	36.308
739.51	36.503
739.70	36.725
739.89	37.054
740.08	36.808
740.27	36.943
740.46	36.901
740.65	37.117
740.84	37.258
741.03	37.471
741.22	37.327
741.41	37.608
741.60	37.636
741.79	37.854
741.98	37.803
742.17	38.054
742.36	38.167
742.55	38.433
742.74	38.380
742.93	38.506
743.12	38.530
743.31	38.776
743.51	38.884
743.70	39.017
743.89	38.982
744.08	38.919
744.27	39.189
744.46	39.094
744.65	39.144
744.84	39.352
745.03	39.353
745.22	39.437
745.41	39.600
745.60	39.825
745.79	39.763
745.98	40.128
746.17	40.144
746.36	40.373
746.55	40.362
746.74	40.235
746.93	40.522
747.12	40.463
747.31	40.711
747.50	41.025
747.69	40.805
747.88	41.114
748.07	41.136
748.26	41.428
748.45	41.400
748.64	41.284
748.83	41.376
749.02	41.357
749.21	41.533
749.40	41.741
749.59	41.881
749.77	42.221
749.96	42.078
750.15	42.078
750.34	42.431
750.53	42.431
750.72	42.624
750.91	42.641
751.10	43.027
751.29	42.690
751.48	43.134
751.67	42.795
751.86	43.148
752.05	43.137
752.24	43.105
752.43	43.052
752.62	43.568
752.81	43.465
753.00	43.415
753.19	43.384
753.38	43.505
753.57	43.617
753.76	43.650
753.94	43.669
754.13	43.943
754.32	43.921
754.51	44.299
754.70	44.151
754.89	44.298
755.08	44.316
755.27	44.351
755.46	44.630
755.65	44.536
755.84	44.429
756.03	44.975
756.22	44.897
756.40	44.827
756.59	44.826
756.78	44.908
756.97	44.963
757.16	45.203
757.35	45.122
757.54	45.291
757.73	45.322
757.92	45.625
758.11	45.362
758.29	45.543
758.48	45.619
758.67	45.478
758.86	45.702
759.05	45.719
759.24	45.925
759.43	45.727
759.62	45.889
759.81	45.786
759.99	45.823
760.18	46.095
760.37	46.108
760.56	46.315
760.75	46.308
760.94	46.449
761.13	46.568
761.32	46.297
761.50	46.488
761.69	46.440
761.88	46.769
762.07	46.812
762.26	46.559
762.45	46.618
762.64	46.585
762.82	46.782
763.01	46.865
763.20	46.894
763.39	47.050
763.58	47.171
763.77	47.146
763.96	47.213
764.14	47.260
764.33	47.121
764.52	47.400
764.71	47.174
764.90	47.322
765.09	47.207
765.27	47.223
765.46	47.106
765.65	47.218
765.84	47.304
766.03	47.339
766.22	47.605
766.40	47.244
766.59	47.659
766.78	47.512
766.97	47.625
767.16	47.430
767.35	47.505
767.53	47.862
767.72	47.831
767.91	47.924
768.10	47.767
768.29	47.943
768.47	47.930
768.66	47.786
768.85	47.884
769.04	47.893
769.23	47.905
769.41	47.998
769.60	47.908
769.79	48.028
769.98	47.985
770.17	48.009
770.35	48.214
770.54	48.061
770.73	48.121
770.92	48.106
771.10	48.217
771.29	48.010
771.48	48.426
771.67	48.265
771.86	48.046
772.04	48.039
772.23	48.154
772.42	48.081
772.61	48.132
772.79	48.218
772.98	48.099
773.17	48.075
773.36	48.332
773.54	48.325
773.73	48.399
773.92	48.398
774.11	48.420
774.30	48.167
774.48	48.162
774.67	48.417
774.86	48.424
775.05	48.341
775.23	48.363
775.42	48.649
775.61	48.431
775.79	48.342
775.98	48.482
776.17	48.543
776.36	48.479
776.54	48.318
776.73	48.551
776.92	48.275
777.11	48.504
777.29	48.706
777.48	48.630
777.67	48.601
777.85	48.483
778.04	48.519
778.23	48.618
778.42	48.561
778.60	48.682
778.79	48.859
778.98	48.738
779.16	48.821
779.35	48.822
779.54	48.583
779.73	48.776
779.91	48.646
780.10	48.669
780.29	48.949
780.47	48.938
780.66	48.839
780.85	49.021
781.03	48.794
781.22	49.032
781.41	49.161
781.60	48.896
781.78	48.946
781.97	48.871
782.16	49.040
782.34	48.978
782.53	49.183
782.72	49.006
782.90	49.198
783.09	49.042
783.28	49.159
783.46	49.246
783.65	49.066
783.84	49.200
784.02	48.880
784.21	48.952
784.40	49.352
784.58	49.127
784.77	49.185
784.96	49.204
785.14	49.332
785.33	49.560
785.52	49.260
785.70	49.405
785.89	49.604
786.08	49.659
786.26	49.608
786.45	49.560
786.63	49.544
786.82	49.743
787.01	49.597
787.19	49.682
787.38	49.903
787.57	49.863
787.75	50.070
787.94	50.053
788.13	49.871
788.31	50.007
788.50	50.044
788.68	50.181
788.87	50.051
789.06	50.215
789.24	50.272
789.43	50.150
789.61	50.248
789.80	50.496
789.99	50.262
790.17	50.274
790.36	50.667
790.55	50.868
790.73	50.485
790.92	50.504
791.10	50.702
791.29	50.650
791.48	50.936
791.66	50.808
791.85	50.860
792.03	50.729
792.22	50.816
792.40	50.943
792.59	50.982
792.78	50.842
792.96	51.134
793.15	51.119
793.33	51.082
793.52	51.319
793.71	51.364
793.89	51.421
794.08	51.593
794.26	51.561
794.45	51.559
794.63	51.648
794.82	51.949
795.01	52.020
795.19	51.838
795.38	52.251
795.56	51.898
795.75	52.084
795.93	52.140
796.12	52.267
796.30	52.365
796.49	52.380
796.68	52.010
796.86	52.182
797.05	52.519
797.23	52.152
797.42	52.573
797.60	52.585
797.79	52.668
797.97	52.828
798.16	53.189
798.34	52.973
798.53	52.929
798.71	52.914
798.90	53.130
799.08	53.217
799.27	53.426
799.46	53.104
799.64	53.432
799.83	53.417
800.01	53.657
800.20	53.465
800.38	53.699
800.57	53.631
800.75	53.783
800.94	53.613
801.12	53.959
801.31	54.072
801.49	53.933
801.68	53.885
801.86	54.108
802.05	54.482
802.23	54.307
802.42	54.398
802.60	54.231
802.79	54.321
802.97	54.636
803.16	54.629
803.34	54.979
803.53	54.757
803.71	55.129
803.90	54.864
804.08	54.863
804.27	55.103
804.45	54.914
804.63	55.217
804.82	55.224
805.00	55.257
805.19	55.279
805.37	55.255
805.56	55.400
805.74	55.525
805.93	55.586
806.11	55.526
806.30	55.536
806.48	55.833
806.67	55.846
806.85	55.949
807.04	55.927
807.22	55.979
807.40	55.823
807.59	55.790
807.77	56.001
807.96	56.228
808.14	56.122
808.33	56.628
808.51	56.485
808.69	56.589
808.88	56.674
809.06	56.646
809.25	56.791
809.43	56.596
809.62	56.487
809.80	56.835
809.99	56.866
810.17	57.069
810.35	57.323
810.54	57.007
810.72	57.220
810.91	56.939
811.09	57.186
811.27	57.264
811.46	57.258
811.64	57.370
811.83	57.628
812.01	57.230
812.19	57.424
812.38	57.458
812.56	57.600
812.75	57.842
812.93	57.794
813.11	57.886
813.30	58.060
813.48	57.771
813.67	58.050
813.85	57.972
814.03	57.947
814.22	58.008
814.40	58.240
814.59	58.250
814.77	58.431
814.95	58.000
815.14	58.271
815.32	58.185
815.50	58.185
815.69	58.069
815.87	58.633
816.06	58.711
816.24	58.485
816.42	58.516
816.61	58.554
816.79	58.806
816.97	58.630
817.16	58.466
817.34	58.394
817.52	58.658
817.71	58.736
817.89	59.054
818.07	59.021
818.26	59.281
818.44	59.201
818.63	59.126
818.81	59.552
818.99	59.428
819.18	59.060
819.36	59.216
819.54	59.555
819.73	59.035
819.91	59.272
820.09	59.549
820.28	59.583
820.46	59.594
820.64	59.850
820.83	59.940
821.01	60.027
821.19	60.197
821.37	59.938
821.56	60.045
821.74	59.874
821.92	59.906
822.11	60.113
822.29	60.201
822.47	60.311
822.66	60.257
822.84	59.964
823.02	60.593
823.21	60.329
823.39	60.063
823.57	60.652
823.75	60.287
823.94	60.548
824.12	60.654
824.30	60.382
824.49	60.541
824.67	60.560
824.85	60.478
825.03	60.553
825.22	60.554
825.40	60.957
825.58	60.982
825.77	60.837
825.95	60.972
826.13	60.639
826.31	60.887
826.50	61.079
826.68	60.789
826.86	60.939
827.04	61.020
827.23	61.071
827.41	61.229
827.59	61.195
827.78	61.252
827.96	61.007
828.14	61.366
828.32	61.135
828.51	61.143
828.69	61.173
828.87	61.094
829.05	61.188
829.23	61.186
829.42	61.323
829.60	61.216
829.78	61.431
829.96	61.642
830.15	61.498
830.33	61.654
830.51	61.523
830.69	61.617
830.88	62.183
831.06	61.779
831.24	61.699
831.42	61.500
831.60	61.642
831.79	61.881
831.97	61.615
832.15	61.937
832.33	61.825
832.52	61.901
832.70	61.491
832.88	61.749
833.06	61.835
833.24	61.611
833.43	61.872
833.61	62.204
833.79	62.242
833.97	62.139
834.15	62.058
834.34	62.156
834.52	62.043
834.70	62.198
834.88	62.242
835.06	62.707
835.25	62.631
835.43	62.621
835.61	62.700
835.79	62.255
835.97	62.300
836.15	62.517
836.34	62.709
836.52	62.609
836.70	62.678
836.88	62.813
837.06	62.699
837.24	62.992
837.43	62.893
837.61	62.926
837.79	62.879
837.97	63.062
838.15	62.984
838.33	62.952
838.52	62.764
838.70	62.738
838.88	62.618
839.06	62.852
839.24	62.469
839.42	62.933
839.60	63.109
839.79	63.091
839.97	63.085
840.15	63.162
840.33	63.244
840.51	63.359
840.69	63.143
840.87	63.048
841.06	63.226
841.24	63.467
841.42	63.142
841.60	63.346
841.78	63.447
841.96	63.382
842.14	63.527
842.32	63.386
842.51	63.185
842.69	63.583
842.87	63.454
843.05	63.156
843.23	63.048
843.41	63.585
843.59	63.496
843.77	63.439
843.95	63.443
844.14	63.520
844.32	63.876
844.50	63.836
844.68	64.000
844.86	63.666
845.04	63.802
845.22	63.673
845.40	63.449
845.58	63.762
845.76	63.598
845.94	63.577
846.12	63.495
846.31	63.315
846.49	63.307
846.67	63.521
846.85	63.490
847.03	63.568
847.21	63.490
847.39	63.638
847.57	63.979
847.75	64.024
847.93	63.437
848.11	63.394
848.29	63.588
848.47	63.356
848.65	63.755
848.83	63.730
849.02	64.026
849.20	63.755
849.38	63.773
849.56	64.081
849.74	63.804
849.92	64.116
850.10	64.134
850.28	63.753
850.46	64.012
850.64	63.779
850.82	64.086
851.00	63.964
851.18	63.882
851.36	63.842
851.54	63.882
851.72	64.072
851.90	64.044
852.08	64.194
852.26	63.866
852.44	63.667
852.62	64.127
852.80	64.019
852.98	64.006
853.16	64.218
853.34	64.352
853.52	63.932
853.70	63.877
853.88	63.947
854.06	64.014
854.24	64.031
854.42	64.084
854.60	64.226
854.78	64.183
854.96	64.562
855.14	64.024
855.32	64.380
855.50	64.453
855.68	64.385
855.86	64.540
856.04	64.214
856.22	64.476
856.40	64.396
856.58	64.199
856.76	64.365
856.94	64.130
857.12	64.517
857.30	64.201
857.48	64.173
857.66	64.009
857.84	64.170
858.02	64.297
858.20	64.401
858.38	64.165
858.56	64.421
858.74	64.234
858.92	64.495
859.10	64.508
859.28	64.390
859.46	64.477
859.64	64.471
859.81	64.118
859.99	64.306
860.17	64.226
860.35	64.608
860.53	64.441
860.71	64.432
860.89	64.240
861.07	64.285
861.25	64.428
861.43	64.706
861.61	64.399
861.79	64.755
861.97	64.391
862.15	64.565
862.33	64.813
862.50	64.794
862.68	64.649
862.86	64.860
863.04	64.646
863.22	64.470
863.40	64.504
863.58	64.775
863.76	64.541
863.94	64.821
864.12	64.851
864.30	64.489
864.47	64.340
864.65	64.593
864.83	64.455
865.01	64.372
865.19	64.440
865.37	64.751
865.55	64.831
865.73	64.838
865.91	64.633
866.09	64.714
866.26	64.867
866.44	64.542
866.62	64.696
866.80	64.775
866.98	64.572
867.16	64.402
867.34	64.422
867.52	64.620
867.69	64.988
867.87	64.439
868.05	64.402
868.23	64.336
868.41	64.431
868.59	64.439
868.77	64.748
868.94	64.554
869.12	65.092
869.30	64.512
869.48	64.697
869.66	64.527
869.84	64.714
870.02	64.465
870.19	64.517
870.37	64.646
870.55	64.902
870.73	64.618
870.91	64.444
871.09	64.721
871.26	65.079
871.44	64.886
871.62	64.888
871.80	64.772
871.98	64.750
872.16	64.833
872.33	64.889
872.51	64.743
872.69	64.657
872.87	64.826
873.05	64.820
873.22	65.183
873.40	64.952
873.58	64.970
873.76	64.851
873.94	64.917
874.12	64.765
874.29	64.751
874.47	64.770
874.65	64.619
874.83	64.381
875.01	64.678
875.18	64.738
875.36	64.735
875.54	64.899
875.72	65.024
875.89	64.805
876.07	64.998
876.25	64.618
876.43	65.065
876.61	64.982
876.78	65.031
876.96	65.253
877.14	64.764
877.32	64.334
877.49	64.707
877.67	65.087
877.85	64.727
878.03	64.692
878.21	64.915
878.38	64.733
878.56	64.713
878.74	64.800
878.92	64.646
879.09	64.711
879.27	65.236
879.45	65.025
879.63	65.237
879.80	64.953
879.98	64.578
880.16	64.747
880.34	64.955
880.51	64.652
880.69	65.068
880.87	64.583
881.05	64.615
881.22	64.298
881.40	64.302
881.58	64.277
881.75	64.672
881.93	64.722
882.11	64.801
882.29	65.052
882.46	65.012
882.64	64.965
882.82	65.002
883.00	64.733
883.17	64.580
883.35	64.816
883.53	64.731
883.70	64.777
883.88	64.690
884.06	64.870
884.23	64.940
884.41	64.846
884.59	65.058
884.77	65.307
884.94	65.393
885.12	65.391
885.30	65.138
885.47	65.177
885.65	65.063
885.83	65.179
886.00	64.965
886.18	65.299
886.36	65.283
886.53	65.071
886.71	64.730
886.89	64.559
887.07	64.720
887.24	65.176
887.42	64.954
887.60	65.088
887.77	65.320
887.95	65.087
888.13	65.257
888.30	64.870
888.48	65.027
888.66	64.885
888.83	65.308
889.01	65.266
889.18	65.253
889.36	65.221
889.54	65.134
889.71	65.319
889.89	65.078
890.07	65.129
890.24	64.917
890.42	65.162
890.60	65.268
890.77	65.092
890.95	64.877
891.13	65.142
891.30	65.170
891.48	64.870
891.65	65.291
891.83	65.025
892.01	64.953
892.18	65.066
892.36	65.180
892.54	65.036
892.71	64.901
892.89	64.943
893.06	65.158
893.24	64.969
893.42	64.843
893.59	65.210
893.77	65.154
893.94	65.023
894.12	64.888
894.30	64.867
894.47	65.188
894.65	65.161
894.82	65.354
895.00	65.060
895.18	65.014
895.35	65.328
895.53	65.705
895.70	65.203
895.88	65.238
896.06	65.172
896.23	65.272
896.41	65.458
896.58	65.192
896.76	65.112
896.93	64.911
897.11	64.601
897.29	64.858
897.46	64.999
897.64	65.182
897.81	65.040
897.99	64.764
898.16	64.816
898.34	65.110
898.52	64.850
898.69	64.880
898.87	64.731
899.04	65.326
899.22	64.871
899.39	64.876
899.57	64.772
899.74	64.480
899.92	65.128
900.10	64.973
900.27	65.298
900.45	65.074
900.62	65.264
900.80	65.266
900.97	65.082
901.15	65.282
901.32	65.562
901.50	65.188
901.67	64.721
901.85	65.570
902.02	65.114
902.20	65.149
902.37	65.414
902.55	65.196
902.72	65.066
902.90	65.070
903.07	65.018
903.25	65.121
903.43	64.802
903.60	64.896
903.78	65.072
903.95	65.212
904.13	65.108
904.30	64.849
904.48	65.178
904.65	65.159
904.83	65.212
905.00	64.712
905.17	64.690
905.35	64.649
905.52	64.869
905.70	64.653
905.87	64.744
906.05	65.065
906.22	64.504
906.40	64.669
906.57	65.043
906.75	64.899
906.92	64.961
907.10	64.649
907.27	64.720
907.45	64.318
907.62	64.376
907.80	64.587
907.97	65.026
908.15	64.577
908.32	64.574
908.49	64.642
908.67	64.698
908.84	64.778
909.02	64.927
909.19	64.477
909.37	64.846
909.54	64.905
909.72	64.657
909.89	64.604
910.07	64.941
910.24	64.698
910.41	64.600
910.59	64.725
910.76	64.497
910.94	64.362
911.11	64.659
911.29	64.738
911.46	64.884
911.63	65.138
911.81	65.234
911.98	64.797
912.16	65.060
912.33	64.738
912.50	64.980
912.68	65.020
912.85	64.866
913.03	64.580
913.20	64.813
913.38	64.867
913.55	64.841
913.72	64.645
913.90	64.669
914.07	64.610
914.25	64.953
914.42	65.094
914.59	64.924
914.77	64.844
914.94	64.765
915.11	64.947
915.29	64.670
915.46	64.785
915.64	64.997
915.81	64.987
915.98	64.705
916.16	64.932
916.33	64.741
916.51	64.691
916.68	64.773
916.85	64.913
917.03	64.701
917.20	64.571
917.37	64.878
917.55	64.707
917.72	64.712
917.89	64.300
918.07	64.769
918.24	64.699
918.42	64.869
918.59	64.731
918.76	64.614
918.94	64.653
919.11	64.381
919.28	64.147
919.46	64.643
919.63	64.524
919.80	64.291
919.98	64.680
920.15	64.559
920.32	64.768
920.50	64.864
920.67	64.879
920.84	64.445
921.02	64.675
921.19	64.897
921.36	64.551
921.54	64.535
921.71	64.413
921.88	64.418
922.06	64.500
922.23	64.323
922.40	64.435
922.57	64.466
922.75	64.448
922.92	64.522
923.09	64.482
923.27	64.517
923.44	64.835
923.61	64.703
923.79	64.768
923.96	64.996
924.13	64.760
924.30	64.898
924.48	64.840
924.65	64.745
924.82	64.847
925.00	65.084
925.17	65.162
925.34	65.345
925.51	64.873
925.69	64.691
925.86	65.076
926.03	64.676
926.21	65.183
926.38	64.651
926.55	64.517
926.72	64.461
926.90	64.794
927.07	64.861
927.24	65.009
927.41	64.859
927.59	64.691
927.76	64.664
927.93	64.618
928.10	65.141
928.28	64.474
928.45	64.359
928.62	64.581
928.79	64.669
928.97	64.274
929.14	64.125
929.31	64.485
929.48	64.920
929.66	65.051
929.83	64.589
930.00	64.839
930.17	64.695
930.34	64.401
930.52	64.361
930.69	64.925
930.86	64.517
931.03	64.453
931.21	64.464
931.38	64.716
931.55	64.714
931.72	64.396
931.89	64.597
932.07	64.830
932.24	64.807
932.41	64.933
932.58	65.029
932.75	64.665
932.93	65.219
933.10	64.942
933.27	64.314
933.44	64.583
933.61	64.554
933.79	64.368
933.96	64.998
934.13	64.485
934.30	65.012
934.47	64.937
934.65	65.021
934.82	64.580
934.99	64.692
935.16	65.171
935.33	64.823
935.50	64.591
935.68	64.457
935.85	64.835
936.02	64.660
936.19	65.201
936.36	64.872
936.53	64.683
936.71	64.620
936.88	64.911
937.05	64.983
937.22	64.459
937.39	64.537
937.56	65.043
937.74	64.663
937.91	64.537
938.08	65.245
938.25	64.297
938.42	64.547
938.59	64.486
938.76	64.922
938.94	65.128
939.11	65.220
939.28	65.303
939.45	64.903
939.62	64.750
939.79	64.823
939.96	64.673
940.13	64.578
940.31	64.854
940.48	64.663
940.65	64.618
940.82	64.820
940.99	64.639
941.16	63.935
941.33	65.168
941.50	64.706
941.67	64.472
941.85	64.294
942.02	64.476
942.19	64.913
942.36	64.669
942.53	65.198
942.70	65.014
942.87	64.643
943.04	64.597
943.21	64.533
943.38	64.669
943.56	64.563
943.73	64.839
943.90	64.655
944.07	64.966
944.24	64.633
944.41	64.748
944.58	64.706
944.75	64.718
944.92	64.976
945.09	65.105
945.26	64.450
945.43	64.946
945.60	64.666
945.78	64.772
945.95	64.571
946.12	64.743
946.29	64.740
946.46	64.545
946.63	64.815
946.80	64.077
946.97	64.902
947.14	64.837
947.31	64.366
947.48	64.850
947.65	64.653
947.82	64.297
947.99	64.534
948.16	64.664
948.33	64.379
948.50	64.538
948.67	64.177
948.84	64.565
949.01	64.312
949.18	64.381
949.35	64.106
949.52	64.856
949.69	64.978
949.86	64.605
950.03	64.390
950.20	65.170
950.38	65.110
950.55	65.072
950.72	64.624
950.89	65.097
951.06	64.988
951.23	64.798
951.40	64.673
951.57	64.899
951.74	64.803
951.91	65.049
952.08	64.353
952.25	65.004
952.42	64.702
952.59	64.498
952.76	64.472
952.92	64.676
953.09	64.202
953.26	64.240
953.43	64.204
953.60	64.511
953.77	63.827
953.94	64.141
954.11	64.602
954.28	64.485
954.45	64.716
954.62	64.717
954.79	64.742
954.96	64.315
955.13	64.555
955.30	64.890
955.47	64.347
955.64	65.167
955.81	64.294
955.98	64.799
956.15	64.620
956.32	64.622
956.49	64.921
956.66	64.843
956.83	64.451
957.00	65.061
957.17	64.754
957.33	64.886
957.50	64.533
957.67	64.820
957.84	64.415
958.01	64.038
958.18	64.588
958.35	64.557
958.52	64.731
958.69	64.319
958.86	64.345
959.03	64.638
959.20	64.651
959.37	64.361
959.53	64.823
959.70	64.563
959.87	64.389
960.04	64.627
960.21	64.348
960.38	64.485
960.55	64.436
960.72	64.471
960.89	64.330
961.06	64.577
961.23	64.109
961.39	64.904
961.56	63.985
961.73	64.343
961.90	64.730
962.07	64.495
962.24	64.578
962.41	64.804
962.58	64.189
962.75	64.473
962.91	64.372
963.08	64.666
963.25	64.362
963.42	64.446
963.59	64.947
963.76	64.279
963.93	64.529
964.09	64.392
964.26	64.321
964.43	64.643
964.60	64.654
964.77	64.866
964.94	64.666
965.11	64.965
965.27	64.313
965.44	64.310
965.61	64.444
965.78	64.583
965.95	64.916
966.12	64.524
966.29	64.747
966.45	64.742
966.62	64.530
966.79	64.506
966.96	64.418
967.13	64.364
967.30	64.341
967.46	64.110
967.63	64.230
967.80	64.828
967.97	63.992
968.14	64.896
968.30	64.297
968.47	64.306
968.64	63.591
968.81	64.597
968.98	64.853
969.15	64.615
969.31	64.961
969.48	65.160
969.65	64.983
969.82	64.529
969.99	65.089
970.15	64.734
970.32	64.591
970.49	65.082
970.66	64.994
970.82	64.686
970.99	64.765
971.16	64.933
971.33	65.604
971.50	64.782
971.66	64.424
971.83	64.726
972.00	64.812
972.17	64.909
972.34	64.607
972.50	64.470
972.67	64.787
972.84	64.949
973.01	64.500
973.17	64.645
973.34	64.766
973.51	64.854
973.68	64.285
973.84	65.013
974.01	65.093
974.18	64.563
974.35	64.477
974.51	64.676
974.68	65.547
974.85	64.687
975.02	64.766
975.18	64.753
975.35	65.124
975.52	65.648
975.69	64.428
975.85	65.121
976.02	64.785
976.19	64.467
976.36	64.078
976.52	64.325
976.69	64.783
976.86	64.432
977.02	64.397
977.19	64.831
977.36	64.623
977.53	64.981
977.69	65.110
977.86	64.802
978.03	65.030
978.19	65.019
978.36	64.388
978.53	64.740
978.70	64.477
978.86	64.616
979.03	65.066
979.20	64.411
979.36	64.432
979.53	64.507
979.70	64.720
979.86	64.524
980.03	64.831
980.20	64.613
980.36	65.021
980.53	64.142
980.70	64.202
980.86	64.835
981.03	64.638
981.20	65.502
981.36	64.360
981.53	64.443
981.70	64.477
981.86	64.869
982.03	64.512
982.20	63.888
982.36	64.834
982.53	64.338
982.70	64.665
982.86	64.790
983.03	64.574
983.20	65.059
983.36	64.413
983.53	64.698
983.70	65.402
983.86	65.522
984.03	65.596
984.20	65.081
984.36	65.159
984.53	64.326
984.70	64.643
984.86	64.986
985.03	65.059
985.19	64.518
985.36	65.631
985.53	64.162
985.69	65.114
985.86	64.813
986.03	64.872
986.19	64.760
986.36	64.750
986.52	64.651
986.69	65.086
986.86	63.633
987.02	63.827
987.19	64.613
987.35	63.878
987.52	65.260
987.69	64.673
987.85	64.547
988.02	64.122
988.18	64.778
988.35	64.968
988.52	65.236
988.68	63.808
988.85	64.412
989.01	64.215
989.18	64.042
989.35	64.352
989.51	64.579
989.68	64.308
989.84	64.668
990.01	64.528
990.17	64.595
990.34	64.008
990.51	63.921
990.67	65.060
990.84	63.939
991.00	64.072
991.17	64.337
991.33	64.811
991.50	64.894
991.66	63.540
991.83	64.167
992.00	64.906
992.16	63.937
992.33	64.282
992.49	64.691
992.66	65.288
992.82	63.330
992.99	64.876
993.15	64.754
993.32	64.211
993.48	64.092
993.65	64.849
993.82	64.495
993.98	65.176
994.15	64.260
994.31	64.705
994.48	64.120
994.64	64.877
994.81	64.346
994.97	64.981
995.14	64.633
995.30	65.015
995.47	64.608
995.63	64.573
995.80	64.136
995.96	63.672
996.13	63.817
996.29	64.022
996.46	64.684
996.62	64.576
996.79	65.299
996.95	64.361
997.12	65.465
997.28	65.031
997.45	65.320
997.61	64.792
997.78	64.588
997.94	64.417
998.11	64.769
998.27	64.860
998.44	65.530
998.60	64.167
998.77	65.188
998.93	65.024
999.10	64.420
999.26	64.639
999.43	64.559
999.59	64.750
999.75	63.797
999.92	64.564
1000.08	64.987
1000.25	64.567
1000.41	64.316
1000.58	64.761
1000.74	64.477
1000.91	64.033
1001.07	64.454
1001.24	63.864
1001.40	64.745
1001.56	64.286
1001.73	63.788
1001.89	63.493
1002.06	64.443
1002.22	63.911
1002.39	63.223
1002.55	64.593
1002.71	64.214
1002.88	63.512
1003.04	64.934
1003.21	64.143
1003.37	64.547
1003.54	64.266
1003.70	63.996
1003.86	65.127
1004.03	65.115
1004.19	64.573
1004.36	64.085
1004.52	63.967
1004.68	63.911
1004.85	65.102
1005.01	64.288
1005.18	64.053
1005.34	64.488
1005.50	64.571
1005.67	64.499
1005.83	65.013
1006.00	64.555
1006.16	64.493
1006.32	64.628
1006.49	64.796
1006.65	63.689
1006.82	63.942
1006.98	64.709
1007.14	64.510
1007.31	64.489
1007.47	64.740
1007.63	64.198
1007.80	64.380
1007.96	64.341
1008.13	63.578
1008.29	65.457
1008.45	64.532
1008.62	64.044
1008.78	64.335
1008.94	64.754
1009.11	63.724
1009.27	64.913
1009.43	63.552
1009.60	64.486
1009.76	64.286
1009.92	64.034
1010.09	64.103
1010.25	63.618
1010.42	65.093
1010.58	63.869
1010.74	64.729
1010.91	63.230
1011.07	64.093
1011.23	64.707
1011.40	63.949
1011.56	63.078
1011.72	64.864
1011.89	64.665
1012.05	63.931
1012.21	65.256
1012.37	64.481
1012.54	63.514
1012.70	64.621
1012.86	64.225
1013.03	64.704
1013.19	63.339
1013.35	64.575
1013.52	62.980
1013.68	64.070
1013.84	63.758
1014.01	63.862
1014.17	64.151
1014.33	63.700
1014.49	64.361
1014.66	66.030
1014.82	63.203
1014.98	63.973
1015.15	63.415
1015.31	63.876
1015.47	64.953
1015.63	63.471
1015.80	64.863
1015.96	63.140
1016.12	63.444
1016.29	64.664
1016.45	64.674
1016.61	62.656
1016.77	62.378
1016.94	64.228
1017.10	64.675
1017.26	64.626
1017.42	63.809
1017.59	64.594
1017.75	63.412
1017.91	62.466
1018.07	63.000
1018.24	63.878
1018.40	65.590
1018.56	65.663
1018.72	63.588
1018.89	65.269
1019.05	64.532
1019.21	64.319
1019.37	64.866
1019.54	65.488
1019.70	64.370
1019.86	64.018
1020.02	65.100
1020.19	63.646
1020.35	64.049
1020.51	63.250
1020.67	64.425
1020.83	65.013
1021.00	62.287
1021.16	64.177
1021.32	63.826
1021.48	63.908
1021.64	63.163
1021.81	63.220
1021.97	64.349
1022.13	63.365
1022.29	64.305
1022.45	65.865
1022.62	63.274
1022.78	62.414
1022.94	64.187
1023.10	65.403
1023.26	65.501
1023.43	65.058
1023.59	64.676
1023.75	63.943
1023.91	62.388
1024.07	63.815
1024.24	65.080
1024.40	64.371
1024.56	63.883
1024.72	63.685
1024.88	64.053
1025.04	64.833
1025.21	64.799
1025.37	65.569
1025.53	63.155
1025.69	64.292
1025.85	63.535
1026.01	61.545
1026.18	64.921
1026.34	64.356
1026.50	61.499
1026.66	63.852
1026.82	63.423
1026.98	63.032
1027.14	65.471
1027.31	62.088
1027.47	62.007
1027.63	62.310
1027.79	62.299
1027.95	64.094
1028.11	66.006
1028.27	65.267
1028.44	65.063
1028.60	62.302
1028.76	63.135
1028.92	66.298
1029.08	64.102
1029.24	63.556
1029.40	64.599
1029.56	62.611
1029.73	64.133
1029.89	62.414
1030.05	65.136
1030.21	65.685
1030.37	63.362
1030.53	63.702
1030.69	65.854
1030.85	62.429
1031.01	63.728
1031.17	61.421
1031.34	62.576
1031.50	62.650
1031.66	63.019
1031.82	64.671
1031.98	66.044
1032.14	63.405
1032.30	62.698
1032.46	62.258
1032.62	64.895
1032.78	63.853
1032.94	64.529
1033.10	63.484
1033.27	65.492
1033.43	63.264
1033.59	64.442
1033.75	64.558
1033.91	64.160
1034.07	63.201
1034.23	61.821
1034.39	65.037
1034.55	62.904
1034.71	60.043
1034.87	61.399
1035.03	64.439
1035.19	63.491
1035.35	66.035
1035.51	65.110
1035.67	62.324
1035.83	63.232
1035.99	65.593
1036.16	62.494
1036.32	64.531
1036.48	63.534
1036.64	63.435
1036.80	63.934
1036.96	65.110
1037.12	62.588
1037.28	65.444
1037.44	61.982
1037.60	64.582
1037.76	62.059
1037.92	63.511
1038.08	62.248
1038.24	61.988
1038.40	63.519
1038.56	66.153
1038.72	62.635
1038.88	67.094
1039.04	63.186
1039.20	65.833
1039.36	61.803
1039.52	64.043
1039.68	64.863
1039.84	62.584
1040.00	62.055
1040.16	63.868
1040.32	63.972
1040.48	64.663
1040.64	62.594
1040.80	61.553
1040.96	64.980
1041.12	62.215
1041.28	61.949
1041.44	62.022
1041.60	62.950
1041.76	62.365
1041.92	62.365
1042.08	62.043
1042.24	62.140
1042.39	62.065
1042.55	64.683
1042.71	61.785
1042.87	62.591
1043.03	63.332
1043.19	59.982
