345.44	99.012
345.66	99.012
345.88	99.012
346.10	99.559
346.31	100.073
346.53	100.104
346.75	100.039
346.97	99.196
347.19	100.563
347.41	99.815
347.63	99.721
347.85	99.769
348.07	99.819
348.29	99.846
348.51	99.831
348.73	99.867
348.95	99.873
349.17	99.855
349.39	99.896
349.61	99.860
349.83	99.871
350.05	99.940
350.27	99.946
350.49	100.012
350.71	99.954
350.93	99.980
351.15	99.988
351.37	99.981
351.59	100.007
351.80	100.029
352.02	100.105
352.24	100.085
352.46	100.003
352.68	99.929
352.90	99.957
353.12	100.015
353.34	99.947
353.56	99.910
353.78	99.876
354.00	99.910
354.22	99.940
354.44	99.896
354.66	99.913
354.88	99.911
355.09	99.910
355.31	99.957
355.53	99.978
355.75	99.965
355.97	99.899
356.19	99.879
356.41	99.869
356.63	99.864
356.85	99.892
357.07	99.944
357.29	99.989
357.50	100.000
357.72	100.024
357.94	100.055
358.16	100.062
358.38	100.080
358.60	100.046
358.82	100.059
359.04	100.057
359.26	100.019
359.48	100.003
359.69	99.975
359.91	99.987
360.13	99.974
360.35	99.979
360.57	100.044
360.79	100.030
361.01	99.989
361.23	99.922
361.45	99.882
361.66	99.890
361.88	99.850
362.10	99.794
362.32	99.740
362.54	99.771
362.76	99.791
362.98	99.774
363.20	99.756
363.41	99.738
363.63	99.843
363.85	99.761
364.07	99.783
364.29	99.858
364.51	99.828
364.73	99.869
364.94	99.861
365.16	99.791
365.38	99.856
365.60	99.923
365.82	99.981
366.04	99.982
366.26	99.918
366.47	99.949
366.69	99.968
366.91	100.002
367.13	99.959
367.35	99.964
367.57	100.002
367.79	99.985
368.00	100.020
368.22	99.932
368.44	99.921
368.66	99.899
368.88	99.796
369.10	99.887
369.31	99.884
369.53	99.926
369.75	100.018
369.97	99.952
370.19	99.936
370.41	99.867
370.62	99.882
370.84	99.944
371.06	99.998
371.28	100.021
371.50	99.910
371.71	99.887
371.93	99.863
372.15	99.857
372.37	99.846
372.59	99.823
372.80	99.861
373.02	99.921
373.24	99.922
373.46	99.867
373.68	99.799
373.90	99.858
374.11	99.797
374.33	99.779
374.55	99.740
374.77	99.718
374.98	99.782
375.20	99.839
375.42	99.801
375.64	99.763
375.86	99.781
376.07	99.888
376.29	99.923
376.51	99.927
376.73	99.893
376.95	99.914
377.16	99.839
377.38	99.879
377.60	99.800
377.82	99.802
378.03	99.909
378.25	99.960
378.47	99.955
378.69	99.953
378.91	99.939
379.12	100.015
379.34	100.007
379.56	99.926
379.78	99.800
379.99	99.904
380.21	99.942
380.43	99.947
380.65	99.947
380.86	99.921
381.08	99.986
381.30	100.049
381.52	100.073
381.73	100.193
381.95	100.204
382.17	100.248
382.39	100.265
382.60	100.251
382.82	100.218
383.04	100.182
383.26	100.195
383.47	100.233
383.69	100.237
383.91	100.209
384.13	100.278
384.34	100.292
384.56	100.243
384.78	100.206
385.00	100.139
385.21	100.099
385.43	100.118
385.65	100.033
385.86	99.988
386.08	100.010
386.30	99.912
386.52	99.810
386.73	99.793
386.95	99.808
387.17	99.757
387.38	99.760
387.60	99.736
387.82	99.760
388.04	99.751
388.25	99.711
388.47	99.775
388.69	99.730
388.90	99.709
389.12	99.734
389.34	99.655
389.56	99.653
389.77	99.642
389.99	99.590
390.21	99.613
390.42	99.666
390.64	99.656
390.86	99.688
391.07	99.781
391.29	99.830
391.51	99.742
391.72	99.761
391.94	99.739
392.16	99.783
392.38	99.753
392.59	99.752
392.81	99.737
393.03	99.679
393.24	99.794
393.46	99.886
393.68	99.841
393.89	99.970
394.11	99.959
394.33	100.034
394.54	100.143
394.76	100.256
394.98	100.210
395.19	100.193
395.41	100.108
395.63	100.051
395.84	99.976
396.06	100.014
396.28	99.993
396.49	100.023
396.71	100.038
396.93	100.022
397.14	100.025
397.36	100.049
397.57	100.162
397.79	100.086
398.01	100.015
398.22	100.047
398.44	99.967
398.66	99.957
398.87	99.936
399.09	99.888
399.31	99.770
399.52	99.750
399.74	99.733
399.96	99.801
400.17	99.822
400.39	99.969
400.60	99.945
400.82	99.962
401.04	99.914
401.25	99.869
401.47	99.905
401.69	99.906
401.90	99.949
402.12	99.905
402.33	99.926
402.55	99.936
402.77	99.860
402.98	99.902
403.20	99.949
403.41	99.907
403.63	99.929
403.85	99.980
404.06	99.977
404.28	99.981
404.49	99.974
404.71	99.974
404.93	99.903
405.14	99.929
405.36	99.916
405.57	99.909
405.79	99.896
406.01	99.862
406.22	99.864
406.44	99.844
406.65	99.848
406.87	99.765
407.09	99.767
407.30	99.779
407.52	99.839
407.73	99.815
407.95	99.797
408.17	99.830
408.38	99.787
408.60	99.869
408.81	99.846
409.03	99.950
409.24	99.906
409.46	99.898
409.68	99.864
409.89	99.886
410.11	99.917
410.32	99.933
410.54	99.953
410.75	99.955
410.97	99.980
411.18	99.930
411.40	100.048
411.62	100.033
411.83	100.053
412.05	100.020
412.26	100.061
412.48	100.084
412.69	100.033
412.91	100.044
413.12	100.014
413.34	100.058
413.56	99.974
413.77	99.980
413.99	99.952
414.20	99.996
414.42	100.018
414.63	100.049
414.85	100.063
415.06	100.033
415.28	100.059
415.49	100.016
415.71	100.042
415.92	99.955
416.14	99.969
416.35	99.978
416.57	99.965
416.79	99.892
417.00	99.861
417.22	99.949
417.43	100.002
417.65	100.017
417.86	100.011
418.08	99.993
418.29	99.990
418.51	99.982
418.72	100.001
418.94	99.963
419.15	99.893
419.37	99.875
419.58	99.839
419.80	99.757
420.01	99.691
420.23	99.670
420.44	99.740
420.66	99.786
420.87	99.754
421.09	99.674
421.30	99.729
421.52	99.741
421.73	99.623
421.95	99.567
422.16	99.581
422.38	99.493
422.59	99.541
422.81	99.561
423.02	99.658
423.23	99.619
423.45	99.624
423.66	99.660
423.88	99.602
424.09	99.593
424.31	99.617
424.52	99.653
424.74	99.705
424.95	99.726
425.17	99.675
425.38	99.757
425.60	99.851
425.81	99.796
426.03	99.812
426.24	99.864
426.45	99.853
426.67	99.858
426.88	99.875
427.10	99.935
427.31	99.932
427.53	99.903
427.74	99.888
427.96	99.921
428.17	99.945
428.39	99.990
428.60	100.050
428.81	100.095
429.03	100.066
429.24	100.039
429.46	99.986
429.67	100.015
429.89	100.013
430.10	100.023
430.31	100.002
430.53	99.989
430.74	99.945
430.96	99.926
431.17	99.966
431.39	99.956
431.60	99.880
431.81	99.819
432.03	99.827
432.24	99.871
432.46	99.809
432.67	99.781
432.89	99.775
433.10	99.756
433.31	99.801
433.53	99.856
433.74	99.876
433.96	100.003
434.17	99.998
434.38	100.010
434.60	100.058
434.81	100.078
435.03	100.083
435.24	100.146
435.45	100.232
435.67	100.168
435.88	100.258
436.10	100.259
436.31	100.302
436.52	100.210
436.74	100.187
436.95	100.096
437.17	100.106
437.38	100.196
437.59	100.220
437.81	100.183
438.02	100.179
438.23	100.207
438.45	100.041
438.66	100.030
438.88	99.904
439.09	99.911
439.30	99.966
439.52	99.914
439.73	99.883
439.94	99.777
440.16	99.838
440.37	99.735
440.58	99.743
440.80	99.738
441.01	99.839
441.23	99.823
441.44	99.900
441.65	99.924
441.87	99.933
442.08	99.880
442.29	99.830
442.51	99.825
442.72	99.692
442.93	99.826
443.15	99.773
443.36	99.962
443.57	99.898
443.79	99.858
444.00	99.894
444.21	99.792
444.43	99.933
444.64	99.906
444.85	99.983
445.07	99.947
445.28	99.902
445.49	99.818
445.71	99.779
445.92	99.888
446.13	99.876
446.35	99.810
446.56	99.760
446.77	99.770
446.99	99.715
447.20	99.815
447.41	99.803
447.63	99.810
447.84	99.767
448.05	99.808
448.27	99.807
448.48	99.910
448.69	99.976
448.90	99.852
449.12	99.803
449.33	99.706
449.54	99.853
449.76	99.838
449.97	99.901
450.18	99.922
450.40	99.858
450.61	99.821
450.82	99.862
451.03	99.860
451.25	99.867
451.46	99.922
451.67	99.835
451.89	99.769
452.10	99.819
452.31	99.745
452.52	99.704
452.74	99.709
452.95	99.653
453.16	99.634
453.38	99.685
453.59	99.739
453.80	99.781
454.01	99.745
454.23	99.721
454.44	99.789
454.65	99.860
454.86	99.811
455.08	99.908
455.29	100.022
455.50	100.024
455.71	99.986
455.93	99.791
456.14	99.974
456.35	100.005
456.56	99.988
456.78	99.921
456.99	99.909
457.20	99.881
457.41	99.872
457.63	99.842
457.84	99.863
458.05	99.869
458.26	99.902
458.48	99.789
458.69	99.958
458.90	99.932
459.11	99.884
459.33	99.971
459.54	99.929
459.75	99.754
459.96	99.774
460.18	99.896
460.39	100.121
460.60	100.033
460.81	100.024
461.02	100.040
461.24	100.105
461.45	100.084
461.66	100.054
461.87	100.092
462.09	100.074
462.30	100.075
462.51	100.039
462.72	100.093
462.93	100.135
463.15	100.065
463.36	100.050
463.57	99.990
463.78	99.930
463.99	99.905
464.21	100.030
464.42	100.085
464.63	100.003
464.84	99.973
465.05	99.905
465.27	99.886
465.48	99.857
465.69	99.825
465.90	99.870
466.11	100.020
466.33	99.990
466.54	99.989
466.75	99.980
466.96	99.967
467.17	99.875
467.38	99.766
467.60	99.672
467.81	99.549
468.02	99.672
468.23	99.607
468.44	99.653
468.65	99.554
468.87	99.439
469.08	99.574
469.29	99.573
469.50	99.548
469.71	99.547
469.92	99.599
470.14	99.531
470.35	99.674
470.56	99.506
470.77	99.655
470.98	99.518
471.19	99.582
471.41	99.647
471.62	99.613
471.83	99.715
472.04	99.714
472.25	99.860
472.46	99.783
472.67	99.775
472.89	99.732
473.10	99.716
473.31	99.714
473.52	99.550
473.73	99.538
473.94	99.565
474.15	99.585
474.37	99.496
474.58	99.613
474.79	99.445
475.00	99.576
475.21	99.409
475.42	99.585
475.63	99.584
475.84	99.574
476.06	99.401
476.27	99.328
476.48	99.502
476.69	99.450
476.90	99.556
477.11	99.475
477.32	98.927
477.53	99.360
477.74	99.350
477.96	99.371
478.17	99.345
478.38	99.194
478.59	99.143
478.80	98.780
479.01	98.800
479.22	98.808
479.43	98.928
479.64	99.043
479.85	98.369
480.06	97.748
480.28	98.547
480.49	98.519
480.70	98.827
480.91	98.894
481.12	98.883
481.33	98.468
481.54	98.227
481.75	99.144
481.96	98.123
482.17	99.131
482.38	98.709
482.59	99.087
482.81	100.254
483.02	100.310
483.23	101.724
483.44	100.584
483.65	101.091
483.86	100.182
484.07	100.350
484.28	101.619
484.49	101.670
484.70	104.551
484.91	103.445
485.12	102.805
485.33	101.411
485.54	108.710
485.75	118.175
485.96	94.943
486.17	94.661
486.38	104.565
486.60	65.718
486.81	97.462
487.02	98.765
487.23	98.934
487.44	98.353
487.65	100.839
487.86	101.741
488.07	102.004
488.28	100.622
488.49	99.864
488.70	100.133
488.91	100.415
489.12	99.967
489.33	100.447
489.54	100.490
489.75	100.309
489.96	100.565
490.17	100.823
490.38	100.970
490.59	101.133
490.80	100.846
491.01	100.643
491.22	100.443
491.43	100.659
491.64	100.862
491.85	100.578
492.06	100.141
492.27	99.643
492.48	99.564
492.69	99.694
492.90	99.674
493.11	99.456
493.32	99.610
493.53	99.887
493.74	99.648
493.95	99.808
494.16	99.680
494.37	99.929
494.58	100.025
494.79	100.221
495.00	99.850
495.21	99.856
495.42	99.631
495.63	99.908
495.84	99.895
496.05	99.619
496.26	99.784
496.47	99.670
496.68	99.611
496.89	99.920
497.10	99.899
497.31	100.212
497.52	100.408
497.73	100.338
497.94	100.146
498.15	100.227
498.36	100.112
498.57	100.178
498.78	99.907
498.99	99.917
499.19	99.832
499.40	99.836
499.61	100.005
499.82	99.913
500.03	99.962
500.24	100.098
500.45	100.165
500.66	100.049
500.87	100.067
501.08	100.216
501.29	100.116
501.50	99.955
501.71	99.786
501.92	99.711
502.13	99.754
502.34	99.872
502.55	99.928
502.76	100.096
502.96	100.044
503.17	100.148
503.38	100.208
503.59	100.430
503.80	100.440
504.01	100.365
504.22	100.562
504.43	100.563
504.64	100.463
504.85	100.427
505.06	100.444
505.27	100.513
505.47	100.562
505.68	100.527
505.89	100.628
506.10	100.719
506.31	100.647
506.52	100.463
506.73	100.484
506.94	100.282
507.15	100.225
507.36	100.378
507.56	100.317
507.77	100.256
507.98	100.144
508.19	100.105
508.40	99.969
508.61	99.918
508.82	99.948
509.03	99.839
509.24	99.906
509.44	99.903
509.65	99.909
509.86	99.850
510.07	99.902
510.28	99.922
510.49	99.880
510.70	99.937
510.91	99.951
511.11	100.002
511.32	100.078
511.53	100.056
511.74	100.015
511.95	99.979
512.16	99.943
512.37	99.828
512.58	99.916
512.78	100.015
512.99	99.999
513.20	99.883
513.41	99.959
513.62	99.960
513.83	99.975
514.04	99.898
514.24	99.977
514.45	100.003
514.66	100.036
514.87	100.054
515.08	99.953
515.29	100.024
515.49	99.991
515.70	99.966
515.91	100.033
516.12	100.055
516.33	99.970
516.54	99.939
516.74	100.019
516.95	99.911
517.16	99.945
517.37	99.975
517.58	99.966
517.79	99.978
517.99	100.005
518.20	100.023
518.41	100.021
518.62	99.918
518.83	99.918
519.03	99.859
519.24	99.864
519.45	99.894
519.66	99.892
519.87	99.876
520.07	99.944
520.28	99.860
520.49	99.832
520.70	99.944
520.91	99.976
521.12	99.992
521.32	100.018
521.53	100.011
521.74	100.005
521.95	100.048
522.15	100.012
522.36	99.966
522.57	99.934
522.78	99.968
522.99	99.889
523.19	99.852
523.40	99.875
523.61	99.853
523.82	99.848
524.03	99.890
524.23	99.921
524.44	99.873
524.65	99.889
524.86	99.870
525.06	99.793
525.27	99.796
525.48	99.774
525.69	99.800
525.89	99.739
526.10	99.777
526.31	99.815
526.52	99.828
526.72	99.779
526.93	99.781
527.14	99.786
527.35	99.821
527.56	99.799
527.76	99.801
527.97	99.842
528.18	99.842
528.38	99.848
528.59	99.819
528.80	99.795
529.01	99.799
529.21	99.823
529.42	99.859
529.63	99.927
529.84	99.882
530.04	99.872
530.25	99.908
530.46	99.868
530.67	99.856
530.87	99.835
531.08	99.854
531.29	99.912
531.50	99.908
531.70	99.962
531.91	99.977
532.12	99.954
532.32	99.937
532.53	99.969
532.74	99.930
532.95	99.930
533.15	99.910
533.36	99.949
533.57	99.967
533.77	99.971
533.98	99.952
534.19	100.003
534.39	99.994
534.60	99.989
534.81	99.996
535.02	99.980
535.22	99.989
535.43	100.043
535.64	100.072
535.84	100.066
536.05	100.071
536.26	100.097
536.46	100.090
536.67	100.087
536.88	100.090
537.08	100.065
537.29	100.044
537.50	100.118
537.70	100.073
537.91	100.035
538.12	100.011
538.33	99.991
538.53	99.973
538.74	99.989
538.95	100.033
539.15	100.045
539.36	100.071
539.57	100.076
539.77	100.074
539.98	100.043
540.18	100.032
540.39	100.007
540.60	99.968
540.80	99.979
541.01	99.971
541.22	99.939
541.42	99.963
541.63	99.971
541.84	99.941
542.04	99.958
542.25	99.969
542.46	99.971
542.66	99.969
542.87	99.991
543.08	99.987
543.28	99.961
543.49	99.944
543.69	99.919
543.90	99.988
544.11	99.977
544.31	99.979
544.52	100.044
544.73	100.096
544.93	100.132
545.14	100.148
545.34	100.137
545.55	100.162
545.76	100.153
545.96	100.139
546.17	100.102
546.38	100.135
546.58	100.149
546.79	100.172
546.99	100.169
547.20	100.165
547.41	100.167
547.61	100.130
547.82	100.123
548.02	100.146
548.23	100.113
548.44	100.075
548.64	100.066
548.85	100.024
549.05	99.972
549.26	99.986
549.47	99.979
549.67	100.003
549.88	100.027
550.08	100.015
550.29	100.024
550.50	100.062
550.70	100.027
550.91	99.995
551.11	99.979
551.32	99.967
551.52	99.977
551.73	99.971
551.94	99.978
552.14	100.008
552.35	99.950
552.55	99.925
552.76	99.951
552.96	99.981
553.17	99.983
553.38	100.026
553.58	100.030
553.79	100.000
553.99	99.988
554.20	99.948
554.40	99.951
554.61	99.943
554.81	99.922
555.02	99.904
555.23	99.946
555.43	99.930
555.64	99.959
555.84	99.929
556.05	99.898
556.25	99.916
556.46	99.879
556.66	99.927
556.87	99.933
557.07	99.945
557.28	99.919
557.48	99.923
557.69	99.904
557.90	99.842
558.10	99.877
558.31	99.903
558.51	99.935
558.72	99.955
558.92	99.991
559.13	100.000
559.33	100.036
559.54	100.037
559.74	100.059
559.95	100.037
560.15	100.046
560.36	100.061
560.56	100.072
560.77	100.087
560.97	100.064
561.18	100.046
561.38	100.050
561.59	100.054
561.79	100.055
562.00	100.062
562.20	100.082
562.41	100.083
562.61	100.055
562.82	100.023
563.02	100.046
563.23	100.038
563.43	100.079
563.64	100.059
563.84	100.083
564.05	100.109
564.25	100.103
564.46	100.079
564.66	100.086
564.87	100.075
565.07	100.078
565.28	100.095
565.48	100.121
565.68	100.094
565.89	100.079
566.09	100.089
566.30	100.067
566.50	100.062
566.71	100.056
566.91	100.074
567.12	100.097
567.32	100.071
567.53	100.055
567.73	100.039
567.94	100.048
568.14	99.992
568.34	99.983
568.55	99.962
568.75	99.950
568.96	99.973
569.16	99.955
569.37	99.952
569.57	99.932
569.78	99.915
569.98	99.923
570.18	99.943
570.39	99.917
570.59	99.933
570.80	99.941
571.00	99.921
571.21	99.899
571.41	99.910
571.61	99.924
571.82	99.950
572.02	99.930
572.23	99.918
572.43	99.957
572.64	99.946
572.84	99.943
573.04	99.964
573.25	99.948
573.45	99.988
573.66	99.964
573.86	100.005
574.06	100.004
574.27	99.993
574.47	99.976
574.68	99.979
574.88	99.962
575.08	99.951
575.29	99.951
575.49	99.938
575.70	99.905
575.90	99.916
576.10	99.883
576.31	99.881
576.51	99.884
576.72	99.889
576.92	99.888
577.12	99.921
577.33	99.934
577.53	99.923
577.73	99.929
577.94	99.956
578.14	99.920
578.35	99.915
578.55	99.915
578.75	99.901
578.96	99.889
579.16	99.902
579.36	99.944
579.57	99.972
579.77	99.992
579.98	100.005
580.18	99.983
580.38	99.990
580.59	99.997
580.79	100.016
580.99	100.004
581.20	99.992
581.40	99.991
581.60	99.969
581.81	99.978
582.01	99.941
582.21	99.927
582.42	99.928
582.62	99.934
582.82	99.957
583.03	99.961
583.23	99.980
583.43	99.958
583.64	99.947
583.84	99.933
584.04	99.922
584.25	99.912
584.45	99.885
584.65	99.907
584.86	99.922
585.06	99.912
585.26	99.894
585.47	99.893
585.67	99.879
585.87	99.886
586.08	99.872
586.28	99.872
586.48	99.895
586.69	99.904
586.89	99.889
587.09	99.848
587.30	99.843
587.50	99.829
587.70	99.836
587.90	99.829
588.11	99.820
588.31	99.809
588.51	99.813
588.72	99.855
588.92	99.817
589.12	99.805
589.33	99.801
589.53	99.796
589.73	99.793
589.93	99.814
590.14	99.824
590.34	99.843
590.54	99.860
590.75	99.847
590.95	99.841
591.15	99.866
591.35	99.873
591.56	99.891
591.76	99.916
591.96	99.916
592.16	99.910
592.37	99.921
592.57	99.941
592.77	99.955
592.97	99.940
593.18	99.973
593.38	99.964
593.58	99.981
593.79	99.986
593.99	99.995
594.19	99.983
594.39	99.986
594.60	99.978
594.80	99.978
595.00	99.977
595.20	99.998
595.41	99.971
595.61	99.986
595.81	99.975
596.01	99.959
596.21	99.970
596.42	99.964
596.62	99.980
596.82	99.979
597.02	99.975
597.23	99.971
597.43	99.971
597.63	99.983
597.83	99.969
598.04	99.959
598.24	99.949
598.44	99.943
598.64	99.927
598.84	99.924
599.05	99.924
599.25	99.913
599.45	99.896
599.65	99.914
599.85	99.911
600.06	99.928
600.26	99.922
600.46	99.921
600.66	99.942
600.87	99.917
601.07	99.918
601.27	99.900
601.47	99.887
601.67	99.862
601.87	99.858
602.08	99.858
602.28	99.875
602.48	99.890
602.68	99.905
602.88	99.920
603.09	99.900
603.29	99.902
603.49	99.919
603.69	99.919
603.89	99.918
604.10	99.923
604.30	99.918
604.50	99.956
604.70	99.963
604.90	99.939
605.10	99.951
605.31	99.938
605.51	99.940
605.71	99.964
605.91	99.971
606.11	99.938
606.31	99.922
606.52	99.904
606.72	99.896
606.92	99.889
607.12	99.895
607.32	99.909
607.52	99.892
607.72	99.890
607.93	99.894
608.13	99.881
608.33	99.875
608.53	99.880
608.73	99.859
608.93	99.847
609.13	99.877
609.34	99.879
609.54	99.884
609.74	99.887
609.94	99.879
610.14	99.877
610.34	99.884
610.54	99.917
610.74	99.943
610.95	99.943
611.15	99.957
611.35	99.966
611.55	99.973
611.75	99.988
611.95	99.990
612.15	99.996
612.35	100.024
612.56	100.035
612.76	100.032
612.96	100.015
613.16	100.014
613.36	99.987
613.56	100.017
613.76	100.003
613.96	100.002
614.16	99.988
614.36	100.000
614.57	100.028
614.77	100.006
614.97	99.977
615.17	99.961
615.37	99.949
615.57	99.928
615.77	99.924
615.97	99.922
616.17	99.930
616.37	99.917
616.57	99.907
616.78	99.921
616.98	99.935
617.18	99.954
617.38	99.959
617.58	99.968
617.78	99.914
617.98	99.926
618.18	99.929
618.38	99.939
618.58	99.928
618.78	99.926
618.98	99.935
619.18	99.951
619.38	99.948
619.58	99.935
619.79	99.922
619.99	99.917
620.19	99.901
620.39	99.878
620.59	99.874
620.79	99.862
620.99	99.825
621.19	99.798
621.39	99.778
621.59	99.781
621.79	99.776
621.99	99.795
622.19	99.816
622.39	99.797
622.59	99.805
622.79	99.804
622.99	99.796
623.19	99.786
623.39	99.780
623.59	99.794
623.79	99.818
623.99	99.829
624.19	99.833
624.39	99.835
624.59	99.864
624.79	99.865
624.99	99.871
625.19	99.897
625.39	99.906
625.59	99.917
625.79	99.929
625.99	99.932
626.19	99.941
626.39	99.929
626.59	99.979
626.79	99.988
626.99	100.010
627.19	100.016
627.39	100.037
627.59	100.051
627.79	100.063
627.99	100.032
628.19	100.039
628.39	100.041
628.59	100.047
628.79	100.021
628.99	100.010
629.19	100.021
629.39	100.019
629.59	100.026
629.79	100.043
629.99	100.017
630.19	100.031
630.39	100.019
630.59	100.013
630.79	99.997
630.99	99.980
631.19	99.968
631.39	99.964
631.59	99.957
631.79	99.948
631.99	99.934
632.19	99.965
632.39	99.968
632.59	99.972
632.79	99.974
632.99	99.980
633.19	99.982
633.39	99.978
633.58	99.975
633.78	99.984
633.98	99.972
634.18	99.987
634.38	99.986
634.58	100.019
634.78	100.006
634.98	99.997
635.18	99.995
635.38	99.984
635.58	99.982
635.78	99.958
635.98	99.976
636.18	99.968
636.38	99.940
636.57	99.942
636.77	99.942
636.97	99.941
637.17	99.951
637.37	99.962
637.57	99.974
637.77	99.972
637.97	99.960
638.17	99.954
638.37	99.948
638.57	99.939
638.76	99.910
638.96	99.924
639.16	99.920
639.36	99.927
639.56	99.926
639.76	99.943
639.96	99.956
640.16	99.943
640.36	99.945
640.56	99.967
640.75	99.950
640.95	99.934
641.15	99.926
641.35	99.915
641.55	99.910
641.75	99.913
641.95	99.923
642.15	99.925
642.34	99.921
642.54	99.924
642.74	99.922
642.94	99.932
643.14	99.925
643.34	99.934
643.54	99.925
643.74	99.918
643.93	99.908
644.13	99.900
644.33	99.895
644.53	99.897
644.73	99.896
644.93	99.906
645.13	99.931
645.32	99.941
645.52	99.960
645.72	99.974
645.92	99.955
646.12	99.948
646.32	99.947
646.52	99.952
646.71	99.946
646.91	99.942
647.11	99.926
647.31	99.929
647.51	99.912
647.71	99.927
647.90	99.947
648.10	99.936
648.30	99.939
648.50	99.937
648.70	99.954
648.89	99.968
649.09	99.968
649.29	99.958
649.49	99.954
649.69	99.942
649.89	99.933
650.08	99.940
650.28	99.929
650.48	99.941
650.68	99.951
650.88	99.961
651.07	99.986
651.27	100.008
651.47	100.017
651.67	100.020
651.87	100.022
652.06	100.035
652.26	100.039
652.46	100.062
652.66	100.058
652.86	100.046
653.05	100.025
653.25	100.022
653.45	100.032
653.65	100.038
653.85	100.050
654.04	100.039
654.24	100.041
654.44	100.064
654.64	100.055
654.83	100.058
655.03	100.046
655.23	100.033
655.43	100.025
655.63	100.023
655.82	100.034
656.02	100.041
656.22	100.028
656.42	100.020
656.61	100.011
656.81	100.032
657.01	100.043
657.21	100.054
657.40	100.062
657.60	100.059
657.80	100.064
658.00	100.054
658.19	100.064
658.39	100.064
658.59	100.040
658.79	100.032
658.98	100.036
659.18	100.041
659.38	100.040
659.58	100.027
659.77	100.031
659.97	100.023
660.17	99.998
660.36	100.000
660.56	100.015
660.76	100.023
660.96	100.010
661.15	100.016
661.35	100.014
661.55	100.004
661.75	99.999
661.94	99.991
662.14	99.987
662.34	99.979
662.53	99.980
662.73	99.994
662.93	99.995
663.13	99.992
663.32	99.998
663.52	100.008
663.72	99.999
663.91	99.992
664.11	99.999
664.31	99.999
664.50	99.993
664.70	100.005
664.90	99.992
665.10	99.987
665.29	99.972
665.49	99.965
665.69	99.977
665.88	99.986
666.08	99.995
666.28	99.998
666.47	100.016
666.67	100.004
666.87	100.004
667.06	100.002
667.26	99.988
667.46	99.973
667.65	99.954
667.85	99.969
668.05	99.954
668.24	99.910
668.44	99.931
668.64	99.938
668.83	99.934
669.03	99.931
669.23	99.939
669.42	99.945
669.62	99.960
669.82	99.956
670.01	99.959
670.21	99.948
670.41	99.956
670.60	99.954
670.80	99.960
671.00	99.951
671.19	99.953
671.39	99.949
671.58	99.947
671.78	99.946
671.98	99.957
672.17	99.968
672.37	100.010
672.57	100.011
672.76	100.002
672.96	99.994
673.15	99.999
673.35	99.993
673.55	100.005
673.74	99.993
673.94	99.981
674.14	99.960
674.33	99.962
674.53	99.944
674.72	99.937
674.92	99.921
675.12	99.930
675.31	99.915
675.51	99.923
675.70	99.950
675.90	99.958
676.10	99.954
676.29	99.966
676.49	99.955
676.68	99.946
676.88	99.959
677.08	99.951
677.27	99.931
677.47	99.944
677.66	99.954
677.86	99.969
678.06	99.978
678.25	99.984
678.45	99.992
678.64	99.995
678.84	99.988
679.03	99.997
679.23	99.988
679.43	100.002
679.62	99.993
679.82	99.968
680.01	99.970
680.21	99.954
680.40	99.945
680.60	99.955
680.80	99.964
680.99	99.949
681.19	99.940
681.38	99.948
681.58	99.955
681.77	99.929
681.97	99.918
682.16	99.914
682.36	99.942
682.56	99.940
682.75	99.938
682.95	99.939
683.14	99.937
683.34	99.945
683.53	99.953
683.73	99.955
683.92	99.960
684.12	99.946
684.31	99.951
684.51	99.940
684.70	99.947
684.90	99.947
685.10	99.949
685.29	99.956
685.49	99.959
685.68	99.948
685.88	99.948
686.07	99.943
686.27	99.937
686.46	99.903
686.66	99.895
686.85	99.924
687.05	99.935
687.24	99.958
687.44	99.957
687.63	99.942
687.83	99.953
688.02	99.960
688.22	99.973
688.41	99.984
688.61	100.003
688.80	99.993
689.00	99.984
689.19	99.983
689.39	99.992
689.58	99.997
689.78	99.989
689.97	100.008
690.17	100.010
690.36	100.016
690.56	100.017
690.75	100.029
690.95	100.000
691.14	99.990
691.34	99.968
691.53	99.965
691.72	99.970
691.92	99.973
692.11	99.975
692.31	99.975
692.50	99.967
692.70	99.953
692.89	99.952
693.09	99.957
693.28	99.963
693.48	99.957
693.67	99.958
693.87	99.952
694.06	99.946
694.25	99.942
694.45	99.951
694.64	99.976
694.84	99.952
695.03	99.952
695.23	99.964
695.42	99.966
695.62	99.953
695.81	99.948
696.00	99.942
696.20	99.944
696.39	99.935
696.59	99.923
696.78	99.921
696.98	99.921
697.17	99.925
697.36	99.919
697.56	99.932
697.75	99.925
697.95	99.923
698.14	99.910
698.34	99.909
698.53	99.910
698.72	99.889
698.92	99.900
699.11	99.906
699.31	99.895
699.50	99.898
699.69	99.911
699.89	99.930
700.08	99.930
700.28	99.933
700.47	99.939
700.66	99.959
700.86	99.966
701.05	99.975
701.25	99.969
701.44	99.967
701.63	99.961
701.83	99.965
702.02	99.961
702.21	99.967
702.41	99.974
702.60	99.950
702.80	99.958
702.99	99.955
703.18	99.944
703.38	99.941
703.57	99.937
703.77	99.926
703.96	99.926
704.15	99.920
704.35	99.920
704.54	99.917
704.73	99.912
704.93	99.910
705.12	99.893
705.31	99.882
705.51	99.884
705.70	99.883
705.89	99.892
706.09	99.911
706.28	99.915
706.48	99.909
706.67	99.932
706.86	99.927
707.06	99.924
707.25	99.933
707.44	99.936
707.64	99.942
707.83	99.944
708.02	99.934
708.22	99.944
708.41	99.934
708.60	99.929
708.80	99.933
708.99	99.924
709.18	99.925
709.38	99.924
709.57	99.935
709.76	99.928
709.95	99.914
710.15	99.906
710.34	99.898
710.53	99.873
710.73	99.865
710.92	99.871
711.11	99.876
711.31	99.872
711.50	99.878
711.69	99.877
711.89	99.881
712.08	99.874
712.27	99.855
712.46	99.865
712.66	99.876
712.85	99.874
713.04	99.897
713.24	99.903
713.43	99.913
713.62	99.888
713.81	99.891
714.01	99.893
714.20	99.894
714.39	99.891
714.59	99.921
714.78	99.931
714.97	99.927
715.16	99.944
715.36	99.948
715.55	99.949
715.74	99.958
715.93	99.960
716.13	99.963
716.32	99.985
716.51	99.974
716.71	99.977
716.90	99.981
717.09	99.968
717.28	99.980
717.48	99.978
717.67	99.992
717.86	100.010
718.05	100.005
718.25	100.005
718.44	100.010
718.63	100.003
718.82	99.985
719.02	99.982
719.21	99.971
719.40	99.986
719.59	99.986
719.78	99.964
719.98	99.958
720.17	99.940
720.36	99.925
720.55	99.941
720.75	99.926
720.94	99.929
721.13	99.922
721.32	99.910
721.51	99.906
721.71	99.909
721.90	99.910
722.09	99.922
722.28	99.941
722.48	99.945
722.67	99.936
722.86	99.928
723.05	99.936
723.24	99.951
723.44	99.933
723.63	99.932
723.82	99.955
724.01	99.971
724.20	99.998
724.40	100.002
724.59	99.987
724.78	99.991
724.97	99.985
725.16	99.997
725.35	99.996
725.55	100.006
725.74	99.993
725.93	99.978
726.12	99.966
726.31	99.953
726.51	99.955
726.70	99.954
726.89	99.971
727.08	99.980
727.27	99.963
727.46	99.954
727.66	99.948
727.85	99.918
728.04	99.907
728.23	99.898
728.42	99.884
728.61	99.897
728.81	99.901
729.00	99.900
729.19	99.894
729.38	99.874
729.57	99.867
729.76	99.879
729.95	99.883
730.15	99.890
730.34	99.887
730.53	99.885
730.72	99.883
730.91	99.872
731.10	99.849
731.29	99.840
731.49	99.849
731.68	99.850
731.87	99.857
732.06	99.864
732.25	99.854
732.44	99.870
732.63	99.861
732.82	99.859
733.02	99.852
733.21	99.842
733.40	99.850
733.59	99.863
733.78	99.858
733.97	99.851
734.16	99.856
734.35	99.862
734.54	99.869
734.74	99.892
734.93	99.901
735.12	99.912
735.31	99.927
735.50	99.927
735.69	99.938
735.88	99.963
736.07	99.962
736.26	99.989
736.45	99.997
736.64	100.005
736.84	100.004
737.03	100.020
737.22	100.033
737.41	100.052
737.60	100.039
737.79	100.035
737.98	100.041
738.17	100.049
738.36	100.052
738.55	100.034
738.74	100.012
738.93	100.007
739.12	100.009
739.32	99.998
739.51	100.007
739.70	99.997
739.89	99.971
740.08	99.965
740.27	99.946
740.46	99.942
740.65	99.925
740.84	99.916
741.03	99.911
741.22	99.923
741.41	99.918
741.60	99.927
741.79	99.918
741.98	99.916
742.17	99.902
742.36	99.894
742.55	99.912
742.74	99.935
742.93	99.947
743.12	99.938
743.31	99.948
743.51	99.930
743.70	99.923
743.89	99.941
744.08	99.932
744.27	99.940
744.46	99.932
744.65	99.940
744.84	99.943
745.03	99.941
745.22	99.930
745.41	99.923
745.60	99.932
745.79	99.937
745.98	99.941
746.17	99.944
746.36	99.943
746.55	99.931
746.74	99.920
746.93	99.897
747.12	99.907
747.31	99.896
747.50	99.907
747.69	99.913
747.88	99.913
748.07	99.939
748.26	99.931
748.45	99.929
748.64	99.945
748.83	99.943
749.02	99.935
749.21	99.946
749.40	99.929
749.59	99.913
749.77	99.912
749.96	99.906
750.15	99.892
750.34	99.890
750.53	99.907
750.72	99.908
750.91	99.926
751.10	99.924
751.29	99.919
751.48	99.922
751.67	99.923
751.86	99.903
752.05	99.890
752.24	99.909
752.43	99.918
752.62	99.910
752.81	99.918
753.00	99.936
753.19	99.930
753.38	99.954
753.57	99.962
753.76	99.981
753.94	99.978
754.13	99.988
754.32	99.999
754.51	99.988
754.70	99.998
754.89	99.995
755.08	99.996
755.27	100.010
755.46	100.021
755.65	100.030
755.84	100.052
756.03	100.052
756.22	100.035
756.40	100.024
756.59	100.018
756.78	100.005
756.97	99.995
757.16	99.985
757.35	99.974
757.54	99.968
757.73	99.959
757.92	99.958
758.11	99.969
758.29	99.965
758.48	99.961
758.67	99.963
758.86	99.970
759.05	99.970
759.24	99.984
759.43	99.974
759.62	99.967
759.81	99.958
759.99	99.956
760.18	99.963
760.37	99.979
760.56	99.986
760.75	99.999
760.94	99.998
761.13	99.993
761.32	99.990
761.50	100.001
761.69	99.995
761.88	100.007
762.07	100.011
762.26	100.002
762.45	99.997
762.64	99.998
762.82	99.990
763.01	99.996
763.20	99.993
763.39	99.984
763.58	99.991
763.77	99.995
763.96	100.005
764.14	99.997
764.33	99.996
764.52	99.989
764.71	99.999
764.90	100.012
765.09	100.013
765.27	100.030
765.46	100.012
765.65	100.023
765.84	100.006
766.03	99.993
766.22	99.993
766.40	100.001
766.59	99.983
766.78	99.986
766.97	99.968
767.16	99.965
767.35	99.977
767.53	99.960
767.72	99.960
767.91	99.949
768.10	99.948
768.29	99.940
768.47	99.934
768.66	99.915
768.85	99.902
769.04	99.912
769.23	99.913
769.41	99.929
769.60	99.919
769.79	99.947
769.98	99.965
770.17	99.975
770.35	99.979
770.54	99.974
770.73	99.974
770.92	99.995
771.10	99.980
771.29	99.968
771.48	99.968
771.67	99.987
771.86	99.993
772.04	99.996
772.23	100.013
772.42	100.025
772.61	100.030
772.79	100.025
772.98	100.014
773.17	100.008
773.36	100.008
773.54	100.002
773.73	99.988
773.92	99.965
774.11	99.962
774.30	99.965
774.48	99.976
774.67	99.972
774.86	99.977
775.05	99.984
775.23	99.993
775.42	99.986
775.61	99.959
775.79	99.950
775.98	99.952
776.17	99.933
776.36	99.958
776.54	99.940
776.73	99.949
776.92	99.953
777.11	99.958
777.29	99.961
777.48	99.965
777.67	99.946
777.85	99.965
778.04	99.959
778.23	99.941
778.42	99.927
778.60	99.931
778.79	99.909
778.98	99.909
779.16	99.892
779.35	99.911
779.54	99.905
779.73	99.904
779.91	99.901
780.10	99.903
780.29	99.867
780.47	99.882
780.66	99.870
780.85	99.868
781.03	99.861
781.22	99.840
781.41	99.840
781.60	99.852
781.78	99.831
781.97	99.836
782.16	99.846
782.34	99.859
782.53	99.863
782.72	99.874
782.90	99.878
783.09	99.896
783.28	99.892
783.46	99.910
783.65	99.927
783.84	99.944
784.02	99.936
784.21	99.941
784.40	99.943
784.58	99.943
784.77	99.942
784.96	99.931
785.14	99.944
785.33	99.945
785.52	99.955
785.70	99.951
785.89	99.952
786.08	99.956
786.26	99.954
786.45	99.954
786.63	99.945
786.82	99.936
787.01	99.923
787.19	99.926
787.38	99.920
787.57	99.907
787.75	99.892
787.94	99.897
788.13	99.906
788.31	99.913
788.50	99.906
788.68	99.900
788.87	99.917
789.06	99.907
789.24	99.917
789.43	99.914
789.61	99.930
789.80	99.924
789.99	99.917
790.17	99.921
790.36	99.916
790.55	99.915
790.73	99.920
790.92	99.934
791.10	99.939
791.29	99.928
791.48	99.932
791.66	99.934
791.85	99.930
792.03	99.921
792.22	99.921
792.40	99.938
792.59	99.954
792.78	99.951
792.96	99.961
793.15	99.963
793.33	99.977
793.52	99.988
793.71	100.001
793.89	100.005
794.08	100.002
794.26	100.007
794.45	100.007
794.63	100.011
794.82	100.005
795.01	99.994
795.19	100.004
795.38	100.001
795.56	99.993
795.75	99.992
795.93	99.990
796.12	99.986
796.30	99.978
796.49	99.969
796.68	99.967
796.86	99.966
797.05	99.957
797.23	99.948
797.42	99.939
797.60	99.919
797.79	99.918
797.97	99.911
798.16	99.902
798.34	99.899
798.53	99.874
798.71	99.878
798.90	99.880
799.08	99.880
799.27	99.869
799.46	99.869
799.64	99.880
799.83	99.886
800.01	99.897
800.20	99.899
800.38	99.915
800.57	99.932
800.75	99.927
800.94	99.943
801.12	99.937
801.31	99.928
801.49	99.945
801.68	99.960
801.86	99.972
802.05	99.987
802.23	99.985
802.42	99.994
802.60	99.999
802.79	100.010
802.97	100.003
803.16	100.005
803.34	100.008
803.53	99.991
803.71	99.973
803.90	99.954
804.08	99.958
804.27	99.949
804.45	99.933
804.63	99.939
804.82	99.932
805.00	99.929
805.19	99.935
805.37	99.929
805.56	99.915
805.74	99.911
805.93	99.909
806.11	99.910
806.30	99.942
806.48	99.936
806.67	99.939
806.85	99.939
807.04	99.936
807.22	99.937
807.40	99.950
807.59	99.964
807.77	99.965
807.96	99.953
808.14	99.966
808.33	99.974
808.51	99.969
808.69	99.965
808.88	99.969
809.06	99.970
809.25	99.970
809.43	99.980
809.62	99.981
809.80	99.976
809.99	99.994
810.17	99.974
810.35	99.959
810.54	99.943
810.72	99.947
810.91	99.958
811.09	99.957
811.27	99.963
811.46	99.964
811.64	99.976
811.83	99.996
812.01	99.983
812.19	99.969
812.38	99.982
812.56	99.973
812.75	99.970
812.93	99.972
813.11	99.973
813.30	99.952
813.48	99.945
813.67	99.942
813.85	99.936
814.03	99.937
814.22	99.949
814.40	99.954
814.59	99.962
814.77	99.966
814.95	99.959
815.14	99.958
815.32	99.954
815.50	99.948
815.69	99.940
815.87	99.932
816.06	99.941
816.24	99.943
816.42	99.951
816.61	99.949
816.79	99.934
816.97	99.937
817.16	99.950
817.34	99.963
817.52	99.959
817.71	99.947
817.89	99.946
818.07	99.950
818.26	99.940
818.44	99.944
818.63	99.941
818.81	99.961
818.99	99.946
819.18	99.953
819.36	99.956
819.54	99.940
819.73	99.946
819.91	99.949
820.09	99.921
820.28	99.921
820.46	99.921
820.64	99.936
820.83	99.937
821.01	99.928
821.19	99.905
821.37	99.915
821.56	99.916
821.74	99.907
821.92	99.922
822.11	99.961
822.29	99.965
822.47	99.956
822.66	99.945
822.84	99.953
823.02	99.950
823.21	99.965
823.39	99.981
823.57	99.980
823.75	99.982
823.94	99.995
824.12	99.997
824.30	100.007
824.49	100.010
824.67	100.002
824.85	100.008
825.03	100.018
825.22	100.015
825.40	100.017
825.58	100.022
825.77	99.999
825.95	99.970
826.13	99.960
826.31	99.958
826.50	99.958
826.68	99.965
826.86	99.960
827.04	99.950
827.23	99.942
827.41	99.942
827.59	99.941
827.78	99.940
827.96	99.936
828.14	99.923
828.32	99.916
828.51	99.921
828.69	99.925
828.87	99.935
829.05	99.933
829.23	99.926
829.42	99.915
829.60	99.910
829.78	99.912
829.96	99.915
830.15	99.927
830.33	99.929
830.51	99.936
830.69	99.949
830.88	99.951
831.06	99.939
831.24	99.937
831.42	99.925
831.60	99.934
831.79	99.933
831.97	99.937
832.15	99.944
832.33	99.948
832.52	99.941
832.70	99.945
832.88	99.951
833.06	99.964
833.24	99.986
833.43	99.995
833.61	100.003
833.79	100.008
833.97	100.010
834.15	100.007
834.34	99.996
834.52	99.988
834.70	99.992
834.88	100.007
835.06	100.006
835.25	100.022
835.43	100.004
835.61	100.013
835.79	100.026
835.97	100.012
836.15	99.990
836.34	99.995
836.52	99.970
836.70	99.971
836.88	99.965
837.06	99.945
837.24	99.954
837.43	99.951
837.61	99.942
837.79	99.945
837.97	99.947
838.15	99.943
838.33	99.945
838.52	99.939
838.70	99.941
838.88	99.940
839.06	99.917
839.24	99.922
839.42	99.908
839.60	99.902
839.79	99.901
839.97	99.919
840.15	99.911
840.33	99.941
840.51	99.930
840.69	99.932
840.87	99.958
841.06	99.938
841.24	99.925
841.42	99.931
841.60	99.934
841.78	99.942
841.96	99.961
842.14	99.974
842.32	99.976
842.51	99.973
842.69	99.983
842.87	99.981
843.05	99.993
843.23	100.000
843.41	100.009
843.59	100.021
843.77	100.030
843.95	100.029
844.14	100.007
844.32	100.020
844.50	100.016
844.68	100.014
844.86	100.013
845.04	100.023
845.22	100.032
845.40	100.013
845.58	100.002
845.76	99.982
845.94	99.960
846.12	99.970
846.31	99.975
846.49	99.979
846.67	99.994
846.85	99.990
847.03	99.973
847.21	99.957
847.39	99.949
847.57	99.934
847.75	99.936
847.93	99.934
848.11	99.934
848.29	99.943
848.47	99.917
848.65	99.934
848.83	99.954
849.02	99.955
849.20	99.952
849.38	99.953
849.56	99.939
849.74	99.927
849.92	99.922
850.10	99.926
850.28	99.919
850.46	99.912
850.64	99.910
850.82	99.921
851.00	99.914
851.18	99.914
851.36	99.916
851.54	99.913
851.72	99.917
851.90	99.904
852.08	99.899
852.26	99.899
852.44	99.876
852.62	99.865
852.80	99.839
852.98	99.844
853.16	99.854
853.34	99.873
853.52	99.902
853.70	99.907
853.88	99.900
854.06	99.907
854.24	99.935
854.42	99.942
854.60	99.939
854.78	99.948
854.96	99.945
855.14	99.955
855.32	99.969
855.50	99.975
855.68	99.983
855.86	99.989
856.04	100.010
856.22	100.033
856.40	100.009
856.58	100.022
856.76	100.035
856.94	100.021
857.12	100.007
857.30	99.980
857.48	99.977
857.66	99.980
857.84	99.967
858.02	99.957
858.20	99.954
858.38	99.961
858.56	99.955
858.74	99.969
858.92	99.961
859.10	99.955
859.28	99.960
859.46	99.965
859.64	99.961
859.81	99.947
859.99	99.949
860.17	99.970
860.35	99.967
860.53	99.966
860.71	99.988
860.89	100.008
861.07	100.025
861.25	100.022
861.43	100.019
861.61	100.026
861.79	100.013
861.97	100.025
862.15	100.021
862.33	100.044
862.50	100.035
862.68	100.037
862.86	100.052
863.04	100.044
863.22	100.032
863.40	100.034
863.58	100.041
863.76	100.044
863.94	100.044
864.12	100.033
864.30	100.030
864.47	100.005
864.65	100.009
864.83	100.000
865.01	99.999
865.19	100.008
865.37	99.991
865.55	99.973
865.73	99.962
865.91	99.959
866.09	99.951
866.26	99.946
866.44	99.929
866.62	99.916
866.80	99.916
866.98	99.920
867.16	99.932
867.34	99.936
867.52	99.933
867.69	99.919
867.87	99.933
868.05	99.923
868.23	99.939
868.41	99.922
868.59	99.925
868.77	99.912
868.94	99.896
869.12	99.926
869.30	99.945
869.48	99.952
869.66	99.949
869.84	99.934
870.02	99.931
870.19	99.936
870.37	99.925
870.55	99.908
870.73	99.907
870.91	99.886
871.09	99.884
871.26	99.872
871.44	99.878
871.62	99.878
871.80	99.897
871.98	99.904
872.16	99.902
872.33	99.910
872.51	99.914
872.69	99.912
872.87	99.899
873.05	99.887
873.22	99.868
873.40	99.886
873.58	99.893
873.76	99.914
873.94	99.927
874.12	99.938
874.29	99.959
874.47	99.957
874.65	99.966
874.83	99.959
875.01	99.954
875.18	99.939
875.36	99.942
875.54	99.936
875.72	99.914
875.89	99.913
876.07	99.910
876.25	99.922
876.43	99.929
876.61	99.937
876.78	99.945
876.96	99.950
877.14	99.944
877.32	99.929
877.49	99.924
877.67	99.924
877.85	99.921
878.03	99.912
878.21	99.923
878.38	99.929
878.56	99.929
878.74	99.937
878.92	99.942
879.09	99.939
879.27	99.936
879.45	99.942
879.63	99.940
879.80	99.946
879.98	99.921
880.16	99.931
880.34	99.927
880.51	99.931
880.69	99.934
880.87	99.927
881.05	99.953
881.22	99.950
881.40	99.954
881.58	99.956
881.75	99.973
881.93	99.962
882.11	99.942
882.29	99.944
882.46	99.948
882.64	99.955
882.82	99.938
883.00	99.919
883.17	99.928
883.35	99.936
883.53	99.933
883.70	99.957
883.88	99.952
884.06	99.947
884.23	99.925
884.41	99.938
884.59	99.948
884.77	99.929
884.94	99.945
885.12	99.930
885.30	99.914
885.47	99.899
885.65	99.913
885.83	99.915
886.00	99.922
886.18	99.927
886.36	99.936
886.53	99.955
886.71	99.981
886.89	99.985
887.07	99.977
887.24	99.978
887.42	99.968
887.60	99.971
887.77	99.977
887.95	99.990
888.13	99.965
888.30	99.960
888.48	99.961
888.66	99.943
888.83	99.960
889.01	99.959
889.18	99.965
889.36	99.955
889.54	99.975
889.71	99.956
889.89	99.926
890.07	99.914
890.24	99.917
890.42	99.914
890.60	99.917
890.77	99.929
890.95	99.917
891.13	99.921
891.30	99.908
891.48	99.908
891.65	99.941
891.83	99.956
892.01	99.971
892.18	99.984
892.36	99.996
892.54	99.995
892.71	100.026
892.89	100.032
893.06	100.036
893.24	100.015
893.42	100.015
893.59	100.047
893.77	100.049
893.94	100.064
894.12	100.066
894.30	100.039
894.47	100.032
894.65	100.054
894.82	100.064
895.00	100.069
895.18	100.065
895.35	100.035
895.53	100.041
895.70	100.034
895.88	100.030
896.06	100.036
896.23	100.027
896.41	100.015
896.58	100.027
896.76	100.031
896.93	100.042
897.11	100.066
897.29	100.071
897.46	100.090
897.64	100.078
897.81	100.075
897.99	100.094
898.16	100.089
898.34	100.070
898.52	100.062
898.69	100.075
898.87	100.080
899.04	100.087
899.22	100.067
899.39	100.066
899.57	100.062
899.74	100.057
899.92	100.072
900.10	100.062
900.27	100.041
900.45	100.035
900.62	100.040
900.80	100.011
900.97	100.002
901.15	99.996
901.32	100.010
901.50	99.992
901.67	99.999
901.85	100.004
902.02	99.998
902.20	99.996
902.37	99.976
902.55	99.981
902.72	99.984
902.90	99.980
903.07	99.964
903.25	99.963
903.43	99.958
903.60	99.928
903.78	99.928
903.95	99.924
904.13	99.935
904.30	99.927
904.48	99.953
904.65	99.948
904.83	99.934
905.00	99.920
905.17	99.943
905.35	99.927
905.52	99.914
905.70	99.916
905.87	99.920
906.05	99.921
906.22	99.910
906.40	99.911
906.57	99.943
906.75	99.953
906.92	99.963
907.10	99.976
907.27	99.991
907.45	99.982
907.62	100.012
907.80	99.981
907.97	99.978
908.15	99.970
908.32	99.973
908.49	99.971
908.67	99.960
908.84	99.936
909.02	99.948
909.19	99.955
909.37	99.941
909.54	99.925
909.72	99.908
909.89	99.910
910.07	99.899
910.24	99.901
910.41	99.888
910.59	99.876
910.76	99.843
910.94	99.851
911.11	99.842
911.29	99.811
911.46	99.816
911.63	99.820
911.81	99.819
911.98	99.812
912.16	99.812
912.33	99.804
912.50	99.816
912.68	99.794
912.85	99.799
913.03	99.822
913.20	99.827
913.38	99.834
913.55	99.826
913.72	99.829
913.90	99.804
914.07	99.832
914.25	99.828
914.42	99.844
914.59	99.833
914.77	99.848
914.94	99.863
915.11	99.867
915.29	99.857
915.46	99.846
915.64	99.842
915.81	99.865
915.98	99.867
916.16	99.866
916.33	99.894
916.51	99.910
916.68	99.919
916.85	99.958
917.03	99.979
917.20	99.991
917.37	99.998
917.55	100.020
917.72	100.014
917.89	100.005
918.07	99.999
918.24	99.994
918.42	99.987
918.59	99.982
918.76	99.983
918.94	100.004
919.11	99.996
919.28	99.996
919.46	99.972
919.63	99.990
919.80	99.988
919.98	99.957
920.15	99.941
920.32	99.953
920.50	99.936
920.67	99.924
920.84	99.923
921.02	99.916
921.19	99.911
921.36	99.909
921.54	99.917
921.71	99.931
921.88	99.947
922.06	99.963
922.23	99.954
922.40	99.960
922.57	99.956
922.75	99.968
922.92	99.982
923.09	99.971
923.27	99.960
923.44	99.952
923.61	99.983
923.79	99.987
923.96	99.953
924.13	99.954
924.30	99.988
924.48	99.975
924.65	99.997
924.82	99.978
925.00	99.964
925.17	99.979
925.34	99.975
925.51	99.967
925.69	99.980
925.86	99.987
926.03	99.997
926.21	99.988
926.38	100.007
926.55	100.010
926.72	100.050
926.90	100.050
927.07	100.061
927.24	100.045
927.41	100.052
927.59	100.084
927.76	100.077
927.93	100.055
928.10	100.070
928.28	100.053
928.45	100.046
928.62	100.036
928.79	100.034
928.97	100.026
929.14	100.033
929.31	99.998
929.48	99.991
929.66	99.986
929.83	99.999
930.00	99.987
930.17	99.953
930.34	99.935
930.52	99.933
930.69	99.945
930.86	99.954
931.03	99.970
931.21	99.946
931.38	99.935
931.55	99.928
931.72	99.921
931.89	99.918
932.07	99.938
932.24	99.960
932.41	99.962
932.58	99.979
932.75	99.958
932.93	99.968
933.10	99.961
933.27	99.927
933.44	99.915
933.61	99.914
933.79	99.936
933.96	99.904
934.13	99.900
934.30	99.890
934.47	99.882
934.65	99.867
934.82	99.867
934.99	99.868
935.16	99.884
935.33	99.886
935.50	99.863
935.68	99.856
935.85	99.842
936.02	99.835
936.19	99.823
936.36	99.852
936.53	99.872
936.71	99.888
936.88	99.912
937.05	99.897
937.22	99.889
937.39	99.889
937.56	99.890
937.74	99.879
937.91	99.907
938.08	99.892
938.25	99.860
938.42	99.876
938.59	99.858
938.76	99.828
938.94	99.809
939.11	99.849
939.28	99.821
939.45	99.840
939.62	99.823
939.79	99.783
939.96	99.738
940.13	99.714
940.31	99.724
940.48	99.718
940.65	99.741
940.82	99.778
940.99	99.794
941.16	99.840
941.33	99.837
941.50	99.809
941.67	99.841
941.85	99.860
942.02	99.834
942.19	99.832
942.36	99.831
942.53	99.895
942.70	99.869
942.87	99.896
943.04	99.847
943.21	99.851
943.38	99.915
943.56	99.964
943.73	100.004
943.90	99.977
944.07	99.991
944.24	99.985
944.41	99.997
944.58	100.026
944.75	100.019
944.92	100.065
945.09	100.050
945.26	100.016
945.43	100.030
945.60	100.066
945.78	100.087
945.95	100.121
946.12	100.086
946.29	100.080
946.46	100.063
946.63	100.078
946.80	100.110
946.97	100.047
947.14	100.020
947.31	100.023
947.48	100.042
947.65	100.043
947.82	100.066
947.99	100.013
948.16	99.968
948.33	99.942
948.50	99.932
948.67	99.896
948.84	99.918
949.01	99.907
949.18	99.896
949.35	99.886
949.52	99.886
949.69	99.853
949.86	99.845
950.03	99.894
950.20	99.915
950.38	99.893
950.55	99.930
950.72	99.935
950.89	99.902
951.06	99.898
951.23	99.926
951.40	99.924
951.57	99.936
951.74	99.973
951.91	100.013
952.08	100.015
952.25	100.065
952.42	100.075
952.59	100.090
952.76	100.055
952.92	100.059
953.09	100.034
953.26	100.088
953.43	100.116
953.60	100.130
953.77	100.123
953.94	100.160
954.11	100.129
954.28	100.140
954.45	100.160
954.62	100.199
954.79	100.180
954.96	100.197
955.13	100.210
955.30	100.175
955.47	100.164
955.64	100.158
955.81	100.106
955.98	100.078
956.15	100.089
956.32	100.115
956.49	100.067
956.66	100.043
956.83	99.969
957.00	99.980
957.17	99.931
957.33	99.928
957.50	99.887
957.67	99.937
957.84	99.934
958.01	99.933
958.18	99.881
958.35	99.900
958.52	99.870
958.69	99.886
958.86	99.902
959.03	99.863
959.20	99.858
959.37	99.884
959.53	99.918
959.70	99.892
959.87	99.899
960.04	99.947
960.21	99.972
960.38	100.015
960.55	99.991
960.72	100.000
960.89	99.996
961.06	99.995
961.23	99.976
961.39	99.974
961.56	99.970
961.73	99.975
961.90	99.949
962.07	99.942
962.24	99.883
962.41	99.854
962.58	99.858
962.75	99.853
962.91	99.857
963.08	99.822
963.25	99.771
963.42	99.749
963.59	99.736
963.76	99.755
963.93	99.759
964.09	99.711
964.26	99.708
964.43	99.722
964.60	99.731
964.77	99.697
964.94	99.723
965.11	99.738
965.27	99.770
965.44	99.751
965.61	99.727
965.78	99.758
965.95	99.792
966.12	99.805
966.29	99.794
966.45	99.818
966.62	99.805
966.79	99.870
966.96	99.889
967.13	99.926
967.30	99.930
967.46	99.935
967.63	99.959
967.80	100.005
967.97	99.977
968.14	100.024
968.30	100.061
968.47	100.024
968.64	99.977
968.81	99.937
968.98	99.978
969.15	100.027
969.31	100.018
969.48	100.007
969.65	100.043
969.82	100.056
969.99	100.021
970.15	99.998
970.32	99.947
970.49	99.926
970.66	99.916
970.82	99.903
970.99	99.899
971.16	99.893
971.33	99.848
971.50	99.891
971.66	99.871
971.83	99.878
972.00	99.934
972.17	99.956
972.34	100.005
972.50	100.012
972.67	100.023
972.84	100.031
973.01	100.014
973.17	99.984
973.34	99.991
973.51	100.052
973.68	100.087
973.84	100.125
974.01	100.131
974.18	100.166
974.35	100.204
974.51	100.187
974.68	100.184
974.85	100.158
975.02	100.167
975.18	100.135
975.35	100.100
975.52	100.056
975.69	100.047
975.85	100.063
976.02	100.023
976.19	100.010
976.36	100.041
976.52	100.035
976.69	100.077
976.86	100.124
977.02	100.093
977.19	100.077
977.36	100.106
977.53	100.135
977.69	100.078
977.86	100.090
978.03	100.136
978.19	100.173
978.36	100.164
978.53	100.164
978.70	100.193
978.86	100.181
979.03	100.183
979.20	100.156
979.36	100.106
979.53	100.077
979.70	100.069
979.86	100.042
980.03	100.068
980.20	100.038
980.36	99.982
980.53	100.002
980.70	100.097
980.86	100.104
981.03	100.129
981.20	100.183
981.36	100.091
981.53	100.095
981.70	100.016
981.86	100.093
982.03	100.087
982.20	100.077
982.36	100.082
982.53	100.052
982.70	100.069
982.86	100.053
983.03	100.061
983.20	100.045
983.36	99.990
983.53	99.974
983.70	100.002
983.86	99.954
984.03	99.943
984.20	99.879
984.36	99.793
984.53	99.717
984.70	99.706
984.86	99.715
985.03	99.693
985.19	99.787
985.36	99.728
985.53	99.658
985.69	99.674
985.86	99.689
986.03	99.788
986.19	99.879
986.36	99.913
986.52	100.002
986.69	100.009
986.86	100.103
987.02	100.095
987.19	100.077
987.35	100.177
987.52	100.131
987.69	100.130
987.85	100.212
988.02	100.301
988.18	100.319
988.35	100.296
988.52	100.246
988.68	100.260
988.85	100.294
989.01	100.350
989.18	100.335
989.35	100.287
989.51	100.147
989.68	100.006
989.84	99.977
990.01	99.941
990.17	99.921
990.34	99.833
990.51	99.826
990.67	99.811
990.84	99.739
991.00	99.779
991.17	99.841
991.33	99.830
991.50	99.761
991.66	99.722
991.83	99.739
992.00	99.704
992.16	99.706
992.33	99.685
992.49	99.745
992.66	99.632
992.82	99.726
992.99	99.739
993.15	99.825
993.32	99.831
993.48	99.871
993.65	99.902
993.82	99.982
993.98	100.088
994.15	100.120
994.31	100.102
994.48	100.131
994.64	100.050
994.81	100.043
994.97	100.016
995.14	99.989
995.30	99.914
995.47	100.074
995.63	99.981
995.80	99.955
995.96	99.862
996.13	99.935
996.29	99.850
996.46	99.957
996.62	99.925
996.79	99.995
996.95	99.918
997.12	99.901
997.28	99.910
997.45	99.963
997.61	99.928
997.78	99.930
997.94	99.904
998.11	99.934
998.27	99.986
998.44	99.996
998.60	100.018
998.77	100.203
998.93	100.183
999.10	100.229
999.26	100.294
999.43	100.289
999.59	100.435
999.75	100.385
999.92	100.282
1000.08	100.233
1000.25	100.148
1000.41	100.210
1000.58	100.160
1000.74	100.131
1000.91	99.914
1001.07	99.867
1001.24	99.939
1001.40	99.904
1001.56	99.796
1001.73	99.805
1001.89	99.915
1002.06	99.966
1002.22	99.942
1002.39	99.838
1002.55	99.907
1002.71	99.981
1002.88	100.112
1003.04	100.171
1003.21	100.340
1003.37	100.386
1003.54	100.472
1003.70	100.415
1003.86	100.307
1004.03	100.273
1004.19	100.078
1004.36	100.155
1004.52	100.346
1004.68	100.486
1004.85	100.430
1005.01	100.635
1005.18	100.602
1005.34	100.493
1005.50	100.366
1005.67	100.418
1005.83	100.369
1006.00	100.336
1006.16	100.269
1006.32	100.335
1006.49	100.259
1006.65	100.146
1006.82	99.960
1006.98	100.012
1007.14	100.024
1007.31	100.346
1007.47	100.508
1007.63	100.855
1007.80	101.277
1007.96	101.007
1008.13	100.770
1008.29	100.746
1008.45	100.610
1008.62	100.296
1008.78	100.531
1008.94	100.693
1009.11	100.340
1009.27	100.410
1009.43	100.320
1009.60	100.296
1009.76	99.939
1009.92	99.752
1010.09	99.683
1010.25	99.858
1010.42	99.725
1010.58	99.715
1010.74	99.549
1010.91	99.491
1011.07	99.453
1011.23	98.847
1011.40	99.018
1011.56	99.388
1011.72	99.571
1011.89	99.761
1012.05	100.003
1012.21	99.891
1012.37	99.985
1012.54	100.308
1012.70	100.340
1012.86	100.136
1013.03	100.179
1013.19	100.711
1013.35	100.242
1013.52	100.420
1013.68	100.813
1013.84	101.547
1014.01	102.515
1014.17	101.000
1014.33	101.185
1014.49	100.810
1014.66	102.283
1014.82	101.883
1014.98	101.607
1015.15	99.872
1015.31	99.106
1015.47	100.063
1015.63	100.526
1015.80	100.739
1015.96	100.753
1016.12	99.853
1016.29	100.582
1016.45	101.493
1016.61	100.564
1016.77	101.501
1016.94	103.894
1017.10	91.712
1017.26	100.156
1017.42	99.463
1017.59	99.571
1017.75	100.305
1017.91	99.706
1018.07	101.069
1018.24	100.178
1018.40	100.045
1018.56	101.902
1018.72	104.281
1018.89	101.604
1019.05	108.031
1019.21	102.241
1019.37	104.647
1019.54	101.471
1019.70	100.302
1019.86	101.303
1020.02	101.371
1020.19	99.918
1020.35	98.245
1020.51	99.165
1020.67	98.775
1020.83	99.049
1021.00	98.972
1021.16	98.168
1021.32	99.130
1021.48	99.264
1021.64	98.809
1021.81	97.996
1021.97	98.094
1022.13	97.266
1022.29	97.975
1022.45	98.067
1022.62	98.051
1022.78	98.277
1022.94	98.492
1023.10	97.962
1023.26	98.243
1023.43	98.182
1023.59	98.690
1023.75	99.146
1023.91	99.317
1024.07	99.514
1024.24	99.632
1024.40	99.869
1024.56	99.963
1024.72	99.798
1024.88	99.610
1025.04	99.558
1025.21	99.980
1025.37	99.699
1025.53	99.555
1025.69	99.776
1025.85	99.415
1026.01	99.558
1026.18	99.398
1026.34	99.669
1026.50	99.727
1026.66	99.763
1026.82	99.812
1026.98	99.755
1027.14	99.448
1027.31	99.574
1027.47	99.440
1027.63	99.320
1027.79	99.281
1027.95	99.349
1028.11	99.444
1028.27	99.714
1028.44	99.904
1028.60	100.003
1028.76	100.053
1028.92	100.123
1029.08	99.960
1029.24	100.296
1029.40	100.333
1029.56	100.159
1029.73	99.932
1029.89	100.019
1030.05	99.863
1030.21	99.780
1030.37	99.919
1030.53	99.922
1030.69	99.826
1030.85	99.666
1031.01	99.908
1031.17	99.895
1031.34	99.871
1031.50	99.739
1031.66	99.726
1031.82	99.543
1031.98	99.495
1032.14	99.500
1032.30	99.483
1032.46	99.530
1032.62	99.544
1032.78	99.697
1032.94	99.825
1033.10	100.007
1033.27	100.062
1033.43	100.160
1033.59	100.211
1033.75	100.047
1033.91	100.083
1034.07	100.058
1034.23	100.077
1034.39	99.971
1034.55	100.123
1034.71	100.127
1034.87	100.208
1035.03	100.204
1035.19	100.248
1035.35	100.211
1035.51	100.116
1035.67	100.053
1035.83	100.081
1035.99	100.000
1036.16	99.839
1036.32	99.804
1036.48	99.751
1036.64	99.659
1036.80	99.602
1036.96	99.488
1037.12	99.502
1037.28	99.621
1037.44	99.660
1037.60	99.768
1037.76	99.764
1037.92	99.659
1038.08	99.726
1038.24	99.736
1038.40	99.792
1038.56	99.788
1038.72	99.851
1038.88	99.852
1039.04	99.953
1039.20	99.889
1039.36	99.904
1039.52	99.873
1039.68	99.816
1039.84	99.868
1040.00	99.853
1040.16	99.828
1040.32	99.851
1040.48	99.924
1040.64	99.974
1040.80	99.905
1040.96	99.883
1041.12	99.811
1041.28	99.862
1041.44	99.792
1041.60	99.838
1041.76	100.569
1041.92	99.200
1042.08	100.247
1042.24	100.862
1042.39	99.374
1042.55	99.759
1042.71	99.419
1042.87	100.248
1043.03	100.863
1043.19	100.475
