345.44	-14.32
345.66	-14.32
345.88	-14.32
346.10	-14.11
346.31	-18.93
346.53	-9.35
346.75	5.96
346.97	-3.51
347.19	11.85
347.41	10.87
347.63	3.80
347.85	5.57
348.07	7.40
348.29	9.11
348.51	11.54
348.73	13.22
348.95	15.44
349.17	15.63
349.39	16.84
349.61	16.91
349.83	18.63
350.05	19.03
350.27	19.66
350.49	19.60
350.71	21.30
350.93	22.05
351.15	23.43
351.37	24.31
351.59	25.76
351.80	25.68
352.02	26.04
352.24	25.91
352.46	26.70
352.68	27.06
352.90	27.57
353.12	27.31
353.34	28.15
353.56	27.69
353.78	28.92
354.00	28.55
354.22	29.84
354.44	28.97
354.66	28.68
354.88	29.09
355.09	29.67
355.31	28.84
355.53	29.48
355.75	29.09
355.97	29.16
356.19	29.02
356.41	30.16
356.63	29.67
356.85	29.93
357.07	29.99
357.29	30.55
357.50	30.08
357.72	29.96
357.94	30.30
358.16	30.67
358.38	30.42
358.60	31.36
358.82	30.94
359.04	34.65
359.26	34.65
359.48	35.30
359.69	35.33
359.91	36.38
360.13	35.79
360.35	36.09
360.57	36.32
360.79	36.82
361.01	36.94
361.23	37.07
361.45	37.12
361.66	36.71
361.88	36.13
362.10	36.44
362.32	36.31
362.54	36.31
362.76	35.78
362.98	35.92
363.20	36.12
363.41	36.28
363.63	32.90
363.85	33.37
364.07	32.65
364.29	32.62
364.51	32.36
364.73	33.60
364.94	34.00
365.16	34.11
365.38	34.23
365.60	33.33
365.82	33.47
366.04	33.79
366.26	33.79
366.47	34.00
366.69	34.00
366.91	34.58
367.13	34.41
367.35	34.64
367.57	34.88
367.79	35.35
368.00	35.26
368.22	35.48
368.44	35.23
368.66	35.31
368.88	35.84
369.10	36.22
369.31	35.54
369.53	35.59
369.75	35.01
369.97	34.77
370.19	35.17
370.41	35.65
370.62	35.09
370.84	34.77
371.06	35.38
371.28	35.69
371.50	35.58
371.71	35.79
371.93	35.81
372.15	35.95
372.37	35.23
372.59	36.49
372.80	36.21
373.02	36.79
373.24	36.51
373.46	35.97
373.68	34.97
373.90	35.31
374.11	34.31
374.33	35.90
374.55	35.92
374.77	36.44
374.98	35.87
375.20	36.66
375.42	37.49
375.64	37.30
375.86	37.48
376.07	37.95
376.29	38.30
376.51	38.76
376.73	38.42
376.95	39.09
377.16	38.27
377.38	38.46
377.60	37.92
377.82	38.48
378.03	39.38
378.25	40.82
378.47	40.41
378.69	41.97
378.91	41.03
379.12	41.66
379.34	41.73
379.56	42.06
379.78	41.61
379.99	41.75
380.21	41.17
380.43	40.93
380.65	40.06
380.86	40.01
381.08	39.86
381.30	40.37
381.52	39.96
381.73	40.08
381.95	39.82
382.17	41.05
382.39	41.09
382.60	41.05
382.82	40.60
383.04	40.90
383.26	41.03
383.47	41.49
383.69	41.61
383.91	41.52
384.13	41.12
384.34	42.07
384.56	41.60
384.78	42.85
385.00	42.65
385.21	43.87
385.43	43.90
385.65	44.21
385.86	44.25
386.08	44.81
386.30	44.91
386.52	45.13
386.73	44.68
386.95	44.85
387.17	44.89
387.38	45.38
387.60	45.87
387.82	45.71
388.04	46.02
388.25	45.95
388.47	46.22
388.69	47.84
388.90	47.01
389.12	47.80
389.34	47.03
389.56	48.15
389.77	48.04
389.99	48.41
390.21	48.49
390.42	48.24
390.64	48.64
390.86	48.20
391.07	48.81
391.29	49.35
391.51	49.06
391.72	49.31
391.94	49.64
392.16	49.68
392.38	49.59
392.59	49.20
392.81	49.06
393.03	49.58
393.24	49.37
393.46	50.41
393.68	50.08
393.89	51.10
394.11	51.83
394.33	52.62
394.54	53.31
394.76	53.77
394.98	54.98
395.19	54.93
395.41	55.83
395.63	55.59
395.84	55.32
396.06	56.87
396.28	57.28
396.49	57.40
396.71	58.15
396.93	58.94
397.14	59.47
397.36	59.54
397.57	59.54
397.79	59.94
398.01	60.17
398.22	60.93
398.44	60.80
398.66	59.87
398.87	59.78
399.09	59.32
399.31	60.15
399.52	60.27
399.74	60.67
399.96	61.10
400.17	61.51
400.39	62.19
400.60	61.27
400.82	62.17
401.04	62.30
401.25	62.70
401.47	62.22
401.69	62.68
401.90	63.25
402.12	63.88
402.33	64.79
402.55	65.37
402.77	65.39
402.98	66.65
403.20	68.27
403.41	68.41
403.63	69.02
403.85	69.33
404.06	69.78
404.28	70.25
404.49	70.77
404.71	71.65
404.93	72.21
405.14	73.49
405.36	73.76
405.57	74.12
405.79	74.06
406.01	75.31
406.22	75.22
406.44	76.13
406.65	76.60
406.87	75.88
407.09	75.89
407.30	77.06
407.52	76.44
407.73	75.87
407.95	76.54
408.17	77.22
408.38	77.06
408.60	77.28
408.81	77.59
409.03	78.33
409.24	78.87
409.46	80.02
409.68	80.70
409.89	80.98
410.11	81.43
410.32	82.36
410.54	82.89
410.75	84.27
410.97	84.62
411.18	84.67
411.40	85.73
411.62	86.60
411.83	86.28
412.05	87.26
412.26	87.95
412.48	88.44
412.69	88.22
412.91	88.94
413.12	89.12
413.34	89.01
413.56	89.75
413.77	90.28
413.99	89.96
414.20	90.65
414.42	91.03
414.63	91.52
414.85	92.08
415.06	92.40
415.28	92.58
415.49	93.28
415.71	94.66
415.92	94.63
416.14	94.61
416.35	95.49
416.57	95.98
416.79	97.31
417.00	98.17
417.22	99.54
417.43	99.94
417.65	100.61
417.86	101.73
418.08	101.94
418.29	102.28
418.51	102.91
418.72	103.20
418.94	104.17
419.15	105.45
419.37	105.66
419.58	106.15
419.80	106.59
420.01	106.86
420.23	106.88
420.44	108.54
420.66	110.04
420.87	110.95
421.09	111.52
421.30	111.36
421.52	111.31
421.73	111.99
421.95	113.23
422.16	114.09
422.38	114.18
422.59	114.53
422.81	115.57
423.02	115.98
423.23	117.10
423.45	117.72
423.66	118.42
423.88	119.86
424.09	121.45
424.31	122.36
424.52	125.95
424.74	126.83
424.95	127.26
425.17	127.78
425.38	128.84
425.60	129.76
425.81	130.96
426.03	132.17
426.24	133.32
426.45	134.11
426.67	135.14
426.88	136.52
427.10	138.08
427.31	138.67
427.53	140.53
427.74	140.67
427.96	142.40
428.17	142.97
428.39	144.76
428.60	144.57
428.81	145.91
429.03	144.69
429.24	145.63
429.46	146.21
429.67	147.16
429.89	148.35
430.10	149.33
430.31	150.09
430.53	151.68
430.74	152.23
430.96	154.56
431.17	156.47
431.39	158.49
431.60	159.92
431.81	161.52
432.03	162.22
432.24	164.12
432.46	164.37
432.67	166.69
432.89	166.90
433.10	170.31
433.31	171.30
433.53	173.19
433.74	174.45
433.96	176.52
434.17	177.84
434.38	179.09
434.60	180.87
434.81	182.89
435.03	184.08
435.24	185.73
435.45	185.75
435.67	186.21
435.88	187.35
436.10	188.32
436.31	190.45
436.52	192.93
436.74	194.70
436.95	197.05
437.17	197.77
437.38	197.72
437.59	197.92
437.81	199.63
438.02	200.32
438.23	202.69
438.45	204.60
438.66	206.83
438.88	208.62
439.09	210.49
439.30	211.48
439.52	213.76
439.73	216.46
439.94	218.55
440.16	220.97
440.37	222.72
440.58	224.22
440.80	225.15
441.01	226.15
441.23	227.13
441.44	228.53
441.65	229.70
441.87	232.53
442.08	234.07
442.29	235.34
442.51	237.55
442.72	238.56
442.93	239.28
443.15	239.60
443.36	241.31
443.57	242.18
443.79	244.66
444.00	245.39
444.21	245.68
444.43	246.73
444.64	248.03
444.85	249.46
445.07	251.64
445.28	253.12
445.49	254.84
445.71	256.02
445.92	256.92
446.13	257.89
446.35	260.51
446.56	262.27
446.77	264.68
446.99	265.85
447.20	267.25
447.41	268.68
447.63	271.10
447.84	272.92
448.05	274.42
448.27	275.57
448.48	277.50
448.69	278.01
448.90	280.24
449.12	281.25
449.33	282.55
449.54	283.89
449.76	285.50
449.97	286.26
450.18	287.74
450.40	289.97
450.61	292.86
450.82	293.56
451.03	295.17
451.25	296.26
451.46	298.55
451.67	300.53
451.89	303.02
452.10	304.06
452.31	305.03
452.52	307.10
452.74	309.00
452.95	310.21
453.16	314.52
453.38	315.61
453.59	317.54
453.80	320.46
454.01	323.58
454.23	325.14
454.44	328.60
454.65	330.28
454.86	332.71
455.08	334.11
455.29	336.18
455.50	337.64
455.71	341.35
455.93	342.44
456.14	344.87
456.35	346.90
456.56	350.39
456.78	352.67
456.99	356.45
457.20	358.22
457.41	361.05
457.63	362.18
457.84	366.08
458.05	368.80
458.26	370.43
458.48	371.66
458.69	376.35
458.90	378.82
459.11	383.03
459.33	385.67
459.54	389.52
459.75	392.91
459.96	397.09
460.18	398.55
460.39	402.71
460.60	405.25
460.81	408.83
461.02	412.00
461.24	416.39
461.45	419.70
461.66	424.40
461.87	428.84
462.09	433.61
462.30	438.17
462.51	442.93
462.72	448.02
462.93	452.93
463.15	455.74
463.36	460.63
463.57	464.39
463.78	469.36
463.99	472.90
464.21	477.81
464.42	481.85
464.63	487.87
464.84	491.22
465.05	497.34
465.27	502.01
465.48	506.54
465.69	511.00
465.90	513.97
466.11	518.46
466.33	523.26
466.54	528.14
466.75	531.47
466.96	536.25
467.17	541.41
467.38	545.86
467.60	550.75
467.81	553.88
468.02	559.20
468.23	563.34
468.44	569.37
468.65	575.31
468.87	580.63
469.08	585.28
469.29	591.92
469.50	596.44
469.71	602.37
469.92	608.27
470.14	614.63
470.35	621.72
470.56	627.26
470.77	633.29
470.98	640.45
471.19	647.25
471.41	654.57
471.62	660.95
471.83	667.00
472.04	673.89
472.25	682.24
472.46	688.82
472.67	696.59
472.89	703.37
473.10	710.68
473.31	718.91
473.52	726.76
473.73	735.25
473.94	743.53
474.15	751.24
474.37	759.12
474.58	766.50
474.79	774.40
475.00	782.87
475.21	790.53
475.42	797.05
475.63	806.07
475.84	814.59
476.06	823.44
476.27	833.14
476.48	842.23
476.69	851.13
476.90	860.44
477.11	869.53
477.32	878.97
477.53	887.36
477.74	896.14
477.96	905.70
478.17	914.18
478.38	924.21
478.59	933.27
478.80	942.85
479.01	953.24
479.22	963.90
479.43	974.01
479.64	984.05
479.85	994.24
480.06	1003.87
480.28	1013.80
480.49	1023.26
480.70	1033.35
480.91	1042.41
481.12	1051.70
481.33	1062.32
481.54	1072.83
481.75	1083.67
481.96	1093.76
482.17	1103.91
482.38	1113.48
482.59	1124.53
482.81	1135.14
483.02	1146.34
483.23	1157.97
483.44	1167.13
483.65	1176.83
483.86	1187.51
484.07	1199.16
484.28	1210.16
484.49	1220.27
484.70	1230.44
484.91	1241.41
485.12	1251.80
485.33	1263.77
485.54	1274.28
485.75	1285.57
485.96	1296.25
486.17	1307.04
486.38	1317.39
486.60	1329.26
486.81	1341.57
487.02	1351.16
487.23	1360.97
487.44	1371.58
487.65	1382.12
487.86	1393.42
488.07	1404.32
488.28	1414.02
488.49	1424.64
488.70	1435.33
488.91	1446.16
489.12	1457.02
489.33	1466.66
489.54	1478.05
489.75	1488.96
489.96	1500.62
490.17	1510.35
490.38	1519.96
490.59	1529.90
490.80	1540.58
491.01	1549.95
491.22	1559.59
491.43	1570.57
491.64	1582.05
491.85	1593.27
492.06	1603.92
492.27	1614.30
492.48	1625.11
492.69	1636.16
492.90	1645.97
493.11	1656.49
493.32	1668.53
493.53	1678.78
493.74	1690.21
493.95	1700.82
494.16	1711.17
494.37	1721.36
494.58	1731.48
494.79	1741.75
495.00	1752.16
495.21	1763.70
495.42	1773.34
495.63	1783.11
495.84	1794.58
496.05	1804.81
496.26	1814.16
496.47	1824.75
496.68	1835.52
496.89	1845.93
497.10	1858.29
497.31	1868.92
497.52	1880.10
497.73	1889.67
497.94	1900.71
498.15	1912.36
498.36	1921.47
498.57	1932.71
498.78	1943.36
498.99	1954.86
499.19	1967.72
499.40	1978.36
499.61	1990.33
499.82	2003.47
500.03	2015.26
500.24	2025.92
500.45	2037.69
500.66	2050.28
500.87	2061.33
501.08	2072.96
501.29	2084.18
501.50	2094.52
501.71	2106.29
501.92	2116.97
502.13	2128.00
502.34	2138.13
502.55	2149.63
502.76	2162.53
502.96	2173.97
503.17	2184.89
503.38	2196.09
503.59	2207.13
503.80	2219.47
504.01	2230.09
504.22	2241.04
504.43	2252.81
504.64	2264.03
504.85	2274.62
505.06	2285.07
505.27	2298.12
505.47	2309.07
505.68	2320.93
505.89	2333.33
506.10	2344.58
506.31	2357.73
506.52	2370.49
506.73	2384.36
506.94	2394.84
507.15	2408.00
507.36	2419.70
507.56	2432.62
507.77	2446.68
507.98	2457.97
508.19	2470.99
508.40	2484.91
508.61	2497.73
508.82	2510.31
509.03	2523.67
509.24	2537.47
509.44	2550.81
509.65	2560.97
509.86	2575.06
510.07	2588.49
510.28	2601.05
510.49	2614.90
510.70	2626.67
510.91	2638.96
511.11	2651.96
511.32	2666.17
511.53	2677.71
511.74	2692.82
511.95	2706.03
512.16	2717.85
512.37	2730.24
512.58	2744.22
512.78	2755.12
512.99	2767.61
513.20	2780.80
513.41	2793.72
513.62	2805.87
513.83	2818.34
514.04	2832.64
514.24	2846.69
514.45	2859.88
514.66	2873.00
514.87	2886.77
515.08	2900.58
515.29	2913.96
515.49	2926.61
515.70	2941.09
515.91	2954.80
516.12	2967.03
516.33	2982.13
516.54	2996.74
516.74	3012.50
516.95	3025.72
517.16	3040.74
517.37	3055.26
517.58	3068.80
517.79	3082.79
517.99	3097.12
518.20	3109.29
518.41	3123.21
518.62	3136.76
518.83	3150.24
519.03	3164.66
519.24	3177.92
519.45	3192.26
519.66	3207.87
519.87	3222.29
520.07	3236.32
520.28	3250.28
520.49	3264.10
520.70	3277.61
520.91	3291.29
521.12	3305.04
521.32	3318.28
521.53	3330.91
521.74	3344.66
521.95	3360.31
522.15	3376.36
522.36	3391.25
522.57	3407.96
522.78	3422.74
522.99	3435.89
523.19	3450.36
523.40	3464.03
523.61	3478.43
523.82	3494.04
524.03	3508.43
524.23	3523.48
524.44	3534.73
524.65	3550.38
524.86	3563.80
525.06	3577.32
525.27	3591.72
525.48	3606.18
525.69	3619.92
525.89	3635.91
526.10	3649.70
526.31	3663.17
526.52	3674.76
526.72	3688.33
526.93	3701.00
527.14	3714.93
527.35	3728.60
527.56	3742.68
527.76	3758.82
527.97	3771.63
528.18	3784.22
528.38	3797.50
528.59	3809.34
528.80	3824.54
529.01	3836.85
529.21	3851.78
529.42	3865.43
529.63	3880.35
529.84	3894.27
530.04	3908.90
530.25	3922.34
530.46	3936.94
530.67	3950.46
530.87	3967.21
531.08	3981.47
531.29	3998.01
531.50	4014.15
531.70	4026.06
531.91	4041.73
532.12	4055.00
532.32	4072.46
532.53	4087.75
532.74	4102.55
532.95	4119.71
533.15	4136.28
533.36	4153.50
533.57	4169.13
533.77	4187.29
533.98	4203.03
534.19	4219.32
534.39	4235.62
534.60	4253.00
534.81	4268.16
535.02	4283.45
535.22	4299.24
535.43	4315.62
535.64	4332.61
535.84	4348.05
536.05	4368.29
536.26	4386.41
536.46	4402.16
536.67	4417.78
536.88	4432.96
537.08	4449.48
537.29	4465.60
537.50	4481.34
537.70	4498.32
537.91	4517.60
538.12	4534.14
538.33	4551.16
538.53	4569.33
538.74	4587.23
538.95	4604.91
539.15	4625.74
539.36	4646.29
539.57	4663.44
539.77	4682.37
539.98	4699.01
540.18	4718.53
540.39	4737.85
540.60	4754.20
540.80	4775.23
541.01	4794.99
541.22	4817.01
541.42	4834.54
541.63	4855.07
541.84	4874.66
542.04	4893.10
542.25	4911.32
542.46	4932.09
542.66	4951.05
542.87	4970.32
543.08	4991.48
543.28	5010.20
543.49	5028.84
543.69	5047.69
543.90	5068.14
544.11	5086.58
544.31	5108.22
544.52	5126.08
544.73	5145.51
544.93	5165.06
545.14	5184.12
545.34	5202.89
545.55	5221.66
545.76	5242.46
545.96	5263.04
546.17	5282.49
546.38	5302.47
546.58	5320.18
546.79	5339.38
546.99	5358.45
547.20	5378.30
547.41	5397.99
547.61	5421.10
547.82	5439.11
548.02	5461.22
548.23	5480.71
548.44	5500.21
548.64	5519.57
548.85	5539.75
549.05	5558.80
549.26	5579.70
549.47	5600.70
549.67	5621.37
549.88	5639.05
550.08	5661.55
550.29	5678.50
550.50	5699.25
550.70	5721.58
550.91	5743.47
551.11	5764.15
551.32	5785.40
551.52	5805.54
551.73	5823.73
551.94	5841.69
552.14	5865.06
552.35	5885.00
552.55	5906.64
552.76	5929.27
552.96	5949.24
553.17	5971.33
553.38	5993.96
553.58	6012.85
553.79	6033.49
553.99	6057.28
554.20	6079.37
554.40	6098.01
554.61	6119.57
554.81	6141.31
555.02	6161.02
555.23	6182.98
555.43	6202.89
555.64	6223.59
555.84	6245.17
556.05	6266.96
556.25	6288.82
556.46	6308.79
556.66	6329.24
556.87	6347.86
557.07	6368.96
557.28	6391.02
557.48	6410.81
557.69	6432.38
557.90	6454.08
558.10	6475.68
558.31	6490.81
558.51	6512.43
558.72	6535.58
558.92	6558.46
559.13	6581.10
559.33	6600.82
559.54	6622.04
559.74	6643.91
559.95	6666.14
560.15	6687.57
560.36	6710.65
560.56	6731.31
560.77	6752.81
560.97	6775.42
561.18	6798.76
561.38	6819.27
561.59	6838.08
561.79	6861.48
562.00	6882.47
562.20	6905.75
562.41	6925.59
562.61	6951.08
562.82	6971.65
563.02	6993.79
563.23	7015.37
563.43	7038.69
563.64	7062.51
563.84	7082.81
564.05	7104.28
564.25	7126.21
564.46	7145.05
564.66	7165.61
564.87	7185.72
565.07	7208.40
565.28	7226.89
565.48	7248.83
565.68	7268.98
565.89	7296.61
566.09	7317.63
566.30	7338.62
566.50	7360.09
566.71	7381.54
566.91	7401.06
567.12	7423.73
567.32	7443.45
567.53	7463.32
567.73	7483.08
567.94	7503.40
568.14	7523.62
568.34	7542.98
568.55	7563.59
568.75	7585.47
568.96	7604.01
569.16	7622.38
569.37	7639.71
569.57	7661.92
569.78	7681.08
569.98	7701.15
570.18	7715.70
570.39	7733.23
570.59	7754.71
570.80	7771.81
571.00	7791.97
571.21	7813.85
571.41	7834.77
571.61	7855.83
571.82	7874.55
572.02	7892.93
572.23	7909.57
572.43	7931.01
572.64	7950.46
572.84	7973.07
573.04	7993.83
573.25	8017.73
573.45	8039.03
573.66	8059.49
573.86	8078.63
574.06	8096.95
574.27	8117.28
574.47	8138.28
574.68	8159.59
574.88	8179.93
575.08	8201.67
575.29	8219.44
575.49	8239.06
575.70	8257.22
575.90	8275.55
576.10	8295.85
576.31	8315.05
576.51	8340.15
576.72	8359.69
576.92	8377.44
577.12	8393.49
577.33	8413.83
577.53	8430.86
577.73	8452.20
577.94	8472.12
578.14	8492.16
578.35	8514.66
578.55	8536.45
578.75	8555.70
578.96	8577.43
579.16	8594.31
579.36	8616.74
579.57	8638.47
579.77	8658.33
579.98	8679.16
580.18	8699.41
580.38	8720.73
580.59	8742.58
580.79	8761.32
580.99	8778.92
581.20	8802.70
581.40	8823.42
581.60	8842.43
581.81	8864.70
582.01	8883.64
582.21	8906.03
582.42	8925.79
582.62	8946.05
582.82	8962.91
583.03	8982.96
583.23	9000.26
583.43	9019.62
583.64	9036.52
583.84	9052.49
584.04	9068.55
584.25	9083.60
584.45	9100.13
584.65	9116.90
584.86	9133.01
585.06	9149.88
585.26	9172.47
585.47	9190.93
585.67	9211.56
585.87	9234.27
586.08	9250.79
586.28	9272.46
586.48	9289.34
586.69	9307.19
586.89	9326.07
587.09	9347.07
587.30	9364.35
587.50	9386.63
587.70	9407.95
587.90	9430.00
588.11	9453.41
588.31	9474.76
588.51	9498.67
588.72	9520.50
588.92	9543.86
589.12	9565.71
589.33	9590.50
589.53	9610.32
589.73	9629.68
589.93	9653.98
590.14	9673.18
590.34	9695.90
590.54	9716.20
590.75	9738.55
590.95	9764.54
591.15	9786.57
591.35	9810.83
591.56	9835.29
591.76	9855.97
591.96	9879.98
592.16	9903.23
592.37	9926.95
592.57	9952.76
592.77	9975.72
592.97	10001.03
593.18	10023.17
593.38	10049.82
593.58	10070.98
593.79	10096.03
593.99	10121.54
594.19	10144.83
594.39	10167.31
594.60	10190.88
594.80	10219.39
595.00	10248.23
595.20	10271.69
595.41	10295.43
595.61	10323.00
595.81	10351.52
596.01	10379.69
596.21	10406.72
596.42	10433.70
596.62	10462.90
596.82	10488.27
597.02	10516.90
597.23	10547.58
597.43	10578.37
597.63	10605.11
597.83	10633.32
598.04	10662.46
598.24	10693.12
598.44	10719.32
598.64	10754.44
598.84	10787.14
599.05	10814.46
599.25	10843.54
599.45	10874.45
599.65	10908.37
599.85	10939.49
600.06	10970.97
600.26	10998.93
600.46	11025.27
600.66	11055.31
600.87	11085.09
601.07	11116.24
601.27	11146.70
601.47	11174.94
601.67	11206.61
601.87	11239.05
602.08	11271.24
602.28	11304.24
602.48	11335.08
602.68	11368.37
602.88	11393.15
603.09	11424.46
603.29	11455.55
603.49	11483.40
603.69	11515.16
603.89	11541.19
604.10	11568.70
604.30	11596.07
604.50	11627.51
604.70	11661.64
604.90	11690.88
605.10	11720.32
605.31	11754.20
605.51	11789.34
605.71	11816.56
605.91	11845.26
606.11	11870.09
606.31	11894.65
606.52	11919.67
606.72	11950.53
606.92	11977.11
607.12	12010.42
607.32	12034.19
607.52	12060.62
607.72	12091.70
607.93	12118.52
608.13	12148.44
608.33	12177.08
608.53	12210.74
608.73	12238.09
608.93	12268.75
609.13	12301.74
609.34	12325.39
609.54	12348.90
609.74	12372.57
609.94	12401.67
610.14	12425.41
610.34	12458.52
610.54	12492.68
610.74	12523.58
610.95	12550.65
611.15	12577.78
611.35	12606.49
611.55	12639.76
611.75	12667.76
611.95	12700.50
612.15	12727.87
612.35	12756.55
612.56	12787.40
612.76	12813.43
612.96	12843.74
613.16	12870.08
613.36	12894.48
613.56	12931.32
613.76	12961.98
613.96	12989.62
614.16	13020.13
614.36	13056.42
614.57	13082.23
614.77	13110.39
614.97	13137.51
615.17	13164.88
615.37	13194.16
615.57	13219.53
615.77	13247.35
615.97	13276.70
616.17	13300.64
616.37	13330.35
616.57	13362.73
616.78	13388.33
616.98	13415.93
617.18	13442.91
617.38	13468.01
617.58	13493.44
617.78	13524.76
617.98	13554.45
618.18	13584.15
618.38	13612.02
618.58	13633.88
618.78	13667.06
618.98	13695.31
619.18	13725.13
619.38	13751.48
619.58	13780.55
619.79	13802.76
619.99	13829.38
620.19	13858.41
620.39	13886.43
620.59	13915.83
620.79	13940.94
620.99	13970.36
621.19	13996.36
621.39	14024.51
621.59	14053.64
621.79	14081.65
621.99	14102.22
622.19	14128.40
622.39	14154.94
622.59	14175.73
622.79	14202.34
622.99	14222.33
623.19	14247.94
623.39	14270.29
623.59	14297.64
623.79	14315.66
623.99	14344.70
624.19	14364.69
624.39	14386.57
624.59	14408.23
624.79	14427.12
624.99	14449.92
625.19	14476.11
625.39	14497.36
625.59	14522.02
625.79	14543.27
625.99	14571.84
626.19	14595.14
626.39	14617.57
626.59	14646.58
626.79	14678.01
626.99	14702.42
627.19	14729.73
627.39	14755.51
627.59	14779.07
627.79	14806.83
627.99	14845.30
628.19	14872.72
628.39	14899.11
628.59	14925.56
628.79	14951.49
628.99	14979.85
629.19	15005.61
629.39	15025.75
629.59	15054.17
629.79	15076.55
629.99	15106.05
630.19	15122.29
630.39	15142.11
630.59	15162.88
630.79	15180.42
630.99	15202.96
631.19	15223.71
631.39	15240.08
631.59	15257.19
631.79	15279.29
631.99	15291.54
632.19	15302.58
632.39	15320.69
632.59	15339.20
632.79	15354.35
632.99	15370.16
633.19	15386.56
633.39	15404.14
633.58	15419.48
633.78	15434.95
633.98	15450.40
634.18	15462.10
634.38	15478.84
634.58	15496.38
634.78	15514.40
634.98	15533.09
635.18	15542.27
635.38	15562.76
635.58	15581.66
635.78	15600.71
635.98	15616.95
636.18	15639.11
636.38	15659.71
636.57	15672.23
636.77	15698.09
636.97	15719.74
637.17	15742.98
637.37	15763.80
637.57	15784.69
637.77	15808.10
637.97	15830.15
638.17	15852.83
638.37	15877.02
638.57	15900.80
638.76	15924.71
638.96	15948.51
639.16	15965.17
639.36	15989.87
639.56	16011.70
639.76	16036.63
639.96	16058.01
640.16	16081.14
640.36	16099.29
640.56	16122.26
640.75	16152.92
640.95	16173.18
641.15	16196.34
641.35	16213.93
641.55	16235.44
641.75	16253.24
641.95	16273.65
642.15	16291.04
642.34	16311.81
642.54	16329.67
642.74	16353.94
642.94	16372.31
643.14	16387.74
643.34	16411.17
643.54	16432.93
643.74	16452.56
643.93	16470.15
644.13	16492.96
644.33	16510.99
644.53	16539.69
644.73	16560.75
644.93	16578.23
645.13	16592.83
645.32	16611.58
645.52	16631.82
645.72	16651.04
645.92	16673.51
646.12	16695.56
646.32	16720.33
646.52	16739.36
646.71	16759.00
646.91	16775.01
647.11	16794.52
647.31	16818.33
647.51	16832.23
647.71	16853.88
647.90	16876.89
648.10	16896.29
648.30	16910.80
648.50	16934.36
648.70	16953.39
648.89	16968.25
649.09	16985.87
649.29	17003.64
649.49	17022.91
649.69	17042.98
649.89	17059.72
650.08	17079.55
650.28	17090.78
650.48	17108.58
650.68	17131.70
650.88	17153.54
651.07	17174.73
651.27	17201.64
651.47	17222.75
651.67	17247.54
651.87	17266.49
652.06	17285.17
652.26	17309.11
652.46	17337.71
652.66	17357.65
652.86	17375.63
653.05	17399.82
653.25	17422.66
653.45	17452.85
653.65	17473.27
653.85	17501.98
654.04	17520.55
654.24	17538.32
654.44	17564.13
654.64	17585.56
654.83	17605.82
655.03	17628.64
655.23	17652.50
655.43	17674.97
655.63	17694.72
655.82	17715.55
656.02	17740.68
656.22	17759.39
656.42	17778.53
656.61	17795.82
656.81	17816.39
657.01	17835.78
657.21	17854.40
657.40	17873.50
657.60	17890.05
657.80	17912.94
658.00	17929.11
658.19	17954.03
658.39	17979.25
658.59	18003.97
658.79	18027.41
658.98	18046.87
659.18	18066.86
659.38	18085.17
659.58	18104.31
659.77	18129.00
659.97	18150.71
660.17	18166.69
660.36	18195.05
660.56	18211.56
660.76	18238.22
660.96	18257.72
661.15	18278.70
661.35	18304.01
661.55	18328.28
661.75	18355.05
661.94	18381.19
662.14	18406.70
662.34	18432.79
662.53	18458.12
662.73	18482.44
662.93	18500.98
663.13	18526.24
663.32	18547.46
663.52	18569.11
663.72	18586.78
663.91	18611.81
664.11	18634.53
664.31	18661.47
664.50	18682.75
664.70	18713.48
664.90	18724.74
665.10	18755.28
665.29	18782.69
665.49	18801.65
665.69	18824.56
665.88	18842.43
666.08	18864.53
666.28	18884.52
666.47	18905.39
666.67	18928.32
666.87	18955.88
667.06	18977.73
667.26	19002.34
667.46	19030.69
667.65	19054.83
667.85	19084.92
668.05	19107.32
668.24	19131.34
668.44	19155.68
668.64	19170.45
668.83	19194.72
669.03	19224.78
669.23	19242.12
669.42	19258.08
669.62	19277.72
669.82	19298.27
670.01	19322.39
670.21	19340.48
670.41	19356.45
670.60	19378.46
670.80	19395.36
671.00	19407.66
671.19	19433.95
671.39	19452.88
671.58	19472.23
671.78	19503.90
671.98	19524.32
672.17	19546.98
672.37	19573.22
672.57	19599.03
672.76	19622.96
672.96	19636.94
673.15	19660.33
673.35	19686.68
673.55	19715.94
673.74	19749.38
673.94	19774.04
674.14	19804.00
674.33	19833.65
674.53	19860.92
674.72	19884.62
674.92	19905.80
675.12	19934.91
675.31	19960.17
675.51	19986.95
675.70	20005.71
675.90	20020.93
676.10	20031.67
676.29	20049.03
676.49	20074.03
676.68	20088.56
676.88	20118.32
677.08	20145.11
677.27	20164.55
677.47	20183.99
677.66	20198.82
677.86	20215.34
678.06	20241.62
678.25	20255.54
678.45	20273.44
678.64	20299.40
678.84	20320.10
679.03	20341.63
679.23	20353.86
679.43	20377.37
679.62	20392.22
679.82	20417.91
680.01	20438.30
680.21	20469.51
680.40	20490.89
680.60	20498.97
680.80	20519.63
680.99	20537.44
681.19	20557.45
681.38	20575.23
681.58	20590.29
681.77	20612.72
681.97	20633.07
682.16	20650.33
682.36	20669.15
682.56	20687.54
682.75	20693.92
682.95	20712.56
683.14	20734.19
683.34	20752.40
683.53	20762.54
683.73	20782.53
683.92	20795.03
684.12	20808.90
684.31	20819.76
684.51	20836.94
684.70	20854.62
684.90	20869.52
685.10	20876.23
685.29	20890.83
685.49	20914.37
685.68	20938.73
685.88	20962.03
686.07	20983.13
686.27	21001.61
686.46	21021.39
686.66	21032.07
686.85	21054.34
687.05	21076.94
687.24	21098.75
687.44	21119.47
687.63	21139.90
687.83	21157.96
688.02	21177.03
688.22	21193.08
688.41	21218.76
688.61	21230.53
688.80	21253.11
689.00	21272.85
689.19	21296.11
689.39	21319.80
689.58	21330.87
689.78	21341.84
689.97	21354.21
690.17	21365.92
690.36	21382.08
690.56	21392.35
690.75	21415.35
690.95	21433.20
691.14	21445.46
691.34	21452.27
691.53	21465.67
691.72	21474.19
691.92	21489.02
692.11	21507.44
692.31	21521.09
692.50	21527.80
692.70	21543.74
692.89	21559.74
693.09	21574.83
693.28	21590.66
693.48	21601.05
693.67	21617.44
693.87	21632.63
694.06	21641.25
694.25	21654.10
694.45	21664.18
694.64	21675.75
694.84	21686.08
695.03	21702.06
695.23	21713.40
695.42	21733.27
695.62	21752.02
695.81	21769.33
696.00	21780.24
696.20	21785.00
696.39	21798.54
696.59	21812.25
696.78	21832.98
696.98	21845.55
697.17	21864.69
697.36	21878.34
697.56	21890.52
697.75	21906.01
697.95	21920.08
698.14	21944.68
698.34	21952.76
698.53	21964.17
698.72	21986.15
698.92	21998.56
699.11	22012.52
699.31	22020.74
699.50	22027.39
699.69	22028.61
699.89	22038.03
700.08	22046.55
700.28	22059.46
700.47	22079.83
700.66	22097.58
700.86	22099.02
701.05	22105.22
701.25	22104.83
701.44	22110.58
701.63	22118.76
701.83	22128.71
702.02	22137.66
702.21	22141.24
702.41	22155.94
702.60	22165.12
702.80	22167.37
702.99	22178.08
703.18	22178.64
703.38	22191.37
703.57	22203.93
703.77	22222.18
703.96	22232.52
704.15	22242.43
704.35	22257.86
704.54	22261.96
704.73	22270.16
704.93	22282.92
705.12	22290.35
705.31	22303.17
705.51	22312.06
705.70	22325.67
705.89	22326.70
706.09	22332.51
706.28	22339.87
706.48	22346.45
706.67	22353.06
706.86	22356.00
707.06	22366.95
707.25	22373.09
707.44	22380.56
707.64	22391.98
707.83	22397.12
708.02	22402.02
708.22	22408.96
708.41	22412.89
708.60	22407.65
708.80	22410.53
708.99	22414.89
709.18	22420.63
709.38	22422.55
709.57	22422.92
709.76	22424.79
709.95	22426.10
710.15	22431.76
710.34	22433.73
710.53	22440.85
710.73	22442.39
710.92	22447.88
711.11	22450.95
711.31	22458.56
711.50	22459.74
711.69	22462.12
711.89	22467.62
712.08	22480.66
712.27	22492.66
712.46	22500.03
712.66	22507.56
712.85	22515.60
713.04	22515.98
713.24	22524.09
713.43	22532.79
713.62	22544.30
713.81	22546.74
714.01	22557.17
714.20	22563.07
714.39	22560.22
714.59	22556.03
714.78	22565.75
714.97	22566.63
715.16	22557.29
715.36	22562.03
715.55	22566.25
715.74	22562.01
715.93	22561.66
716.13	22556.03
716.32	22543.27
716.51	22533.82
716.71	22537.34
716.90	22529.62
717.09	22532.61
717.28	22522.75
717.48	22515.26
717.67	22506.78
717.86	22498.56
718.05	22496.98
718.25	22494.48
718.44	22496.89
718.63	22498.93
718.82	22489.27
719.02	22489.79
719.21	22486.55
719.40	22477.96
719.59	22468.25
719.78	22460.14
719.98	22453.14
720.17	22448.16
720.36	22444.18
720.55	22441.14
720.75	22435.37
720.94	22428.69
721.13	22420.40
721.32	22426.11
721.51	22426.64
721.71	22427.80
721.90	22423.24
722.09	22417.78
722.28	22411.45
722.48	22405.73
722.67	22404.43
722.86	22396.07
723.05	22393.24
723.24	22393.25
723.44	22396.36
723.63	22397.68
723.82	22398.56
724.01	22397.17
724.20	22398.48
724.40	22399.00
724.59	22403.36
724.78	22410.30
724.97	22416.24
725.16	22419.74
725.35	22420.21
725.55	22427.27
725.74	22427.03
725.93	22442.51
726.12	22435.43
726.31	22446.79
726.51	22450.51
726.70	22451.48
726.89	22461.23
727.08	22469.37
727.27	22489.46
727.46	22497.24
727.66	22506.78
727.85	22512.25
728.04	22526.31
728.23	22531.07
728.42	22543.77
728.61	22552.95
728.81	22562.44
729.00	22572.74
729.19	22580.80
729.38	22589.09
729.57	22589.62
729.76	22604.17
729.95	22608.99
730.15	22627.88
730.34	22631.66
730.53	22639.80
730.72	22652.71
730.91	22662.51
731.10	22665.78
731.29	22660.12
731.49	22665.80
731.68	22674.69
731.87	22685.35
732.06	22692.28
732.25	22699.33
732.44	22706.56
732.63	22709.84
732.82	22713.39
733.02	22712.78
733.21	22727.46
733.40	22729.29
733.59	22741.90
733.78	22746.24
733.97	22748.38
734.16	22758.69
734.35	22758.42
734.54	22765.80
734.74	22764.88
734.93	22767.71
735.12	22776.29
735.31	22782.63
735.50	22786.17
735.69	22779.92
735.88	22780.38
736.07	22776.36
736.26	22781.32
736.45	22784.30
736.64	22787.90
736.84	22786.21
737.03	22788.99
737.22	22783.19
737.41	22787.81
737.60	22789.44
737.79	22791.32
737.98	22789.25
738.17	22788.04
738.36	22791.65
738.55	22791.97
738.74	22794.39
738.93	22802.97
739.12	22799.97
739.32	22804.55
739.51	22808.89
739.70	22819.13
739.89	22828.29
740.08	22832.79
740.27	22833.09
740.46	22836.30
740.65	22841.54
740.84	22849.90
741.03	22859.87
741.22	22867.83
741.41	22871.80
741.60	22873.66
741.79	22871.75
741.98	22880.48
742.17	22872.19
742.36	22877.64
742.55	22883.21
742.74	22883.40
742.93	22884.57
743.12	22898.56
743.31	22902.88
743.51	22906.87
743.70	22908.87
743.89	22901.07
744.08	22896.51
744.27	22892.22
744.46	22897.97
744.65	22895.43
744.84	22899.58
745.03	22899.09
745.22	22894.58
745.41	22897.06
745.60	22895.27
745.79	22899.97
745.98	22901.93
746.17	22907.68
746.36	22909.12
746.55	22911.04
746.74	22917.70
746.93	22918.11
747.12	22908.94
747.31	22904.31
747.50	22899.24
747.69	22893.14
747.88	22904.39
748.07	22910.89
748.26	22926.34
748.45	22930.09
748.64	22934.24
748.83	22935.89
749.02	22939.96
749.21	22953.84
749.40	22953.99
749.59	22963.82
749.77	22970.44
749.96	22974.82
750.15	22983.91
750.34	22979.15
750.53	22980.58
750.72	22986.71
750.91	22988.46
751.10	22997.95
751.29	23004.11
751.48	23008.15
751.67	23020.14
751.86	23018.66
752.05	23025.77
752.24	23027.21
752.43	23024.13
752.62	23023.69
752.81	23023.44
753.00	23025.50
753.19	23013.62
753.38	23018.60
753.57	23017.81
753.76	23007.64
753.94	23002.05
754.13	23000.01
754.32	23009.13
754.51	23004.72
754.70	23000.86
754.89	23003.70
755.08	23000.09
755.27	22995.55
755.46	22997.56
755.65	22999.18
755.84	23004.38
756.03	22996.26
756.22	22993.45
756.40	22994.98
756.59	23007.24
756.78	23007.37
756.97	23003.84
757.16	23009.31
757.35	23002.37
757.54	23001.60
757.73	23003.31
757.92	23008.18
758.11	23008.48
758.29	23005.77
758.48	23019.23
758.67	23021.79
758.86	23019.75
759.05	23022.37
759.24	23030.23
759.43	23031.62
759.62	23029.70
759.81	23029.56
759.99	23035.65
760.18	23028.99
760.37	23032.14
760.56	23023.73
760.75	23020.63
760.94	23021.39
761.13	23019.20
761.32	23021.36
761.50	23005.42
761.69	23006.72
761.88	22997.29
762.07	22991.80
762.26	22987.18
762.45	22975.58
762.64	22965.11
762.82	22963.87
763.01	22962.66
763.20	22955.76
763.39	22952.13
763.58	22947.13
763.77	22937.76
763.96	22933.21
764.14	22936.26
764.33	22922.29
764.52	22912.12
764.71	22911.89
764.90	22908.46
765.09	22906.28
765.27	22904.04
765.46	22909.63
765.65	22904.65
765.84	22913.62
766.03	22918.93
766.22	22925.12
766.40	22933.07
766.59	22938.96
766.78	22943.98
766.97	22942.51
767.16	22945.28
767.35	22950.95
767.53	22947.96
767.72	22947.75
767.91	22944.87
768.10	22942.48
768.29	22946.31
768.47	22952.32
768.66	22946.60
768.85	22947.61
769.04	22943.90
769.23	22946.57
769.41	22943.83
769.60	22949.02
769.79	22939.85
769.98	22932.79
770.17	22928.99
770.35	22919.62
770.54	22914.13
770.73	22903.04
770.92	22896.81
771.10	22895.39
771.29	22890.20
771.48	22888.28
771.67	22895.33
771.86	22900.63
772.04	22902.07
772.23	22905.29
772.42	22899.99
772.61	22899.43
772.79	22891.09
772.98	22893.42
773.17	22889.08
773.36	22890.99
773.54	22883.85
773.73	22894.70
773.92	22893.42
774.11	22886.49
774.30	22877.78
774.48	22875.34
774.67	22884.43
774.86	22892.55
775.05	22885.59
775.23	22867.85
775.42	22863.27
775.61	22844.52
775.79	22831.02
775.98	22817.85
776.17	22806.95
776.36	22802.17
776.54	22801.20
776.73	22796.79
776.92	22794.37
777.11	22788.78
777.29	22782.57
777.48	22785.16
777.67	22772.91
777.85	22766.46
778.04	22761.10
778.23	22764.61
778.42	22756.82
778.60	22739.22
778.79	22723.51
778.98	22713.20
779.16	22714.37
779.35	22710.71
779.54	22709.80
779.73	22708.74
779.91	22711.98
780.10	22713.29
780.29	22710.95
780.47	22702.27
780.66	22700.27
780.85	22681.73
781.03	22670.80
781.22	22662.76
781.41	22657.82
781.60	22642.95
781.78	22632.63
781.97	22621.91
782.16	22607.60
782.34	22594.13
782.53	22584.40
782.72	22574.86
782.90	22562.73
783.09	22552.65
783.28	22544.71
783.46	22539.78
783.65	22523.06
783.84	22501.79
784.02	22481.52
784.21	22466.05
784.40	22466.41
784.58	22441.53
784.77	22437.43
784.96	22427.06
785.14	22415.67
785.33	22395.91
785.52	22397.89
785.70	22390.16
785.89	22384.76
786.08	22379.70
786.26	22380.64
786.45	22380.55
786.63	22374.05
786.82	22376.20
787.01	22386.56
787.19	22384.48
787.38	22376.78
787.57	22388.75
787.75	22399.62
787.94	22404.02
788.13	22406.94
788.31	22401.71
788.50	22418.56
788.68	22432.55
788.87	22445.85
789.06	22462.26
789.24	22475.03
789.43	22475.84
789.61	22489.46
789.80	22505.59
789.99	22517.83
790.17	22537.02
790.36	22558.50
790.55	22578.59
790.73	22591.67
790.92	22601.05
791.10	22608.67
791.29	22630.19
791.48	22645.74
791.66	22664.74
791.85	22689.44
792.03	22715.39
792.22	22740.17
792.40	22763.25
792.59	22782.54
792.78	22802.93
792.96	22824.63
793.15	22855.94
793.33	22883.37
793.52	22911.19
793.71	22937.33
793.89	22970.42
794.08	22990.78
794.26	23009.27
794.45	23034.95
794.63	23066.49
794.82	23088.64
795.01	23130.82
795.19	23160.81
795.38	23192.90
795.56	23214.07
795.75	23240.46
795.93	23263.78
796.12	23282.96
796.30	23310.58
796.49	23330.75
796.68	23364.28
796.86	23384.41
797.05	23406.07
797.23	23423.95
797.42	23451.15
797.60	23462.87
797.79	23475.09
797.97	23493.42
798.16	23509.68
798.34	23521.60
798.53	23526.02
798.71	23540.73
798.90	23540.62
799.08	23553.75
799.27	23550.88
799.46	23559.95
799.64	23567.01
799.83	23575.56
800.01	23583.26
800.20	23588.57
800.38	23596.79
800.57	23587.36
800.75	23588.25
800.94	23585.01
801.12	23591.37
801.31	23583.09
801.49	23594.09
801.68	23588.85
801.86	23591.58
802.05	23587.73
802.23	23588.91
802.42	23599.47
802.60	23595.89
802.79	23596.01
802.97	23585.58
803.16	23590.65
803.34	23594.36
803.53	23585.05
803.71	23580.37
803.90	23573.12
804.08	23554.62
804.27	23541.18
804.45	23530.18
804.63	23515.71
804.82	23504.40
805.00	23498.61
805.19	23485.09
805.37	23467.24
805.56	23456.73
805.74	23438.16
805.93	23425.39
806.11	23408.90
806.30	23395.13
806.48	23377.65
806.67	23362.67
806.85	23346.68
807.04	23329.66
807.22	23298.31
807.40	23282.80
807.59	23258.64
807.77	23236.39
807.96	23228.04
808.14	23214.43
808.33	23194.68
808.51	23182.70
808.69	23165.42
808.88	23140.27
809.06	23125.46
809.25	23109.97
809.43	23086.62
809.62	23061.22
809.80	23039.06
809.99	23022.15
810.17	22991.48
810.35	22964.32
810.54	22936.68
810.72	22907.22
810.91	22876.15
811.09	22858.13
811.27	22825.30
811.46	22801.68
811.64	22781.61
811.83	22747.04
812.01	22714.55
812.19	22698.19
812.38	22664.33
812.56	22629.94
812.75	22591.58
812.93	22557.61
813.11	22523.60
813.30	22495.37
813.48	22470.58
813.67	22444.59
813.85	22410.52
814.03	22386.68
814.22	22360.35
814.40	22339.13
814.59	22315.30
814.77	22289.24
814.95	22265.65
815.14	22244.65
815.32	22219.53
815.50	22183.44
815.69	22155.73
815.87	22123.94
816.06	22083.12
816.24	22064.67
816.42	22033.36
816.61	22014.43
816.79	21985.98
816.97	21951.38
817.16	21918.10
817.34	21887.68
817.52	21851.60
817.71	21816.90
817.89	21783.19
818.07	21753.12
818.26	21716.94
818.44	21684.86
818.63	21653.49
818.81	21612.74
818.99	21575.72
819.18	21539.48
819.36	21516.50
819.54	21492.25
819.73	21472.22
819.91	21447.47
820.09	21415.61
820.28	21396.77
820.46	21366.04
820.64	21340.87
820.83	21323.20
821.01	21307.57
821.19	21290.60
821.37	21266.25
821.56	21244.50
821.74	21220.02
821.92	21194.42
822.11	21173.36
822.29	21151.81
822.47	21129.65
822.66	21115.13
822.84	21090.86
823.02	21070.37
823.21	21038.42
823.39	21010.54
823.57	20974.37
823.75	20952.46
823.94	20922.96
824.12	20888.73
824.30	20863.98
824.49	20836.70
824.67	20805.24
824.85	20774.00
825.03	20737.60
825.22	20709.76
825.40	20684.92
825.58	20657.64
825.77	20633.03
825.95	20606.89
826.13	20579.53
826.31	20551.14
826.50	20525.38
826.68	20504.53
826.86	20478.98
827.04	20462.30
827.23	20441.04
827.41	20424.57
827.59	20397.19
827.78	20371.88
827.96	20350.16
828.14	20316.80
828.32	20292.55
828.51	20272.13
828.69	20253.88
828.87	20231.25
829.05	20213.82
829.23	20193.19
829.42	20167.71
829.60	20144.83
829.78	20119.48
829.96	20093.04
830.15	20074.93
830.33	20049.20
830.51	20035.64
830.69	20015.63
830.88	19999.07
831.06	19985.33
831.24	19966.31
831.42	19951.88
831.60	19931.89
831.79	19913.52
831.97	19901.64
832.15	19882.42
832.33	19860.09
832.52	19839.27
832.70	19819.14
832.88	19794.57
833.06	19773.39
833.24	19764.09
833.43	19749.05
833.61	19734.40
833.79	19723.35
833.97	19701.35
834.15	19687.89
834.34	19664.20
834.52	19644.63
834.70	19616.37
834.88	19595.48
835.06	19571.12
835.25	19550.36
835.43	19533.18
835.61	19517.87
835.79	19495.11
835.97	19479.97
836.15	19458.06
836.34	19437.31
836.52	19420.34
836.70	19399.19
836.88	19384.85
837.06	19358.66
837.24	19345.39
837.43	19329.19
837.61	19312.93
837.79	19299.45
837.97	19277.25
838.15	19261.80
838.33	19251.33
838.52	19239.47
838.70	19222.10
838.88	19212.24
839.06	19198.69
839.24	19182.07
839.42	19162.15
839.60	19150.78
839.79	19136.45
839.97	19122.91
840.15	19108.52
840.33	19091.71
840.51	19081.48
840.69	19065.63
840.87	19054.40
841.06	19036.41
841.24	19020.34
841.42	18998.41
841.60	18976.60
841.78	18954.67
841.96	18936.67
842.14	18914.57
842.32	18895.52
842.51	18872.91
842.69	18855.13
842.87	18836.81
843.05	18829.80
843.23	18815.86
843.41	18802.52
843.59	18786.73
843.77	18771.69
843.95	18757.04
844.14	18744.97
844.32	18734.42
844.50	18722.70
844.68	18712.34
844.86	18694.01
845.04	18675.99
845.22	18659.84
845.40	18651.55
845.58	18635.93
845.76	18617.13
845.94	18602.17
846.12	18587.39
846.31	18574.11
846.49	18559.48
846.67	18540.12
846.85	18516.92
847.03	18504.51
847.21	18491.43
847.39	18474.99
847.57	18464.34
847.75	18459.86
847.93	18443.03
848.11	18423.72
848.29	18404.64
848.47	18389.13
848.65	18375.53
848.83	18362.90
849.02	18355.03
849.20	18340.61
849.38	18337.74
849.56	18328.75
849.74	18312.56
849.92	18293.79
850.10	18279.34
850.28	18260.10
850.46	18242.78
850.64	18226.06
850.82	18210.88
851.00	18197.41
851.18	18180.19
851.36	18170.09
851.54	18147.59
851.72	18135.60
851.90	18125.13
852.08	18114.76
852.26	18097.84
852.44	18090.90
852.62	18083.75
852.80	18071.39
852.98	18056.79
853.16	18038.54
853.34	18026.04
853.52	18014.79
853.70	18010.22
853.88	17998.25
854.06	17989.56
854.24	17980.78
854.42	17973.23
854.60	17960.73
854.78	17940.61
854.96	17922.33
855.14	17901.81
855.32	17888.12
855.50	17873.74
855.68	17855.38
855.86	17842.19
856.04	17827.69
856.22	17805.75
856.40	17783.56
856.58	17767.78
856.76	17755.66
856.94	17746.45
857.12	17733.93
857.30	17720.48
857.48	17704.67
857.66	17692.73
857.84	17684.42
858.02	17679.74
858.20	17664.90
858.38	17656.11
858.56	17644.81
858.74	17633.72
858.92	17623.76
859.10	17612.16
859.28	17598.09
859.46	17588.71
859.64	17572.03
859.81	17567.50
859.99	17555.46
860.17	17545.75
860.35	17533.97
860.53	17522.03
860.71	17507.54
860.89	17488.37
861.07	17474.72
861.25	17466.11
861.43	17457.36
861.61	17442.93
861.79	17429.41
861.97	17416.08
862.15	17394.87
862.33	17379.61
862.50	17371.55
862.68	17356.14
862.86	17336.79
863.04	17326.79
863.22	17312.87
863.40	17300.05
863.58	17282.62
863.76	17269.42
863.94	17253.44
864.12	17238.18
864.30	17219.40
864.47	17202.48
864.65	17192.86
864.83	17182.67
865.01	17166.13
865.19	17146.11
865.37	17127.33
865.55	17112.03
865.73	17100.16
865.91	17082.82
866.09	17070.86
866.26	17047.95
866.44	17027.92
866.62	17009.42
866.80	16987.29
866.98	16966.27
867.16	16941.22
867.34	16916.77
867.52	16898.48
867.69	16878.95
867.87	16857.38
868.05	16834.10
868.23	16810.50
868.41	16789.44
868.59	16761.84
868.77	16733.32
868.94	16708.55
869.12	16689.67
869.30	16662.59
869.48	16635.74
869.66	16617.11
869.84	16595.77
870.02	16584.06
870.19	16561.05
870.37	16545.36
870.55	16519.87
870.73	16492.46
870.91	16468.77
871.09	16440.36
871.26	16410.76
871.44	16381.88
871.62	16351.40
871.80	16327.97
871.98	16301.29
872.16	16274.95
872.33	16248.37
872.51	16222.13
872.69	16196.15
872.87	16168.03
873.05	16137.92
873.22	16108.39
873.40	16075.68
873.58	16047.96
873.76	16016.53
873.94	15989.05
874.12	15958.74
874.29	15933.85
874.47	15912.25
874.65	15892.76
874.83	15871.73
875.01	15851.96
875.18	15832.43
875.36	15814.94
875.54	15795.26
875.72	15777.05
875.89	15760.04
876.07	15744.10
876.25	15733.35
876.43	15720.66
876.61	15707.52
876.78	15700.47
876.96	15692.18
877.14	15692.32
877.32	15682.84
877.49	15676.23
877.67	15675.48
877.85	15675.79
878.03	15680.35
878.21	15680.10
878.38	15676.60
878.56	15687.45
878.74	15692.35
878.92	15698.98
879.09	15710.93
879.27	15716.71
879.45	15732.99
879.63	15734.24
879.80	15743.04
879.98	15750.02
880.16	15758.35
880.34	15766.40
880.51	15771.26
880.69	15783.78
880.87	15787.89
881.05	15794.91
881.22	15802.75
881.40	15816.19
881.58	15826.13
881.75	15834.77
881.93	15856.40
882.11	15877.40
882.29	15886.27
882.46	15901.11
882.64	15917.55
882.82	15928.67
883.00	15944.02
883.17	15955.95
883.35	15977.20
883.53	15998.86
883.70	16018.06
883.88	16036.85
884.06	16055.90
884.23	16084.25
884.41	16101.55
884.59	16129.52
884.77	16154.20
884.94	16181.90
885.12	16203.11
885.30	16222.54
885.47	16248.61
885.65	16263.83
885.83	16278.84
886.00	16296.28
886.18	16319.39
886.36	16343.31
886.53	16360.84
886.71	16383.53
886.89	16405.38
887.07	16418.27
887.24	16432.86
887.42	16451.19
887.60	16471.96
887.77	16490.82
887.95	16505.38
888.13	16529.35
888.30	16549.57
888.48	16573.53
888.66	16594.43
888.83	16612.99
889.01	16638.50
889.18	16653.44
889.36	16673.29
889.54	16695.63
889.71	16709.92
889.89	16724.90
890.07	16739.43
890.24	16763.25
890.42	16784.85
890.60	16804.18
890.77	16830.63
890.95	16851.62
891.13	16865.22
891.30	16883.86
891.48	16899.83
891.65	16909.04
891.83	16921.03
892.01	16927.07
892.18	16935.74
892.36	16938.34
892.54	16949.11
892.71	16952.94
892.89	16969.92
893.06	16979.96
893.24	16991.09
893.42	17010.47
893.59	17018.78
893.77	17022.11
893.94	17026.16
894.12	17029.19
894.30	17030.44
894.47	17032.78
894.65	17040.84
894.82	17050.53
895.00	17049.17
895.18	17053.85
895.35	17065.82
895.53	17063.74
895.70	17070.91
895.88	17072.26
896.06	17077.82
896.23	17081.13
896.41	17085.87
896.58	17078.20
896.76	17075.07
896.93	17069.28
897.11	17060.71
897.29	17055.80
897.46	17059.67
897.64	17062.02
897.81	17053.82
897.99	17052.84
898.16	17045.36
898.34	17032.56
898.52	17020.57
898.69	17012.50
898.87	17002.91
899.04	16987.69
899.22	16981.38
899.39	16963.71
899.57	16952.09
899.74	16941.79
899.92	16926.20
900.10	16905.35
900.27	16899.02
900.45	16884.73
900.62	16875.15
900.80	16862.17
900.97	16849.60
901.15	16830.54
901.32	16804.04
901.50	16791.62
901.67	16769.71
901.85	16751.49
902.02	16734.91
902.20	16716.07
902.37	16697.85
902.55	16670.93
902.72	16654.48
902.90	16635.08
903.07	16622.90
903.25	16603.08
903.43	16577.53
903.60	16554.57
903.78	16536.96
903.95	16508.33
904.13	16488.45
904.30	16466.54
904.48	16440.51
904.65	16418.89
904.83	16392.13
905.00	16375.27
905.17	16350.21
905.35	16330.35
905.52	16305.93
905.70	16282.07
905.87	16263.74
906.05	16243.53
906.22	16226.12
906.40	16198.64
906.57	16173.01
906.75	16142.75
906.92	16115.15
907.10	16089.32
907.27	16060.68
907.45	16032.94
907.62	16001.83
907.80	15968.80
907.97	15928.86
908.15	15900.65
908.32	15866.25
908.49	15834.82
908.67	15798.96
908.84	15767.01
909.02	15731.02
909.19	15697.71
909.37	15667.05
909.54	15632.76
909.72	15599.09
909.89	15562.94
910.07	15528.72
910.24	15494.00
910.41	15461.89
910.59	15427.77
910.76	15396.85
910.94	15368.74
911.11	15334.60
911.29	15308.31
911.46	15281.80
911.63	15249.15
911.81	15214.73
911.98	15182.65
912.16	15153.58
912.33	15124.45
912.50	15096.35
912.68	15062.87
912.85	15032.43
913.03	14997.40
913.20	14963.53
913.38	14925.44
913.55	14898.30
913.72	14864.98
913.90	14834.98
914.07	14794.77
914.25	14764.10
914.42	14727.90
914.59	14686.67
914.77	14650.76
914.94	14607.54
915.11	14569.55
915.29	14533.91
915.46	14495.20
915.64	14456.21
915.81	14410.22
915.98	14365.20
916.16	14316.95
916.33	14278.62
916.51	14237.59
916.68	14193.93
916.85	14143.06
917.03	14098.33
917.20	14045.83
917.37	14001.88
917.55	13952.72
917.72	13910.97
917.89	13862.37
918.07	13816.19
918.24	13773.42
918.42	13728.44
918.59	13685.96
918.76	13634.24
918.94	13590.97
919.11	13549.09
919.28	13508.36
919.46	13470.60
919.63	13425.53
919.80	13381.76
919.98	13333.92
920.15	13285.24
920.32	13241.07
920.50	13202.34
920.67	13161.53
920.84	13123.76
921.02	13080.81
921.19	13043.32
921.36	12998.91
921.54	12957.81
921.71	12916.09
921.88	12875.47
922.06	12834.12
922.23	12791.91
922.40	12750.59
922.57	12708.32
922.75	12665.69
922.92	12621.42
923.09	12579.73
923.27	12543.31
923.44	12502.61
923.61	12461.38
923.79	12423.20
923.96	12380.70
924.13	12339.69
924.30	12298.69
924.48	12252.89
924.65	12207.58
924.82	12160.71
925.00	12118.96
925.17	12077.00
925.34	12035.23
925.51	11990.90
925.69	11948.96
925.86	11903.31
926.03	11864.13
926.21	11819.66
926.38	11777.72
926.55	11734.12
926.72	11688.69
926.90	11641.67
927.07	11596.43
927.24	11555.43
927.41	11514.03
927.59	11476.56
927.76	11440.02
927.93	11400.19
928.10	11360.72
928.28	11327.82
928.45	11292.48
928.62	11257.13
928.79	11218.95
928.97	11177.71
929.14	11137.54
929.31	11101.14
929.48	11063.59
929.66	11020.63
929.83	10984.96
930.00	10941.08
930.17	10900.10
930.34	10860.55
930.52	10820.97
930.69	10781.62
930.86	10735.66
931.03	10690.93
931.21	10640.10
931.38	10586.62
931.55	10535.68
931.72	10487.99
931.89	10435.18
932.07	10381.21
932.24	10326.81
932.41	10274.09
932.58	10225.32
932.75	10174.83
932.93	10118.42
933.10	10061.49
933.27	10009.13
933.44	9947.83
933.61	9892.48
933.79	9834.27
933.96	9773.74
934.13	9713.91
934.30	9653.12
934.47	9591.65
934.65	9528.69
934.82	9466.00
934.99	9405.61
935.16	9344.00
935.33	9279.54
935.50	9210.21
935.68	9140.31
935.85	9074.23
936.02	9004.78
936.19	8932.05
936.36	8861.10
936.53	8791.41
936.71	8726.06
936.88	8654.67
937.05	8586.23
937.22	8516.91
937.39	8448.15
937.56	8376.99
937.74	8307.32
937.91	8236.02
938.08	8168.43
938.25	8099.21
938.42	8033.70
938.59	7968.13
938.76	7901.21
938.94	7834.87
939.11	7773.25
939.28	7712.50
939.45	7651.23
939.62	7591.65
939.79	7533.08
939.96	7474.88
940.13	7416.11
940.31	7356.92
940.48	7302.61
940.65	7252.25
940.82	7202.48
940.99	7153.80
941.16	7106.53
941.33	7062.38
941.50	7017.18
941.67	6976.25
941.85	6939.66
942.02	6900.46
942.19	6862.88
942.36	6826.55
942.53	6794.07
942.70	6763.68
942.87	6735.28
943.04	6704.90
943.21	6677.14
943.38	6654.38
943.56	6630.92
943.73	6610.17
943.90	6592.59
944.07	6571.12
944.24	6550.57
944.41	6531.62
944.58	6510.11
944.75	6494.83
944.92	6474.94
945.09	6462.81
945.26	6445.45
945.43	6428.28
945.60	6416.17
945.78	6402.50
945.95	6389.62
946.12	6379.74
946.29	6366.38
946.46	6354.50
946.63	6344.07
946.80	6334.09
946.97	6323.47
947.14	6313.80
947.31	6305.21
947.48	6292.84
947.65	6287.55
947.82	6279.39
947.99	6273.66
948.16	6270.34
948.33	6263.61
948.50	6259.93
948.67	6256.49
948.84	6255.10
949.01	6254.02
949.18	6251.34
949.35	6248.16
949.52	6247.87
949.69	6244.65
949.86	6243.95
950.03	6241.45
950.20	6239.63
950.38	6235.13
950.55	6230.40
950.72	6225.71
950.89	6221.60
951.06	6219.43
951.23	6214.53
951.40	6215.26
951.57	6213.83
951.74	6210.18
951.91	6208.32
952.08	6205.17
952.25	6201.20
952.42	6195.72
952.59	6191.31
952.76	6184.67
952.92	6178.76
953.09	6171.66
953.26	6166.79
953.43	6160.60
953.60	6159.18
953.77	6155.57
953.94	6154.81
954.11	6152.87
954.28	6152.50
954.45	6145.70
954.62	6142.15
954.79	6137.03
954.96	6130.03
955.13	6122.31
955.30	6117.49
955.47	6109.92
955.64	6102.83
955.81	6094.18
955.98	6088.00
956.15	6077.09
956.32	6069.74
956.49	6061.43
956.66	6053.46
956.83	6043.00
957.00	6032.32
957.17	6020.51
957.33	6009.86
957.50	5997.38
957.67	5986.58
957.84	5975.78
958.01	5968.95
958.18	5958.66
958.35	5950.83
958.52	5939.05
958.69	5928.20
958.86	5915.96
959.03	5904.77
959.20	5894.42
959.37	5883.81
959.53	5870.62
959.70	5861.63
959.87	5849.93
960.04	5839.20
960.21	5829.47
960.38	5818.15
960.55	5808.99
960.72	5795.24
960.89	5784.78
961.06	5772.78
961.23	5759.82
961.39	5747.12
961.56	5732.44
961.73	5722.06
961.90	5707.61
962.07	5695.57
962.24	5683.04
962.41	5669.75
962.58	5658.26
962.75	5646.39
962.91	5631.08
963.08	5616.70
963.25	5599.62
963.42	5584.64
963.59	5569.72
963.76	5554.66
963.93	5542.10
964.09	5526.47
964.26	5513.21
964.43	5495.67
964.60	5481.18
964.77	5464.89
964.94	5447.23
965.11	5431.26
965.27	5413.02
965.44	5396.66
965.61	5380.59
965.78	5363.77
965.95	5345.83
966.12	5328.74
966.29	5310.08
966.45	5296.17
966.62	5283.01
966.79	5269.85
966.96	5260.92
967.13	5248.14
967.30	5233.62
967.46	5216.81
967.63	5202.47
967.80	5186.45
967.97	5175.11
968.14	5158.08
968.30	5144.30
968.47	5129.06
968.64	5114.54
968.81	5098.59
968.98	5082.10
969.15	5064.68
969.31	5048.70
969.48	5036.10
969.65	5019.88
969.82	5005.29
969.99	4989.82
970.15	4973.98
970.32	4958.45
970.49	4939.77
970.66	4922.54
970.82	4907.09
970.99	4892.57
971.16	4876.92
971.33	4862.34
971.50	4844.77
971.66	4832.94
971.83	4817.48
972.00	4805.27
972.17	4790.71
972.34	4776.71
972.50	4762.81
972.67	4748.50
972.84	4732.02
973.01	4715.30
973.17	4699.47
973.34	4682.99
973.51	4665.88
973.68	4648.32
973.84	4632.43
974.01	4613.89
974.18	4596.25
974.35	4576.41
974.51	4557.89
974.68	4539.67
974.85	4520.46
975.02	4502.47
975.18	4481.54
975.35	4462.75
975.52	4442.96
975.69	4424.88
975.85	4406.24
976.02	4387.20
976.19	4369.92
976.36	4353.38
976.52	4336.50
976.69	4320.19
976.86	4305.14
977.02	4290.66
977.19	4275.35
977.36	4259.52
977.53	4244.70
977.69	4230.79
977.86	4218.32
978.03	4205.24
978.19	4189.35
978.36	4174.97
978.53	4159.34
978.70	4144.50
978.86	4130.15
979.03	4113.88
979.20	4098.65
979.36	4085.30
979.53	4070.49
979.70	4055.84
979.86	4040.56
980.03	4026.13
980.20	4010.72
980.36	3993.78
980.53	3977.99
980.70	3961.77
980.86	3946.40
981.03	3930.35
981.20	3913.84
981.36	3896.94
981.53	3879.68
981.70	3866.44
981.86	3851.45
982.03	3837.15
982.20	3822.87
982.36	3809.82
982.53	3796.39
982.70	3778.68
982.86	3762.98
983.03	3746.24
983.20	3729.96
983.36	3715.28
983.53	3697.86
983.70	3683.33
983.86	3668.40
984.03	3651.74
984.20	3636.32
984.36	3618.87
984.53	3602.40
984.70	3589.13
984.86	3572.83
985.03	3556.91
985.19	3539.99
985.36	3525.76
985.53	3509.64
985.69	3495.46
985.86	3478.47
986.03	3462.65
986.19	3449.77
986.36	3435.72
986.52	3422.66
986.69	3409.71
986.86	3394.47
987.02	3380.66
987.19	3363.97
987.35	3349.66
987.52	3335.42
987.69	3321.29
987.85	3307.55
988.02	3294.95
988.18	3280.01
988.35	3267.62
988.52	3255.66
988.68	3241.47
988.85	3227.57
989.01	3213.72
989.18	3200.19
989.35	3186.44
989.51	3173.95
989.68	3162.32
989.84	3148.03
990.01	3136.41
990.17	3121.03
990.34	3109.58
990.51	3098.17
990.67	3087.97
990.84	3076.83
991.00	3064.97
991.17	3052.60
991.33	3041.00
991.50	3028.84
991.66	3016.51
991.83	3003.58
992.00	2989.77
992.16	2978.28
992.33	2964.48
992.49	2951.49
992.66	2937.90
992.82	2925.42
992.99	2909.85
993.15	2894.57
993.32	2880.46
993.48	2865.35
993.65	2852.10
993.82	2836.65
993.98	2823.48
994.15	2808.33
994.31	2793.41
994.48	2779.27
994.64	2765.09
994.81	2751.25
994.97	2735.82
995.14	2719.98
995.30	2705.04
995.47	2690.38
995.63	2676.35
995.80	2662.19
995.96	2649.75
996.13	2635.60
996.29	2622.75
996.46	2611.40
996.62	2599.79
996.79	2587.36
996.95	2574.30
997.12	2562.80
997.28	2551.80
997.45	2536.99
997.61	2523.11
997.78	2509.85
997.94	2498.34
998.11	2485.89
998.27	2472.17
998.44	2460.47
998.60	2448.97
998.77	2437.14
998.93	2424.55
999.10	2411.73
999.26	2400.53
999.43	2387.97
999.59	2376.55
999.75	2363.10
999.92	2351.31
1000.08	2337.76
1000.25	2325.29
1000.41	2313.24
1000.58	2301.12
1000.74	2286.18
1000.91	2274.41
1001.07	2263.47
1001.24	2251.49
1001.40	2238.04
1001.56	2227.15
1001.73	2215.83
1001.89	2203.66
1002.06	2190.66
1002.22	2178.59
1002.39	2167.93
1002.55	2156.80
1002.71	2144.81
1002.88	2134.45
1003.04	2123.73
1003.21	2113.77
1003.37	2102.16
1003.54	2092.20
1003.70	2082.36
1003.86	2072.67
1004.03	2061.60
1004.19	2052.62
1004.36	2042.17
1004.52	2031.94
1004.68	2021.83
1004.85	2011.97
1005.01	2001.91
1005.18	1992.15
1005.34	1982.00
1005.50	1972.82
1005.67	1963.89
1005.83	1953.95
1006.00	1943.45
1006.16	1933.32
1006.32	1921.61
1006.49	1910.71
1006.65	1899.69
1006.82	1890.24
1006.98	1879.63
1007.14	1868.63
1007.31	1858.27
1007.47	1849.05
1007.63	1839.47
1007.80	1830.82
1007.96	1820.83
1008.13	1811.79
1008.29	1801.38
1008.45	1792.07
1008.62	1782.41
1008.78	1773.73
1008.94	1763.83
1009.11	1753.49
1009.27	1744.02
1009.43	1734.43
1009.60	1725.64
1009.76	1716.22
1009.92	1706.96
1010.09	1698.39
1010.25	1687.86
1010.42	1678.58
1010.58	1668.37
1010.74	1658.55
1010.91	1647.78
1011.07	1637.47
1011.23	1626.36
1011.40	1618.18
1011.56	1607.85
1011.72	1598.35
1011.89	1587.60
1012.05	1577.96
1012.21	1566.96
1012.37	1556.90
1012.54	1546.54
1012.70	1536.73
1012.86	1526.51
1013.03	1515.87
1013.19	1506.23
1013.35	1497.05
1013.52	1486.25
1013.68	1477.89
1013.84	1468.38
1014.01	1459.94
1014.17	1450.04
1014.33	1441.34
1014.49	1432.47
1014.66	1423.83
1014.82	1413.51
1014.98	1404.25
1015.15	1394.93
1015.31	1385.72
1015.47	1376.59
1015.63	1368.91
1015.80	1361.30
1015.96	1352.64
1016.12	1343.74
1016.29	1335.76
1016.45	1326.82
1016.61	1318.75
1016.77	1309.40
1016.94	1301.32
1017.10	1292.30
1017.26	1284.42
1017.42	1275.68
1017.59	1268.94
1017.75	1260.57
1017.91	1253.40
1018.07	1244.89
1018.24	1236.85
1018.40	1228.88
1018.56	1222.10
1018.72	1215.14
1018.89	1207.94
1019.05	1199.16
1019.21	1191.15
1019.37	1184.25
1019.54	1176.33
1019.70	1169.45
1019.86	1163.12
1020.02	1155.63
1020.19	1148.41
1020.35	1140.53
1020.51	1133.64
1020.67	1126.01
1020.83	1118.92
1021.00	1110.46
1021.16	1103.56
1021.32	1095.06
1021.48	1088.24
1021.64	1081.49
1021.81	1074.45
1021.97	1066.78
1022.13	1059.16
1022.29	1050.96
1022.45	1044.03
1022.62	1037.03
1022.78	1029.73
1022.94	1023.52
1023.10	1016.09
1023.26	1008.39
1023.43	1001.62
1023.59	993.93
1023.75	988.30
1023.91	980.86
1024.07	974.00
1024.24	966.91
1024.40	960.71
1024.56	953.35
1024.72	946.70
1024.88	939.72
1025.04	933.91
1025.21	928.52
1025.37	923.00
1025.53	917.04
1025.69	911.90
1025.85	905.66
1026.01	899.49
1026.18	893.14
1026.34	886.71
1026.50	880.36
1026.66	874.93
1026.82	868.88
1026.98	864.52
1027.14	858.26
1027.31	852.33
1027.47	846.51
1027.63	840.85
1027.79	834.71
1027.95	829.88
1028.11	825.27
1028.27	820.65
1028.44	813.83
1028.60	807.49
1028.76	801.07
1028.92	795.03
1029.08	789.01
1029.24	783.57
1029.40	777.23
1029.56	771.47
1029.73	765.30
1029.89	759.77
1030.05	754.43
1030.21	748.92
1030.37	741.65
1030.53	736.18
1030.69	730.70
1030.85	725.67
1031.01	719.39
1031.17	714.07
1031.34	708.30
1031.50	702.10
1031.66	695.24
1031.82	689.65
1031.98	683.83
1032.14	678.50
1032.30	672.93
1032.46	667.87
1032.62	662.08
1032.78	657.41
1032.94	652.12
1033.10	648.92
1033.27	644.40
1033.43	639.54
1033.59	634.20
1033.75	630.07
1033.91	623.83
1034.07	619.76
1034.23	613.88
1034.39	610.87
1034.55	605.72
1034.71	600.37
1034.87	596.35
1035.03	592.28
1035.19	588.23
1035.35	583.55
1035.51	579.22
1035.67	574.87
1035.83	570.76
1035.99	567.53
1036.16	562.73
1036.32	559.12
1036.48	553.27
1036.64	548.54
1036.80	543.32
1036.96	539.36
1037.12	534.44
1037.28	530.95
1037.44	526.09
1037.60	522.54
1037.76	517.01
1037.92	513.35
1038.08	508.92
1038.24	504.35
1038.40	500.12
1038.56	496.18
1038.72	492.09
1038.88	487.06
1039.04	482.53
1039.20	478.29
1039.36	473.13
1039.52	469.48
1039.68	464.83
1039.84	461.29
1040.00	458.28
1040.16	454.80
1040.32	450.69
1040.48	447.74
1040.64	443.95
1040.80	440.84
1040.96	436.34
1041.12	433.00
1041.28	429.69
1041.44	426.53
1041.60	423.11
1041.76	420.82
1041.92	410.23
1042.08	416.63
1042.24	401.11
1042.39	419.95
1042.55	391.54
1042.71	398.81
1042.87	409.15
1043.03	391.03
1043.19	393.59
