345.44	5.95
345.66	5.95
345.88	5.95
346.10	-2.86
346.31	-9.61
346.53	-9.82
346.75	0.22
346.97	8.20
347.19	12.50
347.41	12.30
347.63	40.56
347.85	3.90
348.07	-7.36
348.29	-11.66
348.51	10.87
348.73	12.50
348.95	16.60
349.17	-3.88
349.39	36.47
349.61	22.74
349.83	30.73
350.05	43.02
350.27	9.43
350.49	4.11
350.71	24.38
350.93	20.08
351.15	21.72
351.37	7.38
351.59	-4.49
351.80	14.35
352.02	17.01
352.24	12.09
352.46	20.70
352.68	19.88
352.90	18.44
353.12	24.79
353.34	29.91
353.56	21.72
353.78	27.45
354.00	4.72
354.22	16.19
354.44	28.48
354.66	28.27
354.88	36.47
355.09	23.36
355.31	-2.45
355.53	28.48
355.75	12.50
355.97	18.24
356.19	3.29
356.41	18.44
356.63	20.49
356.85	3.08
357.07	16.80
357.29	23.56
357.50	15.37
357.72	31.55
357.94	46.70
358.16	13.12
358.38	-2.04
358.60	16.19
358.82	27.25
359.04	20.29
359.26	29.91
359.48	25.41
359.69	4.93
359.91	1.44
360.13	26.63
360.35	40.36
360.57	14.76
360.79	0.83
361.01	6.97
361.23	101.80
361.45	30.32
361.66	14.35
361.88	27.86
362.10	24.38
362.32	-3.68
362.54	18.44
362.76	8.00
362.98	30.32
363.20	22.95
363.41	20.70
363.63	31.14
363.85	23.36
364.07	29.71
364.29	3.29
364.51	23.97
364.73	25.41
364.94	17.83
365.16	22.13
365.38	8.82
365.60	17.21
365.82	2.67
366.04	0.83
366.26	14.76
366.47	13.32
366.69	29.30
366.91	12.30
367.13	30.32
367.35	16.60
367.57	33.60
367.79	22.54
368.00	22.74
368.22	34.83
368.44	42.61
368.66	19.67
368.88	10.46
369.10	5.75
369.31	38.92
369.53	11.27
369.75	23.36
369.97	25.61
370.19	25.00
370.41	35.65
370.62	17.42
370.84	1.85
371.06	20.70
371.28	22.13
371.50	35.24
371.71	20.08
371.93	6.16
372.15	17.42
372.37	29.50
372.59	44.45
372.80	34.01
373.02	32.78
373.24	22.33
373.46	34.42
373.68	32.37
373.90	52.85
374.11	28.07
374.33	27.66
374.55	42.81
374.77	25.00
374.98	1.65
375.20	29.71
375.42	8.82
375.64	4.93
375.86	5.54
376.07	21.11
376.29	1.65
376.51	35.24
376.73	-1.83
376.95	25.82
377.16	39.74
377.38	25.82
377.60	55.10
377.82	10.05
378.03	17.01
378.25	22.74
378.47	9.23
378.69	17.83
378.91	28.48
379.12	30.73
379.34	20.08
379.56	46.30
379.78	23.15
379.99	25.00
380.21	36.26
380.43	24.38
380.65	32.37
380.86	35.65
381.08	25.00
381.30	17.21
381.52	18.44
381.73	23.56
381.95	-4.90
382.17	19.88
382.39	13.94
382.60	34.62
382.82	33.19
383.04	10.87
383.26	8.20
383.47	33.39
383.69	3.29
383.91	20.08
384.13	22.95
384.34	35.03
384.56	15.99
384.78	24.38
385.00	19.88
385.21	18.03
385.43	16.60
385.65	40.36
385.86	20.29
386.08	19.06
386.30	-1.42
386.52	8.00
386.73	44.66
386.95	34.62
387.17	33.80
387.38	10.87
387.60	10.46
387.82	12.30
388.04	34.62
388.25	40.97
388.47	5.54
388.69	22.13
388.90	-0.40
389.12	13.94
389.34	22.13
389.56	30.53
389.77	31.14
389.99	10.25
390.21	19.06
390.42	37.69
390.64	9.84
390.86	18.44
391.07	20.08
391.29	28.48
391.51	28.07
391.72	39.54
391.94	16.39
392.16	27.66
392.38	25.82
392.59	9.84
392.81	29.91
393.03	23.15
393.24	28.27
393.46	23.97
393.68	10.25
393.89	13.94
394.11	39.33
394.33	19.26
394.54	20.08
394.76	13.12
394.98	12.30
395.19	17.42
395.41	18.44
395.63	29.71
395.84	9.23
396.06	27.25
396.28	23.77
396.49	50.39
396.71	10.46
396.93	20.49
397.14	34.83
397.36	27.25
397.57	10.66
397.79	17.83
398.01	24.79
398.22	15.78
398.44	20.90
398.66	62.27
398.87	29.71
399.09	9.02
399.31	36.06
399.52	32.57
399.74	5.13
399.96	33.19
400.17	9.02
400.39	44.25
400.60	27.66
400.82	22.95
401.04	20.70
401.25	37.49
401.47	9.64
401.69	19.67
401.90	31.14
402.12	13.32
402.33	20.70
402.55	36.67
402.77	34.42
402.98	33.19
403.20	30.73
403.41	11.68
403.63	9.23
403.85	19.06
404.06	46.30
404.28	41.99
404.49	19.47
404.71	26.02
404.93	30.12
405.14	53.67
405.36	35.03
405.57	23.15
405.79	29.71
406.01	34.62
406.22	8.00
406.44	41.58
406.65	35.85
406.87	30.73
407.09	38.72
407.30	25.20
407.52	29.30
407.73	29.91
407.95	41.18
408.17	44.04
408.38	14.76
408.60	43.84
408.81	23.56
409.03	22.13
409.24	30.32
409.46	46.30
409.68	32.37
409.89	13.53
410.11	1.44
410.32	58.17
410.54	23.56
410.75	27.86
410.97	47.73
411.18	16.80
411.40	21.51
411.62	38.92
411.83	51.42
412.05	2.47
412.26	32.37
412.48	26.43
412.69	44.86
412.91	40.36
413.12	35.03
413.34	36.47
413.56	15.99
413.77	21.72
413.99	27.66
414.20	32.57
414.42	31.96
414.63	49.78
414.85	19.67
415.06	35.85
415.28	23.56
415.49	47.11
415.71	52.64
415.92	26.43
416.14	36.67
416.35	47.32
416.57	44.86
416.79	61.66
417.00	20.29
417.22	48.96
417.43	33.19
417.65	29.50
417.86	32.16
418.08	45.48
418.29	43.22
418.51	52.85
418.72	22.33
418.94	35.24
419.15	48.96
419.37	31.35
419.58	35.65
419.80	59.20
420.01	43.02
420.23	29.30
420.44	46.09
420.66	24.59
420.87	25.00
421.09	41.99
421.30	30.53
421.52	48.96
421.73	31.75
421.95	36.26
422.16	55.31
422.38	61.04
422.59	38.10
422.81	53.87
423.02	38.51
423.23	51.21
423.45	40.15
423.66	41.99
423.88	26.63
424.09	46.91
424.31	43.43
424.52	43.63
424.74	38.51
424.95	60.43
425.17	41.99
425.38	56.54
425.60	25.61
425.81	50.39
426.03	45.68
426.24	21.92
426.45	31.35
426.67	92.17
426.88	46.30
427.10	56.94
427.31	46.70
427.53	39.74
427.74	39.54
427.96	47.32
428.17	22.74
428.39	58.58
428.60	39.95
428.81	60.63
429.03	36.47
429.24	51.82
429.46	52.64
429.67	57.76
429.89	33.60
430.10	52.85
430.31	44.25
430.53	57.97
430.74	60.22
430.96	69.64
431.17	54.90
431.39	82.75
431.60	26.02
431.81	41.79
432.03	52.03
432.24	71.28
432.46	61.66
432.67	44.04
432.89	28.89
433.10	50.60
433.31	50.60
433.53	57.15
433.74	57.15
433.96	51.82
434.17	60.84
434.38	49.16
434.60	58.17
434.81	72.10
435.03	74.15
435.24	69.03
435.45	22.95
435.67	46.09
435.88	43.43
436.10	62.27
436.31	53.26
436.52	56.54
436.74	63.91
436.95	54.69
437.17	69.03
437.38	51.21
437.59	62.88
437.81	60.84
438.02	51.01
438.23	60.84
438.45	75.17
438.66	72.51
438.88	71.08
439.09	94.22
439.30	56.13
439.52	60.22
439.73	46.91
439.94	62.47
440.16	58.17
440.37	65.14
440.58	84.18
440.80	71.89
441.01	71.49
441.23	78.86
441.44	78.45
441.65	73.53
441.87	64.93
442.08	69.44
442.29	83.16
442.51	55.72
442.72	88.48
442.93	64.73
443.15	77.22
443.36	78.65
443.57	87.25
443.79	76.61
444.00	65.75
444.21	65.55
444.43	76.40
444.64	67.39
444.85	85.41
445.07	70.67
445.28	83.77
445.49	98.11
445.71	51.62
445.92	81.32
446.13	48.34
446.35	70.05
446.56	98.93
446.77	75.38
446.99	81.73
447.20	75.79
447.41	74.76
447.63	83.98
447.84	71.89
448.05	90.94
448.27	81.32
448.48	87.25
448.69	96.88
448.90	89.92
449.12	61.45
449.33	83.57
449.54	91.35
449.76	92.37
449.97	87.87
450.18	77.22
450.40	91.15
450.61	83.98
450.82	74.15
451.03	99.34
451.25	80.91
451.46	115.11
451.67	99.54
451.89	99.54
452.10	76.81
452.31	102.82
452.52	103.43
452.74	91.56
452.95	99.13
453.16	99.75
453.38	93.19
453.59	103.02
453.80	92.78
454.01	90.33
454.23	97.29
454.44	95.65
454.65	93.60
454.86	110.19
455.08	91.15
455.29	122.68
455.50	88.89
455.71	98.11
455.93	94.83
456.14	119.20
456.35	98.93
456.56	114.49
456.78	103.02
456.99	115.52
457.20	91.15
457.41	92.78
457.63	79.68
457.84	97.08
458.05	98.52
458.26	104.87
458.48	108.55
458.69	105.89
458.90	108.35
459.11	133.74
459.33	114.70
459.54	100.57
459.75	128.83
459.96	113.88
460.18	110.60
460.39	107.53
460.60	108.14
460.81	153.40
461.02	97.90
461.24	126.58
461.45	109.58
461.66	100.98
461.87	93.19
462.09	111.63
462.30	109.17
462.51	117.15
462.72	115.11
462.93	120.02
463.15	132.72
463.36	137.02
463.57	117.97
463.78	133.95
463.99	115.72
464.21	123.71
464.42	143.57
464.63	120.43
464.84	137.84
465.05	130.26
465.27	132.11
465.48	142.14
465.69	136.00
465.90	133.95
466.11	138.04
466.33	144.19
466.54	154.43
466.75	128.01
466.96	136.00
467.17	130.06
467.38	140.50
467.60	147.06
467.81	162.42
468.02	147.67
468.23	135.79
468.44	154.22
468.65	140.09
468.87	159.34
469.08	130.67
469.29	163.23
469.50	154.02
469.71	144.39
469.92	168.97
470.14	146.03
470.35	154.22
470.56	155.25
470.77	167.13
470.98	157.70
471.19	164.87
471.41	160.78
471.62	173.06
471.83	167.54
472.04	154.84
472.25	171.63
472.46	183.71
472.67	184.74
472.89	176.14
473.10	165.69
473.31	175.52
473.52	156.48
473.73	169.17
473.94	193.34
474.15	183.71
474.37	186.17
474.58	188.22
474.79	198.46
475.00	185.97
475.21	207.47
475.42	189.45
475.63	190.27
475.84	189.86
476.06	191.50
476.27	202.15
476.48	209.11
476.69	165.90
476.90	188.42
477.11	199.28
477.32	198.87
477.53	222.01
477.74	202.56
477.96	212.59
478.17	213.41
478.38	224.26
478.59	231.02
478.80	221.60
479.01	229.79
479.22	220.99
479.43	253.75
479.64	222.42
479.85	239.01
480.06	222.01
480.28	237.99
480.49	224.67
480.70	236.96
480.91	242.49
481.12	249.45
481.33	234.91
481.54	257.65
481.75	266.66
481.96	276.08
482.17	251.09
482.38	272.80
482.59	243.11
482.81	263.99
483.02	268.30
483.23	260.72
483.44	260.31
483.65	268.50
483.86	270.14
484.07	266.66
484.28	258.67
484.49	264.20
484.70	303.52
484.91	293.49
485.12	275.26
485.33	307.21
485.54	271.57
485.75	286.52
485.96	299.42
486.17	284.47
486.38	305.77
486.60	321.54
486.81	307.62
487.02	305.36
487.23	307.41
487.44	309.05
487.65	320.11
487.86	316.01
488.07	311.71
488.28	318.47
488.49	303.32
488.70	326.87
488.91	308.64
489.12	336.08
489.33	320.93
489.54	320.52
489.75	330.76
489.96	356.97
490.17	315.60
490.38	321.34
490.59	331.17
490.80	338.34
491.01	324.82
491.22	349.19
491.43	333.42
491.64	368.03
491.85	341.20
492.06	351.65
492.27	339.97
492.48	350.62
492.69	344.89
492.90	347.35
493.11	355.95
493.32	358.41
493.53	360.04
493.74	368.24
493.95	377.04
494.16	367.62
494.37	351.24
494.58	359.22
494.79	379.70
495.00	366.80
495.21	380.52
495.42	397.32
495.63	362.09
495.84	347.96
496.05	406.53
496.26	376.84
496.47	372.33
496.68	371.10
496.89	367.42
497.10	378.27
497.31	392.81
497.52	368.24
497.73	375.40
497.94	402.44
498.15	401.62
498.36	402.44
498.57	396.09
498.78	394.86
498.99	374.79
499.19	405.51
499.40	412.06
499.61	401.62
499.82	384.21
500.03	412.47
500.24	415.54
500.45	402.44
500.66	446.26
500.87	427.01
501.08	410.83
501.29	410.22
501.50	416.16
501.71	428.65
501.92	408.58
502.13	398.75
502.34	422.51
502.55	425.99
502.76	438.07
502.96	447.08
503.17	422.71
503.38	406.33
503.59	435.82
503.80	426.81
504.01	437.05
504.22	448.52
504.43	419.44
504.64	426.60
504.85	430.49
505.06	442.37
505.27	443.40
505.47	459.17
505.68	440.32
505.89	428.45
506.10	424.35
506.31	479.65
506.52	457.32
506.73	438.07
506.94	448.93
507.15	461.42
507.36	462.44
507.56	458.55
507.77	454.66
507.98	449.54
508.19	438.07
508.40	465.51
508.61	450.15
508.82	487.22
509.03	462.44
509.24	453.64
509.44	474.73
509.65	439.91
509.86	467.56
510.07	453.23
510.28	488.04
510.49	484.15
510.70	470.84
510.91	496.44
511.11	466.13
511.32	474.12
511.53	493.98
511.74	481.69
511.95	495.82
512.16	488.04
512.37	478.01
512.58	472.68
512.78	483.33
512.99	465.51
513.20	499.72
513.41	486.20
513.62	491.11
513.83	509.14
514.04	489.48
514.24	472.48
514.45	471.25
514.66	497.87
514.87	497.05
515.08	502.79
515.29	507.29
515.49	490.50
515.70	507.50
515.91	504.02
516.12	507.09
516.33	516.30
516.54	514.67
516.74	509.14
516.95	513.44
517.16	507.29
517.37	518.15
517.58	529.82
517.79	542.11
517.99	550.10
518.20	513.44
518.41	525.93
518.62	534.94
518.83	552.96
519.03	528.59
519.24	547.84
519.45	532.07
519.66	540.88
519.87	538.42
520.07	531.05
520.28	541.29
520.49	525.11
520.70	541.29
520.91	526.54
521.12	518.56
521.32	558.70
521.53	540.06
521.74	565.25
521.95	567.09
522.15	559.72
522.36	545.79
522.57	567.30
522.78	570.37
522.99	546.20
523.19	571.19
523.40	562.59
523.61	588.19
523.82	596.17
524.03	592.69
524.23	581.84
524.44	564.23
524.65	586.14
524.86	585.94
525.06	620.34
525.27	590.44
525.48	620.14
525.69	596.58
525.89	609.90
526.10	623.41
526.31	603.14
526.52	597.20
526.72	607.64
526.93	616.04
527.14	600.07
527.35	626.69
527.56	624.03
527.76	612.76
527.97	619.11
528.18	609.49
528.38	639.59
528.59	621.36
528.80	644.10
529.01	637.54
529.21	641.84
529.42	624.85
529.63	644.92
529.84	634.68
530.04	632.63
530.25	642.05
530.46	634.27
530.67	651.47
530.87	649.63
531.08	643.07
531.29	678.09
531.50	666.83
531.70	662.53
531.91	656.18
532.12	665.19
532.32	672.56
532.53	663.76
532.74	668.88
532.95	680.14
533.15	674.82
533.36	683.01
533.57	689.36
533.77	606.21
533.98	703.08
534.19	699.19
534.39	688.54
534.60	696.53
534.81	720.69
535.02	694.07
535.22	694.89
535.43	719.05
535.64	717.62
535.84	710.45
536.05	697.14
536.26	703.69
536.46	705.33
536.67	732.77
536.88	724.99
537.08	718.23
537.29	716.60
537.50	709.43
537.70	727.04
537.91	701.24
538.12	717.41
538.33	712.70
538.53	736.46
538.74	750.18
538.95	747.31
539.15	754.89
539.36	748.54
539.57	748.34
539.77	723.76
539.98	761.04
540.18	764.72
540.39	735.44
540.60	732.98
540.80	736.87
541.01	730.11
541.22	762.67
541.42	777.62
541.63	773.94
541.84	722.12
542.04	742.81
542.25	768.00
542.46	780.49
542.66	759.60
542.87	743.01
543.08	779.06
543.28	786.02
543.49	777.42
543.69	776.19
543.90	753.46
544.11	818.38
544.31	774.35
544.52	805.48
544.73	754.07
544.93	794.83
545.14	775.99
545.34	783.36
545.55	781.31
545.76	800.15
545.96	800.56
546.17	774.35
546.38	780.08
546.58	806.30
546.79	801.79
546.99	799.33
547.20	767.18
547.41	787.46
547.61	795.85
547.82	798.72
548.02	819.20
548.23	833.53
548.44	806.71
548.64	822.48
548.85	822.27
549.05	815.10
549.26	802.41
549.47	866.71
549.67	840.09
549.88	814.08
550.08	834.97
550.29	848.69
550.50	828.21
550.70	832.72
550.91	847.67
551.11	834.76
551.32	851.97
551.52	840.70
551.73	865.28
551.94	840.29
552.14	856.47
552.35	856.27
552.55	844.80
552.76	875.11
552.96	863.84
553.17	901.12
553.38	856.88
553.58	868.55
553.79	858.72
553.99	880.84
554.20	881.87
554.40	903.78
554.61	895.18
554.81	896.20
555.02	869.37
555.23	905.83
555.43	911.56
555.64	900.30
555.84	889.44
556.05	904.39
556.25	891.49
556.46	932.25
556.66	919.14
556.87	936.55
557.07	929.99
557.28	937.98
557.48	949.65
557.69	970.34
557.90	955.39
558.10	970.95
558.31	966.45
558.51	958.87
558.72	984.67
558.92	995.73
559.13	962.76
559.33	998.40
559.54	993.89
559.74	992.46
559.95	994.50
560.15	975.46
560.36	977.71
560.56	1004.34
560.77	1005.15
560.97	1013.14
561.18	1020.51
561.38	1039.76
561.59	1017.85
561.79	1077.86
562.00	1066.59
562.20	1093.63
562.41	1060.65
562.61	1089.53
562.82	1073.76
563.02	1114.11
563.23	1105.30
563.43	1090.55
563.64	1096.70
563.84	1125.78
564.05	1150.15
564.25	1143.39
564.46	1136.22
564.66	1176.16
564.87	1147.69
565.07	1180.46
565.28	1202.58
565.48	1213.84
565.68	1178.41
565.89	1212.00
566.09	1223.06
566.30	1201.14
566.50	1201.55
566.71	1230.02
566.91	1217.73
567.12	1273.44
567.32	1239.24
567.53	1278.15
567.73	1279.17
567.94	1292.48
568.14	1254.19
568.34	1328.73
568.55	1295.97
568.75	1322.18
568.96	1344.09
569.16	1343.89
569.37	1350.03
569.57	1373.38
569.78	1362.52
569.98	1392.63
570.18	1393.65
570.39	1380.14
570.59	1419.46
570.80	1388.74
571.00	1397.14
571.21	1437.69
571.41	1437.69
571.61	1424.37
571.82	1446.29
572.02	1460.62
572.23	1472.91
572.43	1456.53
572.64	1494.62
572.84	1521.45
573.04	1500.97
573.25	1555.44
573.45	1502.20
573.66	1534.76
573.86	1570.19
574.06	1568.35
574.27	1562.00
574.47	1622.00
574.68	1595.79
574.88	1650.88
575.08	1642.48
575.29	1624.05
575.49	1639.00
575.70	1639.00
575.90	1665.62
576.10	1678.53
576.31	1677.09
576.51	1645.35
576.72	1722.15
576.92	1683.03
577.12	1731.57
577.33	1718.87
577.53	1783.38
577.73	1722.15
577.94	1760.85
578.14	1806.73
578.35	1794.44
578.55	1833.97
578.75	1798.95
578.96	1815.95
579.16	1805.50
579.36	1861.82
579.57	1837.04
579.77	1879.23
579.98	1854.04
580.18	1909.54
580.38	1920.19
580.59	1913.43
580.79	1944.76
580.99	1919.78
581.20	1940.26
581.40	1943.12
581.60	1931.04
581.81	1973.23
582.01	1932.47
582.21	1971.59
582.42	1998.42
582.62	2022.38
582.82	2018.90
583.03	2000.47
583.23	2031.80
583.43	2059.04
583.64	1998.42
583.84	2049.62
584.04	2037.74
584.25	2084.43
584.45	2079.11
584.65	2105.73
584.86	2088.53
585.06	2092.63
585.26	2160.21
585.47	2141.57
585.67	2135.22
585.87	2151.40
586.08	2152.43
586.28	2139.52
586.48	2162.05
586.69	2167.58
586.89	2169.63
587.09	2198.10
587.30	2188.47
587.50	2219.19
587.70	2253.19
587.90	2258.92
588.11	2242.13
588.31	2240.49
588.51	2272.64
588.72	2256.46
588.92	2294.35
589.12	2297.83
589.33	2284.52
589.53	2276.53
589.73	2315.44
589.93	2336.54
590.14	2336.33
590.34	2336.54
590.54	2349.24
590.75	2364.39
590.95	2370.74
591.15	2390.81
591.35	2407.40
591.56	2433.00
591.76	2362.14
591.96	2440.37
592.16	2423.78
592.37	2441.39
592.57	2436.68
592.77	2441.39
592.97	2495.26
593.18	2476.21
593.38	2474.98
593.58	2516.15
593.79	2515.33
593.99	2512.05
594.19	2545.02
594.39	2520.24
594.60	2540.31
594.80	2545.43
595.00	2553.83
595.20	2579.43
595.41	2620.59
595.61	2561.20
595.81	2575.33
596.01	2590.90
596.21	2627.56
596.42	2621.00
596.62	2642.91
596.82	2684.49
597.02	2688.58
597.23	2645.37
597.43	2685.10
597.63	2685.10
597.83	2701.49
598.04	2702.10
598.24	2719.92
598.44	2747.57
598.64	2728.11
598.84	2733.64
599.05	2776.24
599.25	2765.18
599.45	2774.19
599.65	2768.86
599.85	2795.08
600.06	2830.51
600.26	2787.91
600.46	2827.23
600.66	2867.99
600.87	2856.93
601.07	2844.03
601.27	2894.41
601.47	2857.54
601.67	2900.55
601.87	2953.59
602.08	2922.46
602.28	2909.97
602.48	2901.57
602.68	2939.05
602.88	2954.00
603.09	2913.86
603.29	2989.64
603.49	2973.87
603.69	2971.61
603.89	2973.46
604.10	2990.46
604.30	3015.03
604.50	3016.46
604.70	3024.04
604.90	3051.48
605.10	3059.68
605.31	3062.13
605.51	3062.75
605.71	3038.17
605.91	3053.33
606.11	3099.61
606.31	3120.71
606.52	3109.24
606.72	3138.52
606.92	3118.66
607.12	3138.32
607.32	3165.35
607.52	3192.59
607.72	3176.00
607.93	3172.93
608.13	3164.74
608.33	3175.18
608.53	3180.30
608.73	3233.96
608.93	3253.62
609.13	3269.18
609.34	3198.73
609.54	3236.01
609.74	3283.72
609.94	3239.90
610.14	3311.99
610.34	3331.85
610.54	3284.75
610.74	3336.97
610.95	3335.74
611.15	3328.98
611.35	3309.94
611.55	3303.38
611.75	3347.21
611.95	3344.96
612.15	3344.14
612.35	3339.43
612.56	3365.85
612.76	3402.30
612.96	3399.43
613.16	3346.39
613.36	3488.93
613.56	3472.14
613.76	3456.78
613.96	3483.20
614.16	3419.30
614.36	3431.79
614.57	3468.45
614.77	3442.85
614.97	3501.83
615.17	3510.43
615.37	3486.47
615.57	3528.87
615.77	3542.18
615.97	3516.37
616.17	3543.41
616.37	3576.17
616.57	3529.69
616.78	3578.84
616.98	3557.74
617.18	3603.41
617.38	3599.93
617.58	3579.86
617.78	3652.15
617.98	3543.20
618.18	3603.82
618.38	3657.07
618.58	3669.97
618.78	3618.57
618.98	3661.78
619.18	3620.00
619.38	3617.13
619.58	3736.73
619.79	3765.41
619.99	3695.78
620.19	3743.08
620.39	3751.28
620.59	3682.46
620.79	3751.07
620.99	3771.14
621.19	3763.36
621.39	3776.88
621.59	3745.54
621.79	3739.81
621.99	3778.51
622.19	3757.83
622.39	3806.78
622.59	3789.57
622.79	3847.12
622.99	3836.27
623.19	3812.30
623.39	3856.75
623.59	3837.50
623.79	3817.83
623.99	3868.01
624.19	3870.26
624.39	3897.50
624.59	3891.56
624.79	3888.28
624.99	3904.67
625.19	3919.82
625.39	3924.94
625.59	3923.92
625.79	3852.24
625.99	3913.27
626.19	3919.41
626.39	3938.26
626.59	3958.53
626.79	3929.04
626.99	3932.93
627.19	3975.94
627.39	4046.59
627.59	4019.15
627.79	4009.93
627.99	3999.69
628.19	4020.99
628.39	4057.65
628.59	4085.09
628.79	4008.09
628.99	4060.11
629.19	4101.89
629.39	4082.23
629.59	4010.75
629.79	4086.32
629.99	4120.52
630.19	4113.97
630.39	4090.01
630.59	4115.40
630.79	4111.31
630.99	4137.93
631.19	4060.11
631.39	4147.56
631.59	4133.43
631.79	4141.82
631.99	4136.09
632.19	4139.57
632.39	4148.58
632.59	4195.07
632.79	4188.31
632.99	4220.47
633.19	4184.42
633.39	4174.59
633.58	4195.48
633.78	4236.85
633.98	4203.88
634.18	4257.94
634.38	4276.17
634.58	4231.32
634.78	4244.22
634.98	4270.64
635.18	4237.67
635.38	4241.76
635.58	4249.75
635.78	4289.48
635.98	4259.17
636.18	4285.59
636.38	4295.01
636.57	4282.52
636.77	4278.22
636.97	4365.67
637.17	4250.98
637.37	4328.19
637.57	4338.22
637.77	4352.15
637.97	4356.86
638.17	4348.05
638.37	4419.94
638.57	4342.73
638.76	4424.03
638.96	4370.38
639.16	4379.59
639.36	4417.27
639.56	4392.08
639.76	4410.93
639.96	4433.45
640.16	4420.96
640.36	4438.16
640.56	4431.00
640.75	4407.04
640.95	4454.14
641.15	4449.22
641.35	4466.02
641.55	4477.08
641.75	4492.44
641.95	4508.82
642.15	4474.00
642.34	4453.52
642.54	4522.34
642.74	4515.58
642.94	4563.91
643.14	4519.88
643.34	4512.92
643.54	4574.76
643.74	4531.55
643.93	4547.32
644.13	4547.94
644.33	4547.12
644.53	4563.91
644.73	4613.68
644.93	4578.45
645.13	4589.71
645.32	4614.49
645.52	4598.32
645.72	4625.96
645.92	4633.95
646.12	4604.25
646.32	4652.18
646.52	4627.19
646.71	4687.40
646.91	4659.96
647.11	4648.90
647.31	4654.63
647.51	4675.52
647.71	4671.43
647.90	4674.91
648.10	4668.36
648.30	4706.04
648.50	4736.14
648.70	4680.64
648.89	4732.05
649.09	4697.85
649.29	4743.72
649.49	4688.22
649.69	4746.59
649.89	4754.37
650.08	4762.56
650.28	4786.32
650.48	4775.46
650.68	4850.83
650.88	4795.94
651.07	4774.03
651.27	4796.97
651.47	4791.44
651.67	4850.01
651.87	4794.10
652.06	4826.66
652.26	4788.78
652.46	4837.93
652.66	4888.51
652.86	4914.32
653.05	4870.70
653.25	4939.51
653.45	4868.85
653.65	4900.80
653.85	4941.35
654.04	4917.39
654.24	4920.05
654.44	4946.06
654.64	4934.59
654.83	4929.27
655.03	4996.03
655.23	4915.96
655.43	4981.70
655.63	4957.32
655.82	5044.77
656.02	4949.54
656.22	5045.18
656.42	5037.20
656.61	5018.56
656.81	5018.56
657.01	5059.52
657.21	5092.08
657.40	5058.08
657.60	5073.03
657.80	5027.36
658.00	5069.14
658.19	5102.73
658.39	5079.38
658.59	5121.37
658.79	5133.04
658.98	5126.28
659.18	5105.39
659.38	5106.21
659.58	5101.71
659.77	5185.88
659.97	5125.87
660.17	5135.91
660.36	5191.61
660.56	5205.13
660.76	5174.61
660.96	5232.37
661.15	5205.74
661.35	5171.75
661.55	5222.95
661.75	5219.05
661.94	5208.81
662.14	5203.29
662.34	5234.62
662.53	5230.93
662.73	5293.60
662.93	5262.88
663.13	5261.65
663.32	5251.21
663.52	5324.73
663.72	5386.99
663.91	5295.65
664.11	5332.51
664.31	5333.33
664.50	5373.88
664.70	5354.22
664.90	5329.44
665.10	5357.91
665.29	5373.68
665.49	5405.42
665.69	5413.41
665.88	5406.85
666.08	5427.13
666.28	5405.22
666.47	5439.21
666.67	5451.91
666.87	5369.58
667.06	5466.65
667.26	5467.06
667.46	5499.63
667.65	5388.83
667.85	5466.45
668.05	5536.90
668.24	5452.32
668.44	5500.45
668.64	5517.65
668.83	5547.55
669.03	5514.17
669.23	5552.67
669.42	5546.52
669.62	5478.94
669.82	5624.55
670.01	5535.67
670.21	5519.49
670.41	5541.41
670.60	5572.33
670.80	5642.17
671.00	5631.31
671.19	5637.25
671.39	5542.63
671.58	5606.12
671.78	5613.08
671.98	5656.09
672.17	5704.83
672.37	5658.55
672.57	5696.23
672.76	5734.53
672.96	5687.22
673.15	5780.61
673.35	5712.41
673.55	5718.76
673.74	5771.19
673.94	5753.16
674.14	5783.68
674.33	5758.08
674.53	5773.85
674.72	5762.38
674.92	5761.77
675.12	5870.92
675.31	5818.09
675.51	5856.59
675.70	5857.20
675.90	5832.63
676.10	5882.39
676.29	5869.28
676.49	5903.28
676.68	5849.42
676.88	5835.90
677.08	5927.45
677.27	5905.94
677.47	5935.84
677.66	5893.66
677.86	5958.58
678.06	5889.35
678.25	5946.70
678.45	6035.99
678.64	5955.09
678.84	6027.59
679.03	5950.38
679.23	6008.75
679.43	5931.13
679.62	5967.79
679.82	5939.53
680.01	6026.77
680.21	5998.72
680.40	6017.35
680.60	5989.30
680.80	6008.14
680.99	6022.06
681.19	6014.69
681.38	6067.73
681.58	6069.99
681.77	6059.54
681.97	6026.16
682.16	6071.01
682.36	6078.59
682.56	6072.85
682.75	6152.52
682.95	6136.14
683.14	6092.10
683.34	6097.22
683.53	6114.84
683.73	6074.70
683.92	6133.47
684.12	6147.81
684.31	6147.81
684.51	6212.93
684.70	6181.40
684.90	6191.23
685.10	6242.63
685.29	6127.74
685.49	6232.59
685.68	6208.63
685.88	6217.44
686.07	6273.96
686.27	6252.66
686.46	6233.00
686.66	6234.85
686.85	6237.10
687.05	6181.40
687.24	6248.57
687.44	6309.80
687.63	6338.47
687.83	6344.21
688.02	6350.35
688.22	6307.14
688.41	6316.97
688.61	6289.73
688.80	6334.79
689.00	6403.80
689.19	6377.59
689.39	6319.84
689.58	6433.30
689.78	6339.29
689.97	6396.23
690.17	6366.53
690.36	6490.02
690.56	6355.06
690.75	6401.96
690.95	6427.15
691.14	6425.72
691.34	6466.06
691.53	6411.18
691.72	6409.13
691.92	6425.72
692.11	6420.80
692.31	6483.88
692.50	6455.00
692.70	6466.27
692.89	6436.98
693.09	6502.31
693.28	6503.34
693.48	6487.36
693.67	6419.37
693.87	6504.16
694.06	6521.97
694.25	6480.19
694.45	6515.42
694.64	6571.94
694.84	6563.14
695.03	6486.95
695.23	6536.72
695.42	6582.39
695.62	6620.27
695.81	6561.50
696.00	6560.47
696.20	6594.47
696.39	6576.65
696.59	6506.41
696.78	6539.38
696.98	6631.13
697.17	6598.57
697.36	6635.84
697.56	6623.96
697.75	6642.19
697.95	6541.02
698.14	6649.36
698.34	6657.34
698.53	6638.71
698.72	6667.99
698.92	6649.56
699.11	6712.84
699.31	6650.58
699.50	6662.26
699.69	6740.49
699.89	6665.54
700.08	6743.77
700.28	6673.73
700.47	6715.10
700.66	6741.92
700.86	6695.84
701.05	6736.39
701.25	6757.28
701.44	6715.92
701.63	6719.19
701.83	6784.32
702.02	6728.20
702.21	6747.86
702.41	6850.06
702.60	6784.93
702.80	6713.25
702.99	6755.65
703.18	6818.72
703.38	6862.34
703.57	6762.20
703.77	6793.94
703.96	6820.16
704.15	6772.85
704.35	6860.50
704.54	6820.16
704.73	6826.71
704.93	6833.88
705.12	6832.03
705.31	6816.47
705.51	6809.92
705.70	6843.50
705.89	6875.25
706.09	6815.24
706.28	6925.83
706.48	6882.01
706.67	6901.87
706.86	6786.16
707.06	6832.03
707.25	6870.33
707.44	6831.01
707.64	6930.54
707.83	6928.90
708.02	6861.73
708.22	6925.83
708.41	6868.69
708.60	6895.93
708.80	6889.38
708.99	6934.23
709.18	6912.52
709.38	6967.20
709.57	7098.07
709.76	6961.88
709.95	6936.28
710.15	6995.26
710.34	6956.96
710.53	6929.52
710.73	7021.47
710.92	6936.48
711.11	6938.73
711.31	7002.63
711.50	6942.83
711.69	7030.48
711.89	7008.77
712.08	7038.47
712.27	7020.04
712.46	7059.56
712.66	7048.91
712.85	6961.26
713.04	7033.96
713.24	7010.41
713.43	6949.79
713.62	6958.80
713.81	6972.32
714.01	7043.59
714.20	7037.04
714.39	7076.97
714.59	6988.29
714.78	7113.84
714.97	7040.31
715.16	7075.74
715.36	7065.09
715.55	7031.92
715.74	7100.93
715.93	7100.73
716.13	7064.89
716.32	7031.51
716.51	7050.96
716.71	7046.87
716.90	7030.07
717.09	7067.14
717.28	7055.67
717.48	7021.06
717.67	7065.30
717.86	7047.69
718.05	7091.72
718.25	7022.91
718.44	7058.34
718.63	7097.25
718.82	7105.03
719.02	7032.53
719.21	7034.17
719.40	7042.16
719.59	7099.70
719.78	7062.64
719.98	7017.17
720.17	7063.05
720.36	7043.18
720.55	7093.56
720.75	7029.25
720.94	7043.79
721.13	7052.60
721.32	7090.49
721.51	7029.87
721.71	7045.23
721.90	6988.70
722.09	7062.23
722.28	6985.02
722.48	7047.07
722.67	7045.64
722.86	7019.01
723.05	7083.12
723.24	7067.14
723.44	7107.90
723.63	7100.73
723.82	7089.46
724.01	7072.67
724.20	7038.88
724.40	7073.49
724.59	7131.45
724.78	7051.37
724.97	7099.50
725.16	7091.51
725.35	7125.30
725.55	7123.87
725.74	7117.11
725.93	7098.48
726.12	7153.98
726.31	7109.74
726.51	7110.15
726.70	7113.84
726.89	7162.99
727.08	7117.52
727.27	7138.41
727.46	7163.60
727.66	7111.58
727.85	7134.93
728.04	7080.86
728.23	7229.14
728.42	7170.56
728.61	7134.32
728.81	7134.72
729.00	7152.95
729.19	7219.31
729.38	7175.48
729.57	7163.40
729.76	7086.19
729.95	7251.66
730.15	7219.31
730.34	7180.19
730.53	7180.80
730.72	7262.72
730.91	7283.20
731.10	7176.71
731.29	7256.58
731.49	7218.69
731.68	7219.31
731.87	7254.53
732.06	7189.41
732.25	7273.58
732.44	7152.54
732.63	7303.48
732.82	7254.74
733.02	7232.82
733.21	7185.51
733.40	7211.73
733.59	7310.44
733.78	7292.83
733.97	7171.79
734.16	7256.99
734.35	7263.13
734.54	7228.93
734.74	7260.47
734.93	7267.43
735.12	7295.90
735.31	7248.18
735.50	7286.89
735.69	7213.98
735.88	7283.82
736.07	7376.59
736.26	7284.02
736.45	7328.87
736.64	7372.08
736.84	7313.92
737.03	7387.03
737.22	7309.83
737.41	7351.60
737.60	7320.07
737.79	7323.14
737.98	7395.02
738.17	7321.29
738.36	7350.58
738.55	7312.08
738.74	7348.12
738.93	7351.40
739.12	7336.04
739.32	7378.43
739.51	7379.05
739.70	7408.33
739.89	7421.44
740.08	7370.45
740.27	7346.89
740.46	7320.89
740.65	7381.50
740.84	7405.67
741.03	7409.15
741.22	7397.68
741.41	7410.18
741.60	7356.11
741.79	7413.66
741.98	7398.30
742.17	7359.39
742.36	7347.92
742.55	7387.65
742.74	7363.07
742.93	7493.12
743.12	7420.62
743.31	7411.20
743.51	7477.55
743.70	7487.18
743.89	7492.91
744.08	7359.18
744.27	7447.24
744.46	7453.80
744.65	7429.22
744.84	7427.38
745.03	7513.60
745.22	7397.89
745.41	7478.37
745.60	7522.81
745.79	7440.49
745.98	7448.88
746.17	7429.22
746.36	7537.97
746.55	7438.85
746.74	7519.74
746.93	7443.35
747.12	7449.29
747.31	7522.41
747.50	7506.64
747.69	7512.78
747.88	7549.03
748.07	7457.28
748.26	7536.95
748.45	7523.43
748.64	7493.12
748.83	7528.34
749.02	7497.01
749.21	7503.77
749.40	7573.60
749.59	7455.85
749.77	7546.37
749.96	7458.71
750.15	7490.66
750.34	7612.31
750.53	7560.50
750.72	7537.56
750.91	7501.11
751.10	7592.45
751.29	7493.73
751.48	7526.30
751.67	7553.74
751.86	7511.55
752.05	7532.85
752.24	7484.31
752.43	7604.73
752.62	7648.36
752.81	7531.83
753.00	7557.43
753.19	7617.23
753.38	7561.52
753.57	7536.33
753.76	7536.74
753.94	7569.92
754.13	7558.86
754.32	7559.47
754.51	7597.16
754.70	7627.88
754.89	7618.45
755.08	7615.59
755.27	7592.04
755.46	7638.12
755.65	7563.16
755.84	7525.27
756.03	7565.21
756.22	7511.76
756.40	7575.45
756.59	7597.98
756.78	7572.79
756.97	7591.42
757.16	7588.14
757.35	7602.89
757.54	7616.20
757.73	7649.17
757.92	7504.79
758.11	7682.56
758.29	7663.72
758.48	7639.75
758.67	7656.75
758.86	7583.64
759.05	7643.24
759.24	7645.90
759.43	7688.70
759.62	7630.54
759.81	7712.87
759.99	7624.80
760.18	7691.36
760.37	7739.08
760.56	7566.64
760.75	7617.84
760.94	7598.18
761.13	7684.60
761.32	7661.67
761.50	7680.71
761.69	7748.91
761.88	7674.77
762.07	7589.37
762.26	7702.01
762.45	7637.91
762.64	7720.24
762.82	7776.97
763.01	7709.18
763.20	7672.73
763.39	7604.32
763.58	7597.98
763.77	7682.76
763.96	7715.73
764.14	7672.32
764.33	7651.22
764.52	7669.65
764.71	7696.69
764.90	7772.67
765.09	7724.13
765.27	7732.94
765.46	7725.97
765.65	7750.55
765.84	7738.88
766.03	7748.09
766.22	7719.21
766.40	7703.45
766.59	7725.97
766.78	7770.00
766.97	7685.63
767.16	7714.10
767.35	7740.31
767.53	7680.51
767.72	7748.91
767.91	7707.13
768.10	7766.11
768.29	7771.64
768.47	7765.09
768.66	7753.83
768.85	7732.73
769.04	7749.52
769.23	7763.25
769.41	7746.25
769.60	7768.37
769.79	7759.15
769.98	7739.69
770.17	7764.48
770.35	7760.17
770.54	7790.28
770.73	7844.96
770.92	7766.32
771.10	7710.00
771.29	7866.87
771.48	7790.69
771.67	7748.91
771.86	7804.82
772.04	7823.66
772.23	7870.76
772.42	7744.00
772.61	7749.93
772.79	7755.05
772.98	7867.69
773.17	7778.61
773.36	7779.83
773.54	7821.00
773.73	7773.90
773.92	7785.36
774.11	7822.02
774.30	7803.39
774.48	7730.27
774.67	7750.34
774.86	7877.32
775.05	7859.91
775.23	7829.60
775.42	7799.70
775.61	7938.76
775.79	7932.82
775.98	7910.29
776.17	7849.67
776.36	7880.80
776.54	8022.31
776.73	7888.79
776.92	7872.40
777.11	7796.63
777.29	7882.23
777.48	7841.07
777.67	7911.11
777.85	7885.71
778.04	7953.91
778.23	7958.83
778.42	8005.93
778.60	7836.15
778.79	7964.77
778.98	7939.37
779.16	7963.54
779.35	7980.13
779.54	8003.27
779.73	7949.41
779.91	7964.56
780.10	7932.82
780.29	7902.92
780.47	7956.16
780.66	7940.60
780.85	7900.87
781.03	7927.29
781.22	7951.45
781.41	7947.15
781.60	7954.12
781.78	7947.56
781.97	7955.76
782.16	7953.71
782.34	8012.89
782.53	7991.39
782.72	7938.96
782.90	7969.27
783.09	7917.87
783.28	8045.46
783.46	7936.50
783.65	7917.46
783.84	7969.68
784.02	7998.15
784.21	7988.52
784.40	7992.00
784.58	8044.02
784.77	7994.26
784.96	7975.83
785.14	8029.07
785.33	8040.95
785.52	8032.55
785.70	7954.73
785.89	7998.56
786.08	7994.46
786.26	8044.23
786.45	7896.98
786.63	7956.78
786.82	7965.38
787.01	8013.71
787.19	8005.73
787.38	8091.74
787.57	8021.90
787.75	8043.20
787.94	8070.03
788.13	8090.72
788.31	8110.17
788.50	8047.50
788.68	8016.99
788.87	8090.51
789.06	8030.30
789.24	8015.56
789.43	8213.39
789.61	8166.29
789.80	8079.66
789.99	8099.73
790.17	8234.07
790.36	8126.56
790.55	8142.73
790.73	8101.78
790.92	8199.67
791.10	8143.76
791.29	8190.04
791.48	8148.26
791.66	8211.34
791.85	8147.65
792.03	8240.01
792.22	8305.55
792.40	8258.04
792.59	8200.90
792.78	8311.08
792.96	8290.60
793.15	8279.74
793.33	8377.23
793.52	8355.52
793.71	8415.52
793.89	8379.28
794.08	8414.30
794.26	8335.24
794.45	8381.32
794.63	8348.97
794.82	8399.35
795.01	8424.33
795.19	8442.15
795.38	8419.62
795.56	8412.66
795.75	8487.20
795.93	8511.98
796.12	8509.73
796.30	8468.57
796.49	8521.20
796.68	8530.82
796.86	8520.38
797.05	8547.21
797.23	8639.57
797.42	8570.35
797.60	8646.94
797.79	8627.69
797.97	8602.71
798.16	8638.14
798.34	8624.62
798.53	8708.59
798.71	8661.08
798.90	8657.59
799.08	8638.75
799.27	8714.94
799.46	8667.42
799.64	8776.17
799.83	8747.30
800.01	8726.82
800.20	8758.97
800.38	8693.84
800.57	8791.74
800.75	8754.87
800.94	8800.34
801.12	8774.74
801.31	8824.71
801.49	8865.67
801.68	8859.32
801.86	8885.53
802.05	8843.14
802.23	8887.79
802.42	8949.02
802.60	8967.45
802.79	8887.99
802.97	8924.85
803.16	8903.96
803.34	9004.72
803.53	8961.72
803.71	9027.05
803.90	8994.89
804.08	9054.29
804.27	9013.94
804.45	8958.03
804.63	8959.46
804.82	8953.12
805.00	9011.48
805.19	9047.94
805.37	8983.84
805.56	9075.99
805.74	9043.23
805.93	9007.80
806.11	9019.47
806.30	9042.20
806.48	8992.64
806.67	9045.89
806.85	9162.42
807.04	9106.30
807.22	9184.74
807.40	9140.51
807.59	9117.77
807.77	9203.38
807.96	9083.16
808.14	9104.87
808.33	9143.37
808.51	9120.64
808.69	9153.41
808.88	9242.08
809.06	9047.12
809.25	9133.95
809.43	9093.40
809.62	9102.82
809.80	9170.41
809.99	9174.91
810.17	9105.28
810.35	9276.90
810.54	9224.88
810.72	9209.11
810.91	9318.88
811.09	9353.08
811.27	9222.83
811.46	9256.83
811.64	9240.65
811.83	9261.75
812.01	9248.02
812.19	9251.10
812.38	9286.53
812.56	9307.21
812.75	9368.85
812.93	9324.82
813.11	9287.55
813.30	9384.62
813.48	9352.27
813.67	9259.90
813.85	9305.98
814.03	9367.42
814.22	9341.00
814.40	9287.14
814.59	9316.63
814.77	9336.09
814.95	9312.13
815.14	9321.14
815.32	9378.48
815.50	9360.46
815.69	9355.95
815.87	9399.57
816.06	9333.01
816.24	9398.96
816.42	9419.85
816.61	9440.12
816.79	9392.41
816.97	9379.50
817.16	9389.13
817.34	9379.09
817.52	9396.50
817.71	9434.59
817.89	9409.40
818.07	9533.51
818.26	9427.43
818.44	9433.77
818.63	9417.19
818.81	9421.49
818.99	9333.63
819.18	9470.02
819.36	9428.45
819.54	9394.04
819.73	9485.18
819.91	9435.82
820.09	9512.01
820.28	9484.56
820.46	9491.73
820.64	9435.41
820.83	9463.06
821.01	9465.72
821.19	9464.49
821.37	9430.91
821.56	9533.72
821.74	9526.75
821.92	9542.11
822.11	9535.76
822.29	9566.89
822.47	9545.39
822.66	9583.48
822.84	9585.53
823.02	9559.11
823.21	9495.83
823.39	9526.14
823.57	9571.19
823.75	9512.62
823.94	9598.23
824.12	9552.76
824.30	9548.67
824.49	9552.35
824.67	9597.41
824.85	9639.80
825.03	9563.41
825.22	9610.10
825.40	9629.56
825.58	9634.48
825.77	9597.00
825.95	9538.22
826.13	9677.28
826.31	9700.62
826.50	9706.97
826.68	9599.25
826.86	9631.40
827.04	9676.25
827.23	9703.90
827.41	9644.31
827.59	9637.75
827.78	9726.63
827.96	9711.89
828.14	9692.23
828.32	9724.38
828.51	9668.06
828.69	9693.66
828.87	9725.61
829.05	9745.68
829.23	9745.27
829.42	9739.13
829.60	9724.18
829.78	9716.60
829.96	9675.64
830.15	9689.77
830.33	9790.53
830.51	9749.57
830.69	9642.26
830.88	9776.60
831.06	9812.03
831.24	9744.25
831.42	9757.97
831.60	9763.70
831.79	9774.76
831.97	9829.03
832.15	9790.94
832.33	9859.14
832.52	9779.68
832.70	9883.92
832.88	9832.31
833.06	9819.41
833.24	9826.37
833.43	9803.23
833.61	9898.46
833.79	9850.13
833.97	9831.90
834.15	9884.12
834.34	9944.33
834.52	9827.80
834.70	9869.38
834.88	9917.50
835.06	9966.45
835.25	9934.09
835.43	9945.36
835.61	9998.19
835.79	10027.07
835.97	10054.51
836.15	10046.12
836.34	9894.36
836.52	9917.91
836.70	10043.45
836.88	9972.39
837.06	9992.67
837.24	10009.46
837.43	10018.06
837.61	9964.81
837.79	10046.12
837.97	9990.82
838.15	10008.43
838.33	10042.84
838.52	10070.08
838.70	10112.47
838.88	9998.40
839.06	10118.82
839.24	10108.17
839.42	10057.18
839.60	10140.94
839.79	10069.26
839.97	10157.12
840.15	10201.97
840.33	10124.76
840.51	10178.83
840.69	10124.76
840.87	10150.56
841.06	10130.70
841.24	10145.24
841.42	10140.53
841.60	10198.90
841.78	10206.47
841.96	10202.99
842.14	10252.96
842.32	10211.80
842.51	10285.93
842.69	10281.63
842.87	10171.86
843.05	10246.41
843.23	10202.99
843.41	10268.73
843.59	10212.21
843.77	10287.78
843.95	10287.16
844.14	10208.73
844.32	10236.99
844.50	10294.13
844.68	10348.40
844.86	10393.04
845.04	10322.18
845.22	10360.69
845.40	10327.51
845.58	10429.09
845.76	10314.61
845.94	10360.89
846.12	10331.81
846.31	10356.59
846.49	10395.71
846.67	10377.48
846.85	10405.74
847.03	10392.63
847.21	10444.86
847.39	10314.40
847.57	10354.75
847.75	10439.33
847.93	10441.58
848.11	10454.48
848.29	10421.10
848.47	10466.16
848.65	10351.26
848.83	10420.28
849.02	10442.60
849.20	10522.27
849.38	10452.02
849.56	10516.13
849.74	10456.73
849.92	10466.97
850.10	10498.72
850.28	10563.02
850.46	10490.94
850.64	10506.91
850.82	10474.14
851.00	10439.33
851.18	10496.47
851.36	10499.54
851.54	10486.23
851.72	10502.40
851.90	10556.06
852.08	10534.35
852.26	10466.16
852.44	10515.72
852.62	10564.66
852.80	10655.80
852.98	10546.44
853.16	10619.34
853.34	10575.72
853.52	10539.27
853.70	10550.94
853.88	10629.58
854.06	10607.26
854.24	10542.34
854.42	10620.98
854.60	10669.31
854.78	10596.82
854.96	10649.24
855.14	10658.66
855.32	10620.78
855.50	10699.42
855.68	10641.67
855.86	10660.10
856.04	10577.16
856.22	10627.94
856.40	10646.79
856.58	10562.21
856.76	10524.32
856.94	10687.34
857.12	10596.61
857.30	10633.68
857.48	10644.94
857.66	10789.32
857.84	10646.79
858.02	10676.89
858.20	10754.51
858.38	10750.41
858.56	10778.88
858.74	10802.43
858.92	10764.95
859.10	10739.76
859.28	10729.93
859.46	10789.12
859.64	10786.66
859.81	10736.28
859.99	10643.71
860.17	10783.39
860.35	10764.75
860.53	10708.23
860.71	10709.45
860.89	10714.37
861.07	10668.29
861.25	10750.82
861.43	10781.75
861.61	10888.86
861.79	10719.49
861.97	10733.82
862.15	10823.73
862.33	10804.48
862.50	10865.71
862.68	10780.93
862.86	10779.29
863.04	10908.31
863.22	10853.43
863.40	10834.99
863.58	10926.54
863.76	10832.95
863.94	10835.61
864.12	10793.01
864.30	10878.82
864.47	10858.75
864.65	10745.70
864.83	10791.17
865.01	10751.64
865.19	10784.41
865.37	10942.10
865.55	10784.41
865.73	10787.48
865.91	10897.87
866.09	10884.76
866.26	10904.22
866.44	10816.97
866.62	10945.58
866.80	10931.25
866.98	10810.01
867.16	10829.47
867.34	10920.60
867.52	10897.25
867.69	10809.80
867.87	10899.92
868.05	10754.71
868.23	10759.42
868.41	10775.19
868.59	10849.33
868.77	10806.32
868.94	10810.01
869.12	10769.66
869.30	10820.66
869.48	10783.39
869.66	10820.25
869.84	10806.32
870.02	10755.12
870.19	10821.07
870.37	10704.74
870.55	10693.48
870.73	10632.25
870.91	10767.21
871.09	10735.87
871.26	10759.22
871.44	10684.06
871.62	10635.32
871.80	10769.66
871.98	10627.33
872.16	10743.45
872.33	10610.33
872.51	10656.00
872.69	10657.23
872.87	10655.39
873.05	10727.48
873.22	10678.53
873.40	10623.85
873.58	10657.23
873.76	10530.46
873.94	10595.59
874.12	10574.08
874.29	10529.44
874.47	10592.52
874.65	10582.68
874.83	10547.66
875.01	10452.84
875.18	10495.44
875.36	10572.04
875.54	10522.27
875.72	10431.34
875.89	10518.38
876.07	10479.26
876.25	10489.30
876.43	10445.47
876.61	10432.36
876.78	10548.89
876.96	10495.24
877.14	10520.84
877.32	10539.27
877.49	10462.88
877.67	10629.99
877.85	10509.37
878.03	10549.30
878.21	10622.21
878.38	10575.31
878.56	10662.15
878.74	10619.96
878.92	10747.75
879.09	10701.47
879.27	10726.66
879.45	10653.54
879.63	10733.01
879.80	10808.78
879.98	10688.97
880.16	10708.02
880.34	10803.66
880.51	10779.70
880.69	10792.81
880.87	10781.34
881.05	10754.10
881.22	10885.99
881.40	10761.47
881.58	10820.86
881.75	10821.07
881.93	10869.40
882.11	10899.30
882.29	10865.30
882.46	10946.40
882.64	10908.52
882.82	10978.15
883.00	11012.14
883.17	11015.01
883.35	10939.24
883.53	10950.09
883.70	11117.82
883.88	11069.90
884.06	11054.95
884.23	11039.18
884.41	11175.16
884.59	11097.34
884.77	11120.48
884.94	11219.60
885.12	11263.84
885.30	11287.80
885.47	11265.48
885.65	11231.28
885.83	11243.36
886.00	11402.90
886.18	11263.43
886.36	11405.97
886.53	11348.01
886.71	11392.25
886.89	11427.68
887.07	11396.75
887.24	11461.47
887.42	11498.95
887.60	11428.70
887.77	11428.29
887.95	11590.90
888.13	11619.16
888.30	11531.92
888.48	11602.57
888.66	11667.49
888.83	11531.51
889.01	11570.83
889.18	11693.91
889.36	11721.77
889.54	11647.01
889.71	11792.62
889.89	11825.80
890.07	11806.14
890.24	11831.54
890.42	11839.52
890.60	11812.90
890.77	11932.09
890.95	11910.38
891.13	11938.03
891.30	11894.41
891.48	11875.57
891.65	11931.68
891.83	11989.64
892.01	11940.28
892.18	11969.16
892.36	11947.45
892.54	11951.14
892.71	12012.78
892.89	11935.37
893.06	12117.84
893.24	12088.35
893.42	12046.98
893.59	12076.27
893.77	12063.16
893.94	12116.82
894.12	12071.76
894.30	12101.87
894.47	12129.93
894.65	12184.81
894.82	12032.85
895.00	12138.32
895.18	12136.07
895.35	12190.95
895.53	12188.29
895.70	12234.37
895.88	12192.39
896.06	12091.42
896.23	12054.97
896.41	12187.06
896.58	12161.46
896.76	12106.37
896.93	12143.85
897.11	12234.78
897.29	12163.51
897.46	12197.10
897.64	12192.80
897.81	12158.80
897.99	12317.93
898.16	12264.68
898.34	12070.33
898.52	12168.22
898.69	12274.72
898.87	12280.86
899.04	12174.78
899.22	12240.11
899.39	12241.54
899.57	12112.11
899.74	12208.77
899.92	12206.72
900.10	12168.22
900.27	12209.59
900.45	12164.54
900.62	12208.77
900.80	12174.37
900.97	12107.40
901.15	12145.08
901.32	12143.24
901.50	12135.86
901.67	12048.01
901.85	12064.80
902.02	12179.08
902.20	12108.63
902.37	12204.88
902.55	12086.71
902.72	12109.04
902.90	12094.29
903.07	12096.75
903.25	12119.89
903.43	12031.62
903.60	12002.13
903.78	11958.51
903.95	11980.01
904.13	12008.89
904.30	11903.62
904.48	12070.74
904.65	11976.12
904.83	11999.26
905.00	11996.40
905.17	11863.28
905.35	11921.44
905.52	11863.69
905.70	11888.67
905.87	11900.96
906.05	11822.93
906.22	11698.01
906.40	11795.70
906.57	11803.07
906.75	11882.33
906.92	11770.10
907.10	11752.08
907.27	11621.01
907.45	11747.98
907.62	11812.08
907.80	11687.77
907.97	11721.56
908.15	11649.68
908.32	11695.76
908.49	11665.24
908.67	11630.22
908.84	11581.89
909.02	11506.93
909.19	11548.51
909.37	11549.53
909.54	11517.79
909.72	11448.77
909.89	11575.13
910.07	11468.23
910.24	11428.91
910.41	11492.39
910.59	11365.01
910.76	11376.07
910.94	11361.53
911.11	11347.40
911.29	11285.55
911.46	11361.53
911.63	11340.02
911.81	11242.54
911.98	11292.72
912.16	11246.84
912.33	11199.74
912.50	11174.55
912.68	11186.84
912.85	11085.87
913.03	11165.13
913.20	11165.54
913.38	10974.67
913.55	10999.86
913.72	10984.91
913.90	10988.39
914.07	10955.82
914.25	10999.65
914.42	10905.65
914.59	10877.59
914.77	10874.32
914.94	10863.26
915.11	10808.78
915.29	10879.85
915.46	10740.17
915.64	10738.13
915.81	10683.24
915.98	10716.21
916.16	10655.59
916.33	10586.37
916.51	10477.21
916.68	10528.21
916.85	10541.93
917.03	10448.54
917.20	10403.08
917.37	10441.99
917.55	10328.12
917.72	10435.85
917.89	10408.81
918.07	10382.80
918.24	10363.96
918.42	10303.34
918.59	10192.14
918.76	10173.71
918.94	10169.61
919.11	10216.51
919.28	10190.70
919.46	10219.78
919.63	10093.83
919.80	10046.12
919.98	10059.84
920.15	10014.99
920.32	9978.12
920.50	9957.64
920.67	9894.77
920.84	9888.01
921.02	9869.79
921.19	9871.22
921.36	9745.07
921.54	9788.69
921.71	9739.54
921.88	9699.60
922.06	9713.53
922.23	9697.76
922.40	9660.69
922.57	9667.24
922.75	9621.37
922.92	9644.31
923.09	9418.01
923.27	9399.16
923.44	9436.85
923.61	9466.13
923.79	9459.17
923.96	9422.31
924.13	9329.33
924.30	9318.06
924.48	9285.71
924.65	9312.74
924.82	9324.82
925.00	9243.72
925.17	9224.68
925.34	9157.50
925.51	9111.83
925.69	9159.14
925.86	9071.90
926.03	9087.26
926.21	9031.35
926.38	8921.58
926.55	9008.41
926.72	8843.35
926.90	8951.68
927.07	8867.92
927.24	8805.46
927.41	8853.38
927.59	8807.92
927.76	8797.27
927.93	8660.87
928.10	8728.25
928.28	8656.57
928.45	8695.69
928.62	8592.67
928.79	8605.78
928.97	8595.75
929.14	8579.16
929.31	8525.91
929.48	8548.85
929.66	8451.77
929.83	8404.26
930.00	8446.24
930.17	8458.12
930.34	8388.29
930.52	8302.68
930.69	8223.63
930.86	8203.97
931.03	8212.98
931.21	8152.57
931.38	8028.66
931.55	8134.95
931.72	7969.89
931.89	7988.93
932.07	7995.49
932.24	7920.94
932.41	7934.66
932.58	7806.46
932.75	7818.13
932.93	7791.92
933.10	7753.83
933.27	7685.63
933.44	7658.39
933.61	7704.47
933.79	7603.10
933.96	7604.94
934.13	7633.20
934.30	7544.93
934.47	7454.41
934.65	7440.69
934.82	7333.99
934.99	7339.32
935.16	7187.97
935.33	7124.28
935.50	7088.65
935.68	7033.56
935.85	7010.82
936.02	6926.86
936.19	6916.82
936.36	6849.03
936.53	6781.45
936.71	6744.38
936.88	6693.39
937.05	6657.96
937.22	6543.07
937.39	6537.74
937.56	6507.02
937.74	6433.30
937.91	6290.14
938.08	6321.27
938.25	6284.00
938.42	6183.65
938.59	6157.02
938.76	6094.56
938.94	6033.74
939.11	6041.11
939.28	5994.62
939.45	5946.49
939.62	5861.91
939.79	5853.93
939.96	5782.66
940.13	5697.87
940.31	5664.69
940.48	5581.75
940.65	5541.00
940.82	5550.42
940.99	5490.00
941.16	5454.78
941.33	5458.46
941.50	5460.72
941.67	5364.67
941.85	5365.28
942.02	5351.15
942.19	5288.89
942.36	5311.21
942.53	5307.12
942.70	5267.80
942.87	5257.15
943.04	5212.50
943.21	5182.19
943.38	5160.89
943.56	5081.02
943.73	5061.77
943.90	5090.44
944.07	5075.49
944.24	5071.81
944.41	5123.82
944.58	5042.52
944.75	5043.95
944.92	5050.51
945.09	5014.67
945.26	4987.84
945.43	5020.40
945.60	4976.17
945.78	4973.91
945.95	4941.15
946.12	4949.54
946.29	4895.48
946.46	4992.55
946.63	4911.86
946.80	4951.59
946.97	4970.64
947.14	4919.44
947.31	4961.01
947.48	4900.60
947.65	4924.56
947.82	4958.14
947.99	4940.53
948.16	4922.30
948.33	4906.13
948.50	4952.41
948.67	4960.60
948.84	4919.64
949.01	4897.93
949.18	4882.78
949.35	4928.04
949.52	4890.77
949.69	4911.04
949.86	4866.19
950.03	4897.73
950.20	4811.71
950.38	4907.15
950.55	4849.60
950.72	4910.02
950.89	4844.89
951.06	4855.95
951.23	4834.65
951.40	4850.22
951.57	4919.23
951.74	4829.33
951.91	4870.08
952.08	4836.29
952.25	4819.50
952.42	4816.63
952.59	4794.72
952.76	4825.84
952.92	4866.39
953.09	4889.95
953.26	4824.82
953.43	4776.49
953.60	4795.53
953.77	4775.26
953.94	4814.79
954.11	4747.61
954.28	4773.42
954.45	4762.56
954.62	4778.54
954.79	4771.57
954.96	4763.18
955.13	4769.53
955.30	4799.02
955.47	4796.76
955.64	4777.31
955.81	4806.39
955.98	4795.94
956.15	4760.51
956.32	4765.63
956.49	4762.97
956.66	4810.48
956.83	4765.02
957.00	4754.17
957.17	4710.13
957.33	4681.67
957.50	4696.21
957.67	4696.21
957.84	4704.81
958.01	4687.40
958.18	4694.98
958.35	4663.24
958.52	4636.61
958.69	4607.94
958.86	4692.73
959.03	4639.68
959.20	4620.64
959.37	4641.53
959.53	4627.40
959.70	4598.72
959.87	4591.97
960.04	4613.68
960.21	4599.34
960.38	4585.21
960.55	4614.08
960.72	4582.34
960.89	4589.30
961.06	4629.85
961.23	4540.56
961.39	4606.92
961.56	4494.89
961.73	4540.15
961.90	4541.59
962.07	4460.49
962.24	4488.54
962.41	4410.11
962.58	4470.11
962.75	4419.53
962.91	4438.16
963.08	4431.82
963.25	4407.04
963.42	4416.87
963.59	4392.70
963.76	4361.16
963.93	4323.48
964.09	4350.10
964.26	4364.03
964.43	4361.16
964.60	4298.90
964.77	4279.04
964.94	4309.55
965.11	4285.39
965.27	4282.31
965.44	4308.94
965.61	4286.82
965.78	4223.13
965.95	4278.83
966.12	4185.85
966.29	4220.87
966.45	4202.03
966.62	4162.10
966.79	4188.11
966.96	4225.79
967.13	4149.61
967.30	4188.31
967.46	4168.24
967.63	4078.34
967.80	4123.39
967.97	4080.38
968.14	4069.94
968.30	4043.11
968.47	4076.08
968.64	4134.45
968.81	4042.29
968.98	3995.80
969.15	4023.86
969.31	4058.06
969.48	4013.83
969.65	4060.72
969.82	3939.28
969.99	3894.22
970.15	3904.87
970.32	3878.66
970.49	3855.11
970.66	3828.07
970.82	3839.95
970.99	3838.93
971.16	3851.42
971.33	3837.09
971.50	3760.90
971.66	3820.70
971.83	3822.95
972.00	3751.07
972.17	3777.49
972.34	3720.97
972.50	3735.71
972.67	3736.33
972.84	3715.23
973.01	3685.13
973.17	3691.88
973.34	3683.28
973.51	3649.90
973.68	3648.26
973.84	3613.04
974.01	3637.61
974.18	3602.39
974.35	3593.79
974.51	3565.32
974.68	3565.32
974.85	3567.78
975.02	3556.10
975.18	3548.73
975.35	3509.21
975.52	3530.71
975.69	3490.57
975.85	3442.03
976.02	3438.76
976.19	3430.97
976.36	3476.64
976.52	3428.93
976.69	3440.39
976.86	3423.40
977.02	3372.40
977.19	3393.50
977.36	3369.74
977.53	3379.57
977.69	3345.78
977.86	3340.66
978.03	3341.07
978.19	3357.66
978.36	3314.44
978.53	3324.89
978.70	3315.26
978.86	3258.53
979.03	3260.17
979.20	3220.44
979.36	3229.25
979.53	3245.43
979.70	3184.40
979.86	3217.78
980.03	3206.31
980.20	3171.50
980.36	3160.64
980.53	3137.70
980.70	3149.99
980.86	3158.59
981.03	3183.99
981.20	3105.35
981.36	3064.80
981.53	3062.13
981.70	3096.95
981.86	3048.00
982.03	3075.24
982.20	3044.52
982.36	2988.82
982.53	3011.14
982.70	2980.22
982.86	3002.33
983.03	2983.49
983.20	2953.80
983.36	2981.85
983.53	2932.91
983.70	2961.37
983.86	2894.00
984.03	2956.25
984.20	2951.54
984.36	2863.48
984.53	2881.91
984.70	2850.99
984.86	2846.07
985.03	2847.30
985.19	2787.71
985.36	2805.52
985.53	2824.36
985.69	2807.98
985.86	2774.80
986.03	2786.27
986.19	2744.29
986.36	2775.21
986.52	2758.42
986.69	2727.70
986.86	2700.26
987.02	2712.75
987.19	2690.63
987.35	2689.20
987.52	2671.79
987.69	2641.89
987.85	2604.21
988.02	2636.57
988.18	2634.31
988.35	2584.75
988.52	2565.91
988.68	2567.14
988.85	2545.43
989.01	2537.24
989.18	2534.17
989.35	2552.80
989.51	2514.10
989.68	2498.94
989.84	2496.28
990.01	2511.44
990.17	2487.68
990.34	2429.31
990.51	2439.96
990.67	2488.29
990.84	2441.39
991.00	2460.85
991.17	2425.63
991.33	2410.88
991.50	2397.16
991.66	2414.16
991.83	2343.71
992.00	2378.93
992.16	2363.37
992.33	2342.48
992.49	2366.85
992.66	2307.87
992.82	2272.85
992.99	2300.90
993.15	2314.42
993.32	2267.73
993.48	2258.51
993.65	2238.44
993.82	2255.03
993.98	2241.10
994.15	2197.28
994.31	2229.43
994.48	2210.38
994.64	2174.95
994.81	2190.52
994.97	2177.21
995.14	2145.26
995.30	2111.88
995.47	2144.03
995.63	2157.96
995.80	2136.25
995.96	2092.63
996.13	2083.82
996.29	2087.92
996.46	2074.19
996.62	2061.91
996.79	2036.72
996.95	2059.24
997.12	2051.67
997.28	2031.80
997.45	1990.64
997.61	2033.44
997.78	1985.11
997.94	1993.30
998.11	1967.90
998.27	1979.99
998.44	1970.36
998.60	1973.23
998.77	1968.31
998.93	1953.57
999.10	1905.65
999.26	1922.64
999.43	1913.84
999.59	1929.20
999.75	1871.45
999.92	1877.38
1000.08	1869.81
1000.25	1831.92
1000.41	1865.92
1000.58	1839.29
1000.74	1839.91
1000.91	1826.80
1001.07	1836.63
1001.24	1808.37
1001.40	1799.56
1001.56	1789.12
1001.73	1763.72
1001.89	1771.09
1002.06	1746.72
1002.22	1774.58
1002.39	1701.67
1002.55	1736.89
1002.71	1722.56
1002.88	1751.84
1003.04	1719.08
1003.21	1734.03
1003.37	1684.06
1003.54	1681.19
1003.70	1696.34
1003.86	1665.21
1004.03	1666.85
1004.19	1676.89
1004.36	1686.10
1004.52	1668.29
1004.68	1644.73
1004.85	1637.98
1005.01	1595.99
1005.18	1612.99
1005.34	1610.94
1005.50	1571.42
1005.67	1564.45
1005.83	1552.17
1006.00	1549.91
1006.16	1575.10
1006.32	1529.02
1006.49	1513.87
1006.65	1512.64
1006.82	1501.58
1006.98	1491.75
1007.14	1472.50
1007.31	1472.71
1007.47	1479.67
1007.63	1451.82
1007.80	1455.30
1007.96	1432.36
1008.13	1452.84
1008.29	1383.82
1008.45	1416.59
1008.62	1435.23
1008.78	1385.05
1008.94	1423.96
1009.11	1380.34
1009.27	1366.01
1009.43	1382.39
1009.60	1342.86
1009.76	1333.85
1009.92	1338.77
1010.09	1359.45
1010.25	1324.43
1010.42	1334.06
1010.58	1323.20
1010.74	1292.07
1010.91	1329.14
1011.07	1298.01
1011.23	1283.06
1011.40	1235.96
1011.56	1292.89
1011.72	1277.74
1011.89	1260.74
1012.05	1251.12
1012.21	1216.71
1012.37	1214.66
1012.54	1231.05
1012.70	1183.12
1012.86	1217.32
1013.03	1208.52
1013.19	1162.23
1013.35	1189.47
1013.52	1165.10
1013.68	1183.74
1013.84	1167.97
1014.01	1163.67
1014.17	1150.36
1014.33	1150.97
1014.49	1154.66
1014.66	1182.30
1014.82	1156.50
1014.98	1137.45
1015.15	1105.10
1015.31	1147.08
1015.47	1064.14
1015.63	1100.59
1015.80	1090.35
1015.96	1075.81
1016.12	1067.41
1016.29	1067.82
1016.45	1067.21
1016.61	1064.95
1016.77	1058.61
1016.94	1039.97
1017.10	1036.28
1017.26	1037.10
1017.42	1003.93
1017.59	1019.90
1017.75	971.16
1017.91	997.78
1018.07	973.00
1018.24	990.00
1018.40	981.19
1018.56	976.28
1018.72	979.96
1018.89	956.62
1019.05	967.47
1019.21	954.16
1019.37	959.69
1019.54	946.58
1019.70	942.90
1019.86	925.49
1020.02	907.47
1020.19	922.21
1020.35	927.74
1020.51	936.96
1020.67	876.95
1020.83	896.82
1021.00	875.31
1021.16	888.01
1021.32	868.35
1021.48	898.46
1021.64	903.37
1021.81	872.24
1021.97	865.89
1022.13	847.87
1022.29	835.38
1022.45	823.91
1022.62	856.88
1022.78	813.46
1022.94	814.49
1023.10	796.26
1023.26	791.35
1023.43	795.24
1023.59	802.41
1023.75	795.85
1023.91	765.75
1024.07	765.95
1024.24	754.69
1024.40	806.71
1024.56	749.57
1024.72	756.12
1024.88	760.83
1025.04	729.09
1025.21	729.50
1025.37	758.78
1025.53	745.47
1025.69	749.16
1025.85	727.04
1026.01	712.50
1026.18	701.85
1026.34	730.11
1026.50	706.36
1026.66	696.32
1026.82	712.91
1026.98	675.23
1027.14	678.91
1027.31	706.77
1027.47	683.01
1027.63	668.06
1027.79	651.88
1027.95	661.30
1028.11	659.66
1028.27	641.43
1028.44	632.83
1028.60	654.54
1028.76	649.01
1028.92	631.60
1029.08	620.55
1029.24	625.46
1029.40	586.96
1029.56	600.07
1029.73	604.98
1029.89	602.32
1030.05	573.65
1030.21	573.85
1030.37	582.04
1030.53	566.48
1030.69	583.89
1030.85	582.86
1031.01	571.39
1031.17	557.06
1031.34	558.90
1031.50	570.17
1031.66	531.05
1031.82	541.49
1031.98	532.89
1032.14	569.14
1032.30	534.33
1032.46	535.55
1032.62	528.80
1032.78	536.17
1032.94	516.10
1033.10	544.98
1033.27	533.71
1033.43	511.59
1033.59	495.01
1033.75	493.16
1033.91	471.66
1034.07	505.04
1034.23	476.37
1034.39	494.80
1034.55	478.83
1034.71	507.09
1034.87	461.42
1035.03	482.31
1035.19	467.97
1035.35	464.08
1035.51	455.07
1035.67	473.50
1035.83	436.23
1035.99	469.20
1036.16	437.25
1036.32	483.13
1036.48	460.19
1036.64	437.25
1036.80	433.16
1036.96	414.32
1037.12	423.74
1037.28	411.04
1037.44	407.97
1037.60	433.57
1037.76	399.16
1037.92	425.58
1038.08	414.72
1038.24	381.75
1038.40	399.77
1038.56	390.56
1038.72	419.23
1038.88	390.35
1039.04	409.81
1039.20	392.40
1039.36	393.84
1039.52	381.75
1039.68	394.65
1039.84	401.21
1040.00	381.14
1040.16	373.15
1040.32	346.94
1040.48	359.63
1040.64	374.99
1040.80	335.67
1040.96	367.83
1041.12	346.32
1041.28	335.47
1041.44	336.49
1041.60	339.77
1041.76	321.75
1041.92	320.31
1042.08	345.30
1042.24	337.11
1042.39	336.90
1042.55	333.22
1042.71	348.17
1042.87	304.34
1043.03	332.60
1043.19	319.08
