345.44	2.63
345.66	2.63
345.88	2.63
346.10	-35.46
346.31	-22.15
346.53	-4.13
346.75	19.22
346.97	-19.28
347.19	5.91
347.41	14.30
347.63	15.33
347.85	9.59
348.07	19.01
348.29	9.39
348.51	6.11
348.73	-14.78
348.95	-5.77
349.17	-6.18
349.39	19.83
349.61	22.70
349.83	35.19
350.05	64.27
350.27	51.17
350.49	28.84
350.71	42.36
350.93	50.96
351.15	60.79
351.37	17.38
351.59	37.86
351.80	37.65
352.02	27.00
352.24	60.38
352.46	21.68
352.68	37.86
352.90	40.11
353.12	48.91
353.34	57.31
353.56	29.46
353.78	39.08
354.00	30.07
354.22	52.19
354.44	49.94
354.66	28.64
354.88	39.70
355.09	53.42
355.31	33.76
355.53	46.87
355.75	49.12
355.97	62.64
356.19	34.99
356.41	42.16
356.63	65.50
356.85	50.76
357.07	42.16
357.29	39.90
357.50	24.54
357.72	52.19
357.94	32.33
358.16	6.73
358.38	45.64
358.60	47.69
358.82	31.92
359.04	38.88
359.26	47.28
359.48	48.71
359.69	45.43
359.91	46.25
360.13	50.76
360.35	40.52
360.57	29.46
360.79	57.31
361.01	49.53
361.23	77.59
361.45	39.29
361.66	58.95
361.88	53.83
362.10	42.57
362.32	14.30
362.54	49.32
362.76	32.53
362.98	26.18
363.20	34.37
363.41	38.47
363.63	50.35
363.85	60.18
364.07	45.84
364.29	61.00
364.51	30.07
364.73	69.80
364.94	18.19
365.16	34.78
365.38	36.22
365.60	43.18
365.82	30.69
366.04	42.98
366.26	43.38
366.47	58.13
366.69	40.11
366.91	39.70
367.13	52.81
367.35	35.60
367.57	51.78
367.79	40.93
368.00	30.89
368.22	21.88
368.44	41.13
368.66	49.94
368.88	55.88
369.10	36.22
369.31	32.74
369.53	71.24
369.75	34.37
369.97	71.85
370.19	35.60
370.41	33.55
370.62	34.99
370.84	36.22
371.06	39.70
371.28	57.93
371.50	67.96
371.71	43.79
371.93	36.42
372.15	64.48
372.37	65.50
372.59	44.00
372.80	45.23
373.02	44.20
373.24	40.72
373.46	50.35
373.68	34.37
373.90	70.21
374.11	31.92
374.33	53.21
374.55	49.73
374.77	17.99
374.98	51.17
375.20	46.66
375.42	52.19
375.64	48.71
375.86	41.95
376.07	45.02
376.29	62.43
376.51	49.94
376.73	49.53
376.95	52.40
377.16	50.35
377.38	47.89
377.60	64.89
377.82	51.37
378.03	46.87
378.25	56.70
378.47	56.08
378.69	45.02
378.91	49.94
379.12	47.48
379.34	49.94
379.56	24.75
379.78	47.89
379.99	44.61
380.21	56.08
380.43	66.12
380.65	25.77
380.86	55.47
381.08	29.46
381.30	80.86
381.52	45.23
381.73	62.23
381.95	60.79
382.17	70.62
382.39	55.47
382.60	41.34
382.82	56.29
383.04	59.15
383.26	40.93
383.47	56.49
383.69	64.68
383.91	66.12
384.13	42.36
384.34	68.98
384.56	49.94
384.78	74.31
385.00	76.97
385.21	42.77
385.43	78.00
385.65	87.21
385.86	67.35
386.08	62.23
386.30	22.29
386.52	75.33
386.73	54.65
386.95	65.91
387.17	49.12
387.38	58.74
387.60	61.82
387.82	79.02
388.04	65.50
388.25	68.78
388.47	58.95
388.69	63.66
388.90	59.77
389.12	61.00
389.34	61.82
389.56	78.20
389.77	89.26
389.99	68.37
390.21	77.59
390.42	55.26
390.64	51.99
390.86	87.21
391.07	39.90
391.29	77.79
391.51	87.01
391.72	52.19
391.94	65.50
392.16	46.66
392.38	78.00
392.59	75.74
392.81	91.92
393.03	62.64
393.24	58.74
393.46	53.83
393.68	75.54
393.89	68.57
394.11	62.43
394.33	91.10
394.54	48.50
394.76	72.06
394.98	54.24
395.19	87.83
395.41	69.60
395.63	84.34
395.84	64.48
396.06	83.52
396.28	85.98
396.49	81.07
396.71	83.12
396.93	82.50
397.14	83.12
397.36	62.43
397.57	68.17
397.79	81.27
398.01	84.14
398.22	88.64
398.44	74.72
398.66	82.91
398.87	91.31
399.09	60.38
399.31	86.39
399.52	70.62
399.74	92.74
399.96	77.38
400.17	80.45
400.39	85.57
400.60	66.32
400.82	104.41
401.04	85.37
401.25	97.86
401.47	69.39
401.69	106.05
401.90	87.62
402.12	92.95
402.33	87.21
402.55	96.63
402.77	81.48
402.98	104.41
403.20	95.61
403.41	93.36
403.63	71.44
403.85	88.85
404.06	115.06
404.28	93.36
404.49	88.24
404.71	89.05
404.93	94.99
405.14	109.94
405.36	98.68
405.57	109.12
405.79	106.26
406.01	89.46
406.22	88.24
406.44	78.00
406.65	116.91
406.87	114.04
407.09	119.77
407.30	110.56
407.52	89.67
407.73	100.73
407.95	118.95
408.17	93.97
408.38	100.32
408.60	114.65
408.81	111.38
409.03	130.22
409.24	100.11
409.46	117.93
409.68	104.00
409.89	108.92
410.11	97.04
410.32	108.10
410.54	129.40
410.75	123.26
410.97	126.53
411.18	120.39
411.40	124.07
411.62	132.68
411.83	115.06
412.05	128.17
412.26	116.70
412.48	116.29
412.69	141.89
412.91	124.69
413.12	125.92
413.34	136.98
413.56	140.25
413.77	115.06
413.99	128.38
414.20	139.02
414.42	107.08
414.63	109.53
414.85	125.10
415.06	187.15
415.28	131.86
415.49	136.36
415.71	159.09
415.92	153.97
416.14	145.58
416.35	143.53
416.57	115.27
416.79	140.87
417.00	144.55
417.22	150.29
417.43	135.95
417.65	153.77
417.86	132.47
418.08	161.76
418.29	128.99
418.51	148.65
418.72	145.37
418.94	143.53
419.15	125.10
419.37	172.20
419.58	151.93
419.80	154.18
420.01	149.06
420.23	151.31
420.44	145.99
420.66	148.45
420.87	178.35
421.09	152.75
421.30	187.36
421.52	145.99
421.73	139.02
421.95	165.85
422.16	149.88
422.38	159.09
422.59	162.78
422.81	183.88
423.02	158.48
423.23	172.20
423.45	173.43
423.66	182.03
423.88	178.35
424.09	170.77
424.31	165.03
424.52	148.65
424.74	169.33
424.95	189.40
425.17	157.05
425.38	190.22
425.60	181.83
425.81	199.85
426.03	171.18
426.24	204.76
426.45	175.48
426.67	230.57
426.88	191.86
427.10	182.65
427.31	202.92
427.53	186.54
427.74	194.32
427.96	212.55
428.17	185.31
428.39	205.79
428.60	202.51
428.81	207.63
429.03	197.39
429.24	228.52
429.46	229.14
429.67	205.79
429.89	231.59
430.10	198.62
430.31	220.12
430.53	221.35
430.74	207.84
430.96	210.50
431.17	223.40
431.39	215.41
431.60	232.00
431.81	250.23
432.03	239.17
432.24	235.48
432.46	211.73
432.67	240.81
432.89	232.00
433.10	239.17
433.31	256.78
433.53	257.81
433.74	265.18
433.96	273.37
434.17	239.38
434.38	245.93
434.60	264.77
434.81	241.42
435.03	258.42
435.24	291.19
435.45	249.41
435.67	265.59
435.88	280.33
436.10	263.75
436.31	261.70
436.52	266.82
436.74	261.08
436.95	255.76
437.17	282.18
437.38	294.06
437.59	295.69
437.81	286.07
438.02	305.32
438.23	272.55
438.45	297.74
438.66	309.01
438.88	289.14
439.09	321.50
439.30	302.25
439.52	293.65
439.73	310.64
439.94	295.69
440.16	298.77
440.37	325.80
440.58	318.02
440.80	333.58
441.01	317.20
441.23	311.67
441.44	309.21
441.65	316.99
441.87	309.83
442.08	326.82
442.29	313.72
442.51	328.87
442.72	333.17
442.93	327.85
443.15	338.91
443.36	320.47
443.57	346.48
443.79	357.34
444.00	312.49
444.21	332.56
444.43	347.92
444.64	331.33
444.85	356.31
445.07	354.88
445.28	342.59
445.49	360.41
445.71	363.48
445.92	372.08
446.13	333.79
446.35	327.23
446.56	363.89
446.77	355.50
446.99	379.46
447.20	370.65
447.41	396.04
447.63	355.50
447.84	369.83
448.05	393.18
448.27	377.41
448.48	381.71
448.69	385.19
448.90	398.50
449.12	411.00
449.33	377.00
449.54	385.81
449.76	376.79
449.97	426.76
450.18	401.57
450.40	396.25
450.61	392.15
450.82	412.43
451.03	392.97
451.25	391.95
451.46	429.22
451.67	417.96
451.89	436.39
452.10	408.74
452.31	399.94
452.52	447.04
452.74	433.93
452.95	421.03
453.16	440.08
453.38	422.05
453.59	463.22
453.80	444.58
454.01	473.46
454.23	411.81
454.44	464.65
454.65	434.34
454.86	455.23
455.08	481.24
455.29	474.89
455.50	460.35
455.71	459.74
455.93	456.87
456.14	493.12
456.35	463.83
456.56	509.30
456.78	481.85
456.99	492.71
457.20	481.04
457.41	502.95
457.63	474.07
457.84	531.62
458.05	489.84
458.26	492.71
458.48	508.07
458.69	532.03
458.90	496.19
459.11	542.07
459.33	504.38
459.54	554.76
459.75	508.68
459.96	546.16
460.18	521.59
460.39	494.55
460.60	553.33
460.81	609.65
461.02	572.17
461.24	566.44
461.45	596.34
461.66	589.37
461.87	577.90
462.09	603.09
462.30	582.41
462.51	613.33
462.72	603.30
462.93	580.36
463.15	611.08
463.36	597.77
463.57	645.28
463.78	651.22
463.99	643.85
464.21	640.98
464.42	644.87
464.63	648.97
464.84	638.32
465.05	675.80
465.27	622.35
465.48	722.29
465.69	669.24
465.90	684.40
466.11	682.56
466.33	713.68
466.54	677.23
466.75	708.56
466.96	669.86
467.17	737.85
467.38	732.32
467.60	698.12
467.81	742.97
468.02	739.90
468.23	740.31
468.44	739.49
468.65	745.22
468.87	782.50
469.08	759.56
469.29	809.32
469.50	789.25
469.71	784.34
469.92	790.28
470.14	799.49
470.35	797.45
470.56	809.53
470.77	836.15
470.98	811.37
471.19	858.07
471.41	851.10
471.62	858.07
471.83	878.34
472.04	858.68
472.25	894.52
472.46	904.76
472.67	876.09
472.89	901.28
473.10	962.72
473.31	921.55
473.52	924.01
473.73	946.13
473.94	925.85
474.15	919.10
474.37	986.47
474.58	951.04
474.79	976.23
475.00	988.93
475.21	1029.28
475.42	973.78
475.63	1026.61
475.84	1051.60
476.06	1041.97
476.27	1033.58
476.48	1073.72
476.69	1022.93
476.90	1057.95
477.11	1069.62
477.32	1050.78
477.53	1075.77
477.74	1106.49
477.96	1144.37
478.17	1159.73
478.38	1193.93
478.59	1160.55
478.80	1152.77
479.01	1162.39
479.22	1176.94
479.43	1203.76
479.64	1217.69
479.85	1236.33
480.06	1204.79
480.28	1226.29
480.49	1240.22
480.70	1253.53
480.91	1284.66
481.12	1292.85
481.33	1276.88
481.54	1302.07
481.75	1336.27
481.96	1305.96
482.17	1341.39
482.38	1380.50
482.59	1348.96
482.81	1377.02
483.02	1345.48
483.23	1376.00
483.44	1379.27
483.65	1402.42
483.86	1448.29
484.07	1406.10
484.28	1421.87
484.49	1448.50
484.70	1468.16
484.91	1475.12
485.12	1484.54
485.33	1503.79
485.54	1487.82
485.75	1507.48
485.96	1486.18
486.17	1559.09
486.38	1558.88
486.60	1568.92
486.81	1546.59
487.02	1562.36
487.23	1596.36
487.44	1602.71
487.65	1600.66
487.86	1629.95
488.07	1635.89
488.28	1648.58
488.49	1663.74
488.70	1672.95
488.91	1688.31
489.12	1670.91
489.33	1675.82
489.54	1703.06
489.75	1748.52
489.96	1725.38
490.17	1741.56
490.38	1727.84
490.59	1750.57
490.80	1770.44
491.01	1784.98
491.22	1789.28
491.43	1804.64
491.64	1820.82
491.85	1818.77
492.06	1837.00
492.27	1819.79
492.48	1854.61
492.69	1845.39
492.90	1830.24
493.11	1851.74
493.32	1874.27
493.53	1884.71
493.74	1952.71
493.95	1909.29
494.16	1932.43
494.37	1904.37
494.58	1936.53
494.79	1930.38
495.00	1942.47
495.21	1951.48
495.42	1968.27
495.63	1959.67
495.84	1984.24
496.05	2013.94
496.26	1992.03
496.47	1947.79
496.68	2007.80
496.89	1988.34
497.10	2047.53
497.31	2068.01
497.52	2071.69
497.73	2061.66
497.94	2073.33
498.15	2099.14
498.36	2060.63
498.57	2127.40
498.78	2119.41
498.99	2144.19
499.19	2119.62
499.40	2103.03
499.61	2121.46
499.82	2126.37
500.03	2156.89
500.24	2192.52
500.45	2172.66
500.66	2168.15
500.87	2148.70
501.08	2175.12
501.29	2223.86
501.50	2203.17
501.71	2192.11
501.92	2198.05
502.13	2218.12
502.34	2235.53
502.55	2239.63
502.76	2254.17
502.96	2240.45
503.17	2278.33
503.38	2310.69
503.59	2267.68
503.80	2260.93
504.01	2302.50
504.22	2273.42
504.43	2316.02
504.64	2300.66
504.85	2312.12
505.06	2319.09
505.27	2331.58
505.47	2336.90
505.68	2334.45
505.89	2345.51
506.10	2360.46
506.31	2329.94
506.52	2347.35
506.73	2376.64
506.94	2380.94
507.15	2349.19
507.36	2422.92
507.56	2369.06
507.77	2385.03
507.98	2418.00
508.19	2382.16
508.40	2394.45
508.61	2433.57
508.82	2426.61
509.03	2419.44
509.24	2483.13
509.44	2465.72
509.65	2455.28
509.86	2489.48
510.07	2478.21
510.28	2498.28
510.49	2502.38
510.70	2464.29
510.91	2469.61
511.11	2551.53
511.32	2520.61
511.53	2520.81
511.74	2523.88
511.95	2550.71
512.16	2506.07
512.37	2533.92
512.58	2563.00
512.78	2584.09
512.99	2568.53
513.20	2580.00
513.41	2605.19
513.62	2572.01
513.83	2606.42
514.04	2615.43
514.24	2592.70
514.45	2570.17
514.66	2673.39
514.87	2596.59
515.08	2630.99
515.29	2691.82
515.49	2677.69
515.70	2650.24
515.91	2687.11
516.12	2653.52
516.33	2710.45
516.54	2705.13
516.74	2693.66
516.95	2727.04
517.16	2755.30
517.37	2740.76
517.58	2742.40
517.79	2763.50
517.99	2775.17
518.20	2785.41
518.41	2787.25
518.62	2801.18
518.83	2841.73
519.03	2854.22
519.24	2816.54
519.45	2834.77
519.66	2856.27
519.87	2897.84
520.07	2861.39
520.28	2867.12
520.49	2881.25
520.70	2930.41
520.91	2905.63
521.12	2911.97
521.32	2916.68
521.53	3000.04
521.74	2969.11
521.95	2958.05
522.15	2986.73
522.36	2976.49
522.57	2959.90
522.78	3044.48
522.99	3065.78
523.19	3067.82
523.40	3023.79
523.61	3027.48
523.82	3046.73
524.03	3071.51
524.23	3103.87
524.44	3091.17
524.65	3135.41
524.86	3122.92
525.06	3151.18
525.27	3135.00
525.48	3184.97
525.69	3176.57
525.89	3211.39
526.10	3238.22
526.31	3194.59
526.52	3207.50
526.72	3284.91
526.93	3249.27
527.14	3263.20
527.35	3332.22
527.56	3275.08
527.76	3302.73
527.97	3312.76
528.18	3327.51
528.38	3349.01
528.59	3364.58
528.80	3387.10
529.01	3381.37
529.21	3399.19
529.42	3380.14
529.63	3451.00
529.84	3448.54
530.04	3470.05
530.25	3470.87
530.46	3465.75
530.67	3485.82
530.87	3498.72
531.08	3501.79
531.29	3535.79
531.50	3514.49
531.70	3602.96
531.91	3575.31
532.12	3590.06
532.32	3588.21
532.53	3625.69
532.74	3586.98
532.95	3681.19
533.15	3675.46
533.36	3694.30
533.57	3688.77
533.77	3649.04
533.98	3747.34
534.19	3738.33
534.39	3729.32
534.60	3710.27
534.81	3784.00
535.02	3795.47
535.22	3824.34
535.43	3781.75
535.64	3820.66
535.84	3883.33
536.05	3863.46
536.26	3868.58
536.46	3875.95
536.67	3917.73
536.88	3868.17
537.08	3874.93
537.29	3897.87
537.50	3950.50
537.70	3953.16
537.91	3943.74
538.12	4009.69
538.33	3953.78
538.53	3956.64
538.74	4044.91
538.95	4030.17
539.15	4007.23
539.36	3983.68
539.57	4030.58
539.77	4046.75
539.98	4111.67
540.18	4056.17
540.39	4082.59
540.60	4076.65
540.80	4064.16
541.01	4077.88
541.22	4096.11
541.42	4148.33
541.63	4128.06
541.84	4100.62
542.04	4185.81
542.25	4170.66
542.46	4212.03
542.66	4195.03
542.87	4197.69
543.08	4231.07
543.28	4254.83
543.49	4227.79
543.69	4247.66
543.90	4223.90
544.11	4299.68
544.31	4252.37
544.52	4299.27
544.73	4296.20
544.93	4320.16
545.14	4323.43
545.34	4311.97
545.55	4350.26
545.76	4375.25
545.96	4383.85
546.17	4383.03
546.38	4340.64
546.58	4419.07
546.79	4356.82
546.99	4435.25
547.20	4397.57
547.41	4389.38
547.61	4438.94
547.82	4451.43
548.02	4464.74
548.23	4516.15
548.44	4474.78
548.64	4490.75
548.85	4502.22
549.05	4497.92
549.26	4499.36
549.47	4570.83
549.67	4549.74
549.88	4582.91
550.08	4593.15
550.29	4633.29
550.50	4555.06
550.70	4629.20
550.91	4635.14
551.11	4627.56
551.32	4669.75
551.52	4725.86
551.73	4699.44
551.94	4645.38
552.14	4727.70
552.35	4745.11
552.55	4722.99
552.76	4758.83
552.96	4771.94
553.17	4830.31
553.38	4826.62
553.58	4837.27
553.79	4856.93
553.99	4866.97
554.20	4922.26
554.40	4927.38
554.61	4908.95
554.81	4988.41
555.02	4956.26
555.23	5033.26
555.43	5020.77
555.64	4986.77
555.84	5042.27
556.05	5108.42
556.25	5076.68
556.46	5077.50
556.66	5126.24
556.87	5160.44
557.07	5166.17
557.28	5222.90
557.48	5268.78
557.69	5214.71
557.90	5288.03
558.10	5300.73
558.31	5348.85
558.51	5320.59
558.72	5411.73
558.92	5357.66
559.13	5380.80
559.33	5460.47
559.54	5495.28
559.74	5580.89
559.95	5540.13
560.15	5579.66
560.36	5516.58
560.56	5651.95
560.77	5716.26
560.97	5752.71
561.18	5727.52
561.38	5753.74
561.59	5832.79
561.79	5869.65
562.00	5849.99
562.20	5901.39
562.41	5944.40
562.61	5994.37
562.82	6065.23
563.02	6071.38
563.23	6112.54
563.43	6162.51
563.64	6184.01
563.84	6255.28
564.05	6260.61
564.25	6321.02
564.46	6374.68
564.66	6407.45
564.87	6413.80
565.07	6488.75
565.28	6535.65
565.48	6554.29
565.68	6629.24
565.89	6668.36
566.09	6715.87
566.30	6779.77
566.50	6783.66
566.71	6856.36
566.91	6864.76
567.12	6916.98
567.32	7043.55
567.53	7045.19
567.73	7049.90
567.94	7209.84
568.14	7204.11
568.34	7281.52
568.55	7343.98
568.75	7363.03
568.96	7349.10
569.16	7472.19
569.37	7490.62
569.57	7563.12
569.78	7688.25
569.98	7731.05
570.18	7705.86
570.39	7743.34
570.59	7896.53
570.80	7881.17
571.00	7941.38
571.21	8002.00
571.41	8043.57
571.61	8143.31
571.82	8119.14
572.02	8204.54
572.23	8252.67
572.43	8342.98
572.64	8468.32
572.84	8431.86
573.04	8577.88
573.25	8584.64
573.45	8674.75
573.66	8724.11
573.86	8709.77
574.06	8810.53
574.27	8831.22
574.47	8928.09
574.68	8986.05
574.88	9107.90
575.08	9123.26
575.29	9222.79
575.49	9231.60
575.70	9242.04
575.90	9283.41
576.10	9348.74
576.31	9374.54
576.51	9514.22
576.72	9600.44
576.92	9693.21
577.12	9710.82
577.33	9701.81
577.53	9791.51
577.73	9822.23
577.94	9943.06
578.14	10003.89
578.35	10004.30
578.55	10126.35
578.75	10143.56
578.96	10175.30
579.16	10229.98
579.36	10420.03
579.57	10398.53
579.77	10480.04
579.98	10459.76
580.18	10494.58
580.38	10650.02
580.59	10628.72
580.79	10642.85
580.99	10803.21
581.20	10887.38
581.40	10915.03
581.60	10991.83
581.81	10971.35
582.01	11028.69
582.21	11124.53
582.42	11188.02
582.62	11195.19
582.82	11248.03
583.03	11313.36
583.23	11395.69
583.43	11384.83
583.64	11416.98
583.84	11610.31
584.04	11628.74
584.25	11613.18
584.45	11645.74
584.65	11770.26
584.86	11715.37
585.06	11875.52
585.26	11848.70
585.47	11901.33
585.67	11980.38
585.87	11982.02
586.08	12065.99
586.28	12090.15
586.48	12107.97
586.69	12202.18
586.89	12274.47
587.09	12299.66
587.30	12455.71
587.50	12429.91
587.70	12556.88
587.90	12521.66
588.11	12569.38
588.31	12645.77
588.51	12625.70
588.72	12751.24
588.92	12891.93
589.12	12809.40
589.33	12833.77
589.53	12939.24
589.73	13087.51
589.93	13012.56
590.14	13011.74
590.34	13050.65
590.54	13126.42
590.75	13119.46
590.95	13319.34
591.15	13313.20
591.35	13433.41
591.56	13434.03
591.76	13465.16
591.96	13587.42
592.16	13662.99
592.37	13636.78
592.57	13660.94
592.77	13714.19
592.97	13836.25
593.18	13816.59
593.38	13859.39
593.58	13860.42
593.79	13900.35
593.99	14019.54
594.19	14137.92
594.39	14244.41
594.60	14244.20
594.80	14296.63
595.00	14316.29
595.20	14335.95
595.41	14464.16
595.61	14453.10
595.81	14530.31
596.01	14500.00
596.21	14638.23
596.42	14651.75
596.62	14719.95
596.82	14902.01
597.02	14772.58
597.23	14873.75
597.43	14940.92
597.63	14998.68
597.83	15093.09
598.04	15133.84
598.24	15150.64
598.44	15251.60
598.64	15295.84
598.84	15286.83
599.05	15405.20
599.25	15533.40
599.45	15565.14
599.65	15608.56
599.85	15585.62
600.06	15662.22
600.26	15675.94
600.46	15796.16
600.66	15953.64
600.87	15846.13
601.07	15927.23
601.27	16059.73
601.47	16050.92
601.67	16186.29
601.87	16248.55
602.08	16264.53
602.28	16268.42
602.48	16280.09
602.68	16408.29
602.88	16501.48
603.09	16409.93
603.29	16504.55
603.49	16587.29
603.69	16525.64
603.89	16694.60
604.10	16789.22
604.30	16798.43
604.50	16894.69
604.70	16928.89
604.90	17009.99
605.10	17043.57
605.31	17137.98
605.51	17072.24
605.71	17204.34
605.91	17121.40
606.11	17223.18
606.31	17145.97
606.52	17250.62
606.72	17332.13
606.92	17404.22
607.12	17478.36
607.32	17511.53
607.52	17635.44
607.72	17553.93
607.93	17638.51
608.13	17589.77
608.33	17623.76
608.53	17841.05
608.73	17939.15
608.93	17915.19
609.13	17972.12
609.34	17851.91
609.54	18055.88
609.74	18205.18
609.94	18134.12
610.14	18053.22
610.34	18248.60
610.54	18380.49
610.74	18280.96
610.95	18497.84
611.15	18608.84
611.35	18296.93
611.55	18615.39
611.75	18553.34
611.95	18534.08
612.15	18503.16
612.35	18719.43
612.56	18768.99
612.76	18870.57
612.96	18894.12
613.16	18814.25
613.36	18992.83
613.56	19008.19
613.76	18968.46
613.96	19212.17
614.16	19076.18
614.36	19162.81
614.57	19286.71
614.77	19309.04
614.97	19372.93
615.17	19383.38
615.37	19417.99
615.57	19537.38
615.77	19386.04
615.97	19507.07
616.17	19554.18
616.37	19818.78
616.57	19659.85
616.78	19716.17
616.98	19754.26
617.18	19780.89
617.38	19805.05
617.58	19833.52
617.78	19933.26
617.98	19874.07
618.18	20064.12
618.38	20075.39
618.58	20102.83
618.78	20094.02
618.98	20218.95
619.18	20155.26
619.38	20205.43
619.58	20290.01
619.79	20533.72
619.99	20481.70
620.19	20443.00
620.39	20525.73
620.59	20555.02
620.79	20741.59
620.99	20561.98
621.19	20800.98
621.39	20712.92
621.59	20786.65
621.79	20582.67
621.99	20874.71
622.19	20844.81
622.39	20943.52
622.59	21034.45
622.79	20912.19
622.99	21026.87
623.19	20948.44
623.39	21137.26
623.59	21165.32
623.79	21066.40
623.99	21299.05
624.19	21236.38
624.39	21310.31
624.59	21253.58
624.79	21290.45
624.99	21243.14
625.19	21452.85
625.39	21396.33
625.59	21600.30
625.79	21354.55
625.99	21612.18
626.19	21447.32
626.39	21638.81
626.59	21670.34
626.79	21717.24
626.99	21658.47
627.19	21866.54
627.39	21717.65
627.59	21933.51
627.79	21846.06
627.99	21869.00
628.19	21892.55
628.39	21953.99
628.59	22043.07
628.79	22084.24
628.99	21855.89
629.19	22115.57
629.39	22216.74
629.59	22073.79
629.79	22217.97
629.99	22315.04
630.19	22373.62
630.39	22247.46
630.59	22336.75
630.79	22296.20
630.99	22371.77
631.19	22343.10
631.39	22422.56
631.59	22516.77
631.79	22473.76
631.99	22626.54
632.19	22450.21
632.39	22620.40
632.59	22580.26
632.79	22782.19
632.99	22816.18
633.19	22630.64
633.39	22682.04
633.58	22880.69
633.78	22760.89
633.98	22730.37
634.18	22812.09
634.38	22846.49
634.58	22879.26
634.78	22897.49
634.98	22995.79
635.18	22945.61
635.38	23058.25
635.58	22975.72
635.78	23136.28
635.98	22979.00
636.18	23092.86
636.38	23212.87
636.57	23162.70
636.77	23155.53
636.97	23319.78
637.17	23163.93
637.37	23332.89
637.57	23279.84
637.77	23369.54
637.97	23361.56
638.17	23523.96
638.37	23549.77
638.57	23339.64
638.76	23652.57
638.96	23488.94
639.16	23718.31
639.36	23778.11
639.56	23633.12
639.76	23695.17
639.96	23825.01
640.16	23779.34
640.36	23825.42
640.56	23784.67
640.75	23871.71
640.95	23816.82
641.15	23794.70
641.35	23889.32
641.55	23917.38
641.75	23963.86
641.95	24091.04
642.15	23972.67
642.34	24031.04
642.54	24052.95
642.74	24123.81
642.94	24220.07
643.14	24181.77
643.34	24067.70
643.54	24323.08
643.74	24193.03
643.93	24235.83
644.13	24185.86
644.33	24360.56
644.53	24308.33
644.73	24309.56
644.93	24376.12
645.13	24470.94
645.32	24449.44
645.52	24427.73
645.72	24414.42
645.92	24521.73
646.12	24613.68
646.32	24538.52
646.52	24641.33
646.71	24701.75
646.91	24764.83
647.11	24767.90
647.31	24782.64
647.51	24676.56
647.71	24671.23
647.90	24731.85
648.10	24914.53
648.30	24897.94
648.50	24943.00
648.70	24867.43
648.89	24866.81
649.09	25041.71
649.29	24978.22
649.49	24946.28
649.69	25192.65
649.89	25158.65
650.08	24982.93
650.28	24945.05
650.48	25202.07
650.68	25297.71
650.88	25320.03
651.07	25231.56
651.27	25292.79
651.47	25285.01
651.67	25343.79
651.87	25431.23
652.06	25463.59
652.26	25219.27
652.46	25545.92
652.66	25621.90
652.86	25478.34
653.05	25534.66
653.25	25728.80
653.45	25633.57
653.65	25743.14
653.85	25812.36
654.04	25817.69
654.24	25805.19
654.44	26084.95
654.64	25795.77
654.83	25945.07
655.03	25955.31
655.23	25965.14
655.43	26058.53
655.63	25896.94
655.82	26074.71
656.02	25834.48
656.22	26062.83
656.42	26162.36
656.61	26176.90
656.81	26315.96
657.01	26310.02
657.21	26196.56
657.40	26361.22
657.60	26326.81
657.80	26330.91
658.00	26412.62
658.19	26341.56
658.39	26463.62
658.59	26570.11
658.79	26442.93
658.98	26575.84
659.18	26599.19
659.38	26597.96
659.58	26653.26
659.77	26674.35
659.97	26671.48
660.17	26726.57
660.36	26932.19
660.56	26913.55
660.76	26922.16
660.96	26864.40
661.15	27000.39
661.35	27007.56
661.55	27167.30
661.75	27087.43
661.94	27143.95
662.14	27064.49
662.34	27227.51
662.53	26989.33
662.73	27276.66
662.93	27096.03
663.13	27181.43
663.32	27277.07
663.52	27208.87
663.72	27265.80
663.91	27312.29
664.11	27317.62
664.31	27335.64
664.50	27402.20
664.70	27451.15
664.90	27474.29
665.10	27495.18
665.29	27521.60
665.49	27553.75
665.69	27512.99
665.88	27788.04
666.08	27801.76
666.28	27739.91
666.47	27906.00
666.67	27821.01
666.87	27704.48
667.06	27975.22
667.26	27906.61
667.46	27885.72
667.65	27811.79
667.85	27958.63
668.05	28126.77
668.24	28131.48
668.44	28051.61
668.64	28194.76
668.83	28476.15
669.03	28091.34
669.23	28323.38
669.42	28372.12
669.62	28185.96
669.82	28429.46
670.01	28339.35
670.21	28311.09
670.41	28387.48
670.60	28319.69
670.80	28613.57
671.00	28629.55
671.19	28540.67
671.39	28607.63
671.58	28500.73
671.78	28659.65
671.98	28765.33
672.17	28645.52
672.37	28748.74
672.57	28930.80
672.76	28872.23
672.96	28854.21
673.15	28889.84
673.35	28922.61
673.55	28788.06
673.74	28965.21
673.94	29031.97
674.14	29037.30
674.33	29148.30
674.53	29259.71
674.72	29033.00
674.92	29078.87
675.12	29400.81
675.31	29329.13
675.51	29495.63
675.70	29543.15
675.90	29351.87
676.10	29642.68
676.29	29591.48
676.49	29407.77
676.68	29522.26
676.88	29472.29
677.08	29677.70
677.27	29550.11
677.47	29693.47
677.66	29471.67
677.86	29740.16
678.06	29508.94
678.25	29735.65
678.45	29913.83
678.64	29669.91
678.84	29792.79
679.03	29831.50
679.23	29867.95
679.43	29969.33
679.62	29700.84
679.82	29884.54
680.01	30116.37
680.21	30056.98
680.40	30036.30
680.60	30103.47
680.80	30098.15
680.99	29949.87
681.19	29861.20
681.38	30274.27
681.58	30147.50
681.77	30186.00
681.97	30267.10
682.16	30310.11
682.36	30182.32
682.56	30171.46
682.75	30336.32
682.95	30469.65
683.14	30384.04
683.34	30317.48
683.53	30263.62
683.73	30312.16
683.92	30573.68
684.12	30543.58
684.31	30537.02
684.51	30694.31
684.70	30293.93
684.90	30589.25
685.10	30597.03
685.29	30637.99
685.49	30748.38
685.68	30697.79
685.88	30713.56
686.07	30676.49
686.27	30688.98
686.46	30864.29
686.66	30766.60
686.85	30929.42
687.05	30849.14
687.24	30769.67
687.44	31170.05
687.63	31034.68
687.83	31135.44
688.02	31171.49
688.22	31094.07
688.41	31025.06
688.61	30700.45
688.80	31044.10
689.00	31231.70
689.19	31210.19
689.39	31067.65
689.58	31229.03
689.78	31246.03
689.97	31239.27
690.17	31138.51
690.36	31455.54
690.56	31256.07
690.75	31432.60
690.95	31410.28
691.14	31406.80
691.34	31597.26
691.53	31506.74
691.72	31418.06
691.92	31532.75
692.11	31562.85
692.31	31619.17
692.50	31529.27
692.70	31715.43
692.89	31564.29
693.09	31751.27
693.28	31607.70
693.48	31731.40
693.67	31555.07
693.87	31771.95
694.06	31782.60
694.25	31604.63
694.45	31752.08
694.64	31742.05
694.84	32043.72
695.03	31820.69
695.23	31888.27
695.42	31882.95
695.62	32099.42
695.81	31913.26
696.00	31865.95
696.20	32050.88
696.39	32043.72
696.59	31839.53
696.78	31919.61
696.98	32054.98
697.17	32019.34
697.36	32305.24
697.56	32253.02
697.75	32114.98
697.95	31962.82
698.14	32015.66
698.34	32081.81
698.53	32056.21
698.72	32114.17
698.92	32080.99
699.11	32440.20
699.31	32279.23
699.50	32250.36
699.69	32347.02
699.89	32194.04
700.08	32622.47
700.28	32319.37
700.47	32492.63
700.66	32605.88
700.86	32366.68
701.05	32564.10
701.25	32503.48
701.44	32557.14
701.63	32470.72
701.83	32546.29
702.02	32258.34
702.21	32507.58
702.41	32551.00
702.60	32594.21
702.80	32342.31
702.99	32699.48
703.18	32534.41
703.38	32764.81
703.57	32675.10
703.77	32830.34
703.96	32659.33
704.15	32695.38
704.35	32797.16
704.54	32819.90
704.73	32728.15
704.93	32721.18
705.12	32583.56
705.31	32787.74
705.51	32858.19
705.70	32776.48
705.89	32880.72
706.09	32724.87
706.28	32940.32
706.48	32810.88
706.67	33008.51
706.86	32774.23
707.06	32901.40
707.25	33087.77
707.44	32972.26
707.64	33166.82
707.83	32840.17
708.02	32945.03
708.22	33112.76
708.41	32905.30
708.60	32878.67
708.80	32793.48
708.99	33115.83
709.18	32849.39
709.38	33155.56
709.57	33189.76
709.76	33111.32
709.95	33109.07
710.15	33025.10
710.34	33180.75
710.53	32853.69
710.73	33096.99
710.92	32957.11
711.11	32836.07
711.31	33017.12
711.50	32975.75
711.69	33290.52
711.89	33022.24
712.08	33209.42
712.27	33230.31
712.46	33218.23
712.66	32910.01
712.85	33033.91
713.04	33255.70
713.24	33047.63
713.43	32949.74
713.62	33219.04
713.81	33063.19
714.01	33196.72
714.20	33166.62
714.39	33048.24
714.59	32814.37
714.78	33204.71
714.97	33035.96
715.16	33224.57
715.36	33239.11
715.55	33125.66
715.74	33048.45
715.93	33082.85
716.13	33036.98
716.32	32979.64
716.51	33044.97
716.71	33198.97
716.90	32931.31
717.09	33025.72
717.28	33180.54
717.48	33293.39
717.67	33312.02
717.86	33224.57
718.05	33161.50
718.25	32952.40
718.44	33162.93
718.63	33139.99
718.82	33300.35
719.02	33335.57
719.21	33219.04
719.40	33296.46
719.59	33120.13
719.78	33115.83
719.98	33113.57
720.17	33150.03
720.36	32995.41
720.55	33181.36
720.75	33005.03
720.94	33125.04
721.13	32996.64
721.32	33083.26
721.51	32937.86
721.71	32788.97
721.90	32805.97
722.09	33108.45
722.28	32897.31
722.48	32988.24
722.67	33005.65
722.86	32934.38
723.05	32844.06
723.24	32917.17
723.44	33026.95
723.63	33011.79
723.82	32733.27
724.01	33093.30
724.20	32924.14
724.40	32963.25
724.59	33201.64
724.78	32771.15
724.97	32949.53
725.16	32814.78
725.35	32970.22
725.55	32837.30
725.74	32991.52
725.93	33030.84
726.12	33150.85
726.31	32888.71
726.51	33080.81
726.70	33009.54
726.89	33147.16
727.08	32960.18
727.27	33114.60
727.46	33237.89
727.66	33140.20
727.85	33219.45
728.04	32928.64
728.23	33383.09
728.42	33158.63
728.61	33357.28
728.81	33146.55
729.00	33176.86
729.19	33453.54
729.38	33237.27
729.57	33242.19
729.76	33029.61
729.95	33380.63
730.15	33245.46
730.34	33245.26
730.53	33429.99
730.72	33465.42
730.91	33373.67
731.10	33331.89
731.29	33455.79
731.49	33415.45
731.68	33465.62
731.87	33511.90
732.06	33397.83
732.25	33590.55
732.44	33319.40
732.63	33615.12
732.82	33463.37
733.02	33559.01
733.21	33348.07
733.40	33439.82
733.59	33564.74
733.78	33461.52
733.97	33453.13
734.16	33399.27
734.35	33362.20
734.54	33455.59
734.74	33537.50
734.93	33462.14
735.12	33658.54
735.31	33395.99
735.50	33670.42
735.69	33590.96
735.88	33523.58
736.07	33516.82
736.26	33464.80
736.45	33576.42
736.64	33644.82
736.84	33580.31
737.03	33712.40
737.22	33423.43
737.41	33592.18
737.60	33560.24
737.79	33557.57
737.98	33541.80
738.17	33665.30
738.36	33577.64
738.55	33658.95
738.74	33673.08
738.93	33628.64
739.12	33776.30
739.32	33763.80
739.51	33777.32
739.70	33952.83
739.89	33582.15
740.08	33747.01
740.27	33729.40
740.46	33545.49
740.65	33618.19
740.84	33863.13
741.03	33677.99
741.22	33781.01
741.41	33821.97
741.60	33668.57
741.79	33720.80
741.98	33669.60
742.17	33730.01
742.36	33730.83
742.55	33733.29
742.74	33622.29
742.93	33803.54
743.12	33622.70
743.31	33696.02
743.51	33850.43
743.70	33642.16
743.89	33835.48
744.08	33702.16
744.27	33888.94
744.46	33787.56
744.65	33735.34
744.84	33902.66
745.03	33901.84
745.22	33808.86
745.41	33902.04
745.60	33846.13
745.79	33670.62
745.98	33672.87
746.17	33720.59
746.36	34077.55
746.55	33752.75
746.74	34085.34
746.93	34060.15
747.12	33815.41
747.31	34000.55
747.50	33899.58
747.69	33867.64
747.88	34270.06
748.07	33965.73
748.26	34142.06
748.45	34090.25
748.64	34252.45
748.83	34109.30
749.02	33886.68
749.21	33922.93
749.40	34024.72
749.59	33886.48
749.77	34150.67
749.96	33912.49
750.15	33986.01
750.34	34121.58
750.53	33926.41
750.72	34187.94
750.91	34112.16
751.10	34163.57
751.29	33980.48
751.48	34191.01
751.67	34161.32
751.86	34155.58
752.05	34194.29
752.24	33853.10
752.43	33914.13
752.62	34012.22
752.81	33795.34
753.00	33915.76
753.19	33871.73
753.38	33960.41
753.57	34107.04
753.76	34034.34
753.94	33999.94
754.13	34119.95
754.32	34081.03
754.51	33967.17
754.70	34148.00
754.89	34173.81
755.08	33980.48
755.27	34059.33
755.46	34153.53
755.65	33778.75
755.84	34085.75
756.03	34169.51
756.22	34287.06
756.40	33951.81
756.59	34058.10
756.78	34131.62
756.97	34123.84
757.16	34096.19
757.35	34169.10
757.54	34242.82
757.73	34133.67
757.92	33796.78
758.11	34110.12
758.29	34117.08
758.48	34316.14
758.67	34067.52
758.86	33962.05
759.05	34052.57
759.24	34053.80
759.43	34353.21
759.62	34000.75
759.81	34045.20
759.99	34115.03
760.18	33864.15
760.37	34225.42
760.56	34034.96
760.75	34054.21
760.94	34156.81
761.13	34219.48
761.32	34198.18
761.50	34190.60
761.69	34369.39
761.88	34191.63
762.07	33939.11
762.26	34193.88
762.45	34084.72
762.64	34104.79
762.82	34210.26
763.01	34218.45
763.20	34315.53
763.39	34006.08
763.58	34182.41
763.77	33886.68
763.96	34115.85
764.14	33984.58
764.33	34080.22
764.52	34005.87
764.71	34134.28
764.90	34303.44
765.09	34038.03
765.27	34112.16
765.46	34000.34
765.65	33828.11
765.84	34022.05
766.03	34067.52
766.22	33973.11
766.40	33859.85
766.59	34085.95
766.78	34057.07
766.97	34009.36
767.16	33980.48
767.35	33943.21
767.53	33868.66
767.72	34100.49
767.91	34084.11
768.10	34075.10
768.29	34195.11
768.47	34158.86
768.66	34237.29
768.85	34085.95
769.04	34002.80
769.23	34122.40
769.41	33776.71
769.60	34020.01
769.79	33973.72
769.98	33957.34
770.17	33930.92
770.35	33939.73
770.54	33973.93
770.73	34157.22
770.92	34079.60
771.10	34193.47
771.29	34007.92
771.48	34147.80
771.67	34170.74
771.86	34030.25
772.04	34154.35
772.23	34102.33
772.42	33933.58
772.61	34029.63
772.79	34007.92
772.98	34195.52
773.17	34235.66
773.36	33989.08
773.54	34387.21
773.73	34163.57
773.92	34050.32
774.11	34049.91
774.30	33849.00
774.48	33882.79
774.67	33760.32
774.86	33991.95
775.05	34123.84
775.23	34047.86
775.42	33872.76
775.61	34240.57
775.79	33919.04
775.98	33825.86
776.17	33752.75
776.36	33890.78
776.54	34192.03
776.73	34038.85
776.92	33886.68
777.11	33551.63
777.29	33806.40
777.48	33775.07
777.67	33951.81
777.85	33942.39
778.04	34043.56
778.23	33913.72
778.42	34028.20
778.60	33860.67
778.79	34063.83
778.98	33908.19
779.16	33939.52
779.35	33944.44
779.54	33831.80
779.73	33899.79
779.91	33674.92
780.10	33807.63
780.29	33704.41
780.47	33721.82
780.66	33774.25
780.85	33765.44
781.03	33751.72
781.22	33782.65
781.41	33581.94
781.60	33637.24
781.78	33708.30
781.97	33562.90
782.16	33551.23
782.34	33538.73
782.53	33620.86
782.72	33478.73
782.90	33562.08
783.09	33609.18
783.28	33835.48
783.46	33437.56
783.65	33594.64
783.84	33645.23
784.02	33588.91
784.21	33547.13
784.40	33530.75
784.58	33691.31
784.77	33572.52
784.96	33671.24
785.14	33559.83
785.33	33640.11
785.52	33355.64
785.70	33360.15
785.89	33459.07
786.08	33473.20
786.26	33795.14
786.45	33176.65
786.63	33526.04
786.82	33475.25
787.01	33214.13
787.19	33285.60
787.38	33644.41
787.57	33409.92
787.75	33554.30
787.94	33399.06
788.13	33577.64
788.31	33493.68
788.50	33423.84
788.68	33277.82
788.87	33625.77
789.06	33448.83
789.24	33393.53
789.43	33587.27
789.61	33446.78
789.80	33459.68
789.99	33479.55
790.17	33639.49
790.36	33517.02
790.55	33714.65
790.73	33698.68
790.92	33734.93
791.10	33752.54
791.29	33768.51
791.48	33819.10
791.66	33930.71
791.85	33830.98
792.03	34013.86
792.22	34172.99
792.40	34007.31
792.59	33979.66
792.78	34235.45
792.96	33933.99
793.15	34258.39
793.33	34365.09
793.52	34404.61
793.71	34385.98
793.89	34365.50
794.08	34544.49
794.26	34413.83
794.45	34346.66
794.63	34380.65
794.82	34538.55
795.01	34731.88
795.19	34616.99
795.38	34746.62
795.56	34771.61
795.75	34876.26
795.93	34732.49
796.12	34847.38
796.30	34838.37
796.49	34742.12
796.68	34767.10
796.86	35094.98
797.05	35055.66
797.23	35233.43
797.42	35031.91
797.60	35392.55
797.79	35051.77
797.97	35081.26
798.16	35201.07
798.34	35001.60
798.53	35416.11
798.71	34958.38
798.90	35318.62
799.08	35172.40
799.27	35502.33
799.46	35195.13
799.64	35198.82
799.83	35226.05
800.01	35134.71
800.20	35149.87
800.38	35053.21
800.57	35432.28
800.75	35093.96
800.94	35618.45
801.12	35329.89
801.31	35445.60
801.49	35502.33
801.68	35437.61
801.86	35386.00
802.05	35613.53
802.23	35478.36
802.42	35333.37
802.60	35339.10
802.79	35263.12
802.97	35264.35
803.16	35260.87
803.34	35445.60
803.53	35162.98
803.71	35499.25
803.90	35348.52
804.08	35412.62
804.27	35414.88
804.45	35222.78
804.63	35076.35
804.82	35054.02
805.00	35229.33
805.19	35406.48
805.37	35103.59
805.56	35369.21
805.74	35242.03
805.93	34942.21
806.11	35189.81
806.30	35043.99
806.48	34932.58
806.67	35018.59
806.85	35201.48
807.04	34884.04
807.22	34843.70
807.40	34876.06
807.59	34900.84
807.77	34894.08
807.96	34769.36
808.14	34889.37
808.33	34704.44
808.51	34938.72
808.69	34750.72
808.88	34947.12
809.06	34549.41
809.25	34762.80
809.43	34590.57
809.62	34384.95
809.80	34626.61
809.99	34603.47
810.17	34123.22
810.35	34406.05
810.54	34352.60
810.72	34283.37
810.91	34348.29
811.09	34424.48
811.27	34066.90
811.46	34100.08
811.64	34249.17
811.83	34406.05
812.01	34141.25
812.19	34038.03
812.38	34084.52
812.56	33970.85
812.75	33973.52
812.93	34039.87
813.11	33829.34
813.30	33877.06
813.48	34031.88
813.67	33620.04
813.85	33596.08
814.03	33805.17
814.22	33674.72
814.40	33534.02
814.59	33459.68
814.77	33429.58
814.95	33473.40
815.14	33268.20
815.32	33286.01
815.50	33376.33
815.69	33181.77
815.87	33356.46
816.06	33025.72
816.24	33240.34
816.42	33085.93
816.61	33021.21
816.79	33006.88
816.97	32962.64
817.16	33002.98
817.34	32834.64
817.52	32759.48
817.71	32775.86
817.89	32686.78
818.07	32979.84
818.26	32629.84
818.44	32731.63
818.63	32540.76
818.81	32435.70
818.99	32360.74
819.18	32593.19
819.36	32492.02
819.54	32388.18
819.73	32358.69
819.91	32390.03
820.09	32272.68
820.28	32170.28
820.46	32333.50
820.64	31935.79
820.83	32096.35
821.01	31830.11
821.19	31873.94
821.37	31804.92
821.56	32017.50
821.74	31838.10
821.92	31980.64
822.11	31954.42
822.29	31773.79
822.47	31709.69
822.66	31780.55
822.84	31835.64
823.02	32028.97
823.21	31706.42
823.39	31576.98
823.57	31700.68
823.75	31595.01
823.94	31645.80
824.12	31628.18
824.30	31538.69
824.49	31579.24
824.67	31296.41
824.85	31582.51
825.03	31327.34
825.22	31231.70
825.40	31233.13
825.58	31251.97
825.77	31145.27
825.95	30998.02
826.13	31132.37
826.31	30875.55
826.50	30910.98
826.68	30856.30
826.86	30835.41
827.04	30839.31
827.23	30910.16
827.41	30729.53
827.59	30708.44
827.78	30658.26
827.96	30604.81
828.14	30687.14
828.32	30863.88
828.51	30658.06
828.69	30712.33
828.87	30650.69
829.05	30528.42
829.23	30442.82
829.42	30435.24
829.60	30432.78
829.78	30410.67
829.96	30226.55
830.15	30216.72
830.33	30320.35
830.51	30271.81
830.69	30156.31
830.88	30096.51
831.06	30084.42
831.24	30070.29
831.42	30038.75
831.60	30058.41
831.79	29904.82
831.97	30056.37
832.15	29858.33
832.33	30183.75
832.52	29863.24
832.70	30183.75
832.88	30072.34
833.06	29910.76
833.24	29858.12
833.43	29622.20
833.61	29786.44
833.79	29777.43
833.97	29864.47
834.15	29688.96
834.34	29786.03
834.52	29647.59
834.70	29593.12
834.88	29614.42
835.06	29642.47
835.25	29609.30
835.43	29551.13
835.61	29558.92
835.79	29350.64
835.97	29386.27
836.15	29448.53
836.34	29454.06
836.52	29466.14
836.70	29485.80
836.88	29243.73
837.06	29260.53
837.24	29292.68
837.43	29210.15
837.61	29107.75
837.79	29277.11
837.97	29070.47
838.15	29138.47
838.33	29138.47
838.52	29035.45
838.70	29012.72
838.88	28754.47
839.06	29163.86
839.24	29019.48
839.42	28999.00
839.60	29086.86
839.79	28829.22
839.97	29019.07
840.15	29149.73
840.33	28928.96
840.51	28901.72
840.69	28785.40
840.87	28822.67
841.06	28700.20
841.24	28637.33
841.42	28544.76
841.60	28723.34
841.78	28515.88
841.96	28557.87
842.14	28608.86
842.32	28626.07
842.51	28572.82
842.69	28435.19
842.87	28475.13
843.05	28468.17
843.23	28435.40
843.41	28472.88
843.59	28305.15
843.77	28463.87
843.95	28362.29
844.14	28292.04
844.32	28223.43
844.50	28346.72
844.68	28275.86
844.86	28452.81
845.04	28279.75
845.22	28177.56
845.40	28258.25
845.58	28137.42
845.76	28023.35
845.94	28095.23
846.12	28059.60
846.31	27979.52
846.49	27911.94
846.67	27905.79
846.85	27964.78
847.03	27909.07
847.21	28111.21
847.39	27669.25
847.57	27738.68
847.75	27913.78
847.93	27858.08
848.11	27870.16
848.29	27784.55
848.47	27689.53
848.65	27596.96
848.83	27746.87
849.02	27798.69
849.20	27684.61
849.38	27712.06
849.56	27916.24
849.74	27533.68
849.92	27703.46
850.10	27642.22
850.28	27786.60
850.46	27560.51
850.64	27603.31
850.82	27556.21
851.00	27521.19
851.18	27542.89
851.36	27618.26
851.54	27387.25
851.72	27314.96
851.90	27549.65
852.08	27421.25
852.26	27347.93
852.44	27270.72
852.62	27303.90
852.80	27514.84
852.98	27440.70
853.16	27612.32
853.34	27318.64
853.52	27288.13
853.70	27240.20
853.88	27356.32
854.06	27116.51
854.24	27264.37
854.42	27349.98
854.60	27356.73
854.78	27170.78
854.96	27183.48
855.14	27319.05
855.32	27149.48
855.50	27256.38
855.68	27188.60
855.86	27172.83
856.04	27133.71
856.22	27163.00
856.40	26998.54
856.58	26857.44
856.76	26713.67
856.94	26932.60
857.12	26886.52
857.30	26764.87
857.48	26762.21
857.66	27021.07
857.84	26701.38
858.02	26765.90
858.20	26809.11
858.38	26674.76
858.56	26835.12
858.74	26777.36
858.92	26770.61
859.10	26549.43
859.28	26638.51
859.46	26729.24
859.64	26834.30
859.81	26704.66
859.99	26563.35
860.17	26660.42
860.35	26624.59
860.53	26421.63
860.71	26535.50
860.89	26545.94
861.07	26391.53
861.25	26480.20
861.43	26435.76
861.61	26626.43
861.79	26420.40
861.97	26369.61
862.15	26419.79
862.33	26469.14
862.50	26444.98
862.68	26332.95
862.86	26177.10
863.04	26398.49
863.22	26436.38
863.40	26289.33
863.58	26264.14
863.76	26077.57
863.94	26151.71
864.12	26001.59
864.30	26295.68
864.47	26162.36
864.65	26030.67
864.83	25986.23
865.01	25878.31
865.19	25894.08
865.37	26006.71
865.55	25897.15
865.73	25908.41
865.91	25994.84
866.09	25859.87
866.26	25831.20
866.44	25936.06
866.62	25855.16
866.80	25945.89
866.98	25888.75
867.16	25702.18
867.34	26017.57
867.52	25795.36
867.69	25561.89
867.87	25635.21
868.05	25483.05
868.23	25479.36
868.41	25389.25
868.59	25508.24
868.77	25455.60
868.94	25283.17
869.12	25457.45
869.30	25423.45
869.48	25374.71
869.66	25273.75
869.84	25260.23
870.02	25166.02
870.19	25365.70
870.37	25285.62
870.55	25202.48
870.73	25113.39
870.91	25266.99
871.09	25184.66
871.26	25196.54
871.44	25094.55
871.62	25156.81
871.80	25093.52
871.98	24981.50
872.16	25097.62
872.33	24809.47
872.51	24780.59
872.69	24794.73
872.87	24692.74
873.05	24729.19
873.22	24716.08
873.40	24479.75
873.58	24580.30
873.76	24323.28
873.94	24400.49
874.12	24267.78
874.29	24279.46
874.47	24302.19
874.65	24236.86
874.83	24100.26
875.01	24073.02
875.18	24023.26
875.36	24214.33
875.54	24176.03
875.72	24078.14
875.89	24125.04
876.07	24016.29
876.25	23986.19
876.43	24077.12
876.61	23961.61
876.78	23957.11
876.96	23944.61
877.14	23957.72
877.32	24036.57
877.49	23870.48
877.67	24189.55
877.85	23899.56
878.03	24025.92
878.21	24038.41
878.38	24006.67
878.56	24046.40
878.74	23965.09
878.92	23930.48
879.09	23907.14
879.27	23988.64
879.45	23961.82
879.63	24035.34
879.80	24200.00
879.98	23945.64
880.16	24096.78
880.34	24287.03
880.51	24157.60
880.69	24244.03
880.87	24226.21
881.05	24094.73
881.22	24351.54
881.40	24196.51
881.58	24190.17
881.75	24289.08
881.93	24129.34
882.11	24257.95
882.29	24179.31
882.46	24475.45
882.64	24306.28
882.82	24408.27
883.00	24478.72
883.17	24564.53
883.35	24532.79
883.53	24629.25
883.70	24719.36
883.88	24587.88
884.06	24569.45
884.23	24770.15
884.41	24893.03
884.59	24889.96
884.77	24823.81
884.94	25089.22
885.12	25103.56
885.30	25012.01
885.47	24996.66
885.65	25008.12
885.83	25178.51
886.00	25157.83
886.18	25066.08
886.36	25220.70
886.53	25030.65
886.71	25180.36
886.89	25132.44
887.07	25211.90
887.24	25472.40
887.42	25349.52
887.60	25302.42
887.77	25256.75
887.95	25552.47
888.13	25577.66
888.30	25272.93
888.48	25575.82
888.66	25664.70
888.83	25459.91
889.01	25729.62
889.18	25821.99
889.36	25879.74
889.54	25850.86
889.71	25871.75
889.89	25941.38
890.07	25900.01
890.24	25855.78
890.42	25978.86
890.60	25849.43
890.77	26118.12
890.95	25967.39
891.13	26064.67
891.30	26179.77
891.48	25981.73
891.65	26137.99
891.83	26275.20
892.01	26273.15
892.18	26267.83
892.36	26259.64
892.54	26255.34
892.71	26190.01
892.89	26143.93
893.06	26297.32
893.24	26162.56
893.42	26141.67
893.59	26317.19
893.77	26415.69
893.94	26348.11
894.12	26271.52
894.30	26427.57
894.47	26218.68
894.65	26542.87
894.82	26391.73
895.00	26347.09
895.18	26370.64
895.35	26397.88
895.53	26433.51
895.70	26490.44
895.88	26547.99
896.06	26526.08
896.23	26550.65
896.41	26564.58
896.58	26570.93
896.76	26398.49
896.93	26578.51
897.11	26539.39
897.29	26307.76
897.46	26443.34
897.64	26405.66
897.81	26548.20
897.99	26533.66
898.16	26381.70
898.34	26289.13
898.52	26450.71
898.69	26556.18
898.87	26403.20
899.04	26329.06
899.22	26536.52
899.39	26509.90
899.57	26256.98
899.74	26378.83
899.92	26337.87
900.10	26277.66
900.27	26359.37
900.45	26341.56
900.62	26374.53
900.80	26434.94
900.97	26392.76
901.15	26208.23
901.32	26333.16
901.50	26365.52
901.67	26201.68
901.85	25993.81
902.02	26279.71
902.20	26222.77
902.37	26354.46
902.55	26090.07
902.72	26199.22
902.90	26197.58
903.07	25987.67
903.25	26207.21
903.43	26106.04
903.60	25967.39
903.78	25918.65
903.95	25941.79
904.13	25741.71
904.30	25545.31
904.48	25776.11
904.65	25669.82
904.83	25768.74
905.00	25576.23
905.17	25516.43
905.35	25540.39
905.52	25448.03
905.70	25425.09
905.87	25450.08
906.05	25436.56
906.22	25168.07
906.40	25228.28
906.57	25123.83
906.75	25223.37
906.92	25168.27
907.10	25259.00
907.27	24931.73
907.45	24926.20
907.62	24939.93
907.80	24862.31
907.97	24793.09
908.15	24797.39
908.32	24802.92
908.49	24708.10
908.67	24722.43
908.84	24624.74
909.02	24544.46
909.19	24683.11
909.37	24443.50
909.54	24470.12
909.72	24530.13
909.89	24469.10
910.07	24387.59
910.24	24377.35
910.41	24287.65
910.59	24182.18
910.76	24199.59
910.94	23996.22
911.11	24065.65
911.29	23997.86
911.46	23937.86
911.63	23827.26
911.81	23700.09
911.98	23835.87
912.16	23811.29
912.33	23732.65
912.50	23654.21
912.68	23666.50
912.85	23510.85
913.03	23635.37
913.20	23504.10
913.38	23212.06
913.55	23324.69
913.72	23240.93
913.90	23216.97
914.07	23122.35
914.25	23070.13
914.42	22936.60
914.59	22879.06
914.77	22763.96
914.94	22800.00
915.11	22759.86
915.29	22833.80
915.46	22576.37
915.64	22608.72
915.81	22396.76
915.98	22495.88
916.16	22438.33
916.33	22134.00
916.51	22278.39
916.68	22078.50
916.85	22267.33
917.03	21979.59
917.20	21890.71
917.37	21967.09
917.55	21718.88
917.72	21911.19
917.89	21824.15
918.07	21833.16
918.24	21705.77
918.42	21704.95
918.59	21397.55
918.76	21455.92
918.94	21349.02
919.11	21449.57
919.28	21304.37
919.46	21258.91
919.63	21055.75
919.80	20976.70
919.98	20962.77
920.15	20938.81
920.32	20839.89
920.50	20635.71
920.67	20721.11
920.84	20549.29
921.02	20682.81
921.19	20625.06
921.36	20433.37
921.54	20362.72
921.71	20308.85
921.88	20343.26
922.06	20276.09
922.23	20129.86
922.40	20130.89
922.57	20136.21
922.75	19995.31
922.92	20084.60
923.09	19835.57
923.27	19937.56
923.44	19861.37
923.61	19757.54
923.79	19693.64
923.96	19618.89
924.13	19527.55
924.30	19457.51
924.48	19274.43
924.65	19368.43
924.82	19398.33
925.00	19251.49
925.17	19151.96
925.34	19185.54
925.51	18943.88
925.69	18867.70
925.86	18864.22
926.03	18839.03
926.21	18700.58
926.38	18685.43
926.55	18720.65
926.72	18509.51
926.90	18470.39
927.07	18423.90
927.24	18201.09
927.41	18244.71
927.59	18082.71
927.76	18238.15
927.93	18010.01
928.10	18022.09
928.28	17966.39
928.45	17904.95
928.62	17753.40
928.79	17723.29
928.97	17756.47
929.14	17592.43
929.31	17736.81
929.48	17627.24
929.66	17463.20
929.83	17236.29
930.00	17464.84
930.17	17300.80
930.34	17245.71
930.52	17075.11
930.69	16970.87
930.86	16883.63
931.03	16987.05
931.21	16891.82
931.38	16787.58
931.55	16811.33
931.72	16505.37
931.89	16624.97
932.07	16517.86
932.24	16487.96
932.41	16382.90
932.58	16230.94
932.75	16250.39
932.93	16202.27
933.10	16081.03
933.27	15964.09
933.44	15854.93
933.61	15751.30
933.79	15683.52
933.96	15578.66
934.13	15524.80
934.30	15461.72
934.47	15266.96
934.65	15252.42
934.82	15040.46
934.99	15106.81
935.16	14819.89
935.33	14684.11
935.50	14689.64
935.68	14581.10
935.85	14487.71
936.02	14415.21
936.19	14230.69
936.36	14088.76
936.53	14007.25
936.71	13958.72
936.88	13863.49
937.05	13722.79
937.22	13546.87
937.39	13393.07
937.56	13404.95
937.74	13228.41
937.91	13124.79
938.08	12959.51
938.25	12887.02
938.42	12826.81
938.59	12633.68
938.76	12593.54
938.94	12496.67
939.11	12436.87
939.28	12249.07
939.45	12129.88
939.62	12058.61
939.79	11980.99
939.96	11831.49
940.13	11707.59
940.31	11785.82
940.48	11624.65
940.65	11485.39
940.82	11440.13
940.99	11281.41
941.16	11264.62
941.33	11203.79
941.50	11135.80
941.67	11000.02
941.85	11012.10
942.02	10956.19
942.19	10897.00
942.36	10908.88
942.53	10835.36
942.70	10806.07
942.87	10684.02
943.04	10768.60
943.21	10599.23
943.38	10593.91
943.56	10585.71
943.73	10440.92
943.90	10503.79
944.07	10423.72
944.24	10322.55
944.41	10461.61
944.58	10415.12
944.75	10312.92
944.92	10284.87
945.09	10356.75
945.26	10320.91
945.43	10354.09
945.60	10290.40
945.78	10238.58
945.95	10225.48
946.12	10235.10
946.29	10118.98
946.46	10172.02
946.63	10115.29
946.80	10139.05
946.97	10153.59
947.14	10157.48
947.31	10174.28
947.48	10164.86
947.65	10077.61
947.82	10219.95
947.99	10047.30
948.16	10013.92
948.33	10059.18
948.50	10060.20
948.67	10069.42
948.84	10071.06
949.01	10015.56
949.18	9974.39
949.35	10104.03
949.52	10008.39
949.69	10048.94
949.86	10001.22
950.03	10001.63
950.20	9952.28
950.38	10005.32
950.55	10019.65
950.72	9992.21
950.89	9908.45
951.06	9951.66
951.23	9886.13
951.40	9970.09
951.57	10035.63
951.74	9972.14
951.91	9974.19
952.08	9907.43
952.25	9869.74
952.42	9920.12
952.59	9940.60
952.76	9874.66
952.92	9916.44
953.09	9921.35
953.26	10016.79
953.43	9922.79
953.60	9884.90
953.77	9870.77
953.94	9855.61
954.11	9821.41
954.28	9869.74
954.45	9745.84
954.62	9724.54
954.79	9766.12
954.96	9693.82
955.13	9694.44
955.30	9780.45
955.47	9723.31
955.64	9753.42
955.81	9707.95
955.98	9675.60
956.15	9596.95
956.32	9723.72
956.49	9657.78
956.66	9735.81
956.83	9644.88
957.00	9723.93
957.17	9602.48
957.33	9622.55
957.50	9604.74
957.67	9611.09
957.84	9543.91
958.01	9579.96
958.18	9498.45
958.35	9510.73
958.52	9484.73
958.69	9548.83
958.86	9505.61
959.03	9440.28
959.20	9460.35
959.37	9416.94
959.53	9448.89
959.70	9392.36
959.87	9381.92
960.04	9481.45
960.21	9347.51
960.38	9334.81
960.55	9322.94
960.72	9287.10
960.89	9299.79
961.06	9261.29
961.23	9219.92
961.39	9249.00
961.56	9165.86
961.73	9154.59
961.90	9182.85
962.07	9059.77
962.24	9073.90
962.41	9017.17
962.58	9006.73
962.75	8980.72
962.91	8914.16
963.08	8913.34
963.25	8939.76
963.42	8941.19
963.59	8837.98
963.76	8815.86
963.93	8868.49
964.09	8795.79
964.26	8865.62
964.43	8909.45
964.60	8781.45
964.77	8717.76
964.94	8751.96
965.11	8717.97
965.27	8665.74
965.44	8620.89
965.61	8671.27
965.78	8625.81
965.95	8593.65
966.12	8555.77
966.29	8529.76
966.45	8460.54
966.62	8486.34
966.79	8480.40
966.96	8458.28
967.13	8447.63
967.30	8473.44
967.46	8346.05
967.63	8311.65
967.80	8316.97
967.97	8290.55
968.14	8274.79
968.30	8213.55
968.47	8183.86
968.64	8273.56
968.81	8166.45
968.98	8170.13
969.15	8121.60
969.31	8097.23
969.48	8134.50
969.65	8097.43
969.82	8024.32
969.99	8012.24
970.15	7945.06
970.32	7925.40
970.49	7866.42
970.66	7903.08
970.82	7847.17
970.99	7803.34
971.16	7820.96
971.33	7790.44
971.50	7715.08
971.66	7722.24
971.83	7746.41
972.00	7683.33
972.17	7734.12
972.34	7660.39
972.50	7698.49
972.67	7610.42
972.84	7608.58
973.01	7598.96
973.17	7592.81
973.34	7575.20
973.51	7441.47
973.68	7491.23
973.84	7384.33
974.01	7397.03
974.18	7382.49
974.35	7330.67
974.51	7326.37
974.68	7303.02
974.85	7297.49
975.02	7332.92
975.18	7258.79
975.35	7247.11
975.52	7219.88
975.69	7190.18
975.85	7121.16
976.02	7110.72
976.19	7111.74
976.36	7055.42
976.52	7023.68
976.69	7039.04
976.86	6922.31
977.02	6924.56
977.19	6941.15
977.36	6908.79
977.53	6910.02
977.69	6864.76
977.86	6841.82
978.03	6819.09
978.19	6834.04
978.36	6815.81
978.53	6766.66
978.70	6735.33
978.86	6706.66
979.03	6623.10
979.20	6587.05
979.36	6589.10
979.53	6582.14
979.70	6506.16
979.86	6513.53
980.03	6447.18
980.20	6454.76
980.36	6376.93
980.53	6421.58
980.70	6390.45
980.86	6362.60
981.03	6349.08
981.20	6267.98
981.36	6294.60
981.53	6200.81
981.70	6246.27
981.86	6116.23
982.03	6188.52
982.20	6100.87
982.36	6114.38
982.53	6094.72
982.70	6089.19
982.86	6016.08
983.03	6052.53
983.20	6084.07
983.36	6042.09
983.53	5899.76
983.70	5951.77
983.86	5949.52
984.03	5934.98
984.20	5911.02
984.36	5830.13
984.53	5853.06
984.70	5829.10
984.86	5767.25
985.03	5702.13
985.19	5676.73
985.36	5698.03
985.53	5657.89
985.69	5658.10
985.86	5585.39
986.03	5556.72
986.19	5554.88
986.36	5593.99
986.52	5483.40
986.69	5498.97
986.86	5437.73
987.02	5473.37
987.19	5422.78
987.35	5429.54
987.52	5367.90
987.69	5301.34
987.85	5326.53
988.02	5324.69
988.18	5263.66
988.35	5238.47
988.52	5212.05
988.68	5191.16
988.85	5081.18
989.01	5124.60
989.18	5122.35
989.35	5093.06
989.51	5072.99
989.68	5102.69
989.84	5046.57
990.01	5032.85
990.17	5011.55
990.34	4944.99
990.51	4980.42
990.67	4940.08
990.84	4900.35
991.00	4861.85
991.17	4902.60
991.33	4892.57
991.50	4812.69
991.66	4813.31
991.83	4729.14
992.00	4800.20
992.16	4709.48
992.33	4742.24
992.49	4729.14
992.66	4675.48
992.82	4635.34
992.99	4606.67
993.15	4641.28
993.32	4609.95
993.48	4574.31
993.65	4580.66
993.82	4519.63
993.98	4518.40
994.15	4504.68
994.31	4517.17
994.48	4483.59
994.64	4429.11
994.81	4439.96
994.97	4441.60
995.14	4372.59
995.30	4352.93
995.47	4367.26
995.63	4342.69
995.80	4269.78
995.96	4270.39
996.13	4222.88
996.29	4166.97
996.46	4176.80
996.62	4210.59
996.79	4172.29
996.95	4109.83
997.12	4061.09
997.28	4109.42
997.45	4080.55
997.61	4043.68
997.78	4027.91
997.94	4025.05
998.11	4000.88
998.27	3973.23
998.44	3966.47
998.60	3944.97
998.77	3917.94
998.93	3886.60
999.10	3879.23
999.26	3836.02
999.43	3802.23
999.59	3860.80
999.75	3823.32
999.92	3745.50
1000.08	3748.77
1000.25	3727.48
1000.41	3713.75
1000.58	3677.71
1000.74	3689.59
1000.91	3672.18
1001.07	3661.53
1001.24	3626.72
1001.40	3642.28
1001.56	3552.17
1001.73	3577.15
1001.89	3537.22
1002.06	3491.14
1002.22	3489.71
1002.39	3440.35
1002.55	3474.35
1002.71	3417.82
1002.88	3445.47
1003.04	3426.01
1003.21	3380.55
1003.37	3363.96
1003.54	3370.11
1003.70	3358.02
1003.86	3329.56
1004.03	3357.20
1004.19	3335.29
1004.36	3267.91
1004.52	3250.50
1004.68	3268.73
1004.85	3270.98
1005.01	3175.34
1005.18	3154.25
1005.34	3144.62
1005.50	3112.27
1005.67	3165.31
1005.83	3088.30
1006.00	3060.86
1006.16	3047.96
1006.32	3043.45
1006.49	3046.12
1006.65	3017.24
1006.82	3035.88
1006.98	2966.66
1007.14	2960.72
1007.31	2949.45
1007.47	2939.21
1007.63	2906.04
1007.80	2934.71
1007.96	2870.61
1008.13	2841.73
1008.29	2870.61
1008.45	2865.08
1008.62	2812.24
1008.78	2809.37
1008.94	2778.24
1009.11	2791.14
1009.27	2783.16
1009.43	2768.82
1009.60	2727.45
1009.76	2737.08
1009.92	2672.36
1010.09	2689.16
1010.25	2665.19
1010.42	2675.02
1010.58	2661.71
1010.74	2675.23
1010.91	2634.27
1011.07	2568.53
1011.23	2603.35
1011.40	2569.55
1011.56	2553.17
1011.72	2571.40
1011.89	2538.02
1012.05	2550.51
1012.21	2531.05
1012.37	2505.45
1012.54	2461.63
1012.70	2449.34
1012.86	2405.51
1013.03	2388.72
1013.19	2380.32
1013.35	2373.56
1013.52	2377.86
1013.68	2346.53
1013.84	2325.23
1014.01	2317.24
1014.17	2315.40
1014.33	2286.73
1014.49	2288.57
1014.66	2251.50
1014.82	2254.17
1014.98	2227.34
1015.15	2208.09
1015.31	2252.73
1015.47	2206.24
1015.63	2178.80
1015.80	2169.79
1015.96	2157.30
1016.12	2112.65
1016.29	2145.01
1016.45	2091.56
1016.61	2116.54
1016.77	2077.22
1016.94	2064.73
1017.10	2093.20
1017.26	2025.61
1017.42	2053.06
1017.59	1985.88
1017.75	1968.88
1017.91	1992.64
1018.07	1978.92
1018.24	1954.96
1018.40	1921.58
1018.56	1908.88
1018.72	1928.74
1018.89	1882.26
1019.05	1914.82
1019.21	1906.63
1019.37	1882.67
1019.54	1864.23
1019.70	1853.38
1019.86	1858.70
1020.02	1803.00
1020.19	1830.85
1020.35	1799.72
1020.51	1838.22
1020.67	1772.69
1020.83	1756.31
1021.00	1753.64
1021.16	1752.41
1021.32	1730.91
1021.48	1740.74
1021.64	1715.55
1021.81	1719.65
1021.97	1676.64
1022.13	1701.83
1022.29	1642.23
1022.45	1641.01
1022.62	1651.04
1022.78	1622.57
1022.94	1623.19
1023.10	1626.46
1023.26	1605.58
1023.43	1571.37
1023.59	1555.20
1023.75	1566.46
1023.91	1535.74
1024.07	1536.35
1024.24	1549.87
1024.40	1511.37
1024.56	1506.86
1024.72	1525.91
1024.88	1511.57
1025.04	1456.07
1025.21	1446.65
1025.37	1471.43
1025.53	1432.32
1025.69	1447.68
1025.85	1409.99
1026.01	1409.38
1026.18	1411.02
1026.34	1386.24
1026.50	1373.54
1026.66	1366.58
1026.82	1350.60
1026.98	1349.17
1027.14	1335.24
1027.31	1326.03
1027.47	1296.74
1027.63	1310.46
1027.79	1282.00
1027.95	1286.50
1028.11	1255.37
1028.27	1280.36
1028.44	1267.66
1028.60	1261.31
1028.76	1249.84
1028.92	1240.83
1029.08	1252.92
1029.24	1204.99
1029.40	1186.97
1029.56	1229.98
1029.73	1188.81
1029.89	1186.36
1030.05	1149.49
1030.21	1165.47
1030.37	1183.69
1030.53	1139.25
1030.69	1127.99
1030.85	1115.70
1031.01	1114.27
1031.17	1090.10
1031.34	1098.50
1031.50	1083.75
1031.66	1067.78
1031.82	1055.08
1031.98	1041.16
1032.14	1044.23
1032.30	1044.84
1032.46	1047.71
1032.62	1052.01
1032.78	1033.37
1032.94	1001.42
1033.10	1002.04
1033.27	988.32
1033.43	975.82
1033.59	972.75
1033.75	980.13
1033.91	965.18
1034.07	975.62
1034.23	963.95
1034.39	963.33
1034.55	918.69
1034.71	946.95
1034.87	892.47
1035.03	912.34
1035.19	900.66
1035.35	921.76
1035.51	920.12
1035.67	867.69
1035.83	889.40
1035.99	879.16
1036.16	890.01
1036.32	873.02
1036.48	884.90
1036.64	855.20
1036.80	840.45
1036.96	847.42
1037.12	813.01
1037.28	810.14
1037.44	810.96
1037.60	836.97
1037.76	809.94
1037.92	781.88
1038.08	822.64
1038.24	769.39
1038.40	790.69
1038.56	776.35
1038.72	765.70
1038.88	754.64
1039.04	769.80
1039.20	739.08
1039.36	736.62
1039.52	727.00
1039.68	700.99
1039.84	744.20
1040.00	711.84
1040.16	735.80
1040.32	709.18
1040.48	664.94
1040.64	689.11
1040.80	687.06
1040.96	660.44
1041.12	677.23
1041.28	637.30
1041.44	651.84
1041.60	651.84
1041.76	656.55
1041.92	620.71
1042.08	639.75
1042.24	623.16
1042.39	634.43
1042.55	602.28
1042.71	599.82
1042.87	607.19
1043.03	638.32
1043.19	603.91
