345.44	-8.75
345.66	-8.75
345.88	-8.75
346.10	-23.09
346.31	-5.48
346.53	-12.85
346.75	-5.89
346.97	-3.43
347.19	1.08
347.41	-13.67
347.63	0.46
347.85	-13.67
348.07	-1.18
348.29	-0.15
348.51	4.97
348.73	20.33
348.95	8.65
349.17	-7.12
349.39	26.68
349.61	22.78
349.83	43.06
350.05	14.59
350.27	28.31
350.49	16.03
350.71	5.79
350.93	-12.03
351.15	28.72
351.37	17.05
351.59	8.65
351.80	21.15
352.02	31.18
352.24	12.75
352.46	12.34
352.68	26.27
352.90	39.99
353.12	6.61
353.34	20.74
353.56	28.72
353.78	13.77
354.00	12.34
354.22	11.11
354.44	6.20
354.66	18.48
354.88	-9.16
355.09	31.59
355.31	18.28
355.53	34.25
355.75	21.76
355.97	34.66
356.19	15.62
356.41	25.24
356.63	6.20
356.85	23.40
357.07	6.20
357.29	24.83
357.50	-3.02
357.72	27.90
357.94	-4.66
358.16	27.09
358.38	30.98
358.60	17.66
358.82	1.90
359.04	15.21
359.26	12.54
359.48	18.69
359.69	21.15
359.91	18.89
360.13	1.69
360.35	35.48
360.57	16.23
360.79	13.98
361.01	30.77
361.23	119.45
361.45	3.94
361.66	45.31
361.88	-6.71
362.10	13.98
362.32	15.00
362.54	27.70
362.76	19.30
362.98	25.24
363.20	32.82
363.41	35.89
363.63	6.20
363.85	16.03
364.07	12.95
364.29	35.07
364.51	7.22
364.73	37.12
364.94	-3.84
365.16	12.14
365.38	34.25
365.60	31.18
365.82	19.71
366.04	6.20
366.26	4.76
366.47	18.07
366.69	30.36
366.91	45.72
367.13	16.44
367.35	26.68
367.57	39.78
367.79	19.30
368.00	32.82
368.22	18.48
368.44	13.98
368.66	39.99
368.88	10.09
369.10	33.64
369.31	25.45
369.53	34.05
369.75	19.71
369.97	18.69
370.19	26.47
370.41	12.54
370.62	2.30
370.84	24.83
371.06	36.51
371.28	31.80
371.50	36.71
371.71	28.52
371.93	22.17
372.15	20.94
372.37	6.40
372.59	5.17
372.80	12.95
373.02	4.56
373.24	15.41
373.46	11.11
373.68	27.49
373.90	29.75
374.11	26.47
374.33	30.36
374.55	12.75
374.77	25.65
374.98	22.17
375.20	2.71
375.42	32.00
375.64	21.97
375.86	22.99
376.07	17.05
376.29	8.65
376.51	45.72
376.73	10.91
376.95	4.76
377.16	20.74
377.38	29.13
377.60	25.65
377.82	7.63
378.03	14.39
378.25	20.12
378.47	42.04
378.69	19.51
378.91	33.84
379.12	14.80
379.34	17.46
379.56	37.53
379.78	-7.53
379.99	25.24
380.21	1.49
380.43	32.00
380.65	5.58
380.86	8.86
381.08	29.54
381.30	39.17
381.52	26.68
381.73	16.23
381.95	13.57
382.17	37.12
382.39	-12.24
382.60	33.64
382.82	1.49
383.04	11.32
383.26	30.57
383.47	7.83
383.69	31.59
383.91	22.99
384.13	24.42
384.34	34.46
384.56	2.10
384.78	32.82
385.00	33.23
385.21	13.16
385.43	27.49
385.65	25.24
385.86	18.89
386.08	18.07
386.30	25.04
386.52	52.68
386.73	21.76
386.95	-4.04
387.17	4.56
387.38	40.81
387.60	26.47
387.82	29.54
388.04	21.76
388.25	29.34
388.47	4.15
388.69	25.24
388.90	14.80
389.12	29.54
389.34	7.42
389.56	34.66
389.77	11.32
389.99	17.87
390.21	31.59
390.42	10.91
390.64	17.87
390.86	27.29
391.07	7.22
391.29	26.27
391.51	3.94
391.72	27.70
391.94	10.91
392.16	30.57
392.38	37.94
392.59	30.16
392.81	12.34
393.03	23.19
393.24	3.94
393.46	25.04
393.68	9.06
393.89	22.37
394.11	7.63
394.33	38.96
394.54	30.57
394.76	13.16
394.98	22.58
395.19	39.78
395.41	14.39
395.63	26.68
395.84	15.00
396.06	9.27
396.28	16.44
396.49	14.18
396.71	27.90
396.93	44.90
397.14	47.16
397.36	29.54
397.57	20.94
397.79	31.18
398.01	12.95
398.22	26.27
398.44	22.99
398.66	26.68
398.87	32.41
399.09	5.58
399.31	36.30
399.52	44.70
399.74	28.31
399.96	12.95
400.17	28.93
400.39	26.27
400.60	45.93
400.82	21.15
401.04	5.99
401.25	42.65
401.47	37.12
401.69	36.92
401.90	36.10
402.12	42.85
402.33	4.35
402.55	35.48
402.77	18.07
402.98	48.18
403.20	13.16
403.41	41.63
403.63	-8.55
403.85	26.27
404.06	20.12
404.28	21.97
404.49	40.40
404.71	22.99
404.93	29.13
405.14	32.82
405.36	25.45
405.57	-1.59
405.79	21.35
406.01	24.01
406.22	3.94
406.44	16.23
406.65	27.90
406.87	16.03
407.09	40.40
407.30	18.28
407.52	26.88
407.73	23.40
407.95	41.63
408.17	28.52
408.38	23.19
408.60	42.45
408.81	24.42
409.03	12.95
409.24	41.01
409.46	25.04
409.68	11.73
409.89	40.60
410.11	39.58
410.32	36.10
410.54	40.60
410.75	19.92
410.97	10.29
411.18	57.60
411.40	49.82
411.62	44.29
411.83	18.28
412.05	26.06
412.26	23.40
412.48	43.26
412.69	43.47
412.91	51.66
413.12	34.25
413.34	36.10
413.56	38.14
413.77	15.41
413.99	44.29
414.20	37.94
414.42	36.92
414.63	29.95
414.85	17.87
415.06	36.92
415.28	23.19
415.49	48.18
415.71	40.19
415.92	39.37
416.14	49.00
416.35	42.24
416.57	35.48
416.79	53.09
417.00	34.87
417.22	31.18
417.43	27.09
417.65	37.53
417.86	48.38
418.08	29.75
418.29	34.05
418.51	23.19
418.72	39.58
418.94	24.42
419.15	37.12
419.37	51.46
419.58	46.13
419.80	36.30
420.01	36.30
420.23	40.81
420.44	34.46
420.66	50.84
420.87	43.26
421.09	35.07
421.30	4.97
421.52	31.80
421.73	33.23
421.95	15.62
422.16	34.87
422.38	39.17
422.59	33.64
422.81	20.94
423.02	48.79
423.23	37.73
423.45	38.55
423.66	63.33
423.88	29.13
424.09	46.34
424.31	36.10
424.52	50.43
424.74	37.12
424.95	66.82
425.17	31.18
425.38	42.24
425.60	47.57
425.81	36.30
426.03	38.96
426.24	51.87
426.45	37.12
426.67	67.02
426.88	36.10
427.10	51.66
427.31	59.44
427.53	60.67
427.74	60.06
427.96	42.65
428.17	50.43
428.39	60.88
428.60	49.00
428.81	53.50
429.03	35.69
429.24	58.01
429.46	54.53
429.67	58.62
429.89	41.63
430.10	38.14
430.31	36.10
430.53	70.91
430.74	47.97
430.96	43.26
431.17	53.91
431.39	32.82
431.60	25.45
431.81	36.71
432.03	56.99
432.24	53.09
432.46	33.23
432.67	57.60
432.89	33.23
433.10	61.49
433.31	55.76
433.53	49.82
433.74	63.33
433.96	65.59
434.17	60.06
434.38	56.58
434.60	39.37
434.81	75.21
435.03	66.00
435.24	62.52
435.45	62.52
435.67	49.82
435.88	66.41
436.10	70.71
436.31	35.28
436.52	45.72
436.74	58.42
436.95	49.41
437.17	51.05
437.38	67.84
437.59	61.08
437.81	49.20
438.02	65.38
438.23	72.55
438.45	64.97
438.66	81.97
438.88	61.49
439.09	76.65
439.30	73.78
439.52	58.21
439.73	67.23
439.94	57.80
440.16	42.45
440.37	84.22
440.58	75.42
440.80	59.24
441.01	72.14
441.23	52.48
441.44	55.35
441.65	67.64
441.87	73.78
442.08	58.83
442.29	69.07
442.51	56.58
442.72	82.99
442.93	80.95
443.15	62.72
443.36	68.04
443.57	72.35
443.79	75.62
444.00	70.71
444.21	72.96
444.43	47.36
444.64	67.43
444.85	46.34
445.07	73.37
445.28	63.13
445.49	85.45
445.71	58.83
445.92	39.99
446.13	67.64
446.35	63.13
446.56	82.18
446.77	67.84
446.99	76.44
447.20	73.98
447.41	78.49
447.63	80.33
447.84	55.14
448.05	73.57
448.27	86.27
448.48	91.39
448.69	76.03
448.90	86.48
449.12	69.27
449.33	90.98
449.54	79.92
449.76	98.35
449.97	93.85
450.18	74.39
450.40	67.43
450.61	77.67
450.82	59.03
451.03	87.71
451.25	79.10
451.46	94.67
451.67	79.51
451.89	75.01
452.10	91.60
452.31	73.57
452.52	92.01
452.74	110.64
452.95	103.88
453.16	81.56
453.38	81.36
453.59	111.26
453.80	97.33
454.01	97.33
454.23	104.70
454.44	77.06
454.65	109.00
454.86	103.06
455.08	82.59
455.29	107.16
455.50	77.47
455.71	118.63
455.93	94.26
456.14	111.67
456.35	79.51
456.56	95.28
456.78	71.53
456.99	98.76
457.20	86.89
457.41	84.84
457.63	111.05
457.84	128.46
458.05	95.90
458.26	101.02
458.48	83.81
458.69	119.24
458.90	103.88
459.11	109.82
459.33	67.02
459.54	115.76
459.75	112.90
459.96	114.94
460.18	99.99
460.39	101.22
460.60	88.11
460.81	109.00
461.02	102.86
461.24	115.35
461.45	107.57
461.66	98.56
461.87	127.85
462.09	101.63
462.30	99.99
462.51	141.98
462.72	99.99
462.93	103.68
463.15	133.78
463.36	117.40
463.57	115.35
463.78	96.31
463.99	116.17
464.21	144.23
464.42	131.94
464.63	124.36
464.84	125.18
465.05	124.16
465.27	115.35
465.48	118.42
465.69	130.92
465.90	147.10
466.11	125.39
466.33	135.42
466.54	142.18
466.75	130.30
466.96	114.94
467.17	138.70
467.38	137.06
467.60	163.89
467.81	149.14
468.02	142.59
468.23	140.54
468.44	144.84
468.65	156.72
468.87	144.43
469.08	150.17
469.29	160.20
469.50	137.06
469.71	143.00
469.92	135.42
470.14	130.10
470.35	127.64
470.56	154.26
470.77	168.19
470.98	152.63
471.19	156.72
471.41	161.43
471.62	157.13
471.83	160.61
472.04	167.37
472.25	165.94
472.46	161.43
472.67	175.77
472.89	177.82
473.10	171.47
473.31	178.64
473.52	164.50
473.73	171.06
473.94	166.96
474.15	180.48
474.37	190.10
474.58	189.90
474.79	184.78
475.00	190.31
475.21	170.03
475.42	179.25
475.63	200.14
475.84	192.15
476.06	173.11
476.27	192.36
476.48	187.65
476.69	171.47
476.90	207.92
477.11	215.50
477.32	210.17
477.53	236.59
477.74	214.27
477.96	208.94
478.17	230.65
478.38	205.67
478.59	240.48
478.80	197.27
479.01	248.06
479.22	246.01
479.43	235.57
479.64	252.98
479.85	234.75
480.06	235.57
480.28	243.76
480.49	227.38
480.70	240.69
480.91	232.50
481.12	245.19
481.33	250.11
481.54	239.66
481.75	250.52
481.96	240.48
482.17	232.29
482.38	241.10
482.59	272.64
482.81	257.28
483.02	223.90
483.23	256.87
483.44	257.07
483.65	273.46
483.86	269.77
484.07	259.32
484.28	265.26
484.49	270.38
484.70	293.94
484.91	289.84
485.12	284.31
485.33	275.50
485.54	283.90
485.75	286.15
485.96	299.47
486.17	313.19
486.38	302.13
486.60	305.40
486.81	282.26
487.02	298.24
487.23	299.06
487.44	301.92
487.65	295.37
487.86	321.58
488.07	310.93
488.28	325.88
488.49	298.44
488.70	321.17
488.91	346.77
489.12	310.11
489.33	318.92
489.54	334.69
489.75	336.12
489.96	340.22
490.17	351.89
490.38	335.92
490.59	324.66
490.80	352.71
491.01	348.82
491.22	350.87
491.43	335.71
491.64	333.26
491.85	337.15
492.06	362.75
492.27	343.50
492.48	372.37
492.69	334.90
492.90	364.18
493.11	367.46
493.32	359.68
493.53	361.72
493.74	379.34
493.95	354.35
494.16	348.21
494.37	369.51
494.58	363.98
494.79	359.47
495.00	362.13
495.21	360.29
495.42	398.79
495.63	370.32
495.84	385.48
496.05	381.59
496.26	377.90
496.47	385.68
496.68	370.32
496.89	387.32
497.10	393.26
497.31	379.34
497.52	374.22
497.73	391.83
497.94	406.16
498.15	412.92
498.36	408.83
498.57	415.79
498.78	416.81
498.99	418.66
499.19	419.48
499.40	427.67
499.61	420.50
499.82	404.32
500.03	401.86
500.24	422.96
500.45	420.91
500.66	393.88
500.87	433.20
501.08	420.09
501.29	424.60
501.50	391.42
501.71	437.91
501.92	431.15
502.13	416.81
502.34	433.81
502.55	444.46
502.76	446.10
502.96	447.12
503.17	451.22
503.38	426.23
503.59	437.70
503.80	436.88
504.01	454.29
504.22	462.28
504.43	436.27
504.64	430.13
504.85	472.31
505.06	439.55
505.27	448.97
505.47	440.98
505.68	456.95
505.89	460.03
506.10	463.10
506.31	464.94
506.52	421.11
506.73	473.95
506.94	438.52
507.15	452.45
507.36	468.01
507.56	466.78
507.77	460.23
507.98	474.16
508.19	442.00
508.40	459.21
508.61	469.86
508.82	460.64
509.03	453.06
509.24	474.57
509.44	494.02
509.65	458.59
509.86	450.20
510.07	464.33
510.28	470.68
510.49	472.72
510.70	469.04
510.91	493.61
511.11	497.91
511.32	489.52
511.53	489.52
511.74	494.84
511.95	484.60
512.16	497.91
512.37	478.05
512.58	508.56
512.78	467.81
512.99	510.00
513.20	511.23
513.41	505.08
513.62	505.08
513.83	514.91
514.04	511.84
514.24	498.73
514.45	507.95
514.66	512.04
514.87	519.01
515.08	525.56
515.29	495.87
515.49	500.58
515.70	534.37
515.91	520.44
516.12	528.63
516.33	543.79
516.54	507.95
516.74	510.41
516.95	510.20
517.16	537.03
517.37	532.93
517.58	551.37
517.79	531.09
517.99	532.52
518.20	540.92
518.41	557.92
518.62	543.17
518.83	555.87
519.03	548.91
519.24	550.55
519.45	557.92
519.66	572.25
519.87	548.91
520.07	574.30
520.28	564.06
520.49	562.42
520.70	567.75
520.91	544.81
521.12	561.20
521.32	575.74
521.53	592.12
521.74	598.67
521.95	578.19
522.15	562.22
522.36	585.36
522.57	596.22
522.78	567.75
522.99	583.52
523.19	590.48
523.40	579.01
523.61	588.23
523.82	593.35
524.03	612.60
524.23	616.70
524.44	631.24
524.65	617.11
524.86	607.48
525.06	610.76
525.27	595.40
525.48	633.69
525.69	623.04
525.89	636.36
526.10	643.32
526.31	621.61
526.52	644.14
526.72	650.90
526.93	596.83
527.14	614.44
527.35	652.94
527.56	643.73
527.76	634.31
527.97	647.42
528.18	636.56
528.38	655.81
528.59	666.87
528.80	635.54
529.01	644.34
529.21	693.29
529.42	661.55
529.63	680.18
529.84	679.36
530.04	677.32
530.25	681.21
530.46	635.95
530.67	653.35
530.87	676.70
531.08	675.47
531.29	708.03
531.50	703.94
531.70	693.49
531.91	689.40
532.12	696.16
532.32	687.15
532.53	707.83
532.74	710.49
532.95	723.39
533.15	703.94
533.36	730.77
533.57	735.68
533.77	643.73
533.98	712.54
534.19	701.07
534.39	705.58
534.60	714.38
534.81	737.32
535.02	745.51
535.22	694.72
535.43	740.60
535.64	743.26
535.84	751.86
536.05	756.98
536.26	751.86
536.46	739.98
536.67	749.81
536.88	744.08
537.08	712.34
537.29	758.21
537.50	744.08
537.70	758.62
537.91	742.85
538.12	759.44
538.33	780.94
538.53	788.52
538.74	774.18
538.95	786.06
539.15	777.05
539.36	748.58
539.57	768.45
539.77	780.33
539.98	804.29
540.18	800.40
540.39	792.62
540.60	806.75
540.80	766.81
541.01	802.24
541.22	792.00
541.42	816.99
541.63	804.08
541.84	814.32
542.04	806.95
542.25	815.55
542.46	800.81
542.66	825.59
542.87	821.29
543.08	803.27
543.28	822.93
543.49	800.81
543.69	826.61
543.90	813.91
544.11	838.49
544.31	838.49
544.52	839.10
544.73	820.47
544.93	836.65
545.14	834.80
545.34	807.36
545.55	813.91
545.76	845.45
545.96	871.67
546.17	841.36
546.38	867.98
546.58	852.21
546.79	852.83
546.99	827.64
547.20	859.58
547.41	879.65
547.61	859.58
547.82	872.08
548.02	879.04
548.23	870.03
548.44	871.87
548.64	857.74
548.85	870.03
549.05	883.34
549.26	884.37
549.47	893.38
549.67	920.20
549.88	882.52
550.08	881.70
550.29	902.80
550.50	890.10
550.70	895.42
550.91	889.28
551.11	917.13
551.32	876.99
551.52	927.37
551.73	932.70
551.94	915.49
552.14	909.15
552.35	931.47
552.55	912.63
552.76	939.66
552.96	926.76
553.17	935.77
553.38	924.51
553.58	930.03
553.79	922.87
553.99	936.59
554.20	942.73
554.40	956.86
554.61	959.73
554.81	980.41
555.02	973.66
555.23	964.44
555.43	977.14
555.64	981.64
555.84	954.20
556.05	1020.35
556.25	983.69
556.46	976.52
556.66	982.87
556.87	1006.42
557.07	1015.84
557.28	1019.33
557.48	1040.83
557.69	1010.52
557.90	1026.70
558.10	1025.47
558.31	1027.72
558.51	1024.24
558.72	1066.43
558.92	1073.60
559.13	1021.17
559.33	1087.32
559.54	1071.55
559.74	1076.05
559.95	1070.93
560.15	1083.84
560.36	1105.34
560.56	1107.39
560.77	1109.23
560.97	1103.50
561.18	1139.75
561.38	1136.27
561.59	1115.17
561.79	1174.56
562.00	1143.64
562.20	1125.00
562.41	1154.70
562.61	1191.36
562.82	1162.07
563.02	1182.75
563.23	1175.59
563.43	1172.72
563.64	1221.26
563.84	1221.26
564.05	1230.68
564.25	1249.93
564.46	1225.76
564.66	1231.91
564.87	1264.47
565.07	1263.65
565.28	1321.20
565.48	1293.75
565.68	1260.78
565.89	1287.20
566.09	1283.72
566.30	1267.74
566.50	1300.51
566.71	1348.03
566.91	1318.33
567.12	1338.40
567.32	1365.23
567.53	1362.16
567.73	1368.71
567.94	1399.02
568.14	1392.67
568.34	1423.39
568.55	1410.49
568.75	1416.63
568.96	1443.26
569.16	1451.45
569.37	1468.04
569.57	1453.50
569.78	1505.51
569.98	1524.76
570.18	1464.35
570.39	1496.50
570.59	1522.72
570.80	1527.63
571.00	1563.47
571.21	1549.75
571.41	1584.77
571.61	1595.01
571.82	1553.64
572.02	1573.51
572.23	1617.13
572.43	1612.62
572.64	1615.90
572.84	1655.02
573.04	1659.73
573.25	1669.56
573.45	1681.02
573.66	1683.69
573.86	1706.42
574.06	1733.45
574.27	1717.89
574.47	1764.17
574.68	1731.61
574.88	1731.00
575.08	1752.70
575.29	1813.94
575.49	1762.33
575.70	1808.20
575.90	1813.73
576.10	1793.87
576.31	1851.42
576.51	1839.74
576.72	1858.79
576.92	1874.76
577.12	1897.09
577.33	1883.77
577.53	1932.11
577.73	1899.95
577.94	1904.25
578.14	1934.56
578.35	1980.64
578.55	1976.55
578.75	1980.44
578.96	1985.15
579.16	1964.05
579.36	2063.38
579.57	2041.47
579.77	2029.18
579.98	2010.95
580.18	2033.89
580.38	2063.59
580.59	2070.75
580.79	2128.10
580.99	2115.19
581.20	2094.71
581.40	2126.87
581.60	2124.00
581.81	2153.08
582.01	2134.65
582.21	2164.96
582.42	2162.71
582.62	2142.64
582.82	2204.28
583.03	2201.82
583.23	2244.42
583.43	2230.09
583.64	2231.52
583.84	2232.34
584.04	2257.32
584.25	2255.68
584.45	2252.82
584.65	2285.59
584.86	2269.61
585.06	2325.11
585.26	2308.32
585.47	2302.17
585.67	2316.10
585.87	2338.42
586.08	2370.37
586.28	2375.90
586.48	2356.24
586.69	2351.73
586.89	2390.03
587.09	2386.96
587.30	2430.99
587.50	2454.95
587.70	2447.99
587.90	2480.96
588.11	2438.98
588.31	2506.36
588.51	2481.37
588.72	2455.16
588.92	2497.75
589.12	2497.96
589.33	2473.59
589.53	2501.44
589.73	2538.30
589.93	2545.47
590.14	2542.40
590.34	2553.66
590.54	2560.63
590.75	2560.83
590.95	2621.25
591.15	2619.40
591.35	2662.82
591.56	2611.83
591.76	2617.15
591.96	2646.23
592.16	2668.56
592.37	2651.35
592.57	2662.00
592.77	2692.72
592.97	2705.01
593.18	2742.90
593.38	2723.03
593.58	2737.16
593.79	2747.20
593.99	2773.62
594.19	2771.77
594.39	2790.20
594.60	2755.80
594.80	2790.00
595.00	2787.95
595.20	2795.12
595.41	2852.46
595.61	2823.59
595.81	2879.70
596.01	2871.30
596.21	2869.26
596.42	2833.01
596.62	2920.66
596.82	2920.87
597.02	2936.63
597.23	2953.63
597.43	2962.44
597.63	2952.20
597.83	2978.82
598.04	3016.51
598.24	3004.63
598.44	3015.69
598.64	3033.30
598.84	3078.15
599.05	3075.08
599.25	3094.12
599.45	3082.45
599.65	3090.64
599.85	3085.93
600.06	3113.99
600.26	3108.25
600.46	3140.61
600.66	3154.74
600.87	3154.54
601.07	3164.98
601.27	3200.21
601.47	3192.63
601.67	3173.17
601.87	3221.30
602.08	3239.73
602.28	3236.05
602.48	3186.49
602.68	3265.95
602.88	3255.09
603.09	3285.20
603.29	3341.31
603.49	3324.52
603.69	3315.30
603.89	3359.74
604.10	3319.81
604.30	3344.79
604.50	3406.44
604.70	3420.98
604.90	3373.06
605.10	3375.10
605.31	3419.34
605.51	3420.77
605.71	3396.40
605.91	3415.45
606.11	3468.90
606.31	3477.50
606.52	3481.80
606.72	3496.34
606.92	3545.50
607.12	3525.84
607.32	3567.82
607.52	3595.06
607.72	3533.62
607.93	3516.21
608.13	3536.07
608.33	3542.22
608.53	3601.81
608.73	3659.98
608.93	3590.14
609.13	3619.02
609.34	3594.85
609.54	3663.46
609.74	3680.05
609.94	3679.43
610.14	3642.16
610.34	3685.78
610.54	3700.12
610.74	3678.82
610.95	3745.99
611.15	3739.85
611.35	3710.15
611.55	3733.29
611.75	3760.33
611.95	3800.67
612.15	3769.75
612.35	3817.26
612.56	3820.95
612.76	3850.85
612.96	3800.47
613.16	3817.26
613.36	3876.86
613.56	3870.30
613.76	3864.16
613.96	3911.26
614.16	3891.81
614.36	3931.33
614.57	3902.66
614.77	3937.27
614.97	3944.24
615.17	3956.93
615.37	3937.27
615.57	4026.97
615.77	3974.75
615.97	4034.96
616.17	3979.26
616.37	3984.78
616.57	4011.61
616.78	4011.20
616.98	4051.96
617.18	4058.31
617.38	4102.75
617.58	4088.21
617.78	4088.00
617.98	4117.49
618.18	4105.62
618.38	4069.78
618.58	4160.30
618.78	4119.95
618.98	4139.61
619.18	4145.14
619.38	4191.42
619.58	4163.78
619.79	4204.12
619.99	4204.94
620.19	4247.74
620.39	4195.32
620.59	4218.66
620.79	4288.70
620.99	4278.46
621.19	4321.27
621.39	4238.94
621.59	4313.07
621.79	4283.99
621.99	4344.61
622.19	4295.46
622.39	4293.41
622.59	4371.85
622.79	4317.78
622.99	4338.67
623.19	4365.50
623.39	4389.05
623.59	4356.90
623.79	4348.71
623.99	4396.63
624.19	4410.56
624.39	4401.75
624.59	4379.02
624.79	4423.66
624.99	4373.90
625.19	4481.01
625.39	4453.16
625.59	4476.91
625.79	4450.90
625.99	4456.43
626.19	4466.67
626.39	4522.58
626.59	4495.34
626.79	4505.99
626.99	4492.48
627.19	4543.88
627.39	4517.46
627.59	4554.73
627.79	4518.28
627.99	4622.52
628.19	4553.30
628.39	4600.81
628.59	4684.17
628.79	4639.93
628.99	4573.99
629.19	4654.06
629.39	4680.48
629.59	4664.71
629.79	4644.85
629.99	4647.92
630.19	4699.73
630.39	4660.41
630.59	4815.24
630.79	4705.87
630.99	4708.13
631.19	4747.65
631.39	4774.69
631.59	4723.69
631.79	4739.05
631.99	4801.51
632.19	4800.49
632.39	4811.75
632.59	4769.77
632.79	4755.03
632.99	4848.41
633.19	4840.02
633.39	4784.52
633.58	4815.24
633.78	4821.38
633.98	4841.45
634.18	4844.32
634.38	4783.70
634.58	4866.85
634.78	4824.25
634.98	4862.34
635.18	4873.60
635.38	4879.54
635.58	4861.11
635.78	4921.53
635.98	4920.91
636.18	4960.03
636.38	4964.12
636.57	4926.24
636.77	4963.10
636.97	4953.06
637.17	4914.77
637.37	4972.52
637.57	5013.68
637.77	5057.51
637.97	4980.71
638.17	4948.35
638.37	5046.04
638.57	5013.27
638.76	5006.11
638.96	5011.84
639.16	5046.45
639.36	5054.44
639.56	5097.86
639.76	5107.69
639.96	5078.40
640.16	5141.27
640.36	5110.96
640.56	5147.21
640.75	5102.36
640.95	5136.15
641.15	5169.33
641.35	5174.86
641.55	5185.51
641.75	5178.55
641.95	5210.70
642.15	5220.73
642.34	5170.35
642.54	5272.14
642.74	5229.54
642.94	5270.50
643.14	5152.54
643.34	5223.81
643.54	5261.90
643.74	5220.94
643.93	5255.96
644.13	5241.01
644.33	5308.59
644.53	5265.17
644.73	5304.91
644.93	5293.03
645.13	5290.57
645.32	5316.58
645.52	5309.41
645.72	5332.96
645.92	5379.45
646.12	5364.30
646.32	5381.50
646.52	5437.20
646.71	5416.72
646.91	5430.45
647.11	5435.77
647.31	5419.80
647.51	5459.12
647.71	5444.78
647.90	5404.44
648.10	5470.59
648.30	5508.06
648.50	5471.61
648.70	5471.41
648.89	5457.48
649.09	5472.02
649.29	5511.96
649.49	5493.32
649.69	5565.82
649.89	5559.26
650.08	5519.94
650.28	5571.14
650.48	5545.34
650.68	5550.25
650.88	5611.69
651.07	5573.80
651.27	5595.51
651.47	5681.32
651.67	5668.62
651.87	5705.28
652.06	5660.43
652.26	5628.89
652.46	5703.85
652.66	5690.33
652.86	5688.90
653.05	5670.88
653.25	5715.11
653.45	5706.51
653.65	5715.52
653.85	5663.30
654.04	5748.91
654.24	5752.80
654.44	5758.33
654.64	5747.68
654.83	5787.41
655.03	5766.31
655.23	5826.52
655.43	5854.99
655.63	5824.07
655.82	5846.59
656.02	5804.00
656.22	5867.89
656.42	5873.63
656.61	5831.44
656.81	5883.66
657.01	5916.22
657.21	5922.78
657.40	5913.56
657.60	5931.99
657.80	5918.27
658.00	5940.60
658.19	5894.93
658.39	5961.07
658.59	5998.96
658.79	5977.46
658.98	5967.83
659.18	5987.49
659.38	6055.08
659.58	6025.79
659.77	6010.84
659.97	6045.04
660.17	6012.27
660.36	6121.02
660.56	6098.08
660.76	6102.79
660.96	6137.20
661.15	6074.53
661.35	6149.69
661.55	6119.59
661.75	6156.45
661.94	6182.46
662.14	6140.27
662.34	6172.43
662.53	6130.85
662.73	6202.12
662.93	6131.88
663.13	6148.26
663.32	6146.83
663.52	6278.31
663.72	6182.87
663.91	6263.15
664.11	6276.87
664.31	6262.95
664.50	6277.49
664.70	6284.04
664.90	6315.58
665.10	6328.69
665.29	6333.40
665.49	6345.07
665.69	6351.21
665.88	6361.45
666.08	6340.56
666.28	6309.23
666.47	6394.02
666.67	6375.99
666.87	6342.00
667.06	6430.26
667.26	6456.27
667.46	6382.96
667.65	6468.77
667.85	6463.85
668.05	6477.78
668.24	6535.73
668.44	6477.78
668.64	6508.09
668.83	6571.98
669.03	6489.04
669.23	6545.16
669.42	6579.15
669.62	6534.92
669.82	6612.94
670.01	6572.39
670.21	6631.17
670.41	6597.99
670.60	6559.08
670.80	6671.72
671.00	6621.34
671.19	6644.48
671.39	6589.60
671.58	6614.99
671.78	6682.37
671.98	6702.85
672.17	6711.66
672.37	6805.04
672.57	6765.72
672.76	6771.05
672.96	6760.40
673.15	6755.28
673.35	6805.04
673.55	6770.23
673.74	6830.23
673.94	6779.44
674.14	6843.95
674.33	6848.05
674.53	6901.50
674.72	6906.62
674.92	6843.13
675.12	6889.21
675.31	6893.31
675.51	6915.84
675.70	6968.68
675.90	6896.18
676.10	6954.13
676.29	6951.68
676.49	6969.49
676.68	6976.46
676.88	7009.84
677.08	7041.38
677.27	6993.66
677.47	7048.34
677.66	6916.25
677.86	7029.50
678.06	6991.82
678.25	7058.17
678.45	7089.92
678.64	7029.70
678.84	7065.75
679.03	7044.45
679.23	7128.21
679.43	7103.84
679.62	7097.08
679.82	7144.39
680.01	7190.47
680.21	7186.37
680.40	7180.44
680.60	7184.33
680.80	7211.15
680.99	7217.91
681.19	7166.71
681.38	7223.24
681.58	7233.89
681.77	7223.65
681.97	7236.96
682.16	7256.82
682.36	7245.36
682.56	7231.22
682.75	7272.80
682.95	7267.88
683.14	7286.32
683.34	7359.22
683.53	7298.60
683.73	7299.63
683.92	7342.02
684.12	7396.09
684.31	7360.66
684.51	7481.90
684.70	7372.94
684.90	7427.01
685.10	7435.41
685.29	7399.36
685.49	7438.48
685.68	7490.70
685.88	7454.25
686.07	7476.16
686.27	7424.96
686.46	7520.19
686.66	7462.24
686.85	7537.40
687.05	7501.97
687.24	7509.54
687.44	7592.49
687.63	7554.60
687.83	7601.09
688.02	7576.51
688.22	7514.87
688.41	7612.15
688.61	7498.69
688.80	7590.44
689.00	7645.73
689.19	7675.84
689.39	7646.14
689.58	7642.66
689.78	7707.38
689.97	7658.43
690.17	7619.93
690.36	7724.17
690.56	7712.29
690.75	7749.98
690.95	7735.03
691.14	7713.73
691.34	7799.33
691.53	7720.28
691.72	7725.20
691.92	7748.95
692.11	7796.87
692.31	7813.26
692.50	7739.33
692.70	7768.61
692.89	7738.51
693.09	7846.84
693.28	7764.72
693.48	7845.21
693.67	7809.98
693.87	7747.93
694.06	7857.29
694.25	7756.94
694.45	7896.00
694.64	7896.61
694.84	7948.63
695.03	7811.00
695.23	7869.17
695.42	7934.70
695.62	7988.36
695.81	7925.08
696.00	7888.42
696.20	7927.74
696.39	7922.41
696.59	7904.60
696.78	7965.22
696.98	7963.99
697.17	7943.10
697.36	8017.24
697.56	8034.44
697.75	8048.57
697.95	7991.84
698.14	8018.26
698.34	8034.44
698.53	7996.55
698.72	8104.07
698.92	8039.56
699.11	8119.63
699.31	8109.19
699.50	8156.91
699.69	8081.54
699.89	8102.43
700.08	8225.51
700.28	8140.52
700.47	8110.83
700.66	8172.88
700.86	8156.29
701.05	8144.00
701.25	8181.89
701.44	8221.21
701.63	8191.52
701.83	8216.50
702.02	8154.86
702.21	8204.42
702.41	8276.10
702.60	8256.85
702.80	8226.13
702.99	8266.47
703.18	8205.85
703.38	8272.62
703.57	8280.40
703.77	8276.30
703.96	8251.11
704.15	8277.53
704.35	8272.00
704.54	8212.00
704.73	8254.39
704.93	8223.88
705.12	8251.52
705.31	8296.78
705.51	8319.72
705.70	8379.93
705.89	8343.89
706.09	8291.66
706.28	8357.40
706.48	8386.28
706.67	8428.06
706.86	8413.72
707.06	8387.10
707.25	8366.41
707.44	8283.06
707.64	8413.93
707.83	8336.10
708.02	8314.40
708.22	8417.00
708.41	8432.56
708.60	8435.23
708.80	8317.67
708.99	8447.51
709.18	8398.36
709.38	8506.70
709.57	8540.08
709.76	8494.41
709.95	8477.21
710.15	8492.77
710.34	8576.54
710.53	8458.16
710.73	8543.15
710.92	8545.20
711.11	8536.19
711.31	8556.06
711.50	8530.05
711.69	8545.00
711.89	8508.95
712.08	8568.34
712.27	8525.75
712.46	8614.22
712.66	8571.42
712.85	8556.88
713.04	8568.14
713.24	8602.34
713.43	8547.45
713.62	8562.00
713.81	8573.05
714.01	8657.43
714.20	8675.25
714.39	8653.13
714.59	8600.09
714.78	8715.39
714.97	8674.43
715.16	8658.45
715.36	8677.50
715.55	8640.23
715.74	8608.89
715.93	8659.68
716.13	8685.28
716.32	8610.33
716.51	8713.14
716.71	8691.22
716.90	8636.75
717.09	8614.63
717.28	8705.15
717.48	8688.56
717.67	8650.88
717.86	8685.49
718.05	8703.71
718.25	8642.28
718.44	8705.76
718.63	8730.95
718.82	8655.59
719.02	8667.26
719.21	8662.76
719.40	8716.00
719.59	8637.36
719.78	8657.43
719.98	8728.49
720.17	8750.61
720.36	8763.72
720.55	8668.08
720.75	8662.76
720.94	8727.06
721.13	8743.24
721.32	8741.19
721.51	8735.87
721.71	8619.95
721.90	8709.04
722.09	8746.11
722.28	8724.81
722.48	8809.18
722.67	8765.77
722.86	8755.12
723.05	8679.75
723.24	8781.33
723.44	8781.13
723.63	8763.52
723.82	8685.49
724.01	8811.23
724.20	8728.09
724.40	8737.92
724.59	8805.91
724.78	8744.47
724.97	8697.37
725.16	8712.93
725.35	8751.23
725.55	8745.70
725.74	8797.92
725.93	8822.50
726.12	8845.84
726.31	8743.85
726.51	8763.11
726.70	8777.24
726.89	8844.41
727.08	8829.66
727.27	8860.59
727.46	8914.45
727.66	8853.22
727.85	8941.89
728.04	8791.37
728.23	8906.87
728.42	8846.66
728.61	8903.60
728.81	8905.03
729.00	8908.92
729.19	8979.78
729.38	8903.39
729.57	8952.54
729.76	8934.52
729.95	8993.50
730.15	8936.57
730.34	8895.20
730.53	8950.49
730.72	9029.14
730.91	9021.97
731.10	8931.86
731.29	8980.60
731.49	8965.85
731.68	9093.24
731.87	9045.93
732.06	9018.69
732.25	9053.92
732.44	9027.70
732.63	9045.93
732.82	9064.16
733.02	9041.83
733.21	9022.58
733.40	9006.81
733.59	9098.15
733.78	9065.39
733.97	9071.12
734.16	9090.58
734.35	9007.02
734.54	8983.47
734.74	9045.11
734.93	9117.20
735.12	9193.18
735.31	9102.25
735.50	9159.18
735.69	9198.50
735.88	9106.55
736.07	9167.58
736.26	9127.23
736.45	9057.19
736.64	9177.00
736.84	9191.34
737.03	9146.69
737.22	9115.36
737.41	9123.14
737.60	9079.93
737.79	9198.91
737.98	9196.05
738.17	9284.31
738.36	9180.48
738.55	9204.44
738.74	9178.43
738.93	9141.16
739.12	9236.60
739.32	9259.74
739.51	9220.62
739.70	9132.76
739.89	9246.63
740.08	9182.73
740.27	9235.78
740.46	9231.89
740.65	9261.99
740.84	9280.83
741.03	9302.54
741.22	9325.68
741.41	9315.85
741.60	9257.28
741.79	9305.61
741.98	9317.08
742.17	9406.99
742.36	9317.49
742.55	9375.04
742.74	9342.27
742.93	9402.69
743.12	9270.39
743.31	9385.48
743.51	9358.65
743.70	9394.49
743.89	9377.50
744.08	9322.82
744.27	9413.75
744.46	9431.77
744.65	9423.58
744.84	9359.06
745.03	9433.20
745.22	9448.15
745.41	9426.03
745.60	9413.95
745.79	9441.60
745.98	9432.79
746.17	9441.60
746.36	9479.89
746.55	9390.19
746.74	9480.30
746.93	9454.70
747.12	9446.31
747.31	9442.01
747.50	9426.03
747.69	9384.25
747.88	9548.09
748.07	9446.10
748.26	9468.63
748.45	9476.21
748.64	9471.09
748.83	9493.21
749.02	9464.33
749.21	9536.21
749.40	9498.53
749.59	9437.91
749.77	9578.61
749.96	9519.01
750.15	9579.02
750.34	9523.72
750.53	9552.19
750.72	9558.54
750.91	9531.50
751.10	9590.89
751.29	9517.17
751.48	9622.64
751.67	9570.62
751.86	9598.06
752.05	9594.79
752.24	9582.09
752.43	9575.94
752.62	9659.50
752.81	9615.06
753.00	9577.58
753.19	9595.40
753.38	9674.66
753.57	9604.00
753.76	9590.89
753.94	9650.08
754.13	9646.39
754.32	9671.38
754.51	9624.69
754.70	9637.79
754.89	9638.20
755.08	9489.32
755.27	9638.61
755.46	9624.89
755.65	9566.52
755.84	9598.27
756.03	9581.88
756.22	9690.22
756.40	9630.63
756.59	9640.87
756.78	9665.85
756.97	9676.91
757.16	9624.48
757.35	9668.10
757.54	9728.93
757.73	9750.64
757.92	9652.95
758.11	9681.62
758.29	9740.81
758.48	9757.60
758.67	9735.69
758.86	9698.00
759.05	9795.49
759.24	9731.59
759.43	9775.01
759.62	9657.86
759.81	9716.84
759.99	9715.62
760.18	9737.53
760.37	9755.14
760.56	9700.87
760.75	9708.45
760.94	9715.00
761.13	9698.41
761.32	9744.70
761.50	9797.94
761.69	9782.79
761.88	9732.61
762.07	9794.87
762.26	9825.18
762.45	9808.59
762.64	9719.51
762.82	9878.84
763.01	9921.64
763.20	9884.37
763.39	9736.10
763.58	9839.72
763.77	9795.08
763.96	9796.92
764.14	9698.00
764.33	9734.46
764.52	9784.02
764.71	9863.89
764.90	9894.40
765.09	9924.71
765.27	9854.06
765.46	9887.03
765.65	9940.69
765.84	9897.68
766.03	9917.96
766.22	9832.55
766.40	9874.33
766.59	9974.48
766.78	9859.79
766.97	9934.54
767.16	9890.72
767.35	9922.26
767.53	9794.87
767.72	9844.23
767.91	9904.03
768.10	9951.13
768.29	9977.76
768.47	9969.36
768.66	9989.22
768.85	10002.74
769.04	9962.81
769.23	9973.05
769.41	9848.32
769.60	10002.54
769.79	9904.44
769.98	9976.12
770.17	9913.24
770.35	9942.53
770.54	10046.16
770.73	10006.02
770.92	10028.14
771.10	10002.74
771.29	10007.45
771.48	10043.91
771.67	10000.69
771.86	9959.53
772.04	10010.11
772.23	9986.15
772.42	9969.15
772.61	9957.69
772.79	10050.46
772.98	10085.07
773.17	10103.71
773.36	10120.91
773.54	10217.57
773.73	10111.28
773.92	10140.98
774.11	10094.90
774.30	10038.99
774.48	10043.91
774.67	10041.04
774.86	10115.99
775.05	10052.51
775.23	10114.15
775.42	10055.99
775.61	10210.81
775.79	10208.97
775.98	10197.71
776.17	10123.37
776.36	10164.74
776.54	10122.14
776.73	10219.01
776.92	10180.10
777.11	10143.03
777.29	10073.19
777.48	10106.78
777.67	10129.31
777.85	10152.45
778.04	10254.44
778.23	10197.91
778.42	10215.32
778.60	10176.00
778.79	10323.25
778.98	10326.12
779.16	10261.19
779.35	10248.29
779.54	10234.37
779.73	10217.78
779.91	10190.54
780.10	10206.72
780.29	10147.74
780.47	10129.31
780.66	10260.58
780.85	10166.99
781.03	10179.89
781.22	10195.45
781.41	10159.00
781.60	10162.69
781.78	10245.43
781.97	10211.84
782.16	10173.34
782.34	10186.03
782.53	10226.58
782.72	10176.61
782.90	10212.66
783.09	10273.28
783.28	10297.24
783.46	10230.27
783.65	10273.48
783.84	10245.02
784.02	10241.94
784.21	10281.67
784.40	10242.76
784.58	10335.95
784.77	10254.85
784.96	10308.30
785.14	10291.10
785.33	10327.55
785.52	10270.21
785.70	10228.63
785.89	10265.09
786.08	10265.29
786.26	10459.23
786.45	10117.43
786.63	10268.98
786.82	10236.41
787.01	10205.29
787.19	10325.30
787.38	10411.11
787.57	10351.92
787.75	10401.69
787.94	10385.10
788.13	10414.79
788.31	10402.50
788.50	10349.87
788.68	10401.69
788.87	10523.54
789.06	10519.65
789.24	10494.87
789.43	10560.81
789.61	10495.69
789.80	10521.90
789.99	10586.00
790.17	10671.20
790.36	10715.43
790.55	10688.81
790.73	10696.39
790.92	10750.04
791.10	10688.40
791.29	10685.12
791.48	10824.80
791.66	10819.47
791.85	10791.41
792.03	10917.77
792.22	10960.99
792.40	10883.78
792.59	10840.97
792.78	10989.86
792.96	10898.32
793.15	11002.56
793.33	11063.38
793.52	11080.38
793.71	11109.05
793.89	11188.31
794.08	11182.58
794.26	11170.70
794.45	11214.32
794.63	11125.23
794.82	11162.71
795.01	11346.62
795.19	11308.73
795.38	11297.67
795.56	11367.30
795.75	11416.45
795.93	11363.00
796.12	11539.95
796.30	11444.92
796.49	11474.00
796.68	11417.68
796.86	11529.30
797.05	11540.36
797.23	11586.44
797.42	11508.61
797.60	11646.24
797.79	11649.72
797.97	11607.94
798.16	11670.40
798.34	11646.85
798.53	11800.45
798.71	11677.98
798.90	11839.15
799.08	11778.74
799.27	11884.82
799.46	11829.12
799.64	11941.76
799.83	11909.20
800.01	11849.60
800.20	11910.83
800.38	11900.59
800.57	12034.94
800.75	11824.61
800.94	12126.08
801.12	11942.17
801.31	12044.16
801.49	11982.31
801.68	12032.69
801.86	12096.38
802.05	12123.21
802.23	12146.35
802.42	12098.63
802.60	12171.34
802.79	12071.39
802.97	12058.70
803.16	12084.91
803.34	12186.29
803.53	12118.29
803.71	12195.50
803.90	12231.14
804.08	12221.72
804.27	12240.15
804.45	12154.75
804.63	12049.28
804.82	12103.96
805.00	12078.15
805.19	12234.41
805.37	12179.12
805.56	12202.46
805.74	12204.92
805.93	12104.98
806.11	12194.07
806.30	12194.48
806.48	12165.40
806.67	12234.82
806.85	12406.03
807.04	12163.35
807.22	12172.36
807.40	12221.10
807.59	12185.47
807.77	12231.75
807.96	12116.45
808.14	12288.07
808.33	12167.24
808.51	12219.46
808.69	12197.75
808.88	12297.69
809.06	12223.97
809.25	12245.88
809.43	12167.44
809.62	12208.61
809.80	12215.57
809.99	12318.38
810.17	12222.94
810.35	12278.24
810.54	12344.39
810.72	12299.95
810.91	12241.38
811.09	12295.44
811.27	12221.51
811.46	12257.76
811.64	12271.48
811.83	12311.62
812.01	12167.03
812.19	12252.23
812.38	12263.70
812.56	12230.52
812.75	12253.87
812.93	12175.64
813.11	12152.08
813.30	12177.07
813.48	12166.62
813.67	12129.56
813.85	12178.91
814.03	12213.52
814.22	12198.37
814.40	12167.65
814.59	12130.17
814.77	12117.27
814.95	12100.48
815.14	12035.96
815.32	12099.25
815.50	12135.09
815.69	11992.14
815.87	12110.92
816.06	12061.15
816.24	12185.47
816.42	12101.29
816.61	12146.96
816.79	12075.08
816.97	12085.73
817.16	12150.86
817.34	12028.59
817.52	12068.73
817.71	12087.16
817.89	12058.08
818.07	12161.71
818.26	11954.86
818.44	12029.41
818.63	12036.99
818.81	12007.91
818.99	11965.51
819.18	12034.53
819.36	12035.96
819.54	11905.71
819.73	11976.78
819.91	11969.41
820.09	12038.01
820.28	11986.40
820.46	12030.23
820.64	11951.59
820.83	11936.43
821.01	11887.69
821.19	12045.79
821.37	11933.57
821.56	12008.32
821.74	11903.05
821.92	11981.90
822.11	12002.58
822.29	11948.52
822.47	11927.83
822.66	11945.65
822.84	11862.71
823.02	12012.21
823.21	11870.90
823.39	11917.18
823.57	11932.75
823.75	11841.82
823.94	11936.23
824.12	11826.25
824.30	11897.73
824.49	11843.25
824.67	11849.60
824.85	11896.70
825.03	11864.75
825.22	11895.47
825.40	11809.66
825.58	11899.16
825.77	11886.87
825.95	11862.50
826.13	11859.02
826.31	11811.71
826.50	11905.71
826.68	11879.50
826.86	11913.29
827.04	11837.72
827.23	11917.39
827.41	11854.72
827.59	11790.62
827.78	11828.51
827.96	11843.46
828.14	11850.21
828.32	11871.72
828.51	11832.19
828.69	11870.08
828.87	11884.21
829.05	11834.85
829.23	11794.51
829.42	11850.01
829.60	11739.83
829.78	11754.37
829.96	11702.15
830.15	11745.15
830.33	11834.85
830.51	11799.42
830.69	11769.73
830.88	11829.94
831.06	11888.31
831.24	11752.73
831.42	11815.81
831.60	11785.09
831.79	11720.58
831.97	11842.64
832.15	11843.46
832.33	11813.96
832.52	11772.60
832.70	11861.27
832.88	11942.78
833.06	11817.04
833.24	11851.24
833.43	11759.28
833.61	11723.44
833.79	11729.38
833.97	11810.07
834.15	11750.48
834.34	11816.22
834.52	11786.52
834.70	11787.96
834.88	11788.57
835.06	11855.95
835.25	11835.26
835.43	11837.11
835.61	11863.73
835.79	11856.77
835.97	11786.93
836.15	11858.61
836.34	11774.44
836.52	11684.74
836.70	11736.35
836.88	11684.33
837.06	11776.08
837.24	11781.40
837.43	11771.37
837.61	11718.73
837.79	11743.72
837.97	11799.63
838.15	11737.99
838.33	11781.81
838.52	11805.98
838.70	11779.15
838.88	11672.86
839.06	11710.95
839.24	11798.60
839.42	11773.21
839.60	11845.30
839.79	11768.09
839.97	11857.59
840.15	11864.96
840.33	11808.23
840.51	11780.58
840.69	11786.11
840.87	11770.96
841.06	11742.29
841.24	11741.67
841.42	11754.37
841.60	11853.90
841.78	11774.03
841.96	11762.56
842.14	11834.65
842.32	11817.04
842.51	11779.56
842.69	11812.33
842.87	11747.82
843.05	11747.00
843.23	11720.17
843.41	11795.94
843.59	11837.93
843.77	11803.72
843.95	11821.34
844.14	11740.85
844.32	11675.93
844.50	11806.80
844.68	11866.39
844.86	11847.76
845.04	11856.97
845.22	11816.01
845.40	11787.34
845.58	11728.56
845.76	11766.66
845.94	11797.17
846.12	11803.32
846.31	11881.55
846.49	11892.20
846.67	11861.89
846.85	11845.30
847.03	11755.39
847.21	11877.25
847.39	11733.89
847.57	11731.23
847.75	11736.35
847.93	11763.79
848.11	11803.72
848.29	11843.46
848.47	11769.32
848.65	11718.73
848.83	11822.16
849.02	11847.35
849.20	11864.14
849.38	11816.63
849.56	11949.74
849.74	11715.05
849.92	11800.24
850.10	11804.54
850.28	11838.13
850.46	11805.98
850.64	11878.48
850.82	11854.10
851.00	11831.37
851.18	11840.79
851.36	11882.98
851.54	11822.98
851.72	11694.98
851.90	11866.39
852.08	11798.60
852.26	11756.01
852.44	11852.26
852.62	11849.19
852.80	11896.70
852.98	11813.35
853.16	11980.26
853.34	11901.00
853.52	11817.45
853.70	11864.14
853.88	11869.67
854.06	11837.52
854.24	11778.33
854.42	11835.88
854.60	11838.34
854.78	11737.99
854.96	11769.52
855.14	11849.19
855.32	11818.27
855.50	11848.17
855.68	11820.52
855.86	11707.27
856.04	11741.47
856.22	11770.34
856.40	11843.05
856.58	11796.97
856.76	11711.36
856.94	11740.65
857.12	11833.22
857.30	11756.21
857.48	11759.90
857.66	11880.32
857.84	11759.69
858.02	11808.23
858.20	11834.85
858.38	11847.14
858.56	11865.78
858.74	11919.84
858.92	11872.13
859.10	11774.85
859.28	11777.31
859.46	11858.61
859.64	11808.03
859.81	11862.30
859.99	11735.53
860.17	11818.06
860.35	11758.46
860.53	11761.33
860.71	11791.44
860.89	11802.91
861.07	11734.71
861.25	11837.93
861.43	11805.77
861.61	11874.79
861.79	11793.89
861.97	11777.92
862.15	11750.07
862.33	11899.77
862.50	11816.22
862.68	11708.90
862.86	11808.03
863.04	11862.50
863.22	11829.94
863.40	11895.68
863.58	11898.75
863.76	11805.77
863.94	11782.84
864.12	11737.37
864.30	11778.13
864.47	11816.83
864.65	11667.13
864.83	11795.33
865.01	11691.29
865.19	11684.12
865.37	11823.59
865.55	11711.36
865.73	11710.54
865.91	11750.68
866.09	11691.50
866.26	11727.13
866.44	11804.54
866.62	11807.41
866.80	11827.69
866.98	11709.72
867.16	11675.11
867.34	11725.90
867.52	11758.06
867.69	11620.02
867.87	11704.60
868.05	11616.13
868.23	11673.88
868.41	11625.76
868.59	11713.20
868.77	11651.97
868.94	11576.61
869.12	11645.21
869.30	11592.17
869.48	11629.03
869.66	11637.02
869.84	11651.97
870.02	11542.40
870.19	11570.46
870.37	11496.94
870.55	11477.48
870.73	11492.02
870.91	11502.88
871.09	11539.95
871.26	11503.70
871.44	11476.05
871.62	11452.70
871.80	11483.42
871.98	11419.12
872.16	11487.93
872.33	11363.21
872.51	11360.34
872.69	11323.48
872.87	11359.93
873.05	11392.08
873.22	11389.42
873.40	11300.74
873.58	11355.22
873.76	11240.94
873.94	11306.27
874.12	11260.19
874.29	11208.59
874.47	11264.90
874.65	11225.17
874.83	11250.36
875.01	11134.45
875.18	11198.55
875.36	11184.21
875.54	11187.49
875.72	11089.80
875.89	11176.64
876.07	11108.03
876.25	11184.21
876.43	11106.80
876.61	11071.78
876.78	11096.36
876.96	11137.93
877.14	11124.82
877.32	11170.29
877.49	11160.66
877.67	11253.64
877.85	11208.38
878.03	11196.09
878.21	11207.97
878.38	11173.16
878.56	11269.61
878.74	11197.12
878.92	11339.25
879.09	11298.49
879.27	11347.03
879.45	11308.94
879.63	11331.26
879.80	11342.73
879.98	11319.79
880.16	11353.79
880.34	11429.56
880.51	11408.26
880.69	11360.95
880.87	11429.77
881.05	11428.33
881.22	11500.83
881.40	11403.14
881.58	11365.25
881.75	11450.25
881.93	11514.14
882.11	11515.58
882.29	11460.49
882.46	11591.35
882.64	11580.91
882.82	11595.24
883.00	11565.96
883.17	11649.92
883.35	11584.80
883.53	11640.50
883.70	11702.96
883.88	11784.47
884.06	11712.59
884.23	11689.04
884.41	11748.43
884.59	11791.44
884.77	11812.12
884.94	11879.09
885.12	11873.36
885.30	11850.62
885.47	11919.03
885.65	11947.08
885.83	11909.20
886.00	12042.93
886.18	11926.81
886.36	12026.34
886.53	12006.06
886.71	12048.05
886.89	11974.94
887.07	12055.62
887.24	12181.37
887.42	12077.54
887.60	12171.13
887.77	12134.47
887.95	12219.67
888.13	12344.18
888.30	12196.73
888.48	12296.26
888.66	12316.13
888.83	12228.06
889.01	12261.24
889.18	12360.77
889.36	12386.17
889.54	12372.86
889.71	12450.06
889.89	12542.63
890.07	12496.35
890.24	12616.56
890.42	12529.52
890.60	12445.15
890.77	12615.95
890.95	12599.77
891.13	12617.38
891.30	12627.21
891.48	12479.76
891.65	12637.86
891.83	12651.99
892.01	12598.75
892.18	12599.77
892.36	12655.68
892.54	12672.68
892.71	12698.28
892.89	12628.24
893.06	12803.95
893.24	12727.56
893.42	12696.23
893.59	12734.12
893.77	12769.55
893.94	12791.05
894.12	12796.58
894.30	12802.31
894.47	12647.90
894.65	12828.53
894.82	12779.38
895.00	12831.40
895.18	12841.02
895.35	12841.84
895.53	12843.48
895.70	12879.93
895.88	12842.25
896.06	12767.09
896.23	12779.58
896.41	12872.56
896.58	12812.35
896.76	12721.01
896.93	12830.58
897.11	12849.62
897.29	12797.60
897.46	12832.83
897.64	12846.55
897.81	12872.97
897.99	12896.11
898.16	12852.69
898.34	12728.79
898.52	12825.66
898.69	12942.40
898.87	12866.21
899.04	12771.80
899.22	12906.76
899.39	12819.52
899.57	12721.62
899.74	12911.68
899.92	12840.20
900.10	12795.97
900.27	12878.50
900.45	12795.97
900.62	12845.73
900.80	12812.35
900.97	12745.59
901.15	12729.00
901.32	12644.83
901.50	12818.49
901.67	12714.46
901.85	12667.97
902.02	12774.87
902.20	12689.68
902.37	12763.81
902.55	12619.02
902.72	12637.66
902.90	12737.19
903.07	12635.81
903.25	12663.46
903.43	12598.54
903.60	12553.49
903.78	12528.09
903.95	12541.81
904.13	12515.19
904.30	12471.77
904.48	12548.98
904.65	12455.18
904.83	12548.57
905.00	12532.19
905.17	12451.09
905.35	12490.61
905.52	12380.02
905.70	12414.84
905.87	12363.23
906.05	12375.93
906.22	12239.53
906.40	12299.74
906.57	12262.27
906.75	12347.26
906.92	12260.42
907.10	12352.17
907.27	12143.89
907.45	12252.43
907.62	12238.92
907.80	12239.33
907.97	12207.79
908.15	12135.70
908.32	12107.44
908.49	12139.80
908.67	12072.83
908.84	12059.52
909.02	12023.47
909.19	12043.95
909.37	11974.94
909.54	11994.39
909.72	11902.03
909.89	11993.78
910.07	11862.91
910.24	11887.90
910.41	11891.99
910.59	11835.88
910.76	11825.02
910.94	11744.33
911.11	11792.05
911.29	11752.53
911.46	11613.88
911.63	11729.38
911.81	11706.04
911.98	11739.01
912.16	11799.01
912.33	11611.22
912.50	11542.20
912.68	11584.18
912.85	11458.23
913.03	11560.43
913.20	11518.65
913.38	11383.89
913.55	11436.11
913.72	11400.89
913.90	11333.72
914.07	11386.55
914.25	11327.16
914.42	11308.94
914.59	11303.61
914.77	11185.85
914.94	11289.28
915.11	11181.96
915.29	11195.27
915.46	11055.19
915.64	11111.31
915.81	10984.54
915.98	11014.03
916.16	10979.83
916.33	10941.12
916.51	10877.84
916.68	10778.10
916.85	10885.83
917.03	10796.33
917.20	10711.54
917.37	10718.92
917.55	10648.47
917.72	10725.47
917.89	10716.46
918.07	10751.68
918.24	10624.30
918.42	10626.35
918.59	10559.38
918.76	10553.03
918.94	10499.37
919.11	10511.87
919.28	10567.78
919.46	10383.87
919.63	10359.29
919.80	10388.17
919.98	10282.29
920.15	10262.01
920.32	10270.00
920.50	10244.61
920.67	10209.79
920.84	10180.91
921.02	10155.93
921.19	10069.50
921.36	10016.87
921.54	10009.91
921.71	9993.53
921.88	9990.45
922.06	10035.30
922.23	9932.70
922.40	9969.15
922.57	9907.31
922.75	9815.15
922.92	9866.14
923.09	9738.14
923.27	9771.32
923.44	9716.03
923.61	9711.32
923.79	9631.03
923.96	9617.52
924.13	9589.26
924.30	9517.99
924.48	9524.54
924.65	9512.87
924.82	9555.87
925.00	9495.46
925.17	9460.44
925.34	9395.31
925.51	9405.76
925.69	9359.27
925.86	9315.85
926.03	9294.35
926.21	9196.87
926.38	9111.26
926.55	9210.18
926.72	9108.19
926.90	9156.93
927.07	9065.59
927.24	9018.49
927.41	9047.57
927.59	8938.62
927.76	8971.38
927.93	8934.73
928.10	8884.55
928.28	8872.06
928.45	8822.50
928.62	8796.08
928.79	8752.05
928.97	8770.27
929.14	8716.41
929.31	8752.87
929.48	8659.89
929.66	8626.92
929.83	8586.57
930.00	8672.99
930.17	8551.76
930.34	8601.52
930.52	8479.05
930.69	8408.81
930.86	8383.21
931.03	8341.43
931.21	8292.89
931.38	8224.69
931.55	8311.12
931.72	8229.61
931.89	8106.12
932.07	8111.44
932.24	8097.52
932.41	8025.22
932.58	7971.98
932.75	7983.44
932.93	7906.24
933.10	7876.54
933.27	7837.22
933.44	7787.25
933.61	7736.05
933.79	7722.74
933.96	7682.19
934.13	7670.10
934.30	7680.14
934.47	7565.66
934.65	7538.22
934.82	7424.55
934.99	7498.28
935.16	7337.31
935.33	7275.26
935.50	7220.99
935.68	7178.80
935.85	7151.56
936.02	7023.97
936.19	7028.68
936.36	6956.18
936.53	6864.84
936.71	6823.88
936.88	6892.29
937.05	6786.00
937.22	6701.62
937.39	6609.26
937.56	6585.71
937.74	6525.90
937.91	6414.50
938.08	6399.75
938.25	6352.44
938.42	6246.36
938.59	6251.07
938.76	6175.29
938.94	6150.72
939.11	6130.85
939.28	6074.74
939.45	5989.54
939.62	5931.17
939.79	5938.75
939.96	5842.50
940.13	5773.07
940.31	5780.24
940.48	5686.44
940.65	5624.39
940.82	5616.20
940.99	5575.24
941.16	5549.23
941.33	5558.24
941.50	5483.49
941.67	5476.12
941.85	5424.51
942.02	5401.36
942.19	5377.40
942.36	5342.79
942.53	5361.43
942.70	5292.82
942.87	5272.14
943.04	5234.87
943.21	5205.99
943.38	5194.93
943.56	5220.94
943.73	5126.53
943.90	5142.50
944.07	5117.72
944.24	5165.44
944.41	5152.74
944.58	5133.08
944.75	5075.94
944.92	5119.56
945.09	5140.66
945.26	5054.23
945.43	5060.58
945.60	5106.25
945.78	5008.77
945.95	4996.28
946.12	5012.25
946.29	4988.49
946.46	5039.90
946.63	4984.60
946.80	5023.51
946.97	5043.38
947.14	4981.94
947.31	5037.44
947.48	5020.65
947.65	5003.44
947.82	5015.53
947.99	4960.44
948.16	4973.75
948.33	4968.22
948.50	4960.64
948.67	4998.12
948.84	4961.26
949.01	4995.05
949.18	4951.84
949.35	4999.35
949.52	4925.62
949.69	4955.11
949.86	4962.08
950.03	4905.14
950.20	4903.09
950.38	4953.06
950.55	4913.74
950.72	4955.52
950.89	4884.25
951.06	4922.55
951.23	4901.25
951.40	4917.84
951.57	4973.34
951.74	4911.29
951.91	4925.42
952.08	4883.02
952.25	4895.72
952.42	4860.50
952.59	4909.24
952.76	4846.77
952.92	4886.51
953.09	4875.65
953.26	4882.00
953.43	4866.23
953.60	4816.67
953.77	4819.95
953.94	4839.81
954.11	4838.99
954.28	4840.63
954.45	4796.80
954.62	4795.17
954.79	4781.44
954.96	4843.29
955.13	4808.89
955.30	4848.41
955.47	4832.85
955.64	4802.13
955.81	4839.40
955.98	4854.76
956.15	4783.08
956.32	4818.92
956.49	4832.03
956.66	4796.60
956.83	4800.08
957.00	4791.89
957.17	4756.25
957.33	4748.47
957.50	4771.61
957.67	4763.63
957.84	4725.74
958.01	4735.16
958.18	4701.16
958.35	4724.72
958.52	4718.37
958.69	4670.85
958.86	4710.38
959.03	4674.34
959.20	4667.37
959.37	4653.45
959.53	4678.64
959.70	4650.99
959.87	4639.52
960.04	4685.40
960.21	4630.71
960.38	4645.25
960.55	4612.49
960.72	4655.70
960.89	4594.26
961.06	4633.17
961.23	4576.85
961.39	4609.62
961.56	4588.53
961.73	4588.53
961.90	4563.75
962.07	4539.78
962.24	4524.22
962.41	4496.57
962.58	4506.20
962.75	4420.18
962.91	4460.12
963.08	4467.49
963.25	4406.26
963.42	4458.28
963.59	4445.78
963.76	4404.82
963.93	4399.91
964.09	4374.92
964.26	4393.56
964.43	4380.04
964.60	4356.70
964.77	4299.76
964.94	4339.90
965.11	4348.91
965.27	4301.20
965.44	4278.87
965.61	4313.28
965.78	4257.57
965.95	4273.96
966.12	4223.17
966.29	4233.82
966.45	4223.99
966.62	4205.15
966.79	4218.46
966.96	4163.16
967.13	4226.04
967.30	4185.90
967.46	4144.53
967.63	4143.71
967.80	4153.33
967.97	4141.04
968.14	4080.02
968.30	4090.05
968.47	4086.98
968.64	4128.55
968.81	4061.17
968.98	4071.62
969.15	4028.41
969.31	4018.99
969.48	4042.54
969.65	4058.10
969.82	3928.06
969.99	3961.23
970.15	3924.57
970.32	3912.29
970.49	3944.24
970.66	3903.07
970.82	3823.00
970.99	3835.28
971.16	3883.82
971.33	3865.39
971.50	3824.02
971.66	3819.72
971.83	3833.85
972.00	3776.10
972.17	3822.59
972.34	3790.43
972.50	3806.20
972.67	3772.21
972.84	3776.71
973.01	3728.38
973.17	3719.37
973.34	3712.41
973.51	3696.64
973.68	3682.91
973.84	3631.72
974.01	3626.19
974.18	3638.88
974.35	3626.19
974.51	3574.58
974.68	3625.37
974.85	3561.88
975.02	3551.23
975.18	3553.89
975.35	3567.20
975.52	3510.07
975.69	3505.97
975.85	3433.47
976.02	3478.12
976.19	3475.25
976.36	3443.30
976.52	3456.82
976.69	3477.91
976.86	3431.83
977.02	3402.55
977.19	3410.94
977.36	3409.72
977.53	3369.17
977.69	3332.51
977.86	3356.88
978.03	3360.36
978.19	3336.19
978.36	3369.78
978.53	3322.88
978.70	3294.01
978.86	3275.57
979.03	3277.01
979.20	3234.20
979.36	3267.59
979.53	3224.99
979.70	3241.99
979.86	3230.11
980.03	3198.57
980.20	3190.79
980.36	3181.57
980.53	3198.98
980.70	3153.10
980.86	3183.62
981.03	3118.08
981.20	3116.45
981.36	3101.91
981.53	3074.46
981.70	3119.72
981.86	3108.46
982.03	3116.45
982.20	3108.25
982.36	3024.49
982.53	3054.19
982.70	2983.53
982.86	2957.11
983.03	2983.74
983.20	2995.21
983.36	2995.00
983.53	2955.68
983.70	2971.65
983.86	2966.53
984.03	2948.10
984.20	2908.58
984.36	2918.82
984.53	2892.19
984.70	2879.09
984.86	2824.20
985.03	2890.56
985.19	2844.68
985.36	2837.92
985.53	2880.72
985.69	2820.92
985.86	2804.34
986.03	2811.09
986.19	2800.04
986.36	2791.43
986.52	2740.85
986.69	2786.31
986.86	2750.68
987.02	2734.09
987.19	2680.23
987.35	2692.93
987.52	2675.72
987.69	2660.16
987.85	2653.61
988.02	2660.16
988.18	2652.17
988.35	2584.59
988.52	2569.84
988.68	2592.58
988.85	2569.02
989.01	2579.67
989.18	2539.53
989.35	2499.80
989.51	2493.86
989.68	2540.56
989.84	2486.08
990.01	2504.31
990.17	2519.87
990.34	2442.66
990.51	2479.12
990.67	2477.89
990.84	2458.43
991.00	2450.86
991.17	2440.41
991.33	2459.87
991.50	2417.47
991.66	2416.86
991.83	2380.41
992.00	2413.79
992.16	2350.71
992.33	2356.65
992.49	2355.22
992.66	2323.68
992.82	2293.57
992.99	2302.17
993.15	2294.60
993.32	2324.91
993.48	2246.67
993.65	2258.35
993.82	2247.29
993.98	2242.37
994.15	2228.45
994.31	2205.10
994.48	2206.94
994.64	2191.58
994.81	2209.20
994.97	2178.07
995.14	2180.52
995.30	2174.38
995.47	2147.14
995.63	2135.88
995.80	2164.14
995.96	2092.67
996.13	2112.74
996.29	2081.61
996.46	2084.88
996.62	2085.91
996.79	2057.65
996.95	2065.43
997.12	2058.47
997.28	2048.02
997.45	2068.50
997.61	2047.00
997.78	2013.41
997.94	2032.87
998.11	2011.77
998.27	2030.61
998.44	1993.95
998.60	1968.97
998.77	1959.96
998.93	1964.05
999.10	1953.20
999.26	1925.14
999.43	1932.31
999.59	1931.08
999.75	1918.79
999.92	1856.33
1000.08	1864.73
1000.25	1860.63
1000.41	1818.44
1000.58	1843.43
1000.74	1846.30
1000.91	1863.09
1001.07	1834.42
1001.24	1845.48
1001.40	1829.30
1001.56	1790.39
1001.73	1763.56
1001.89	1776.87
1002.06	1774.82
1002.22	1792.84
1002.39	1715.23
1002.55	1762.53
1002.71	1722.60
1002.88	1719.12
1003.04	1712.77
1003.21	1722.80
1003.37	1737.55
1003.54	1706.21
1003.70	1667.30
1003.86	1660.55
1004.03	1700.07
1004.19	1674.06
1004.36	1647.64
1004.52	1681.02
1004.68	1672.42
1004.85	1663.00
1005.01	1592.55
1005.18	1601.77
1005.34	1605.05
1005.50	1606.07
1005.67	1530.70
1005.83	1590.50
1006.00	1528.86
1006.16	1531.73
1006.32	1569.82
1006.49	1511.66
1006.65	1523.95
1006.82	1531.32
1006.98	1514.32
1007.14	1486.47
1007.31	1499.57
1007.47	1481.14
1007.63	1474.38
1007.80	1446.12
1007.96	1426.26
1008.13	1450.01
1008.29	1437.11
1008.45	1415.40
1008.62	1396.15
1008.78	1415.40
1008.94	1399.22
1009.11	1358.67
1009.27	1388.78
1009.43	1379.56
1009.60	1358.67
1009.76	1371.99
1009.92	1341.88
1010.09	1351.92
1010.25	1336.56
1010.42	1333.28
1010.58	1317.92
1010.74	1348.84
1010.91	1292.93
1011.07	1260.58
1011.23	1288.84
1011.40	1284.13
1011.56	1285.77
1011.72	1272.86
1011.89	1265.70
1012.05	1237.23
1012.21	1246.04
1012.37	1230.27
1012.54	1234.98
1012.70	1186.85
1012.86	1200.98
1013.03	1210.81
1013.19	1199.14
1013.35	1199.14
1013.52	1156.95
1013.68	1177.22
1013.84	1186.65
1014.01	1191.36
1014.17	1162.89
1014.33	1189.31
1014.49	1146.10
1014.66	1120.70
1014.82	1151.42
1014.98	1132.78
1015.15	1099.20
1015.31	1128.07
1015.47	1098.38
1015.63	1105.96
1015.80	1099.40
1015.96	1090.80
1016.12	1076.26
1016.29	1065.41
1016.45	1085.48
1016.61	1036.73
1016.77	1060.90
1016.94	1048.00
1017.10	1009.70
1017.26	1047.38
1017.42	1060.70
1017.59	1000.89
1017.75	1022.60
1017.91	1019.74
1018.07	976.73
1018.24	954.20
1018.40	982.46
1018.56	991.06
1018.72	966.90
1018.89	971.61
1019.05	959.32
1019.21	957.48
1019.37	959.53
1019.54	946.01
1019.70	960.55
1019.86	946.21
1020.02	926.55
1020.19	921.43
1020.35	930.03
1020.51	948.47
1020.67	895.83
1020.83	915.49
1021.00	892.15
1021.16	916.93
1021.32	879.86
1021.48	868.39
1021.64	893.38
1021.81	866.96
1021.97	872.28
1022.13	844.84
1022.29	823.75
1022.45	842.59
1022.62	850.37
1022.78	825.59
1022.94	847.50
1023.10	794.66
1023.26	799.78
1023.43	780.12
1023.59	797.74
1023.75	812.28
1023.91	772.14
1024.07	754.52
1024.24	805.72
1024.40	785.04
1024.56	771.32
1024.72	795.07
1024.88	755.14
1025.04	772.55
1025.21	717.46
1025.37	732.61
1025.53	751.86
1025.69	739.16
1025.85	765.58
1026.01	728.11
1026.18	724.83
1026.34	709.06
1026.50	717.87
1026.66	721.76
1026.82	719.91
1026.98	712.13
1027.14	659.70
1027.31	688.37
1027.47	671.17
1027.63	667.69
1027.79	626.12
1027.95	651.92
1028.11	661.75
1028.27	654.99
1028.44	647.42
1028.60	651.92
1028.76	658.88
1028.92	629.19
1029.08	607.68
1029.24	611.78
1029.40	596.01
1029.56	639.84
1029.73	603.79
1029.89	597.65
1030.05	594.99
1030.21	579.63
1030.37	595.60
1030.53	603.18
1030.69	582.90
1030.85	541.94
1031.01	556.08
1031.17	565.29
1031.34	565.09
1031.50	557.30
1031.66	559.15
1031.82	539.69
1031.98	542.76
1032.14	577.58
1032.30	517.37
1032.46	555.26
1032.62	542.15
1032.78	512.25
1032.94	529.86
1033.10	530.68
1033.27	525.15
1033.43	519.83
1033.59	526.79
1033.75	490.95
1033.91	492.38
1034.07	516.75
1034.23	495.05
1034.39	478.87
1034.55	463.30
1034.71	502.01
1034.87	491.97
1035.03	472.72
1035.19	446.30
1035.35	469.86
1035.51	451.63
1035.67	469.04
1035.83	436.47
1035.99	466.78
1036.16	445.49
1036.32	433.61
1036.48	452.04
1036.64	439.75
1036.80	432.79
1036.96	438.52
1037.12	427.87
1037.28	413.33
1037.44	410.26
1037.60	435.45
1037.76	424.19
1037.92	430.94
1038.08	415.99
1038.24	390.60
1038.40	389.99
1038.56	388.55
1038.72	413.33
1038.88	394.49
1039.04	399.41
1039.20	388.35
1039.36	405.75
1039.52	388.35
1039.68	344.52
1039.84	390.60
1040.00	389.99
1040.16	358.65
1040.32	356.60
1040.48	357.22
1040.64	362.13
1040.80	373.40
1040.96	362.13
1041.12	372.58
1041.28	350.46
1041.44	343.09
1041.60	347.39
1041.76	341.45
1041.92	341.86
1042.08	344.73
1042.24	340.83
1042.39	346.36
1042.55	318.72
1042.71	320.56
1042.87	309.30
1043.03	323.02
1043.19	318.92
