345.44	282.895
345.66	282.895
345.88	282.895
346.10	-184.615
346.31	-31.579
346.53	207.407
346.75	141.667
346.97	88.372
347.19	39.130
347.41	34.694
347.63	225.000
347.85	-5.263
348.07	52.778
348.29	135.294
348.51	-5.634
348.73	-525.000
348.95	27.778
349.17	8.458
349.39	-55.238
349.61	-14.754
349.83	35.780
350.05	38.065
350.27	41.216
350.49	-0.510
350.71	42.969
350.93	88.087
351.15	61.905
351.37	59.898
351.59	53.333
351.80	31.361
352.02	51.055
352.24	-59.292
352.46	40.359
352.68	63.871
352.90	84.956
353.12	-19.259
353.34	107.438
353.56	67.483
353.78	29.412
354.00	71.845
354.22	122.321
354.44	55.495
354.66	230.000
354.88	58.983
355.09	-37.705
355.31	7050.000
355.53	12.069
355.75	9.565
355.97	38.346
356.19	25.564
356.41	84.887
356.63	76.471
356.85	-92.754
357.07	50.714
357.29	52.857
357.50	12.698
357.72	59.058
357.94	2.210
358.16	-2.632
358.38	79.747
358.60	68.837
358.82	124.779
359.04	91.163
359.26	84.314
359.48	75.000
359.69	5.128
359.91	81.967
360.13	93.035
360.35	-19.048
360.57	91.358
360.79	66.827
361.01	65.975
361.23	-137.113
361.45	63.842
361.66	79.612
361.88	80.337
362.10	18.702
362.32	83.529
362.54	38.314
362.76	-39.286
362.98	29.252
363.20	8.374
363.41	201.408
363.63	-2.339
363.85	94.595
364.07	61.088
364.29	21.053
364.51	54.294
364.73	-161.404
364.94	68.263
365.16	65.950
365.38	9.950
365.60	36.667
365.82	-16.418
366.04	46.862
366.26	25.926
366.47	37.220
366.69	57.192
366.91	36.000
367.13	-4.633
367.35	90.909
367.57	7.205
367.79	78.218
368.00	12.025
368.22	12.626
368.44	16.987
368.66	33.333
368.88	-7.886
369.10	64.706
369.31	27.624
369.53	86.928
369.75	-18.386
369.97	-14.074
370.19	74.834
370.41	33.880
370.62	57.796
370.84	87.586
371.06	72.874
371.28	13.061
371.50	37.402
371.71	89.756
371.93	99.438
372.15	47.012
372.37	17.949
372.59	73.661
372.80	82.576
373.02	9.000
373.24	41.870
373.46	71.429
373.68	31.596
373.90	47.879
374.11	41.304
374.33	48.366
374.55	30.980
374.77	56.371
374.98	55.330
375.20	115.672
375.42	5.419
375.64	16.573
375.86	31.762
376.07	90.614
376.29	95.686
376.51	19.048
376.73	56.667
376.95	55.914
377.16	36.336
377.38	47.581
377.60	65.728
377.82	60.699
378.03	47.619
378.25	42.342
378.47	64.938
378.69	68.444
378.91	-97.727
379.12	15.294
379.34	53.289
379.56	90.909
379.78	47.236
379.99	43.519
380.21	15.414
380.43	19.580
380.65	27.957
380.86	74.368
381.08	67.376
381.30	53.639
381.52	112.542
381.73	56.040
381.95	86.567
382.17	39.823
382.39	50.244
382.60	53.043
382.82	58.896
383.04	92.903
383.26	66.962
383.47	46.452
383.69	25.080
383.91	42.063
384.13	12.552
384.34	12.186
384.56	72.816
384.78	60.630
385.00	-4.167
385.21	57.416
385.43	-19.421
385.65	-12.139
385.86	39.649
386.08	113.734
386.30	75.369
386.52	42.744
386.73	-5.114
386.95	45.726
387.17	52.921
387.38	33.246
387.60	34.347
387.82	27.198
388.04	42.326
388.25	58.991
388.47	93.388
388.69	-24.373
388.90	36.090
389.12	53.716
389.34	63.354
389.56	68.000
389.77	63.051
389.99	62.116
390.21	34.104
390.42	40.748
390.64	45.977
390.86	53.618
391.07	73.545
391.29	56.234
391.51	81.924
391.72	50.122
391.94	34.630
392.16	69.211
392.38	15.502
392.59	59.247
392.81	43.552
393.03	69.255
393.24	75.789
393.46	6.291
393.68	50.693
393.89	16.310
394.11	62.250
394.33	95.161
394.54	77.014
394.76	32.776
394.98	76.000
395.19	0.398
395.41	9.355
395.63	7.983
395.84	54.422
396.06	50.225
396.28	84.923
396.49	22.917
396.71	30.769
396.93	48.718
397.14	47.445
397.36	47.368
397.57	47.816
397.79	28.532
398.01	57.143
398.22	40.669
398.44	23.925
398.66	57.006
398.87	38.811
399.09	57.377
399.31	51.724
399.52	57.086
399.74	21.962
399.96	71.608
400.17	57.039
400.39	3.858
400.60	74.123
400.82	66.667
401.04	39.413
401.25	44.559
401.47	38.664
401.69	49.279
401.90	73.770
402.12	15.894
402.33	49.528
402.55	50.503
402.77	25.572
402.98	31.906
403.20	18.182
403.41	52.039
403.63	55.189
403.85	45.823
404.06	68.358
404.28	64.452
404.49	28.571
404.71	40.109
404.93	48.000
405.14	13.739
405.36	46.820
405.57	46.405
405.79	9.942
406.01	57.420
406.22	19.111
406.44	50.903
406.65	59.853
406.87	44.676
407.09	34.361
407.30	52.194
407.52	44.847
407.73	45.899
407.95	51.891
408.17	74.225
408.38	36.042
408.60	46.235
408.81	57.006
409.03	48.226
409.24	31.579
409.46	51.933
409.68	51.369
409.89	56.000
410.11	58.519
410.32	57.104
410.54	33.490
410.75	40.816
410.97	59.549
411.18	51.235
411.40	42.297
411.62	31.213
411.83	35.819
412.05	38.366
412.26	47.903
412.48	51.133
412.69	42.969
412.91	45.672
413.12	41.385
413.34	40.828
413.56	57.902
413.77	44.444
413.99	51.271
414.20	42.767
414.42	46.046
414.63	55.447
414.85	53.676
415.06	50.914
415.28	38.847
415.49	59.535
415.71	52.924
415.92	53.578
416.14	53.154
416.35	62.861
416.57	58.073
416.79	31.241
417.00	53.271
417.22	38.321
417.43	31.452
417.65	49.933
417.86	43.706
418.08	43.151
418.29	44.429
418.51	48.276
418.72	41.068
418.94	29.831
419.15	61.084
419.37	47.990
419.58	40.026
419.80	40.687
420.01	47.657
420.23	49.262
420.44	27.298
420.66	51.298
420.87	37.887
421.09	44.000
421.30	55.201
421.52	58.890
421.73	45.499
421.95	53.846
422.16	35.360
422.38	44.144
422.59	55.057
422.81	48.161
423.02	32.426
423.23	42.308
423.45	50.450
423.66	51.728
423.88	53.827
424.09	47.534
424.31	37.443
424.52	48.337
424.74	50.688
424.95	36.546
425.17	38.131
425.38	49.275
425.60	45.533
425.81	50.584
426.03	48.718
426.24	36.754
426.45	46.361
426.67	32.826
426.88	42.997
427.10	39.619
427.31	43.506
427.53	43.986
427.74	41.567
427.96	43.086
428.17	50.000
428.39	41.744
428.60	44.904
428.81	46.486
429.03	43.046
429.24	39.024
429.46	51.813
429.67	43.153
429.89	45.016
430.10	41.023
430.31	35.756
430.53	45.188
430.74	48.630
430.96	49.907
431.17	51.291
431.39	40.985
431.60	59.386
431.81	48.876
432.03	45.525
432.24	47.920
432.46	38.654
432.67	51.707
432.89	47.771
433.10	46.875
433.31	43.002
433.53	45.132
433.74	51.565
433.96	41.266
434.17	46.796
434.38	46.280
434.60	45.897
434.81	40.781
435.03	42.688
435.24	43.963
435.45	47.865
435.67	50.248
435.88	47.280
436.10	47.806
436.31	37.203
436.52	51.799
436.74	40.522
436.95	45.139
437.17	39.582
437.38	44.856
437.59	51.799
437.81	49.725
438.02	41.443
438.23	43.426
438.45	49.000
438.66	41.590
438.88	44.094
439.09	49.706
439.30	43.096
439.52	50.372
439.73	40.751
439.94	48.178
440.16	48.124
440.37	40.891
440.58	50.353
440.80	48.017
441.01	43.200
441.23	45.078
441.44	44.187
441.65	46.038
441.87	41.410
442.08	51.644
442.29	39.371
442.51	40.904
442.72	46.497
442.93	49.597
443.15	45.469
443.36	44.972
443.57	44.750
443.79	44.770
444.00	47.522
444.21	49.950
444.43	43.284
444.64	47.507
444.85	44.819
445.07	49.303
445.28	47.041
445.49	40.932
445.71	51.310
445.92	49.216
446.13	40.166
446.35	43.096
446.56	45.262
446.77	49.834
446.99	43.073
447.20	37.265
447.41	49.597
447.63	45.002
447.84	46.994
448.05	47.543
448.27	55.326
448.48	43.157
448.69	37.099
448.90	42.356
449.12	47.634
449.33	47.926
449.54	44.029
449.76	47.900
449.97	40.848
450.18	47.704
450.40	46.399
450.61	46.360
450.82	53.437
451.03	44.071
451.25	48.851
451.46	45.972
451.67	42.764
451.89	47.801
452.10	41.254
452.31	43.418
452.52	47.315
452.74	41.613
452.95	44.622
453.16	43.485
453.38	47.163
453.59	40.629
453.80	45.752
454.01	44.676
454.23	44.013
454.44	45.305
454.65	47.084
454.86	46.317
455.08	42.542
455.29	45.636
455.50	41.692
455.71	49.612
455.93	47.048
456.14	41.252
456.35	44.869
456.56	43.590
456.78	44.991
456.99	40.966
457.20	47.807
457.41	46.653
457.63	42.345
457.84	41.925
458.05	41.751
458.26	43.683
458.48	43.933
458.69	44.963
458.90	44.415
459.11	39.169
459.33	46.414
459.54	47.663
459.75	41.394
459.96	51.346
460.18	42.516
460.39	46.301
460.60	45.699
460.81	45.981
461.02	42.820
461.24	46.270
461.45	48.334
461.66	47.895
461.87	44.626
462.09	44.135
462.30	45.751
462.51	42.700
462.72	45.508
462.93	44.670
463.15	41.617
463.36	45.723
463.57	45.214
463.78	47.481
463.99	45.668
464.21	41.261
464.42	41.430
464.63	43.967
464.84	43.810
465.05	43.785
465.27	47.501
465.48	41.302
465.69	45.819
465.90	41.242
466.11	44.251
466.33	42.921
466.54	41.930
466.75	41.842
466.96	43.089
467.17	43.617
467.38	46.283
467.60	44.847
467.81	45.778
468.02	43.113
468.23	46.510
468.44	43.929
468.65	42.708
468.87	39.535
469.08	43.465
469.29	42.588
469.50	40.264
469.71	42.877
469.92	43.691
470.14	42.007
470.35	45.231
470.56	41.273
470.77	41.087
470.98	42.325
471.19	44.375
471.41	42.003
471.62	42.295
471.83	45.380
472.04	41.990
472.25	43.999
472.46	42.400
472.67	44.135
472.89	42.170
473.10	42.112
473.31	41.888
473.52	43.108
473.73	41.860
473.94	41.376
474.15	41.940
474.37	43.553
474.58	43.783
474.79	43.280
475.00	41.084
475.21	40.508
475.42	42.723
475.63	41.662
475.84	42.175
476.06	42.792
476.27	40.118
476.48	42.648
476.69	41.797
476.90	41.286
477.11	42.393
477.32	41.542
477.53	40.951
477.74	40.651
477.96	40.160
478.17	41.679
478.38	41.998
478.59	40.354
478.80	42.166
479.01	43.074
479.22	39.429
479.43	39.730
479.64	39.602
479.85	41.200
480.06	39.010
480.28	40.742
480.49	38.966
480.70	41.405
480.91	41.563
481.12	40.513
481.33	40.308
481.54	40.867
481.75	41.236
481.96	42.380
482.17	39.147
482.38	40.232
482.59	41.109
482.81	40.641
483.02	42.460
483.23	38.510
483.44	38.809
483.65	42.187
483.86	40.432
484.07	40.265
484.28	40.442
484.49	39.442
484.70	38.469
484.91	39.422
485.12	38.633
485.33	39.305
485.54	40.391
485.75	38.367
485.96	39.499
486.17	39.394
486.38	38.397
486.60	40.166
486.81	40.963
487.02	39.414
487.23	39.580
487.44	41.565
487.65	39.429
487.86	39.337
488.07	39.973
488.28	39.472
488.49	39.266
488.70	38.672
488.91	37.472
489.12	38.541
489.33	38.859
489.54	38.918
489.75	39.038
489.96	39.739
490.17	38.877
490.38	39.365
490.59	39.615
490.80	38.317
491.01	38.767
491.22	38.673
491.43	38.456
491.64	37.858
491.85	39.484
492.06	39.886
492.27	39.141
492.48	37.900
492.69	38.357
492.90	39.197
493.11	38.455
493.32	37.857
493.53	38.160
493.74	37.490
493.95	39.878
494.16	37.915
494.37	37.964
494.58	37.731
494.79	37.847
495.00	37.370
495.21	38.775
495.42	37.210
495.63	36.970
495.84	37.561
496.05	38.537
496.26	37.533
496.47	36.765
496.68	36.772
496.89	37.845
497.10	37.354
497.31	37.584
497.52	37.292
497.73	38.420
497.94	36.657
498.15	37.979
498.36	37.079
498.57	36.510
498.78	37.067
498.99	37.133
499.19	36.055
499.40	37.137
499.61	37.086
499.82	36.073
500.03	36.245
500.24	36.122
500.45	36.740
500.66	37.038
500.87	36.457
501.08	36.544
501.29	35.993
501.50	36.586
501.71	35.843
501.92	35.785
502.13	36.182
502.34	36.330
502.55	35.549
502.76	35.298
502.96	36.163
503.17	36.388
503.38	36.005
503.59	35.761
503.80	36.902
504.01	35.767
504.22	35.385
504.43	36.229
504.64	34.056
504.85	35.040
505.06	34.511
505.27	34.846
505.47	34.733
505.68	34.623
505.89	34.579
506.10	35.069
506.31	34.344
506.52	34.785
506.73	34.443
506.94	34.133
507.15	35.924
507.36	34.273
507.56	34.064
507.77	33.586
507.98	33.750
508.19	34.094
508.40	33.770
508.61	33.863
508.82	34.176
509.03	34.027
509.24	34.084
509.44	33.917
509.65	33.593
509.86	32.846
510.07	32.575
510.28	33.274
510.49	32.340
510.70	33.655
510.91	33.264
511.11	33.271
511.32	32.823
511.53	32.819
511.74	33.154
511.95	32.444
512.16	32.738
512.37	32.748
512.58	32.907
512.78	32.596
512.99	32.418
513.20	32.208
513.41	32.509
513.62	32.721
513.83	31.585
514.04	32.590
514.24	32.351
514.45	31.907
514.66	31.477
514.87	32.169
515.08	32.966
515.29	31.946
515.49	32.403
515.70	32.079
515.91	32.394
516.12	31.539
516.33	31.893
516.54	31.427
516.74	31.575
516.95	31.849
517.16	31.966
517.37	31.798
517.58	31.618
517.79	31.401
517.99	31.092
518.20	31.581
518.41	31.895
518.62	31.447
518.83	30.653
519.03	31.596
519.24	31.240
519.45	31.034
519.66	31.605
519.87	31.256
520.07	31.086
520.28	31.052
520.49	31.169
520.70	30.594
520.91	31.549
521.12	31.214
521.32	31.113
521.53	31.373
521.74	30.892
521.95	30.965
522.15	30.980
522.36	31.531
522.57	31.491
522.78	30.985
522.99	31.019
523.19	31.032
523.40	31.595
523.61	31.874
523.82	31.363
524.03	30.936
524.23	31.364
524.44	31.096
524.65	31.473
524.86	30.690
525.06	30.895
525.27	31.642
525.48	31.328
525.69	31.205
525.89	31.147
526.10	31.624
526.31	30.878
526.52	30.817
526.72	30.972
526.93	32.062
527.14	31.108
527.35	31.119
527.56	31.559
527.76	31.589
527.97	31.297
528.18	30.894
528.38	31.976
528.59	31.206
528.80	31.434
529.01	31.012
529.21	32.126
529.42	31.395
529.63	31.528
529.84	31.441
530.04	31.354
530.25	32.014
530.46	31.822
530.67	31.691
530.87	31.085
531.08	31.486
531.29	31.389
531.50	31.388
531.70	31.318
531.91	31.352
532.12	31.402
532.32	31.545
532.53	31.467
532.74	31.552
532.95	31.553
533.15	32.002
533.36	31.316
533.57	31.551
533.77	31.233
533.98	31.439
534.19	31.599
534.39	30.746
534.60	31.643
534.81	31.631
535.02	31.176
535.22	31.026
535.43	31.710
535.64	31.385
535.84	32.079
536.05	31.504
536.26	31.464
536.46	31.991
536.67	31.353
536.88	31.449
537.08	31.378
537.29	31.669
537.50	31.533
537.70	31.560
537.91	31.206
538.12	31.351
538.33	30.897
538.53	31.015
538.74	31.448
538.95	31.181
539.15	31.390
539.36	30.727
539.57	30.947
539.77	30.953
539.98	31.065
540.18	30.880
540.39	31.024
540.60	30.905
540.80	30.851
541.01	30.572
541.22	30.717
541.42	31.001
541.63	30.754
541.84	31.076
542.04	30.623
542.25	30.630
542.46	30.610
542.66	30.303
542.87	30.660
543.08	30.334
543.28	30.968
543.49	30.700
543.69	30.520
543.90	29.958
544.11	30.149
544.31	30.323
544.52	29.954
544.73	30.082
544.93	30.165
545.14	30.291
545.34	29.738
545.55	29.934
545.76	29.777
545.96	30.211
546.17	29.641
546.38	29.769
546.58	29.966
546.79	29.670
546.99	30.289
547.20	30.216
547.41	29.530
547.61	29.602
547.82	29.582
548.02	29.922
548.23	29.894
548.44	29.935
548.64	29.414
548.85	29.705
549.05	29.762
549.26	29.542
549.47	29.323
549.67	29.544
549.88	29.478
550.08	29.358
550.29	29.134
550.50	29.401
550.70	29.399
550.91	29.217
551.11	29.001
551.32	29.269
551.52	29.394
551.73	29.306
551.94	29.369
552.14	29.377
552.35	29.444
552.55	29.259
552.76	29.224
552.96	29.461
553.17	29.420
553.38	29.379
553.58	29.676
553.79	29.359
553.99	29.056
554.20	29.721
554.40	29.590
554.61	29.221
554.81	29.413
555.02	29.745
555.23	29.126
555.43	29.459
555.64	29.693
555.84	29.341
556.05	29.654
556.25	29.877
556.46	29.797
556.66	29.192
556.87	29.839
557.07	29.969
557.28	29.576
557.48	29.703
557.69	29.777
557.90	29.773
558.10	29.649
558.31	30.078
558.51	29.834
558.72	29.990
558.92	30.107
559.13	29.925
559.33	29.704
559.54	30.322
559.74	30.438
559.95	30.350
560.15	30.117
560.36	30.834
560.56	30.992
560.77	31.048
560.97	30.407
561.18	30.835
561.38	30.969
561.59	31.331
561.79	30.846
562.00	31.332
562.20	31.642
562.41	31.636
562.61	31.619
562.82	31.709
563.02	32.130
563.23	31.782
563.43	32.020
563.64	32.371
563.84	32.284
564.05	32.773
564.25	32.536
564.46	32.995
564.66	32.908
564.87	33.131
565.07	32.756
565.28	32.669
565.48	33.408
565.68	33.564
565.89	33.616
566.09	33.966
566.30	33.329
566.50	33.975
566.71	34.311
566.91	34.509
567.12	34.703
567.32	34.467
567.53	34.884
567.73	35.367
567.94	35.131
568.14	35.063
568.34	35.295
568.55	35.405
568.75	35.990
568.96	36.183
569.16	36.176
569.37	36.043
569.57	36.365
569.78	36.669
569.98	36.562
570.18	36.789
570.39	37.137
570.59	37.372
570.80	37.404
571.00	38.018
571.21	37.959
571.41	38.078
571.61	38.238
571.82	38.712
572.02	38.797
572.23	38.796
572.43	38.842
572.64	39.123
572.84	38.826
573.04	39.052
573.25	39.472
573.45	39.672
573.66	39.900
573.86	40.270
574.06	40.011
574.27	40.236
574.47	40.597
574.68	40.436
574.88	40.675
575.08	40.665
575.29	41.152
575.49	41.298
575.70	41.375
575.90	41.900
576.10	42.194
576.31	41.896
576.51	42.092
576.72	42.092
576.92	42.921
577.12	43.104
577.33	43.574
577.53	43.249
577.73	42.795
577.94	43.248
578.14	43.662
578.35	44.129
578.55	44.216
578.75	44.106
578.96	44.093
579.16	44.527
579.36	44.627
579.57	44.459
579.77	44.689
579.98	44.378
580.18	45.146
580.38	45.226
580.59	45.551
580.79	45.169
580.99	46.006
581.20	45.736
581.40	45.796
581.60	46.074
581.81	46.303
582.01	46.179
582.21	46.677
582.42	46.510
582.62	46.652
582.82	46.600
583.03	46.826
583.23	46.704
583.43	47.324
583.64	47.818
583.84	47.353
584.04	47.712
584.25	47.908
584.45	48.085
584.65	48.016
584.86	48.071
585.06	47.998
585.26	48.156
585.47	48.741
585.67	48.460
585.87	48.553
586.08	48.968
586.28	48.704
586.48	49.210
586.69	48.710
586.89	49.435
587.09	49.222
587.30	49.029
587.50	49.322
587.70	49.590
587.90	49.827
588.11	49.482
588.31	50.122
588.51	49.725
588.72	50.192
588.92	50.049
589.12	50.247
589.33	50.283
589.53	50.495
589.73	50.865
589.93	50.352
590.14	50.451
590.34	50.272
590.54	50.728
590.75	50.923
590.95	50.785
591.15	51.171
591.35	50.576
591.56	51.188
591.76	51.223
591.96	51.017
592.16	51.434
592.37	51.876
592.57	51.216
592.77	51.515
592.97	51.982
593.18	51.349
593.38	51.451
593.58	51.984
593.79	52.022
593.99	52.181
594.19	51.890
594.39	52.124
594.60	52.519
594.80	52.185
595.00	52.275
595.20	52.332
595.41	52.780
595.61	52.668
595.81	52.617
596.01	52.559
596.21	52.493
596.42	52.879
596.62	52.983
596.82	53.092
597.02	52.957
597.23	53.079
597.43	53.290
597.63	53.270
597.83	53.045
598.04	53.294
598.24	53.537
598.44	53.485
598.64	53.678
598.84	53.374
599.05	53.519
599.25	53.319
599.45	53.395
599.65	53.607
599.85	53.659
600.06	53.858
600.26	53.752
600.46	53.879
600.66	54.401
600.87	54.360
601.07	54.013
601.27	54.024
601.47	54.088
601.67	54.018
601.87	54.292
602.08	54.059
602.28	54.462
602.48	53.734
602.68	54.358
602.88	54.486
603.09	54.707
603.29	54.406
603.49	54.775
603.69	54.953
603.89	54.611
604.10	54.881
604.30	54.558
604.50	54.642
604.70	54.384
604.90	54.570
605.10	54.734
605.31	54.533
605.51	54.961
605.71	54.521
605.91	54.769
606.11	54.817
606.31	54.801
606.52	54.983
606.72	54.996
606.92	54.874
607.12	54.756
607.32	55.039
607.52	54.925
607.72	54.765
607.93	54.949
608.13	55.366
608.33	55.286
608.53	55.096
608.73	55.251
608.93	55.313
609.13	55.178
609.34	55.121
609.54	55.325
609.74	55.218
609.94	55.298
610.14	55.262
610.34	55.401
610.54	55.554
610.74	55.639
610.95	55.348
611.15	55.389
611.35	55.238
611.55	55.168
611.75	55.532
611.95	55.470
612.15	55.245
612.35	55.622
612.56	55.674
612.76	55.612
612.96	55.808
613.16	55.750
613.36	55.606
613.56	55.454
613.76	55.606
613.96	55.797
614.16	55.736
614.36	55.618
614.57	55.551
614.77	55.659
614.97	55.731
615.17	55.759
615.37	55.825
615.57	55.587
615.77	55.601
615.97	55.618
616.17	55.884
616.37	55.915
616.57	55.632
616.78	55.862
616.98	55.435
617.18	56.056
617.38	55.532
617.58	55.607
617.78	55.895
617.98	56.110
618.18	55.778
618.38	56.289
618.58	56.090
618.78	55.895
618.98	55.962
619.18	56.133
619.38	55.992
619.58	56.048
619.79	56.017
619.99	56.243
620.19	55.959
620.39	56.261
620.59	56.327
620.79	56.277
620.99	56.282
621.19	56.113
621.39	56.337
621.59	55.805
621.79	55.845
621.99	56.058
622.19	56.147
622.39	56.238
622.59	56.434
622.79	56.326
622.99	56.021
623.19	56.053
623.39	56.436
623.59	56.195
623.79	56.358
623.99	56.023
624.19	56.176
624.39	56.073
624.59	55.697
624.79	56.109
624.99	56.147
625.19	56.128
625.39	56.142
625.59	56.509
625.79	56.121
625.99	56.000
626.19	56.164
626.39	56.249
626.59	56.200
626.79	56.029
626.99	56.057
627.19	56.157
627.39	56.269
627.59	56.111
627.79	56.076
627.99	56.609
628.19	56.051
628.39	56.053
628.59	56.158
628.79	56.085
628.99	56.465
629.19	56.456
629.39	56.391
629.59	56.535
629.79	56.227
629.99	56.421
630.19	56.584
630.39	56.573
630.59	56.158
630.79	56.428
630.99	56.247
631.19	56.083
631.39	56.381
631.59	56.383
631.79	56.283
631.99	56.391
632.19	56.217
632.39	56.640
632.59	56.399
632.79	56.843
632.99	56.363
633.19	56.232
633.39	56.389
633.58	56.467
633.78	56.579
633.98	56.236
634.18	56.515
634.38	56.148
634.58	56.602
634.78	56.411
634.98	56.389
635.18	56.518
635.38	56.140
635.58	56.190
635.78	56.072
635.98	56.343
636.18	56.637
636.38	56.273
636.57	56.406
636.77	56.464
636.97	56.488
637.17	56.056
637.37	56.455
637.57	56.370
637.77	56.553
637.97	56.605
638.17	56.813
638.37	56.437
638.57	56.396
638.76	56.464
638.96	56.468
639.16	56.346
639.36	56.333
639.56	56.621
639.76	56.908
639.96	56.657
640.16	56.327
640.36	56.373
640.56	56.434
640.75	56.464
640.95	56.742
641.15	56.310
641.35	56.385
641.55	56.423
641.75	56.520
641.95	56.528
642.15	56.268
642.34	56.284
642.54	56.680
642.74	56.273
642.94	56.296
643.14	56.804
643.34	56.632
643.54	56.936
643.74	56.527
643.93	56.431
644.13	56.377
644.33	55.986
644.53	56.035
644.73	56.448
644.93	56.172
645.13	56.452
645.32	56.807
645.52	56.696
645.72	56.427
645.92	56.558
646.12	56.553
646.32	56.346
646.52	56.457
646.71	56.489
646.91	56.121
647.11	56.517
647.31	56.331
647.51	56.686
647.71	56.482
647.90	56.495
648.10	56.618
648.30	56.185
648.50	56.550
648.70	56.292
648.89	56.513
649.09	56.601
649.29	56.544
649.49	56.091
649.69	56.608
649.89	56.448
650.08	56.589
650.28	56.481
650.48	56.589
650.68	56.620
650.88	56.439
651.07	56.551
651.27	56.791
651.47	56.490
651.67	56.751
651.87	56.646
652.06	56.462
652.26	56.723
652.46	56.411
652.66	56.576
652.86	56.176
653.05	56.792
653.25	56.745
653.45	56.585
653.65	56.638
653.85	56.678
654.04	56.534
654.24	56.365
654.44	56.665
654.64	56.826
654.83	56.462
655.03	56.591
655.23	56.455
655.43	56.524
655.63	56.542
655.82	56.598
656.02	56.559
656.22	56.322
656.42	56.729
656.61	56.948
656.81	56.599
657.01	56.770
657.21	56.732
657.40	56.863
657.60	56.405
657.80	56.750
658.00	56.482
658.19	56.520
658.39	56.709
658.59	56.648
658.79	56.471
658.98	56.477
659.18	56.266
659.38	56.448
659.58	56.325
659.77	56.423
659.97	56.526
660.17	56.847
660.36	56.612
660.56	56.808
660.76	56.689
660.96	56.498
661.15	56.893
661.35	56.938
661.55	56.768
661.75	56.873
661.94	57.069
662.14	56.733
662.34	56.438
662.53	56.443
662.73	56.469
662.93	56.440
663.13	56.687
663.32	56.412
663.52	57.037
663.72	56.778
663.91	56.608
664.11	56.570
664.31	56.713
664.50	56.602
664.70	56.381
664.90	56.695
665.10	56.746
665.29	56.917
665.49	56.896
665.69	56.378
665.88	56.871
666.08	56.905
666.28	56.936
666.47	56.966
666.67	56.668
666.87	56.871
667.06	56.785
667.26	56.515
667.46	56.774
667.65	56.592
667.85	56.623
668.05	56.934
668.24	56.746
668.44	56.741
668.64	56.974
668.83	56.806
669.03	56.647
669.23	56.508
669.42	56.627
669.62	56.439
669.82	56.790
670.01	56.375
670.21	56.605
670.41	56.393
670.60	56.777
670.80	56.885
671.00	56.830
671.19	56.499
671.39	56.727
671.58	56.800
671.78	56.650
671.98	56.857
672.17	56.464
672.37	56.834
672.57	56.844
672.76	56.884
672.96	56.707
673.15	56.571
673.35	56.688
673.55	56.705
673.74	56.564
673.94	56.319
674.14	56.747
674.33	56.658
674.53	56.518
674.72	56.770
674.92	57.000
675.12	56.738
675.31	56.567
675.51	56.682
675.70	56.847
675.90	56.699
676.10	56.697
676.29	56.941
676.49	56.460
676.68	56.732
676.88	56.831
677.08	56.916
677.27	56.809
677.47	56.462
677.66	56.682
677.86	56.367
678.06	56.361
678.25	56.722
678.45	56.795
678.64	56.664
678.84	56.724
679.03	56.824
679.23	56.714
679.43	56.833
679.62	56.623
679.82	56.921
680.01	56.878
680.21	56.642
680.40	56.855
680.60	56.841
680.80	56.917
680.99	57.033
681.19	56.739
681.38	57.005
681.58	56.683
681.77	56.656
681.97	56.816
682.16	56.596
682.36	56.808
682.56	56.781
682.75	56.891
682.95	56.763
683.14	56.650
683.34	56.511
683.53	56.819
683.73	56.931
683.92	56.842
684.12	56.816
684.31	56.817
684.51	56.815
684.70	56.753
684.90	56.679
685.10	56.558
685.29	56.738
685.49	56.989
685.68	57.283
685.88	56.518
686.07	56.904
686.27	56.731
686.46	56.879
686.66	56.888
686.85	56.914
687.05	57.030
687.24	56.936
687.44	56.681
687.63	56.615
687.83	56.965
688.02	57.010
688.22	56.695
688.41	56.599
688.61	56.584
688.80	56.683
689.00	56.837
689.19	56.443
689.39	56.482
689.58	56.478
689.78	56.729
689.97	56.857
690.17	56.836
690.36	56.806
690.56	56.809
690.75	56.820
690.95	56.913
691.14	56.701
691.34	56.534
691.53	56.782
691.72	56.582
691.92	56.821
692.11	56.617
692.31	56.581
692.50	56.619
692.70	56.603
692.89	56.879
693.09	57.200
693.28	57.191
693.48	57.396
693.67	56.984
693.87	57.128
694.06	56.775
694.25	57.095
694.45	57.068
694.64	57.080
694.84	57.123
695.03	57.139
695.23	57.140
695.42	57.282
695.62	57.187
695.81	57.109
696.00	56.963
696.20	56.823
696.39	56.963
696.59	56.830
696.78	56.775
696.98	57.100
697.17	57.099
697.36	57.092
697.56	57.083
697.75	56.963
697.95	57.139
698.14	56.862
698.34	56.806
698.53	56.822
698.72	56.788
698.92	56.869
699.11	56.803
699.31	57.036
699.50	57.031
699.69	56.929
699.89	57.090
700.08	56.971
700.28	56.792
700.47	56.862
700.66	57.035
700.86	56.879
701.05	57.174
701.25	57.190
701.44	57.193
701.63	57.015
701.83	57.014
702.02	56.815
702.21	56.992
702.41	56.988
702.60	57.099
702.80	56.928
702.99	56.733
703.18	56.933
703.38	57.037
703.57	57.023
703.77	56.920
703.96	56.778
704.15	56.953
704.35	56.923
704.54	57.183
704.73	57.083
704.93	56.766
705.12	57.003
705.31	57.047
705.51	56.865
705.70	57.088
705.89	57.035
706.09	57.192
706.28	57.106
706.48	56.791
706.67	56.811
706.86	57.116
707.06	56.998
707.25	56.975
707.44	57.304
707.64	56.694
707.83	56.940
708.02	56.895
708.22	56.820
708.41	56.882
708.60	56.726
708.80	56.873
708.99	56.913
709.18	56.818
709.38	56.996
709.57	56.970
709.76	57.015
709.95	56.761
710.15	57.201
710.34	57.036
710.53	56.993
710.73	56.740
710.92	56.874
711.11	56.934
711.31	56.976
711.50	57.103
711.69	57.094
711.89	56.875
712.08	56.918
712.27	57.317
712.46	57.172
712.66	56.845
712.85	56.885
713.04	57.049
713.24	56.998
713.43	56.705
713.62	57.353
713.81	57.104
714.01	57.156
714.20	57.096
714.39	56.982
714.59	56.810
714.78	57.162
714.97	56.962
715.16	56.810
715.36	56.795
715.55	56.831
715.74	56.628
715.93	56.852
716.13	56.855
716.32	56.958
716.51	57.096
716.71	56.955
716.90	57.153
717.09	56.838
717.28	57.013
717.48	57.067
717.67	57.095
717.86	56.801
718.05	57.033
718.25	57.053
718.44	56.933
718.63	57.013
718.82	57.172
719.02	56.971
719.21	57.192
719.40	57.123
719.59	57.194
719.78	57.209
719.98	57.271
720.17	56.957
720.36	57.155
720.55	57.244
720.75	56.993
720.94	56.977
721.13	56.907
721.32	56.859
721.51	56.942
721.71	56.668
721.90	56.787
722.09	57.023
722.28	56.776
722.48	57.013
722.67	56.852
722.86	56.841
723.05	57.125
723.24	57.064
723.44	56.731
723.63	57.053
723.82	57.021
724.01	57.029
724.20	56.706
724.40	57.177
724.59	57.123
724.78	56.936
724.97	56.738
725.16	56.777
725.35	56.667
725.55	56.577
725.74	56.823
725.93	56.876
726.12	57.004
726.31	57.213
726.51	57.045
726.70	57.063
726.89	57.042
727.08	57.088
727.27	56.899
727.46	57.043
727.66	56.922
727.85	57.132
728.04	57.023
728.23	57.021
728.42	56.899
728.61	56.894
728.81	57.090
729.00	56.825
729.19	57.042
729.38	57.324
729.57	57.298
729.76	56.876
729.95	57.130
730.15	56.974
730.34	57.202
730.53	56.969
730.72	57.108
730.91	57.158
731.10	57.173
731.29	57.335
731.49	57.394
731.68	57.227
731.87	56.989
732.06	56.910
732.25	57.253
732.44	57.210
732.63	56.923
732.82	56.877
733.02	57.029
733.21	56.762
733.40	56.788
733.59	57.052
733.78	56.900
733.97	56.978
734.16	57.207
734.35	57.111
734.54	56.932
734.74	57.224
734.93	57.110
735.12	57.231
735.31	57.236
735.50	56.884
735.69	57.424
735.88	57.148
736.07	56.793
736.26	56.857
736.45	56.938
736.64	57.095
736.84	56.937
737.03	57.120
737.22	57.112
737.41	57.039
737.60	57.318
737.79	57.143
737.98	57.070
738.17	57.047
738.36	57.206
738.55	56.867
738.74	56.892
738.93	56.731
739.12	56.864
739.32	56.900
739.51	57.049
739.70	57.231
739.89	56.880
740.08	57.349
740.27	56.965
740.46	56.875
740.65	57.083
740.84	57.123
741.03	57.279
741.22	57.209
741.41	57.148
741.60	56.999
741.79	57.126
741.98	56.855
742.17	57.081
742.36	57.139
742.55	57.126
742.74	56.965
742.93	56.982
743.12	57.101
743.31	57.139
743.51	57.056
743.70	57.077
743.89	57.141
744.08	57.119
744.27	57.168
744.46	56.821
744.65	56.753
744.84	56.975
745.03	56.839
745.22	56.839
745.41	56.915
745.60	57.102
745.79	56.872
745.98	57.254
746.17	57.217
746.36	56.708
746.55	56.839
746.74	57.164
746.93	57.322
747.12	57.061
747.31	57.073
747.50	57.244
747.69	57.161
747.88	57.129
748.07	56.980
748.26	57.212
748.45	57.147
748.64	57.213
748.83	57.151
749.02	56.737
749.21	56.737
749.40	57.028
749.59	56.897
749.77	57.158
749.96	56.915
750.15	57.158
750.34	57.163
750.53	57.326
750.72	57.162
750.91	56.950
751.10	57.422
751.29	56.945
751.48	57.349
751.67	56.986
751.86	57.234
752.05	57.383
752.24	57.214
752.43	56.785
752.62	56.928
752.81	57.035
753.00	56.838
753.19	56.887
753.38	57.179
753.57	57.079
753.76	57.132
753.94	56.994
754.13	57.191
754.32	57.174
754.51	57.193
754.70	56.983
754.89	57.084
755.08	57.145
755.27	57.197
755.46	57.095
755.65	57.113
755.84	57.169
756.03	57.330
756.22	57.325
756.40	57.055
756.59	56.866
756.78	56.877
756.97	57.028
757.16	57.340
757.35	56.944
757.54	57.189
757.73	57.076
757.92	57.243
758.11	57.268
758.29	57.169
758.48	57.251
758.67	57.019
758.86	57.074
759.05	57.010
759.24	57.076
759.43	57.007
759.62	56.905
759.81	56.804
759.99	56.800
760.18	56.889
760.37	56.934
760.56	57.202
760.75	57.011
760.94	57.411
761.13	57.248
761.32	57.232
761.50	57.210
761.69	57.384
761.88	57.258
762.07	57.355
762.26	56.949
762.45	56.828
762.64	56.811
762.82	57.280
763.01	57.106
763.20	57.044
763.39	57.069
763.58	57.071
763.77	57.005
763.96	57.202
764.14	57.095
764.33	57.290
764.52	57.242
764.71	57.306
764.90	57.039
765.09	57.256
765.27	57.035
765.46	56.816
765.65	56.887
765.84	56.799
766.03	56.963
766.22	57.015
766.40	56.975
766.59	57.083
766.78	57.028
766.97	56.893
767.16	57.110
767.35	57.003
767.53	57.291
767.72	57.331
767.91	57.310
768.10	57.254
768.29	57.536
768.47	57.447
768.66	57.527
768.85	57.097
769.04	57.339
769.23	57.199
769.41	57.207
769.60	57.330
769.79	57.221
769.98	57.234
770.17	57.216
770.35	57.411
770.54	57.308
770.73	57.374
770.92	57.559
771.10	57.277
771.29	57.483
771.48	57.407
771.67	57.416
771.86	57.217
772.04	57.215
772.23	57.209
772.42	57.525
772.61	57.094
772.79	57.250
772.98	57.450
773.17	57.290
773.36	57.590
773.54	57.379
773.73	57.374
773.92	57.016
774.11	57.063
774.30	57.068
774.48	57.166
774.67	57.288
774.86	57.447
775.05	57.436
775.23	57.275
775.42	57.382
775.61	57.365
775.79	57.135
775.98	57.072
776.17	57.187
776.36	57.218
776.54	57.242
776.73	57.217
776.92	57.151
777.11	57.091
777.29	57.190
777.48	57.201
777.67	57.173
777.85	57.278
778.04	57.219
778.23	57.121
778.42	57.218
778.60	57.023
778.79	57.524
778.98	57.416
779.16	57.415
779.35	57.518
779.54	57.286
779.73	57.055
779.91	56.894
780.10	56.912
780.29	57.194
780.47	57.654
780.66	57.270
780.85	57.546
781.03	57.420
781.22	57.264
781.41	57.590
781.60	57.147
781.78	57.067
781.97	57.127
782.16	57.171
782.34	57.235
782.53	57.244
782.72	57.265
782.90	57.164
783.09	57.098
783.28	57.512
783.46	57.370
783.65	57.279
783.84	57.285
784.02	56.831
784.21	57.111
784.40	57.127
784.58	56.820
784.77	57.024
784.96	57.067
785.14	57.128
785.33	57.121
785.52	57.261
785.70	57.037
785.89	57.222
786.08	57.231
786.26	57.391
786.45	57.373
786.63	57.158
786.82	57.442
787.01	57.403
787.19	57.435
787.38	57.296
787.57	57.608
787.75	57.224
787.94	57.239
788.13	57.172
788.31	57.468
788.50	57.435
788.68	57.178
788.87	57.146
789.06	57.377
789.24	57.218
789.43	57.247
789.61	57.350
789.80	57.323
789.99	57.394
790.17	57.026
790.36	57.292
790.55	57.213
790.73	57.231
790.92	57.219
791.10	57.207
791.29	57.082
791.48	57.228
791.66	57.181
791.85	57.028
792.03	57.225
792.22	57.179
792.40	57.059
792.59	57.268
792.78	57.267
792.96	57.116
793.15	57.063
793.33	57.111
793.52	57.317
793.71	56.926
793.89	56.856
794.08	57.126
794.26	57.186
794.45	56.980
794.63	56.961
794.82	57.165
795.01	57.333
795.19	57.159
795.38	57.167
795.56	57.263
795.75	57.240
795.93	57.162
796.12	57.220
796.30	57.300
796.49	57.167
796.68	56.877
796.86	57.272
797.05	57.316
797.23	56.846
797.42	57.104
797.60	57.032
797.79	57.163
797.97	57.220
798.16	57.232
798.34	57.015
798.53	56.851
798.71	57.023
798.90	57.076
799.08	57.058
799.27	57.319
799.46	57.233
799.64	57.204
799.83	57.146
800.01	57.344
800.20	57.086
800.38	57.387
800.57	57.431
800.75	57.250
800.94	57.260
801.12	57.498
801.31	57.378
801.49	57.326
801.68	57.366
801.86	57.426
802.05	57.271
802.23	57.040
802.42	57.321
802.60	57.098
802.79	57.062
802.97	57.185
803.16	56.781
803.34	57.314
803.53	57.492
803.71	57.341
803.90	57.378
804.08	57.465
804.27	57.151
804.45	57.278
804.63	57.242
804.82	57.206
805.00	57.189
805.19	57.233
805.37	56.843
805.56	56.941
805.74	57.297
805.93	57.154
806.11	57.178
806.30	57.316
806.48	57.115
806.67	57.248
806.85	57.339
807.04	57.369
807.22	57.300
807.40	57.168
807.59	56.997
807.77	57.240
807.96	57.388
808.14	57.335
808.33	57.530
808.51	57.340
808.69	57.271
808.88	57.443
809.06	57.397
809.25	57.199
809.43	57.074
809.62	57.197
809.80	57.211
809.99	57.262
810.17	57.270
810.35	57.331
810.54	57.162
810.72	57.405
810.91	57.226
811.09	57.166
811.27	57.282
811.46	57.370
811.64	57.233
811.83	57.385
812.01	57.140
812.19	57.228
812.38	57.293
812.56	57.441
812.75	57.317
812.93	57.613
813.11	57.410
813.30	57.480
813.48	57.287
813.67	57.323
813.85	57.388
814.03	57.283
814.22	57.139
814.40	57.100
814.59	57.322
814.77	57.207
814.95	56.956
815.14	56.922
815.32	57.016
815.50	56.950
815.69	57.043
815.87	57.087
816.06	57.427
816.24	57.057
816.42	57.124
816.61	57.107
816.79	57.031
816.97	57.293
817.16	57.007
817.34	56.844
817.52	57.054
817.71	56.967
817.89	56.916
818.07	57.209
818.26	57.336
818.44	57.018
818.63	57.183
818.81	57.289
818.99	57.412
819.18	57.294
819.36	57.269
819.54	57.160
819.73	57.106
819.91	57.176
820.09	57.095
820.28	57.374
820.46	57.487
820.64	57.338
820.83	57.496
821.01	57.474
821.19	57.543
821.37	57.418
821.56	57.423
821.74	57.032
821.92	57.441
822.11	57.175
822.29	57.230
822.47	57.423
822.66	57.269
822.84	57.237
823.02	57.462
823.21	57.440
823.39	57.119
823.57	57.293
823.75	57.485
823.94	57.587
824.12	57.434
824.30	57.273
824.49	57.327
824.67	57.205
824.85	57.001
825.03	57.102
825.22	57.334
825.40	57.427
825.58	57.244
825.77	56.933
825.95	57.404
826.13	57.003
826.31	57.037
826.50	57.161
826.68	56.642
826.86	57.126
827.04	57.083
827.23	57.310
827.41	57.355
827.59	57.044
827.78	57.162
827.96	57.130
828.14	57.263
828.32	57.297
828.51	57.022
828.69	57.196
828.87	57.200
829.05	57.334
829.23	57.030
829.42	57.241
829.60	57.178
829.78	57.378
829.96	57.292
830.15	57.163
830.33	57.338
830.51	57.254
830.69	57.218
830.88	57.658
831.06	57.366
831.24	57.417
831.42	57.262
831.60	56.859
831.79	57.002
831.97	56.737
832.15	56.806
832.33	57.035
832.52	56.910
832.70	56.900
832.88	57.070
833.06	56.872
833.24	56.852
833.43	57.120
833.61	57.213
833.79	56.985
833.97	57.190
834.15	57.161
834.34	57.276
834.52	57.388
834.70	57.057
834.88	57.417
835.06	57.414
835.25	57.615
835.43	57.451
835.61	57.444
835.79	57.295
835.97	57.473
836.15	57.376
836.34	57.287
836.52	57.243
836.70	57.291
836.88	57.267
837.06	57.373
837.24	57.663
837.43	57.501
837.61	57.643
837.79	57.524
837.97	57.708
838.15	57.560
838.33	57.541
838.52	57.514
838.70	56.970
838.88	57.258
839.06	57.383
839.24	56.807
839.42	57.252
839.60	57.295
839.79	57.279
839.97	57.167
840.15	57.487
840.33	57.503
840.51	57.823
840.69	57.067
840.87	57.380
841.06	57.459
841.24	57.548
841.42	57.140
841.60	57.247
841.78	57.176
841.96	57.331
842.14	57.772
842.32	57.410
842.51	57.315
842.69	57.435
842.87	57.022
843.05	56.923
843.23	57.029
843.41	57.420
843.59	57.340
843.77	57.330
843.95	57.267
844.14	57.513
844.32	57.720
844.50	57.381
844.68	57.662
844.86	57.530
845.04	57.550
845.22	57.462
845.40	57.302
845.58	57.603
845.76	57.115
845.94	57.288
846.12	57.388
846.31	56.868
846.49	57.023
846.67	56.857
846.85	57.473
847.03	56.997
847.21	57.102
847.39	57.122
847.57	57.457
847.75	57.182
847.93	56.982
848.11	56.725
848.29	57.094
848.47	56.795
848.65	56.967
848.83	56.915
849.02	57.133
849.20	56.750
849.38	57.172
849.56	57.299
849.74	57.083
849.92	57.282
850.10	57.180
850.28	57.307
850.46	57.268
850.64	57.099
850.82	57.677
851.00	57.470
851.18	56.982
851.36	57.309
851.54	57.185
851.72	56.923
851.90	57.447
852.08	57.338
852.26	57.240
852.44	57.078
852.62	57.369
852.80	57.283
852.98	57.536
853.16	57.494
853.34	57.719
853.52	57.180
853.70	57.017
853.88	56.965
854.06	57.138
854.24	57.079
854.42	57.266
854.60	57.207
854.78	57.514
854.96	57.576
855.14	57.202
855.32	57.173
855.50	57.366
855.68	57.683
855.86	57.529
856.04	57.077
856.22	57.184
856.40	57.266
856.58	57.242
856.76	57.275
856.94	57.113
857.12	57.190
857.30	57.044
857.48	56.885
857.66	56.719
857.84	56.910
858.02	56.956
858.20	57.122
858.38	57.043
858.56	57.121
858.74	57.063
858.92	57.196
859.10	57.334
859.28	57.519
859.46	57.173
859.64	57.409
859.81	56.941
859.99	56.951
860.17	56.985
860.35	57.399
860.53	57.575
860.71	57.320
860.89	57.251
861.07	57.303
861.25	57.238
861.43	57.482
861.61	57.378
861.79	57.273
861.97	57.249
862.15	57.221
862.33	57.290
862.50	57.071
862.68	57.144
862.86	57.137
863.04	57.063
863.22	57.072
863.40	57.238
863.58	57.291
863.76	57.276
863.94	57.254
864.12	57.336
864.30	57.241
864.47	57.312
864.65	57.306
864.83	57.243
865.01	57.242
865.19	56.898
865.37	57.244
865.55	57.033
865.73	57.412
865.91	57.456
866.09	57.436
866.26	57.459
866.44	56.957
866.62	57.184
866.80	57.099
866.98	57.265
867.16	57.168
867.34	56.801
867.52	56.961
867.69	57.159
867.87	57.145
868.05	56.824
868.23	57.047
868.41	57.161
868.59	57.179
868.77	57.683
868.94	57.259
869.12	57.412
869.30	57.353
869.48	57.267
869.66	57.097
869.84	57.009
870.02	57.182
870.19	56.899
870.37	57.213
870.55	57.334
870.73	57.100
870.91	57.022
871.09	56.980
871.26	57.402
871.44	57.194
871.62	57.574
871.80	57.103
871.98	57.293
872.16	57.676
872.33	57.233
872.51	57.122
872.69	57.338
872.87	57.277
873.05	57.502
873.22	57.565
873.40	57.518
873.58	57.551
873.76	57.311
873.94	57.347
874.12	57.331
874.29	57.104
874.47	56.977
874.65	57.328
874.83	56.612
875.01	56.933
875.18	56.650
875.36	57.337
875.54	57.416
875.72	57.427
875.89	57.231
876.07	57.536
876.25	57.096
876.43	57.442
876.61	57.327
876.78	57.138
876.96	57.445
877.14	57.242
877.32	56.858
877.49	57.109
877.67	57.222
877.85	57.165
878.03	57.055
878.21	57.143
878.38	56.803
878.56	57.136
878.74	57.013
878.92	56.994
879.09	57.089
879.27	57.450
879.45	57.329
879.63	57.343
879.80	56.980
879.98	56.860
880.16	56.976
880.34	57.211
880.51	57.022
880.69	57.368
880.87	57.134
881.05	57.178
881.22	56.853
881.40	56.816
881.58	56.867
881.75	57.031
881.93	56.800
882.11	56.949
882.29	57.250
882.46	57.154
882.64	57.280
882.82	57.101
883.00	56.982
883.17	57.220
883.35	57.226
883.53	56.997
883.70	56.983
883.88	57.095
884.06	57.028
884.23	57.431
884.41	57.228
884.59	57.139
884.77	57.334
884.94	57.400
885.12	57.687
885.30	57.379
885.47	57.413
885.65	57.375
885.83	57.292
886.00	57.312
886.18	57.714
886.36	57.411
886.53	57.146
886.71	56.975
886.89	56.910
887.07	56.881
887.24	57.222
887.42	56.972
887.60	57.231
887.77	57.279
887.95	57.405
888.13	57.390
888.30	57.166
888.48	57.228
888.66	56.937
888.83	57.228
889.01	57.474
889.18	57.208
889.36	57.450
889.54	57.088
889.71	57.638
889.89	57.320
890.07	57.319
890.24	57.021
890.42	56.838
890.60	57.377
890.77	56.889
890.95	57.018
891.13	57.266
891.30	57.240
891.48	57.166
891.65	57.481
891.83	57.270
892.01	57.172
892.18	56.970
892.36	56.948
892.54	57.154
892.71	57.148
892.89	57.101
893.06	57.206
893.24	56.922
893.42	56.978
893.59	57.223
893.77	57.146
893.94	57.066
894.12	57.203
894.30	56.930
894.47	56.984
894.65	56.987
894.82	57.328
895.00	57.071
895.18	57.235
895.35	57.182
895.53	57.627
895.70	57.626
895.88	57.383
896.06	57.250
896.23	57.347
896.41	57.397
896.58	57.173
896.76	57.233
896.93	57.063
897.11	56.751
897.29	56.710
897.46	56.903
897.64	56.934
897.81	56.920
897.99	56.943
898.16	56.800
898.34	57.006
898.52	56.702
898.69	56.782
898.87	56.939
899.04	57.141
899.22	57.005
899.39	56.992
899.57	56.704
899.74	56.613
899.92	56.957
900.10	56.835
900.27	57.422
900.45	57.050
900.62	57.507
900.80	57.320
900.97	57.291
901.15	57.424
901.32	57.364
901.50	57.089
901.67	57.046
901.85	57.534
902.02	57.157
902.20	56.988
902.37	57.335
902.55	57.311
902.72	57.118
902.90	57.476
903.07	57.350
903.25	57.293
903.43	56.915
903.60	57.051
903.78	57.031
903.95	57.080
904.13	57.175
904.30	56.927
904.48	57.125
904.65	57.199
904.83	57.115
905.00	57.092
905.17	57.187
905.35	56.813
905.52	56.963
905.70	56.979
905.87	57.066
906.05	57.064
906.22	56.762
906.40	56.828
906.57	56.828
906.75	56.852
906.92	56.921
907.10	56.803
907.27	56.749
907.45	56.468
907.62	56.643
907.80	56.410
907.97	56.824
908.15	56.905
908.32	56.825
908.49	56.953
908.67	56.956
908.84	56.929
909.02	57.063
909.19	56.984
909.37	56.991
909.54	56.563
909.72	56.906
909.89	56.727
910.07	57.064
910.24	56.617
910.41	56.894
910.59	56.858
910.76	56.780
910.94	56.702
911.11	56.939
911.29	57.097
911.46	57.062
911.63	57.239
911.81	57.150
911.98	57.096
912.16	57.071
912.33	57.106
912.50	56.901
912.68	57.133
912.85	57.010
913.03	56.992
913.20	56.923
913.38	57.169
913.55	57.134
913.72	56.909
913.90	57.112
914.07	56.888
914.25	57.057
914.42	57.284
914.59	57.067
914.77	56.852
914.94	56.667
915.11	56.900
915.29	56.935
915.46	56.861
915.64	56.961
915.81	56.800
915.98	56.844
916.16	56.943
916.33	56.659
916.51	56.829
916.68	56.899
916.85	56.916
917.03	57.036
917.20	56.944
917.37	56.987
917.55	56.856
917.72	56.752
917.89	56.532
918.07	56.863
918.24	56.785
918.42	56.749
918.59	56.821
918.76	56.485
918.94	56.617
919.11	56.511
919.28	56.442
919.46	56.650
919.63	56.606
919.80	56.671
919.98	56.676
920.15	56.631
920.32	56.746
920.50	56.906
920.67	57.004
920.84	56.591
921.02	56.601
921.19	56.972
921.36	56.633
921.54	56.638
921.71	56.597
921.88	56.515
922.06	56.462
922.23	56.664
922.40	56.377
922.57	56.424
922.75	56.734
922.92	56.677
923.09	57.123
923.27	56.913
923.44	56.899
923.61	56.987
923.79	56.963
923.96	57.324
924.13	57.384
924.30	56.995
924.48	57.044
924.65	57.156
924.82	56.912
925.00	57.172
925.17	57.270
925.34	57.129
925.51	57.015
925.69	56.834
925.86	56.850
926.03	56.798
926.21	56.898
926.38	57.049
926.55	56.876
926.72	56.678
926.90	56.863
927.07	57.057
927.24	57.109
927.41	56.622
927.59	56.925
927.76	56.830
927.93	56.851
928.10	57.019
928.28	56.572
928.45	56.781
928.62	57.079
928.79	57.188
928.97	57.265
929.14	56.933
929.31	56.780
929.48	57.053
929.66	56.913
929.83	56.760
930.00	56.987
930.17	56.743
930.34	56.785
930.52	56.747
930.69	57.004
930.86	56.546
931.03	56.633
931.21	56.804
931.38	57.226
931.55	56.503
931.72	57.071
931.89	56.849
932.07	56.995
932.24	56.730
932.41	56.987
932.58	57.143
932.75	57.394
932.93	57.150
933.10	57.064
933.27	56.778
933.44	57.060
933.61	56.935
933.79	56.730
933.96	57.305
934.13	56.865
934.30	57.345
934.47	56.980
934.65	57.379
934.82	57.492
934.99	56.945
935.16	57.235
935.33	56.996
935.50	56.970
935.68	56.987
935.85	57.063
936.02	56.991
936.19	57.352
936.36	57.246
936.53	57.428
936.71	57.037
936.88	57.344
937.05	57.020
937.22	57.086
937.39	57.092
937.56	57.073
937.74	56.939
937.91	56.808
938.08	57.739
938.25	56.925
938.42	56.869
938.59	56.789
938.76	57.114
938.94	57.528
939.11	57.799
939.28	57.696
939.45	56.926
939.62	57.006
939.79	57.527
939.96	57.003
940.13	57.336
940.31	57.389
940.48	57.109
940.65	57.406
940.82	56.861
940.99	57.199
941.16	56.754
941.33	56.968
941.50	57.064
941.67	57.190
941.85	56.829
942.02	57.354
942.19	57.172
942.36	57.543
942.53	57.173
942.70	57.288
942.87	57.273
943.04	57.387
943.21	57.271
943.38	57.330
943.56	56.536
943.73	57.405
943.90	57.331
944.07	57.787
944.24	57.275
944.41	57.234
944.58	57.322
944.75	57.144
944.92	57.478
945.09	57.771
945.26	57.104
945.43	57.574
945.60	57.611
945.78	57.443
945.95	57.586
946.12	57.285
946.29	57.401
946.46	57.260
946.63	57.715
946.80	56.636
946.97	57.091
947.14	57.389
947.31	57.292
947.48	57.285
947.65	57.152
947.82	56.621
947.99	57.285
948.16	57.000
948.33	56.517
948.50	57.000
948.67	56.823
948.84	57.025
949.01	57.110
949.18	56.967
949.35	57.159
949.52	57.409
949.69	57.223
949.86	57.069
950.03	57.065
950.20	57.477
950.38	57.429
950.55	57.526
950.72	57.212
950.89	57.289
951.06	57.477
951.23	57.416
951.40	57.009
951.57	57.433
951.74	57.284
951.91	57.284
952.08	57.177
952.25	57.517
952.42	57.623
952.59	57.274
952.76	57.051
952.92	57.287
953.09	56.959
953.26	56.578
953.43	57.371
953.60	57.312
953.77	57.043
953.94	56.960
954.11	57.246
954.28	56.661
954.45	57.144
954.62	57.160
954.79	57.479
954.96	56.972
955.13	56.794
955.30	57.692
955.47	56.854
955.64	57.285
955.81	57.434
955.98	57.356
956.15	57.139
956.32	57.436
956.49	57.178
956.66	57.534
956.83	57.469
957.00	57.256
957.17	57.428
957.33	57.473
957.50	57.085
957.67	57.204
957.84	57.376
958.01	57.048
958.18	57.294
958.35	56.988
958.52	57.217
958.69	57.111
958.86	57.240
959.03	57.031
959.20	57.175
959.37	56.925
959.53	57.664
959.70	56.720
959.87	57.412
960.04	57.123
960.21	57.059
960.38	57.369
960.55	57.209
960.72	57.436
960.89	57.441
961.06	57.488
961.23	56.740
961.39	57.198
961.56	56.775
961.73	57.351
961.90	57.335
962.07	56.615
962.24	57.622
962.41	56.623
962.58	57.335
962.75	56.957
962.91	57.371
963.08	57.533
963.25	56.954
963.42	56.810
963.59	57.437
963.76	56.835
963.93	57.318
964.09	57.481
964.26	57.468
964.43	57.626
964.60	57.475
964.77	57.304
964.94	57.903
965.11	57.347
965.27	57.466
965.44	57.203
965.61	57.347
965.78	57.272
965.95	57.688
966.12	57.530
966.29	57.508
966.45	57.399
966.62	57.448
966.79	57.157
966.96	57.200
967.13	57.372
967.30	57.018
967.46	57.471
967.63	56.745
967.80	57.255
967.97	56.963
968.14	57.470
968.30	56.746
968.47	57.482
968.64	56.680
968.81	57.229
968.98	57.724
969.15	57.287
969.31	57.114
969.48	57.867
969.65	57.294
969.82	57.634
969.99	57.792
970.15	57.360
970.32	57.517
970.49	57.965
970.66	57.730
970.82	57.705
970.99	57.725
971.16	57.889
971.33	58.485
971.50	57.804
971.66	57.595
971.83	57.757
972.00	57.454
972.17	57.886
972.34	58.155
972.50	57.486
972.67	57.972
972.84	57.386
973.01	57.840
973.17	56.981
973.34	57.089
973.51	57.346
973.68	57.734
973.84	57.685
974.01	57.842
974.18	57.770
974.35	57.813
974.51	57.632
974.68	58.346
974.85	57.541
975.02	58.024
975.18	58.043
975.35	57.530
975.52	58.252
975.69	57.929
975.85	57.826
976.02	57.982
976.19	57.552
976.36	57.676
976.52	57.627
976.69	57.802
976.86	57.383
977.02	58.347
977.19	57.572
977.36	58.075
977.53	58.113
977.69	58.285
977.86	57.898
978.03	57.758
978.19	57.904
978.36	57.926
978.53	57.706
978.70	57.979
978.86	58.137
979.03	58.176
979.20	57.508
979.36	57.579
979.53	57.521
979.70	57.560
979.86	57.728
980.03	57.084
980.20	57.672
980.36	57.755
980.53	57.370
980.70	57.630
980.86	58.131
981.03	58.128
981.20	58.033
981.36	57.173
981.53	57.683
981.70	57.486
981.86	57.408
982.03	57.721
982.20	56.299
982.36	58.037
982.53	57.558
982.70	56.811
982.86	57.653
983.03	57.927
983.20	57.590
983.36	57.529
983.53	57.562
983.70	57.932
983.86	58.394
984.03	58.438
984.20	58.068
984.36	57.706
984.53	57.865
984.70	58.321
984.86	57.591
985.03	57.970
985.19	57.674
985.36	58.212
985.53	57.456
985.69	57.338
985.86	58.111
986.03	58.227
986.19	57.420
986.36	58.037
986.52	57.566
986.69	58.100
986.86	56.840
987.02	57.089
987.19	57.387
987.35	57.048
987.52	57.608
987.69	57.345
987.85	57.399
988.02	57.660
988.18	58.175
988.35	58.035
988.52	58.052
988.68	57.607
988.85	57.469
989.01	58.064
989.18	58.248
989.35	57.275
989.51	57.000
989.68	57.385
989.84	57.878
990.01	57.489
990.17	58.262
990.34	56.704
990.51	57.904
990.67	57.846
990.84	57.058
991.00	57.470
991.17	58.002
991.33	57.481
991.50	57.375
991.66	57.443
991.83	58.054
992.00	57.577
992.16	56.959
992.33	58.194
992.49	57.534
992.66	57.233
992.82	57.106
992.99	57.449
993.15	57.528
993.32	56.972
993.48	57.511
993.65	57.701
993.82	57.913
993.98	58.422
994.15	57.474
994.31	58.239
994.48	57.814
994.64	57.573
994.81	57.732
994.97	58.176
995.14	57.967
995.30	58.437
995.47	57.401
995.63	57.880
995.80	57.401
995.96	57.855
996.13	57.611
996.29	57.325
996.46	57.932
996.62	57.345
996.79	58.104
996.95	57.191
997.12	57.930
997.28	57.477
997.45	58.312
997.61	57.593
997.78	57.878
997.94	58.016
998.11	57.868
998.27	58.210
998.44	57.739
998.60	57.452
998.77	57.700
998.93	57.833
999.10	57.178
999.26	58.050
999.43	57.837
999.59	57.108
999.75	57.672
999.92	57.301
1000.08	58.508
1000.25	57.940
1000.41	57.419
1000.58	57.415
1000.74	57.752
1000.91	57.732
1001.07	57.682
1001.24	57.677
1001.40	58.177
1001.56	57.509
1001.73	57.549
1001.89	57.954
1002.06	57.116
1002.22	57.467
1002.39	56.608
1002.55	57.491
1002.71	57.904
1002.88	57.516
1003.04	58.111
1003.21	56.903
1003.37	57.882
1003.54	58.128
1003.70	57.710
1003.86	56.785
1004.03	57.890
1004.19	58.116
1004.36	58.048
1004.52	57.217
1004.68	57.486
1004.85	57.698
1005.01	57.881
1005.18	58.079
1005.34	57.858
1005.50	58.221
1005.67	57.247
1005.83	58.596
1006.00	57.418
1006.16	57.508
1006.32	57.355
1006.49	57.649
1006.65	56.541
1006.82	57.726
1006.98	57.537
1007.14	57.787
1007.31	57.269
1007.47	56.336
1007.63	58.434
1007.80	57.067
1007.96	57.055
1008.13	56.255
1008.29	58.205
1008.45	56.741
1008.62	57.937
1008.78	57.196
1008.94	57.218
1009.11	58.191
1009.27	57.710
1009.43	56.676
1009.60	57.820
1009.76	56.649
1009.92	57.565
1010.09	57.205
1010.25	57.000
1010.42	57.674
1010.58	57.606
1010.74	57.506
1010.91	57.754
1011.07	58.253
1011.23	58.246
1011.40	57.572
1011.56	57.407
1011.72	58.569
1011.89	57.718
1012.05	57.958
1012.21	58.110
1012.37	58.187
1012.54	57.948
1012.70	58.042
1012.86	58.110
1013.03	57.699
1013.19	57.636
1013.35	57.055
1013.52	57.324
1013.68	58.322
1013.84	57.635
1014.01	57.175
1014.17	57.189
1014.33	57.441
1014.49	57.547
1014.66	57.318
1014.82	57.036
1014.98	57.665
1015.15	57.937
1015.31	58.088
1015.47	58.086
1015.63	57.146
1015.80	57.113
1015.96	58.223
1016.12	57.503
1016.29	57.617
1016.45	57.435
1016.61	57.766
1016.77	56.942
1016.94	56.743
1017.10	57.175
1017.26	57.826
1017.42	56.714
1017.59	58.432
1017.75	57.010
1017.91	57.784
1018.07	56.700
1018.24	56.554
1018.40	58.203
1018.56	58.128
1018.72	58.293
1018.89	58.922
1019.05	57.714
1019.21	58.708
1019.37	57.594
1019.54	58.587
1019.70	58.261
1019.86	56.959
1020.02	59.636
1020.19	56.278
1020.35	58.309
1020.51	55.859
1020.67	57.756
1020.83	59.765
1021.00	57.276
1021.16	58.059
1021.32	56.327
1021.48	57.508
1021.64	57.656
1021.81	56.882
1021.97	58.902
1022.13	56.968
1022.29	57.194
1022.45	58.142
1022.62	57.423
1022.78	57.375
1022.94	57.547
1023.10	58.162
1023.26	59.185
1023.43	57.859
1023.59	58.838
1023.75	58.716
1023.91	58.263
1024.07	57.947
1024.24	57.760
1024.40	57.412
1024.56	57.718
1024.72	56.707
1024.88	58.204
1025.04	59.284
1025.21	58.455
1025.37	57.804
1025.53	55.727
1025.69	58.263
1025.85	55.630
1026.01	58.522
1026.18	57.070
1026.34	57.768
1026.50	56.412
1026.66	57.898
1026.82	56.773
1026.98	57.794
1027.14	58.310
1027.31	56.629
1027.47	57.436
1027.63	56.725
1027.79	58.474
1027.95	58.949
1028.11	58.067
1028.27	57.922
1028.44	57.097
1028.60	57.196
1028.76	57.638
1028.92	59.103
1029.08	57.733
1029.24	57.092
1029.40	57.546
1029.56	58.738
1029.73	58.311
1029.89	56.904
1030.05	57.830
1030.21	57.662
1030.37	59.066
1030.53	57.740
1030.69	58.637
1030.85	55.147
1031.01	59.357
1031.17	56.301
1031.34	56.888
1031.50	55.790
1031.66	58.336
1031.82	56.799
1031.98	61.439
1032.14	57.310
1032.30	57.953
1032.46	56.440
1032.62	58.505
1032.78	57.382
1032.94	56.985
1033.10	57.775
1033.27	57.693
1033.43	58.319
1033.59	58.198
1033.75	58.290
1033.91	57.012
1034.07	57.149
1034.23	55.607
1034.39	58.922
1034.55	56.610
1034.71	55.467
1034.87	56.923
1035.03	57.562
1035.19	59.513
1035.35	58.573
1035.51	56.838
1035.67	55.335
1035.83	56.374
1035.99	56.968
1036.16	55.153
1036.32	55.216
1036.48	56.687
1036.64	56.393
1036.80	58.340
1036.96	58.425
1037.12	57.760
1037.28	58.682
1037.44	59.300
1037.60	57.478
1037.76	58.581
1037.92	59.387
1038.08	60.028
1038.24	58.438
1038.40	59.125
1038.56	58.122
1038.72	57.235
1038.88	61.176
1039.04	57.621
1039.20	59.890
1039.36	56.457
1039.52	59.024
1039.68	58.014
1039.84	56.882
1040.00	55.875
1040.16	56.515
1040.32	56.083
1040.48	57.472
1040.64	59.515
1040.80	58.102
1040.96	58.491
1041.12	59.556
1041.28	56.699
1041.44	59.037
1041.60	56.890
1041.76	60.484
1041.92	56.398
1042.08	56.082
1042.24	57.993
1042.39	57.926
1042.55	60.369
1042.71	57.470
1042.87	57.781
1043.03	57.595
1043.19	51.667
