345.44	248.684
345.66	248.684
345.88	248.684
346.10	223.077
346.31	-113.158
346.53	133.333
346.75	-133.333
346.97	134.884
347.19	-452.174
347.41	61.224
347.63	350.000
347.85	647.368
348.07	-25.000
348.29	67.647
348.51	45.070
348.73	208.333
348.95	82.639
349.17	125.373
349.39	51.429
349.61	25.137
349.83	44.037
350.05	34.194
350.27	-12.838
350.49	15.306
350.71	53.906
350.93	45.848
351.15	26.190
351.37	34.518
351.59	32.593
351.80	-18.343
352.02	12.236
352.24	-45.133
352.46	63.677
352.68	39.032
352.90	81.416
353.12	80.000
353.34	-35.537
353.56	52.448
353.78	58.235
354.00	91.262
354.22	32.589
354.44	46.703
354.66	128.000
354.88	26.780
355.09	27.322
355.31	9000.000
355.53	-5.603
355.75	-47.826
355.97	26.316
356.19	87.970
356.41	63.023
356.63	24.434
356.85	18.841
357.07	25.000
357.29	48.571
357.50	-61.905
357.72	39.130
357.94	35.359
358.16	-19.079
358.38	31.646
358.60	15.814
358.82	49.558
359.04	110.233
359.26	60.131
359.48	53.365
359.69	42.735
359.91	119.672
360.13	13.433
360.35	-57.738
360.57	45.679
360.79	5.288
361.01	107.469
361.23	-195.876
361.45	-20.904
361.66	16.505
361.88	54.775
362.10	50.382
362.32	63.529
362.54	11.111
362.76	42.857
362.98	-1.361
363.20	-15.271
363.41	-49.296
363.63	22.807
363.85	45.495
364.07	51.883
364.29	46.842
364.51	41.828
364.73	-140.351
364.94	36.527
365.16	20.072
365.38	13.930
365.60	16.667
365.82	-32.090
366.04	44.770
366.26	53.086
366.47	36.771
366.69	14.384
366.91	36.889
367.13	-1.544
367.35	-17.225
367.57	42.363
367.79	16.832
368.00	-51.266
368.22	15.657
368.44	50.321
368.66	59.016
368.88	-6.940
369.10	33.127
369.31	1.381
369.53	92.157
369.75	40.359
369.97	-59.259
370.19	-33.113
370.41	33.607
370.62	48.441
370.84	-20.690
371.06	21.457
371.28	37.551
371.50	-5.512
371.71	15.122
371.93	87.640
372.15	34.661
372.37	-5.769
372.59	8.482
372.80	18.182
373.02	-61.000
373.24	0.000
373.46	12.808
373.68	42.345
373.90	56.970
374.11	1.449
374.33	52.941
374.55	0.784
374.77	9.653
374.98	-39.086
375.20	77.985
375.42	-49.261
375.64	45.225
375.86	34.243
376.07	47.292
376.29	31.373
376.51	46.429
376.73	47.143
376.95	50.179
377.16	10.511
377.38	-7.258
377.60	44.601
377.82	0.873
378.03	41.799
378.25	15.315
378.47	15.556
378.69	31.556
378.91	236.364
379.12	-20.000
379.34	109.868
379.56	18.182
379.78	9.548
379.99	13.426
380.21	47.368
380.43	0.699
380.65	5.376
380.86	55.235
381.08	70.213
381.30	28.302
381.52	68.136
381.73	23.154
381.95	28.731
382.17	45.428
382.39	43.902
382.60	26.522
382.82	42.331
383.04	99.355
383.26	52.212
383.47	7.097
383.69	9.646
383.91	-18.254
384.13	-1.674
384.34	14.337
384.56	48.867
384.78	43.307
385.00	-25.000
385.21	28.708
385.43	-27.273
385.65	-83.237
385.86	15.439
386.08	45.494
386.30	50.493
386.52	53.034
386.73	-31.818
386.95	27.350
387.17	17.526
387.38	35.602
387.60	24.316
387.82	37.363
388.04	28.372
388.25	32.018
388.47	-47.107
388.69	-2.509
388.90	33.459
389.12	41.216
389.34	77.019
389.56	58.857
389.77	42.034
389.99	18.430
390.21	2.890
390.42	23.285
390.64	68.582
390.86	44.737
391.07	50.265
391.29	53.435
391.51	54.227
391.72	29.684
391.94	45.136
392.16	65.140
392.38	48.908
392.59	31.849
392.81	13.382
393.03	15.217
393.24	57.105
393.46	3.311
393.68	47.922
393.89	57.219
394.11	30.500
394.33	56.452
394.54	36.967
394.76	9.699
394.98	76.000
395.19	1.992
395.41	60.323
395.63	42.437
395.84	73.129
396.06	45.270
396.28	50.462
396.49	23.958
396.71	36.752
396.93	74.359
397.14	42.336
397.36	56.979
397.57	37.011
397.79	38.781
398.01	18.487
398.22	15.599
398.44	32.796
398.66	38.196
398.87	34.615
399.09	79.672
399.31	33.156
399.52	45.509
399.74	68.230
399.96	44.676
400.17	57.282
400.39	27.003
400.60	72.807
400.82	32.432
401.04	51.572
401.25	37.166
401.47	55.466
401.69	36.058
401.90	14.139
402.12	18.102
402.33	31.840
402.55	53.188
402.77	45.322
402.98	33.833
403.20	54.123
403.41	52.365
403.63	57.331
403.85	56.802
404.06	61.194
404.28	46.678
404.49	18.701
404.71	48.094
404.93	59.600
405.14	36.712
405.36	54.594
405.57	32.026
405.79	21.832
406.01	51.060
406.22	43.111
406.44	65.025
406.65	61.326
406.87	65.972
407.09	43.297
407.30	50.157
407.52	75.954
407.73	54.732
407.95	42.017
408.17	53.018
408.38	39.046
408.60	25.219
408.81	52.783
409.03	31.613
409.24	51.012
409.46	71.092
409.68	58.615
409.89	49.926
410.11	56.111
410.32	60.383
410.54	45.070
410.75	50.863
410.97	46.015
411.18	51.235
411.40	46.076
411.62	37.177
411.83	48.684
412.05	44.583
412.26	39.648
412.48	54.207
412.69	55.781
412.91	58.955
413.12	29.054
413.34	47.485
413.56	68.526
413.77	37.037
413.99	61.286
414.20	57.862
414.42	75.765
414.63	58.262
414.85	61.471
415.06	57.572
415.28	62.519
415.49	72.005
415.71	64.468
415.92	87.609
416.14	54.765
416.35	70.520
416.57	63.542
416.79	50.341
417.00	68.380
417.22	76.947
417.43	50.461
417.65	69.231
417.86	54.880
418.08	54.795
418.29	58.424
418.51	58.876
418.72	45.425
418.94	68.136
419.15	60.468
419.37	57.328
419.58	56.430
419.80	36.031
420.01	51.539
420.23	70.067
420.44	67.901
420.66	84.178
420.87	54.639
421.09	59.758
421.30	61.174
421.52	68.630
421.73	53.528
421.95	63.275
422.16	57.658
422.38	67.342
422.59	61.210
422.81	73.244
423.02	55.782
423.23	53.147
423.45	62.950
423.66	58.639
423.88	65.802
424.09	63.274
424.31	54.397
424.52	69.290
424.74	61.395
424.95	54.008
425.17	59.828
425.38	57.637
425.60	62.655
425.81	68.013
426.03	55.179
426.24	58.848
426.45	71.286
426.67	62.988
426.88	68.064
427.10	66.455
427.31	54.453
427.53	64.004
427.74	69.677
427.96	55.902
428.17	69.620
428.39	56.865
428.60	55.288
428.81	67.732
429.03	69.454
429.24	72.683
429.46	70.266
429.67	81.182
429.89	57.271
430.10	59.150
430.31	69.352
430.53	61.664
430.74	66.755
430.96	74.628
431.17	71.149
431.39	71.561
431.60	80.000
431.81	65.029
432.03	68.673
432.24	71.577
432.46	64.006
432.67	72.912
432.89	59.793
433.10	63.472
433.31	73.387
433.53	73.057
433.74	74.665
433.96	66.521
434.17	73.866
434.38	53.577
434.60	72.253
434.81	72.500
435.03	66.174
435.24	60.240
435.45	69.219
435.67	74.947
435.88	68.570
436.10	75.157
436.31	69.327
436.52	69.784
436.74	73.410
436.95	80.256
437.17	62.149
437.38	66.060
437.59	75.278
437.81	73.060
438.02	74.330
438.23	64.475
438.45	71.437
438.66	74.122
438.88	65.368
439.09	73.646
439.30	70.472
439.52	76.439
439.73	69.299
439.94	78.986
440.16	81.594
440.37	70.760
440.58	77.705
440.80	71.818
441.01	74.971
441.23	77.375
441.44	74.802
441.65	80.567
441.87	67.975
442.08	75.610
442.29	73.948
442.51	72.998
442.72	65.594
442.93	70.692
443.15	77.188
443.36	77.072
443.57	85.772
443.79	79.195
444.00	76.994
444.21	77.644
444.43	73.649
444.64	77.368
444.85	76.010
445.07	81.053
445.28	79.438
445.49	74.449
445.71	72.414
445.92	71.912
446.13	68.885
446.35	73.640
446.56	80.059
446.77	77.715
446.99	77.064
447.20	71.492
447.41	75.850
447.63	72.824
447.84	74.943
448.05	84.574
448.27	80.903
448.48	78.795
448.69	70.198
448.90	70.594
449.12	78.107
449.33	79.685
449.54	76.159
449.76	85.323
449.97	74.735
450.18	78.354
450.40	75.608
450.61	83.377
450.82	80.683
451.03	81.326
451.25	74.467
451.46	80.555
451.67	77.602
451.89	73.942
452.10	75.688
452.31	77.471
452.52	80.988
452.74	74.201
452.95	78.067
453.16	74.583
453.38	83.446
453.59	78.376
453.80	76.422
454.01	75.765
454.23	78.137
454.44	78.893
454.65	80.123
454.86	80.657
455.08	73.889
455.29	76.422
455.50	80.689
455.71	81.095
455.93	78.258
456.14	77.793
456.35	74.770
456.56	74.537
456.78	78.898
456.99	75.811
457.20	77.668
457.41	75.969
457.63	77.523
457.84	81.213
458.05	78.061
458.26	81.293
458.48	76.923
458.69	83.789
458.90	80.486
459.11	73.992
459.33	80.559
459.54	80.638
459.75	74.870
459.96	82.451
460.18	78.645
460.39	76.665
460.60	79.783
460.81	77.677
461.02	77.076
461.24	83.363
461.45	82.498
461.66	85.760
461.87	81.592
462.09	79.299
462.30	84.799
462.51	79.639
462.72	80.169
462.93	76.730
463.15	77.165
463.36	84.597
463.57	80.344
463.78	81.898
463.99	80.327
464.21	79.190
464.42	81.252
464.63	80.417
464.84	79.429
465.05	81.984
465.27	82.090
465.48	76.543
465.69	83.424
465.90	80.757
466.11	81.326
466.33	83.388
466.54	81.073
466.75	79.588
466.96	81.411
467.17	78.796
467.38	82.759
467.60	84.587
467.81	80.275
468.02	82.531
468.23	83.555
468.44	77.920
468.65	81.062
468.87	78.926
469.08	82.285
469.29	78.215
469.50	79.848
469.71	80.959
469.92	79.885
470.14	81.320
470.35	84.309
470.56	79.865
470.77	78.539
470.98	79.111
471.19	80.616
471.41	78.079
471.62	82.785
471.83	82.610
472.04	81.127
472.25	83.146
472.46	81.439
472.67	82.969
472.89	83.006
473.10	81.309
473.31	80.548
473.52	81.196
473.73	81.313
473.94	81.363
474.15	83.846
474.37	81.524
474.58	84.341
474.79	81.755
475.00	80.330
475.21	79.312
475.42	83.558
475.63	82.011
475.84	84.657
476.06	80.172
476.27	83.358
476.48	82.138
476.69	81.114
476.90	78.879
477.11	82.691
477.32	84.213
477.53	82.054
477.74	80.199
477.96	82.753
478.17	79.676
478.38	83.514
478.59	80.018
478.80	81.621
479.01	82.125
479.22	79.920
479.43	82.219
479.64	82.811
479.85	81.673
480.06	79.863
480.28	82.288
480.49	81.178
480.70	80.731
480.91	80.706
481.12	81.867
481.33	82.675
481.54	83.374
481.75	80.051
481.96	82.249
482.17	81.771
482.38	79.687
482.59	81.560
482.81	81.936
483.02	82.877
483.23	79.563
483.44	80.148
483.65	82.097
483.86	82.302
484.07	81.297
484.28	80.080
484.49	82.438
484.70	79.889
484.91	81.754
485.12	81.191
485.33	80.927
485.54	82.158
485.75	81.134
485.96	81.285
486.17	80.394
486.38	81.208
486.60	82.106
486.81	81.335
487.02	81.178
487.23	82.341
487.44	82.497
487.65	80.688
487.86	80.930
488.07	81.714
488.28	80.230
488.49	80.549
488.70	81.445
488.91	80.906
489.12	80.865
489.33	79.940
489.54	80.545
489.75	80.888
489.96	80.680
490.17	81.351
490.38	83.244
490.59	80.871
490.80	80.954
491.01	80.860
491.22	79.500
491.43	79.404
491.64	80.341
491.85	80.343
492.06	81.293
492.27	80.709
492.48	81.306
492.69	80.678
492.90	80.709
493.11	78.802
493.32	78.860
493.53	80.291
493.74	80.016
493.95	80.793
494.16	81.363
494.37	79.048
494.58	80.062
494.79	80.248
495.00	80.251
495.21	80.616
495.42	80.767
495.63	79.053
495.84	80.159
496.05	80.217
496.26	79.643
496.47	77.809
496.68	79.232
496.89	79.578
497.10	79.879
497.31	79.771
497.52	78.924
497.73	79.066
497.94	80.356
498.15	79.780
498.36	79.158
498.57	78.894
498.78	79.626
498.99	78.371
499.19	79.095
499.40	78.737
499.61	79.617
499.82	78.570
500.03	79.599
500.24	78.701
500.45	79.650
500.66	79.094
500.87	79.532
501.08	79.103
501.29	77.404
501.50	77.540
501.71	79.127
501.92	77.067
502.13	79.543
502.34	79.531
502.55	77.811
502.76	77.350
502.96	77.758
503.17	78.960
503.38	78.683
503.59	78.771
503.80	77.702
504.01	77.565
504.22	78.186
504.43	77.451
504.64	77.999
504.85	76.656
505.06	77.256
505.27	77.856
505.47	76.488
505.68	77.355
505.89	77.433
506.10	76.895
506.31	76.283
506.52	75.763
506.73	75.207
506.94	76.221
507.15	77.631
507.36	76.278
507.56	76.046
507.77	76.465
507.98	76.722
508.19	76.150
508.40	76.019
508.61	75.867
508.82	74.730
509.03	76.130
509.24	76.008
509.44	75.186
509.65	75.378
509.86	75.721
510.07	75.439
510.28	73.978
510.49	74.646
510.70	74.831
510.91	74.602
511.11	75.174
511.32	74.541
511.53	74.334
511.74	74.194
511.95	72.918
512.16	73.789
512.37	73.439
512.58	74.594
512.78	72.930
512.99	74.041
513.20	73.333
513.41	72.959
513.62	72.581
513.83	72.619
514.04	72.299
514.24	72.609
514.45	72.931
514.66	71.385
514.87	73.254
515.08	72.023
515.29	71.801
515.49	71.093
515.70	71.642
515.91	72.470
516.12	71.387
516.33	72.307
516.54	71.698
516.74	71.553
516.95	71.203
517.16	71.463
517.37	70.624
517.58	70.516
517.79	70.664
517.99	69.531
518.20	70.618
518.41	69.416
518.62	69.580
518.83	69.487
519.03	68.638
519.24	69.158
519.45	69.964
519.66	69.295
519.87	68.182
520.07	69.659
520.28	68.198
520.49	69.137
520.70	68.108
520.91	68.225
521.12	67.495
521.32	67.453
521.53	66.758
521.74	68.150
521.95	66.996
522.15	66.703
522.36	67.064
522.57	67.114
522.78	66.681
522.99	66.065
523.19	66.695
523.40	66.409
523.61	66.308
523.82	65.581
524.03	65.058
524.23	65.798
524.44	65.794
524.65	64.252
524.86	64.913
525.06	64.388
525.27	64.756
525.48	65.026
525.69	64.529
525.89	64.478
526.10	64.709
526.31	64.103
526.52	63.937
526.72	63.089
526.93	62.878
527.14	63.951
527.35	63.472
527.56	63.900
527.76	62.809
527.97	62.254
528.18	61.696
528.38	63.114
528.59	62.331
528.80	62.042
529.01	61.613
529.21	62.381
529.42	61.563
529.63	61.388
529.84	61.068
530.04	60.875
530.25	61.033
530.46	61.082
530.67	60.752
530.87	60.411
531.08	60.281
531.29	59.971
531.50	59.522
531.70	58.910
531.91	59.577
532.12	59.121
532.32	58.802
532.53	59.410
532.74	59.281
532.95	59.169
533.15	57.675
533.36	57.258
533.57	57.315
533.77	56.886
533.98	57.382
534.19	57.073
534.39	55.830
534.60	56.885
534.81	56.928
535.02	55.597
535.22	55.973
535.43	55.483
535.64	55.301
535.84	55.325
536.05	54.869
536.26	54.824
536.46	54.678
536.67	54.883
536.88	54.004
537.08	53.935
537.29	54.173
537.50	53.485
537.70	53.799
537.91	52.605
538.12	53.184
538.33	52.245
538.53	52.349
538.74	52.644
538.95	51.872
539.15	51.809
539.36	51.226
539.57	51.434
539.77	50.703
539.98	51.054
540.18	50.060
540.39	50.483
540.60	49.855
540.80	49.910
541.01	48.829
541.22	49.473
541.42	49.262
541.63	48.627
541.84	48.267
542.04	47.923
542.25	47.408
542.46	48.113
542.66	47.741
542.87	47.366
543.08	46.998
543.28	46.460
543.49	46.340
543.69	45.875
543.90	45.626
544.11	45.901
544.31	45.009
544.52	45.384
544.73	44.056
544.93	44.774
545.14	43.983
545.34	43.663
545.55	43.280
545.76	43.310
545.96	42.917
546.17	42.363
546.38	42.423
546.58	42.221
546.79	41.711
546.99	41.603
547.20	40.965
547.41	40.321
547.61	40.544
547.82	40.326
548.02	40.179
548.23	39.596
548.44	39.167
548.64	39.122
548.85	38.756
549.05	38.554
549.26	38.509
549.47	38.119
549.67	37.315
549.88	37.699
550.08	36.722
550.29	36.493
550.50	36.413
550.70	35.719
550.91	35.384
551.11	35.221
551.32	34.733
551.52	34.550
551.73	34.584
551.94	33.386
552.14	33.811
552.35	33.672
552.55	32.926
552.76	32.373
552.96	32.405
553.17	32.619
553.38	31.782
553.58	32.027
553.79	31.527
553.99	30.737
554.20	31.121
554.40	30.462
554.61	30.568
554.81	29.556
555.02	29.637
555.23	29.308
555.43	29.001
555.64	28.781
555.84	28.511
556.05	28.545
556.25	28.026
556.46	27.412
556.66	27.126
556.87	26.899
557.07	26.883
557.28	26.606
557.48	25.913
557.69	25.927
557.90	24.945
558.10	25.138
558.31	24.910
558.51	24.729
558.72	24.374
558.92	24.219
559.13	24.026
559.33	23.419
559.54	23.315
559.74	22.739
559.95	22.599
560.15	22.364
560.36	22.346
560.56	22.040
560.77	21.765
560.97	21.850
561.18	21.636
561.38	21.004
561.59	20.805
561.79	20.603
562.00	20.345
562.20	19.874
562.41	19.925
562.61	19.560
562.82	19.404
563.02	19.478
563.23	18.803
563.43	18.715
563.64	18.554
563.84	18.517
564.05	18.351
564.25	17.768
564.46	17.776
564.66	17.442
564.87	17.388
565.07	17.036
565.28	16.622
565.48	16.897
565.68	16.446
565.89	16.424
566.09	16.434
566.30	15.598
566.50	15.966
566.71	15.563
566.91	15.507
567.12	15.407
567.32	15.276
567.53	14.995
567.73	14.716
567.94	14.754
568.14	14.240
568.34	14.380
568.55	14.287
568.75	14.160
568.96	13.852
569.16	13.634
569.37	13.570
569.57	13.602
569.78	13.319
569.98	13.177
570.18	12.940
570.39	12.941
570.59	12.595
570.80	12.731
571.00	12.774
571.21	12.137
571.41	12.219
571.61	11.904
571.82	12.131
572.02	11.655
572.23	11.675
572.43	11.339
572.64	11.409
572.84	11.157
573.04	11.057
573.25	10.934
573.45	11.018
573.66	10.703
573.86	10.937
574.06	10.361
574.27	10.417
574.47	10.301
574.68	10.061
574.88	10.156
575.08	9.658
575.29	9.869
575.49	9.754
575.70	9.941
575.90	9.605
576.10	9.578
576.31	9.613
576.51	9.337
576.72	9.076
576.92	9.293
577.12	9.184
577.33	9.173
577.53	8.994
577.73	8.840
577.94	8.586
578.14	8.874
578.35	8.853
578.55	8.564
578.75	8.586
578.96	8.301
579.16	8.213
579.36	8.244
579.57	7.924
579.77	7.824
579.98	8.248
580.18	7.914
580.38	8.059
580.59	7.890
580.79	7.620
580.99	7.736
581.20	7.905
581.40	7.512
581.60	7.479
581.81	7.429
582.01	7.381
582.21	7.274
582.42	7.353
582.62	7.276
582.82	7.052
583.03	6.819
583.23	7.137
583.43	7.049
583.64	6.732
583.84	6.931
584.04	6.950
584.25	6.914
584.45	6.781
584.65	6.703
584.86	6.636
585.06	6.743
585.26	6.469
585.47	6.690
585.67	6.402
585.87	6.500
586.08	6.457
586.28	6.215
586.48	6.257
586.69	6.009
586.89	6.309
587.09	6.160
587.30	6.290
587.50	5.818
587.70	6.082
587.90	5.999
588.11	5.973
588.31	5.955
588.51	5.899
588.72	5.885
588.92	5.847
589.12	5.651
589.33	5.681
589.53	5.621
589.73	5.543
589.93	5.474
590.14	5.305
590.34	5.330
590.54	5.516
590.75	5.526
590.95	5.310
591.15	5.218
591.35	5.122
591.56	5.276
591.76	5.277
591.96	5.049
592.16	5.047
592.37	4.949
592.57	5.007
592.77	4.824
592.97	4.927
593.18	4.908
593.38	4.866
593.58	4.825
593.79	4.684
593.99	4.600
594.19	4.520
594.39	4.690
594.60	4.554
594.80	4.639
595.00	4.452
595.20	4.405
595.41	4.412
595.61	4.330
595.81	4.428
596.01	4.332
596.21	4.204
596.42	4.153
596.62	4.004
596.82	4.167
597.02	4.180
597.23	4.101
597.43	3.921
597.63	3.763
597.83	4.007
598.04	3.896
598.24	3.709
598.44	3.671
598.64	3.646
598.84	3.726
599.05	3.544
599.25	3.510
599.45	3.460
599.65	3.469
599.85	3.426
600.06	3.517
600.26	3.402
600.46	3.365
600.66	3.097
600.87	3.334
601.07	3.306
601.27	3.388
601.47	3.346
601.67	3.188
601.87	3.079
602.08	3.025
602.28	3.331
602.48	3.006
602.68	2.979
602.88	3.000
603.09	2.861
603.29	2.846
603.49	2.963
603.69	2.908
603.89	2.962
604.10	2.747
604.30	2.919
604.50	2.749
604.70	2.672
604.90	2.656
605.10	2.690
605.31	2.597
605.51	2.586
605.71	2.560
605.91	2.648
606.11	2.626
606.31	2.395
606.52	2.664
606.72	2.556
606.92	2.614
607.12	2.451
607.32	2.476
607.52	2.388
607.72	2.429
607.93	2.428
608.13	2.382
608.33	2.439
608.53	2.395
608.73	2.431
608.93	2.313
609.13	2.299
609.34	2.349
609.54	2.470
609.74	2.247
609.94	2.231
610.14	2.417
610.34	2.304
610.54	2.276
610.74	2.300
610.95	2.424
611.15	2.320
611.35	2.186
611.55	2.206
611.75	2.287
611.95	2.290
612.15	2.225
612.35	2.193
612.56	2.241
612.76	2.260
612.96	2.300
613.16	2.206
613.36	2.268
613.56	2.165
613.76	2.205
613.96	2.182
614.16	2.195
614.36	2.274
614.57	2.217
614.77	2.076
614.97	2.284
615.17	2.161
615.37	2.356
615.57	2.339
615.77	2.150
615.97	2.228
616.17	2.173
616.37	2.355
616.57	2.295
616.78	2.274
616.98	2.366
617.18	2.291
617.38	2.270
617.58	2.192
617.78	2.231
617.98	2.352
618.18	2.176
618.38	2.164
618.58	2.302
618.78	2.299
618.98	2.221
619.18	2.314
619.38	2.136
619.58	2.397
619.79	2.246
619.99	2.452
620.19	2.201
620.39	2.542
620.59	2.325
620.79	2.299
620.99	2.292
621.19	2.277
621.39	2.379
621.59	2.396
621.79	2.266
621.99	2.454
622.19	2.481
622.39	2.405
622.59	2.574
622.79	2.407
622.99	2.417
623.19	2.396
623.39	2.300
623.59	2.368
623.79	2.472
623.99	2.387
624.19	2.270
624.39	2.382
624.59	2.396
624.79	2.496
624.99	2.433
625.19	2.546
625.39	2.589
625.59	2.546
625.79	2.533
625.99	2.550
626.19	2.552
626.39	2.567
626.59	2.528
626.79	2.540
626.99	2.601
627.19	2.528
627.39	2.597
627.59	2.694
627.79	2.645
627.99	2.532
628.19	2.697
628.39	2.564
628.59	2.592
628.79	2.507
628.99	2.622
629.19	2.611
629.39	2.669
629.59	2.585
629.79	2.650
629.99	2.662
630.19	2.639
630.39	2.597
630.59	2.715
630.79	2.728
630.99	2.802
631.19	2.664
631.39	2.770
631.59	2.720
631.79	2.699
631.99	2.785
632.19	2.731
632.39	2.773
632.59	2.802
632.79	2.830
632.99	2.861
633.19	2.781
633.39	2.816
633.58	2.822
633.78	2.875
633.98	2.765
634.18	2.708
634.38	2.854
634.58	2.741
634.78	2.695
634.98	2.748
635.18	2.897
635.38	2.706
635.58	2.872
635.78	2.766
635.98	2.880
636.18	2.830
636.38	2.907
636.57	2.918
636.77	2.881
636.97	2.977
637.17	2.916
637.37	2.963
637.57	2.902
637.77	2.809
637.97	3.032
638.17	2.973
638.37	2.893
638.57	2.970
638.76	3.056
638.96	2.954
639.16	3.063
639.36	2.986
639.56	3.031
639.76	3.220
639.96	3.100
640.16	3.199
640.36	2.906
640.56	3.037
640.75	3.139
640.95	3.228
641.15	3.218
641.35	3.163
641.55	3.191
641.75	3.268
641.95	3.155
642.15	3.288
642.34	3.434
642.54	3.350
642.74	3.317
642.94	3.355
643.14	3.433
643.34	3.450
643.54	3.365
643.74	3.546
643.93	3.556
644.13	3.508
644.33	3.523
644.53	3.493
644.73	3.579
644.93	3.517
645.13	3.667
645.32	3.713
645.52	3.695
645.72	3.659
645.92	3.783
646.12	3.731
646.32	3.777
646.52	3.789
646.71	3.888
646.91	3.840
647.11	3.807
647.31	4.045
647.51	3.998
647.71	4.026
647.90	4.132
648.10	4.060
648.30	4.138
648.50	4.240
648.70	4.104
648.89	4.118
649.09	4.262
649.29	4.305
649.49	4.288
649.69	4.411
649.89	4.327
650.08	4.414
650.28	4.392
650.48	4.462
650.68	4.414
650.88	4.529
651.07	4.621
651.27	4.713
651.47	4.724
651.67	4.746
651.87	4.649
652.06	4.812
652.26	4.798
652.46	4.965
652.66	4.877
652.86	4.953
653.05	4.928
653.25	4.980
653.45	5.103
653.65	5.073
653.85	5.147
654.04	5.065
654.24	5.221
654.44	5.176
654.64	5.260
654.83	5.211
655.03	5.375
655.23	5.404
655.43	5.368
655.63	5.384
655.82	5.394
656.02	5.499
656.22	5.458
656.42	5.553
656.61	5.658
656.81	5.522
657.01	5.630
657.21	5.602
657.40	5.732
657.60	5.658
657.80	5.659
658.00	5.730
658.19	5.731
658.39	5.763
658.59	5.844
658.79	5.841
658.98	5.776
659.18	5.706
659.38	5.878
659.58	5.932
659.77	5.895
659.97	5.912
660.17	5.956
660.36	5.841
660.56	5.994
660.76	6.028
660.96	5.902
661.15	6.036
661.35	5.937
661.55	6.072
661.75	5.938
661.94	5.955
662.14	6.019
662.34	5.858
662.53	5.852
662.73	5.855
662.93	5.870
663.13	5.899
663.32	5.861
663.52	5.818
663.72	5.889
663.91	5.703
664.11	5.695
664.31	5.643
664.50	5.673
664.70	5.548
664.90	5.695
665.10	5.558
665.29	5.600
665.49	5.432
665.69	5.475
665.88	5.372
666.08	5.301
666.28	5.276
666.47	5.232
666.67	5.151
666.87	5.122
667.06	5.025
667.26	5.045
667.46	4.985
667.65	4.987
667.85	4.819
668.05	4.818
668.24	4.738
668.44	4.791
668.64	4.780
668.83	4.705
669.03	4.619
669.23	4.629
669.42	4.508
669.62	4.570
669.82	4.524
670.01	4.408
670.21	4.338
670.41	4.279
670.60	4.274
670.80	4.203
671.00	4.199
671.19	4.185
671.39	4.056
671.58	4.042
671.78	4.002
671.98	3.998
672.17	3.958
672.37	3.929
672.57	3.943
672.76	3.879
672.96	3.823
673.15	3.792
673.35	3.886
673.55	3.834
673.74	3.860
673.94	3.775
674.14	3.790
674.33	3.767
674.53	3.624
674.72	3.762
674.92	3.656
675.12	3.708
675.31	3.618
675.51	3.633
675.70	3.713
675.90	3.616
676.10	3.707
676.29	3.669
676.49	3.663
676.68	3.603
676.88	3.679
677.08	3.640
677.27	3.701
677.47	3.606
677.66	3.636
677.86	3.666
678.06	3.587
678.25	3.716
678.45	3.733
678.64	3.727
678.84	3.793
679.03	3.788
679.23	3.666
679.43	3.845
679.62	3.810
679.82	3.956
680.01	3.897
680.21	3.926
680.40	3.994
680.60	3.943
680.80	3.990
680.99	4.041
681.19	3.976
681.38	4.023
681.58	4.084
681.77	4.105
681.97	4.143
682.16	4.123
682.36	4.210
682.56	4.212
682.75	4.190
682.95	4.334
683.14	4.440
683.34	4.328
683.53	4.433
683.73	4.425
683.92	4.505
684.12	4.466
684.31	4.501
684.51	4.568
684.70	4.542
684.90	4.580
685.10	4.535
685.29	4.657
685.49	4.694
685.68	4.711
685.88	4.661
686.07	4.704
686.27	4.731
686.46	4.758
686.66	4.813
686.85	4.800
687.05	4.925
687.24	4.885
687.44	4.998
687.63	5.042
687.83	4.972
688.02	4.968
688.22	5.032
688.41	5.093
688.61	5.055
688.80	5.057
689.00	5.077
689.19	5.052
689.39	5.082
689.58	5.122
689.78	5.114
689.97	5.126
690.17	5.201
690.36	4.979
690.56	5.153
690.75	5.137
690.95	5.173
691.14	5.225
691.34	5.126
691.53	5.172
691.72	5.185
691.92	5.125
692.11	5.097
692.31	5.103
692.50	5.129
692.70	5.136
692.89	5.120
693.09	5.177
693.28	5.085
693.48	5.193
693.67	5.162
693.87	5.182
694.06	5.089
694.25	5.096
694.45	5.103
694.64	5.069
694.84	5.025
695.03	5.059
695.23	5.045
695.42	5.088
695.62	5.030
695.81	4.952
696.00	4.920
696.20	4.898
696.39	4.881
696.59	4.902
696.78	4.883
696.98	4.790
697.17	4.778
697.36	4.846
697.56	4.778
697.75	4.757
697.95	4.774
698.14	4.718
698.34	4.641
698.53	4.601
698.72	4.607
698.92	4.587
699.11	4.601
699.31	4.555
699.50	4.488
699.69	4.524
699.89	4.504
700.08	4.392
700.28	4.393
700.47	4.352
700.66	4.438
700.86	4.421
701.05	4.308
701.25	4.367
701.44	4.276
701.63	4.256
701.83	4.249
702.02	4.128
702.21	4.186
702.41	4.203
702.60	4.151
702.80	4.132
702.99	4.066
703.18	4.035
703.38	4.012
703.57	3.996
703.77	4.009
703.96	3.914
704.15	3.978
704.35	3.878
704.54	3.768
704.73	3.837
704.93	3.806
705.12	3.884
705.31	3.857
705.51	3.786
705.70	3.794
705.89	3.705
706.09	3.755
706.28	3.726
706.48	3.702
706.67	3.633
706.86	3.653
707.06	3.677
707.25	3.721
707.44	3.599
707.64	3.648
707.83	3.674
708.02	3.566
708.22	3.609
708.41	3.537
708.60	3.536
708.80	3.559
708.99	3.548
709.18	3.524
709.38	3.577
709.57	3.523
709.76	3.530
709.95	3.562
710.15	3.559
710.34	3.531
710.53	3.578
710.73	3.486
710.92	3.512
711.11	3.531
711.31	3.547
711.50	3.499
711.69	3.550
711.89	3.625
712.08	3.607
712.27	3.615
712.46	3.647
712.66	3.700
712.85	3.654
713.04	3.603
713.24	3.717
713.43	3.723
713.62	3.748
713.81	3.719
714.01	3.709
714.20	3.737
714.39	3.729
714.59	3.770
714.78	3.712
714.97	3.863
715.16	3.838
715.36	3.801
715.55	3.852
715.74	3.872
715.93	3.923
716.13	3.971
716.32	4.003
716.51	4.031
716.71	4.051
716.90	4.125
717.09	4.177
717.28	4.178
717.48	4.223
717.67	4.242
717.86	4.267
718.05	4.304
718.25	4.334
718.44	4.420
718.63	4.440
718.82	4.479
719.02	4.592
719.21	4.503
719.40	4.598
719.59	4.662
719.78	4.707
719.98	4.689
720.17	4.800
720.36	4.890
720.55	4.916
720.75	5.017
720.94	5.134
721.13	5.042
721.32	5.147
721.51	5.149
721.71	5.238
721.90	5.317
722.09	5.373
722.28	5.443
722.48	5.457
722.67	5.602
722.86	5.672
723.05	5.709
723.24	5.771
723.44	5.757
723.63	5.897
723.82	5.975
724.01	6.090
724.20	6.188
724.40	6.228
724.59	6.311
724.78	6.415
724.97	6.476
725.16	6.510
725.35	6.594
725.55	6.644
725.74	6.785
725.93	6.867
726.12	6.988
726.31	7.175
726.51	7.121
726.70	7.332
726.89	7.405
727.08	7.459
727.27	7.573
727.46	7.699
727.66	7.757
727.85	7.798
728.04	8.026
728.23	8.116
728.42	8.239
728.61	8.344
728.81	8.423
729.00	8.497
729.19	8.660
729.38	8.841
729.57	8.902
729.76	8.981
729.95	9.176
730.15	9.186
730.34	9.384
730.53	9.583
730.72	9.680
730.91	9.705
731.10	9.954
731.29	10.127
731.49	10.360
731.68	10.318
731.87	10.577
732.06	10.579
732.25	10.818
732.44	10.979
732.63	11.128
732.82	11.203
733.02	11.453
733.21	11.509
733.40	11.637
733.59	11.961
733.78	12.076
733.97	12.209
734.16	12.459
734.35	12.579
734.54	12.695
734.74	12.967
734.93	13.028
735.12	13.280
735.31	13.412
735.50	13.701
735.69	13.981
735.88	14.113
736.07	14.186
736.26	14.320
736.45	14.604
736.64	14.842
736.84	14.809
737.03	15.212
737.22	15.462
737.41	15.789
737.60	15.985
737.79	16.093
737.98	16.238
738.17	16.565
738.36	16.735
738.55	16.888
738.74	16.974
738.93	17.212
739.12	17.552
739.32	17.678
739.51	18.027
739.70	18.162
739.89	18.468
740.08	18.832
740.27	18.925
740.46	19.258
740.65	19.554
740.84	19.904
741.03	20.047
741.22	20.316
741.41	20.490
741.60	20.776
741.79	21.079
741.98	21.192
742.17	21.526
742.36	21.835
742.55	22.333
742.74	22.378
742.93	22.675
743.12	22.932
743.31	23.306
743.51	23.703
743.70	23.916
743.89	24.250
744.08	24.622
744.27	24.622
744.46	24.910
744.65	25.217
744.84	25.682
745.03	25.891
745.22	26.251
745.41	26.586
745.60	27.056
745.79	27.274
745.98	27.432
746.17	27.752
746.36	28.079
746.55	28.460
746.74	28.850
746.93	29.150
747.12	29.573
747.31	29.752
747.50	30.149
747.69	30.420
747.88	30.905
748.07	31.190
748.26	31.489
748.45	31.825
748.64	32.208
748.83	32.505
749.02	32.776
749.21	33.102
749.40	33.554
749.59	33.975
749.77	34.342
749.96	34.651
750.15	35.070
750.34	35.583
750.53	35.763
750.72	36.020
750.91	36.631
751.10	37.036
751.29	37.139
751.48	37.607
751.67	37.803
751.86	38.317
752.05	38.772
752.24	38.901
752.43	39.191
752.62	39.557
752.81	39.902
753.00	40.254
753.19	40.562
753.38	40.937
753.57	41.184
753.76	41.579
753.94	42.081
754.13	42.383
754.32	42.613
754.51	43.178
754.70	43.462
754.89	43.703
755.08	44.004
755.27	44.405
755.46	44.824
755.65	45.118
755.84	45.455
756.03	45.827
756.22	46.274
756.40	46.395
756.59	46.684
756.78	46.878
756.97	47.525
757.16	47.566
757.35	47.898
757.54	47.930
757.73	48.470
757.92	48.822
758.11	49.032
758.29	49.239
758.48	49.672
758.67	49.805
758.86	50.158
759.05	50.241
759.24	50.681
759.43	50.775
759.62	51.160
759.81	51.219
759.99	51.378
760.18	51.898
760.37	52.067
760.56	52.597
760.75	52.686
760.94	53.155
761.13	52.987
761.32	53.445
761.50	53.823
761.69	53.834
761.88	54.112
762.07	54.133
762.26	54.380
762.45	54.385
762.64	54.532
762.82	54.963
763.01	55.287
763.20	55.357
763.39	55.603
763.58	55.848
763.77	55.818
763.96	56.223
764.14	56.491
764.33	56.398
764.52	56.707
764.71	56.572
764.90	56.679
765.09	57.123
765.27	57.201
765.46	57.226
765.65	57.496
765.84	57.662
766.03	57.828
766.22	57.949
766.40	58.107
766.59	58.386
766.78	58.461
766.97	58.372
767.16	58.663
767.35	58.650
767.53	59.148
767.72	59.273
767.91	59.077
768.10	59.667
768.29	59.933
768.47	59.819
768.66	59.814
768.85	60.032
769.04	60.026
769.23	60.139
769.41	60.265
769.60	60.246
769.79	60.263
769.98	60.353
770.17	60.730
770.35	61.002
770.54	60.945
770.73	60.961
770.92	61.121
771.10	61.174
771.29	61.294
771.48	61.696
771.67	61.252
771.86	61.268
772.04	61.587
772.23	61.817
772.42	61.599
772.61	61.818
772.79	61.759
772.98	61.933
773.17	61.810
773.36	62.160
773.54	62.331
773.73	62.254
773.92	62.324
774.11	62.325
774.30	62.097
774.48	62.280
774.67	62.391
774.86	62.537
775.05	62.523
775.23	62.842
775.42	63.150
775.61	62.592
775.79	62.908
775.98	62.727
776.17	62.838
776.36	62.921
776.54	63.012
776.73	63.327
776.92	63.097
777.11	63.143
777.29	63.238
777.48	63.328
777.67	63.297
777.85	63.426
778.04	63.454
778.23	63.746
778.42	63.606
778.60	63.353
778.79	63.966
778.98	63.878
779.16	63.815
779.35	63.879
779.54	63.521
779.73	63.742
779.91	63.734
780.10	63.897
780.29	64.158
780.47	64.346
780.66	63.984
780.85	64.476
781.03	64.482
781.22	64.326
781.41	64.570
781.60	64.343
781.78	64.464
781.97	64.356
782.16	64.547
782.34	64.542
782.53	64.727
782.72	64.675
782.90	64.472
783.09	64.628
783.28	64.997
783.46	64.800
783.65	64.704
783.84	64.651
784.02	64.391
784.21	64.265
784.40	64.801
784.58	64.685
784.77	64.490
784.96	64.781
785.14	64.853
785.33	64.728
785.52	65.190
785.70	64.825
785.89	64.965
786.08	64.887
786.26	64.918
786.45	65.373
786.63	64.986
786.82	65.148
787.01	65.329
787.19	65.324
787.38	65.422
787.57	65.508
787.75	65.041
787.94	65.591
788.13	65.441
788.31	65.529
788.50	65.526
788.68	65.434
788.87	65.434
789.06	65.378
789.24	65.426
789.43	65.525
789.61	65.642
789.80	65.739
789.99	65.854
790.17	65.600
790.36	65.863
790.55	65.974
790.73	65.678
790.92	65.521
791.10	65.612
791.29	65.359
791.48	65.760
791.66	65.644
791.85	65.622
792.03	65.732
792.22	65.690
792.40	65.828
792.59	65.799
792.78	65.745
792.96	65.704
793.15	65.805
793.33	65.790
793.52	65.968
793.71	65.492
793.89	65.854
794.08	65.941
794.26	65.948
794.45	65.786
794.63	65.952
794.82	65.908
795.01	66.077
795.19	66.134
795.38	66.324
795.56	65.946
795.75	65.894
795.93	66.208
796.12	65.991
796.30	66.273
796.49	66.130
796.68	65.691
796.86	65.908
797.05	66.034
797.23	65.902
797.42	65.864
797.60	66.000
797.79	66.120
797.97	66.220
798.16	66.432
798.34	66.011
798.53	66.024
798.71	66.102
798.90	66.141
799.08	66.371
799.27	66.506
799.46	66.369
799.64	66.475
799.83	66.317
800.01	66.567
800.20	66.319
800.38	66.262
800.57	66.387
800.75	66.574
800.94	66.292
801.12	66.606
801.31	66.400
801.49	66.422
801.68	66.501
801.86	66.575
802.05	66.668
802.23	66.395
802.42	66.603
802.60	66.336
802.79	66.148
802.97	66.496
803.16	66.355
803.34	66.540
803.53	66.560
803.71	66.915
803.90	66.681
804.08	66.642
804.27	66.474
804.45	66.373
804.63	66.516
804.82	66.528
805.00	66.545
805.19	66.487
805.37	66.146
805.56	66.582
805.74	66.696
805.93	66.441
806.11	66.475
806.30	66.398
806.48	66.693
806.67	66.500
806.85	66.683
807.04	66.699
807.22	66.774
807.40	66.522
807.59	66.604
807.77	66.958
807.96	66.855
808.14	66.783
808.33	67.023
808.51	66.733
808.69	67.028
808.88	66.757
809.06	66.926
809.25	66.624
809.43	66.686
809.62	66.709
809.80	66.799
809.99	66.738
810.17	66.973
810.35	67.065
810.54	66.997
810.72	67.059
810.91	66.694
811.09	66.619
811.27	66.781
811.46	66.693
811.64	66.846
811.83	66.801
812.01	66.634
812.19	66.532
812.38	66.834
812.56	66.980
812.75	66.836
812.93	66.936
813.11	66.969
813.30	66.762
813.48	66.698
813.67	66.804
813.85	66.811
814.03	67.018
814.22	66.647
814.40	66.672
814.59	66.950
814.77	66.920
814.95	66.521
815.14	66.660
815.32	66.196
815.50	66.572
815.69	66.484
815.87	66.787
816.06	66.810
816.24	66.493
816.42	66.768
816.61	66.628
816.79	66.614
816.97	66.560
817.16	66.821
817.34	66.370
817.52	66.630
817.71	66.752
817.89	66.771
818.07	66.826
818.26	66.837
818.44	67.100
818.63	66.770
818.81	67.058
818.99	67.029
819.18	66.624
819.36	66.750
819.54	67.004
819.73	66.590
819.91	66.757
820.09	67.023
820.28	66.905
820.46	66.970
820.64	66.991
820.83	67.220
821.01	67.294
821.19	67.189
821.37	67.004
821.56	67.017
821.74	67.003
821.92	67.136
822.11	66.833
822.29	67.172
822.47	66.925
822.66	67.156
822.84	67.016
823.02	67.312
823.21	67.282
823.39	66.930
823.57	67.030
823.75	66.805
823.94	67.249
824.12	67.257
824.30	66.877
824.49	67.036
824.67	67.135
824.85	66.724
825.03	66.786
825.22	66.781
825.40	66.976
825.58	66.987
825.77	66.876
825.95	67.114
826.13	66.835
826.31	66.885
826.50	67.044
826.68	66.623
826.86	66.698
827.04	66.953
827.23	66.950
827.41	67.059
827.59	67.234
827.78	67.051
827.96	66.885
828.14	66.689
828.32	67.024
828.51	66.768
828.69	66.941
828.87	66.954
829.05	66.842
829.23	66.710
829.42	66.784
829.60	66.547
829.78	67.088
829.96	66.930
830.15	67.200
830.33	67.115
830.51	67.021
830.69	66.759
830.88	67.291
831.06	66.867
831.24	67.030
831.42	66.647
831.60	67.132
831.79	66.850
831.97	66.901
832.15	66.707
832.33	66.622
832.52	66.498
832.70	66.645
832.88	66.615
833.06	66.768
833.24	66.613
833.43	67.064
833.61	66.994
833.79	66.846
833.97	66.865
834.15	67.041
834.34	66.699
834.52	66.992
834.70	67.226
834.88	67.160
835.06	67.231
835.25	67.406
835.43	67.386
835.61	67.165
835.79	66.884
835.97	66.925
836.15	67.010
836.34	66.899
836.52	66.917
836.70	67.188
836.88	66.924
837.06	67.050
837.24	67.130
837.43	67.230
837.61	67.219
837.79	67.394
837.97	67.404
838.15	67.147
838.33	67.371
838.52	67.341
838.70	67.006
838.88	67.037
839.06	67.040
839.24	66.658
839.42	66.964
839.60	66.901
839.79	67.248
839.97	67.149
840.15	67.276
840.33	67.202
840.51	67.413
840.69	67.264
840.87	67.025
841.06	67.223
841.24	67.411
841.42	67.292
841.60	67.523
841.78	67.044
841.96	67.211
842.14	67.492
842.32	67.113
842.51	66.910
842.69	67.187
842.87	67.061
843.05	67.126
843.23	66.717
843.41	67.150
843.59	67.117
843.77	66.883
843.95	67.237
844.14	67.281
844.32	67.472
844.50	67.189
844.68	67.488
844.86	67.045
845.04	67.262
845.22	67.363
845.40	67.054
845.58	67.455
845.76	66.919
845.94	67.146
846.12	66.745
846.31	66.819
846.49	66.567
846.67	66.830
846.85	66.968
847.03	67.112
847.21	67.013
847.39	66.978
847.57	67.370
847.75	67.064
847.93	66.743
848.11	66.798
848.29	66.827
848.47	66.719
848.65	66.782
848.83	66.581
849.02	66.830
849.20	66.871
849.38	66.825
849.56	67.263
849.74	67.064
849.92	67.196
850.10	67.072
850.28	66.958
850.46	67.205
850.64	66.668
850.82	67.214
851.00	67.068
851.18	66.790
851.36	66.760
851.54	66.809
851.72	66.720
851.90	66.971
852.08	66.935
852.26	66.932
852.44	66.952
852.62	66.704
852.80	66.951
852.98	67.083
853.16	67.128
853.34	67.137
853.52	67.044
853.70	66.815
853.88	66.928
854.06	66.652
854.24	66.958
854.42	67.007
854.60	67.001
854.78	66.987
854.96	66.999
855.14	66.748
855.32	67.120
855.50	66.998
855.68	67.102
855.86	67.112
856.04	66.907
856.22	66.909
856.40	67.184
856.58	66.846
856.76	67.008
856.94	67.052
857.12	66.941
857.30	66.913
857.48	66.894
857.66	66.531
857.84	66.727
858.02	66.782
858.20	66.892
858.38	66.593
858.56	66.714
858.74	66.880
858.92	67.077
859.10	67.005
859.28	66.960
859.46	66.942
859.64	66.782
859.81	66.665
859.99	66.700
860.17	66.776
860.35	66.665
860.53	66.967
860.71	67.215
860.89	67.045
861.07	66.741
861.25	66.527
861.43	66.754
861.61	66.763
861.79	66.822
861.97	66.788
862.15	67.110
862.33	66.875
862.50	66.964
862.68	66.740
862.86	66.899
863.04	66.964
863.22	66.971
863.40	66.805
863.58	66.927
863.76	66.793
863.94	66.756
864.12	67.132
864.30	66.980
864.47	67.115
864.65	66.883
864.83	66.503
865.01	66.732
865.19	66.502
865.37	67.084
865.55	66.841
865.73	67.004
865.91	66.994
866.09	66.904
866.26	67.038
866.44	66.561
866.62	66.782
866.80	66.664
866.98	66.523
867.16	66.335
867.34	66.338
867.52	66.493
867.69	66.882
867.87	66.857
868.05	66.557
868.23	66.705
868.41	66.755
868.59	66.461
868.77	67.022
868.94	66.931
869.12	66.748
869.30	66.486
869.48	66.530
869.66	66.276
869.84	66.428
870.02	66.351
870.19	66.675
870.37	66.828
870.55	66.633
870.73	66.361
870.91	66.685
871.09	66.748
871.26	66.725
871.44	66.837
871.62	66.857
871.80	66.783
871.98	66.439
872.16	66.886
872.33	66.893
872.51	66.691
872.69	66.591
872.87	66.796
873.05	66.742
873.22	67.039
873.40	67.009
873.58	66.970
873.76	66.609
873.94	66.845
874.12	66.467
874.29	66.659
874.47	66.598
874.65	66.773
874.83	66.038
875.01	66.489
875.18	66.205
875.36	66.665
875.54	66.925
875.72	66.995
875.89	66.630
876.07	66.854
876.25	66.533
876.43	66.593
876.61	66.969
876.78	66.781
876.96	66.822
877.14	66.396
877.32	66.207
877.49	66.453
877.67	66.529
877.85	66.497
878.03	66.599
878.21	66.555
878.38	66.495
878.56	66.378
878.74	66.593
878.92	66.368
879.09	66.714
879.27	66.642
879.45	66.622
879.63	66.818
879.80	66.256
879.98	66.444
880.16	66.489
880.34	66.681
880.51	66.443
880.69	66.440
880.87	66.267
881.05	66.296
881.22	65.775
881.40	66.202
881.58	66.068
881.75	66.237
881.93	66.204
882.11	66.258
882.29	66.552
882.46	66.390
882.64	66.480
882.82	66.498
883.00	66.406
883.17	66.288
883.35	66.406
883.53	66.351
883.70	66.451
883.88	66.407
884.06	66.530
884.23	66.712
884.41	66.430
884.59	66.489
884.77	66.859
884.94	66.856
885.12	66.821
885.30	66.435
885.47	66.709
885.65	66.519
885.83	66.585
886.00	66.507
886.18	66.583
886.36	66.755
886.53	66.403
886.71	66.005
886.89	66.094
887.07	66.169
887.24	66.476
887.42	66.413
887.60	66.705
887.77	66.767
887.95	66.568
888.13	66.618
888.30	66.487
888.48	66.587
888.66	66.448
888.83	66.780
889.01	66.883
889.18	66.517
889.36	66.620
889.54	66.247
889.71	66.750
889.89	66.496
890.07	66.363
890.24	66.502
890.42	66.119
890.60	66.388
890.77	66.364
890.95	66.307
891.13	66.757
891.30	66.748
891.48	66.403
891.65	66.791
891.83	66.496
892.01	66.447
892.18	66.223
892.36	66.295
892.54	66.523
892.71	66.257
892.89	66.145
893.06	66.569
893.24	66.020
893.42	66.208
893.59	66.200
893.77	66.356
893.94	66.342
894.12	66.163
894.30	66.123
894.47	66.296
894.65	65.889
894.82	66.264
895.00	66.366
895.18	66.223
895.35	66.334
895.53	66.555
895.70	66.608
895.88	66.737
896.06	66.322
896.23	66.607
896.41	66.357
896.58	66.385
896.76	66.354
896.93	66.027
897.11	65.780
897.29	65.545
897.46	65.825
897.64	66.251
897.81	66.209
897.99	65.772
898.16	65.964
898.34	65.952
898.52	66.090
898.69	66.085
898.87	65.732
899.04	65.806
899.22	65.959
899.39	65.785
899.57	65.668
899.74	65.662
899.92	65.988
900.10	65.952
900.27	66.287
900.45	66.251
900.62	66.472
900.80	66.152
900.97	66.295
901.15	66.506
901.32	66.477
901.50	66.188
901.67	66.108
901.85	66.356
902.02	66.018
902.20	65.899
902.37	66.193
902.55	66.213
902.72	66.440
902.90	66.372
903.07	66.140
903.25	66.133
903.43	66.053
903.60	66.172
903.78	66.070
903.95	66.068
904.13	66.177
904.30	65.843
904.48	66.253
904.65	66.165
904.83	66.462
905.00	65.831
905.17	65.993
905.35	65.636
905.52	65.939
905.70	65.587
905.87	65.742
906.05	66.251
906.22	65.827
906.40	65.706
906.57	65.808
906.75	65.871
906.92	66.039
907.10	65.478
907.27	65.823
907.45	65.517
907.62	65.709
907.80	65.507
907.97	65.983
908.15	65.533
908.32	65.446
908.49	65.684
908.67	65.803
908.84	65.805
909.02	65.764
909.19	65.640
909.37	65.783
909.54	65.897
909.72	65.765
909.89	65.777
910.07	65.579
910.24	65.665
910.41	65.813
910.59	65.426
910.76	65.449
910.94	65.583
911.11	65.937
911.29	65.692
911.46	65.760
911.63	65.629
911.81	66.110
911.98	65.568
912.16	66.029
912.33	65.893
912.50	65.732
912.68	65.808
912.85	65.894
913.03	65.542
913.20	65.753
913.38	65.737
913.55	65.758
913.72	65.575
913.90	65.592
914.07	65.609
914.25	65.620
914.42	65.930
914.59	65.793
914.77	65.563
914.94	65.556
915.11	65.698
915.29	65.450
915.46	65.461
915.64	65.912
915.81	65.477
915.98	65.580
916.16	65.421
916.33	65.579
916.51	65.565
916.68	65.572
916.85	65.731
917.03	65.508
917.20	65.783
917.37	65.516
917.55	65.755
917.72	65.505
917.89	65.373
918.07	65.848
918.24	65.284
918.42	65.493
918.59	65.226
918.76	65.452
918.94	65.222
919.11	65.367
919.28	64.996
919.46	65.445
919.63	65.229
919.80	65.538
919.98	65.192
920.15	65.084
920.32	65.329
920.50	65.418
920.67	66.155
920.84	65.423
921.02	65.176
921.19	65.503
921.36	65.334
921.54	65.546
921.71	65.173
921.88	65.316
922.06	65.153
922.23	65.010
922.40	65.160
922.57	65.293
922.75	65.233
922.92	65.112
923.09	65.423
923.27	65.449
923.44	65.392
923.61	65.804
923.79	65.699
923.96	65.882
924.13	65.475
924.30	65.997
924.48	65.415
924.65	65.534
924.82	65.713
925.00	65.570
925.17	65.843
925.34	65.839
925.51	65.658
925.69	65.512
925.86	65.851
926.03	65.531
926.21	65.453
926.38	65.654
926.55	65.431
926.72	65.195
926.90	65.661
927.07	65.539
927.24	65.744
927.41	65.589
927.59	65.610
927.76	65.330
927.93	65.473
928.10	65.609
928.28	65.659
928.45	65.856
928.62	65.635
928.79	65.632
928.97	65.637
929.14	65.385
929.31	65.278
929.48	65.512
929.66	65.604
929.83	65.198
930.00	65.726
930.17	65.503
930.34	65.312
930.52	65.207
930.69	65.401
930.86	65.144
931.03	65.326
931.21	64.972
931.38	65.712
931.55	65.340
931.72	65.375
931.89	65.325
932.07	65.844
932.24	65.557
932.41	65.634
932.58	65.915
932.75	65.581
932.93	66.173
933.10	65.633
933.27	65.508
933.44	65.890
933.61	65.591
933.79	65.224
933.96	65.608
934.13	65.696
934.30	65.645
934.47	65.728
934.65	65.962
934.82	65.862
934.99	65.877
935.16	65.796
935.33	65.494
935.50	65.502
935.68	65.345
935.85	65.749
936.02	65.668
936.19	65.398
936.36	65.830
936.53	65.628
936.71	65.693
936.88	65.692
937.05	65.735
937.22	65.451
937.39	65.596
937.56	65.890
937.74	65.429
937.91	65.514
938.08	65.746
938.25	65.304
938.42	65.602
938.59	65.464
938.76	66.093
938.94	66.171
939.11	65.979
939.28	66.032
939.45	65.800
939.62	65.935
939.79	65.813
939.96	65.399
940.13	65.406
940.31	65.647
940.48	65.367
940.65	66.097
940.82	65.448
940.99	65.545
941.16	65.278
941.33	65.783
941.50	64.978
941.67	65.178
941.85	65.056
942.02	65.568
942.19	65.404
942.36	65.571
942.53	65.396
942.70	65.557
942.87	65.712
943.04	65.563
943.21	65.288
943.38	65.813
943.56	65.253
943.73	65.924
943.90	65.222
944.07	65.577
944.24	65.396
944.41	65.560
944.58	65.369
944.75	65.568
944.92	66.228
945.09	66.039
945.26	65.701
945.43	65.572
945.60	65.859
945.78	65.688
945.95	65.010
946.12	65.604
946.29	65.405
946.46	65.391
946.63	65.605
946.80	65.047
946.97	64.997
947.14	66.058
947.31	65.690
947.48	65.761
947.65	65.625
947.82	65.086
947.99	65.189
948.16	65.181
948.33	64.982
948.50	65.302
948.67	65.085
948.84	65.317
949.01	65.203
949.18	65.225
949.35	64.977
949.52	65.271
949.69	65.759
949.86	65.586
950.03	65.170
950.20	66.108
950.38	65.961
950.55	65.926
950.72	66.171
950.89	65.703
951.06	65.178
951.23	66.053
951.40	65.634
951.57	65.759
951.74	65.746
951.91	65.426
952.08	65.971
952.25	65.978
952.42	65.621
952.59	65.476
952.76	65.688
952.92	65.494
953.09	65.172
953.26	65.140
953.43	65.718
953.60	64.926
953.77	65.336
953.94	65.429
954.11	65.462
954.28	65.378
954.45	65.035
954.62	65.684
954.79	65.649
954.96	65.018
955.13	65.794
955.30	65.186
955.47	64.850
955.64	65.789
955.81	65.040
955.98	65.805
956.15	65.634
956.32	65.300
956.49	65.628
956.66	65.910
956.83	65.472
957.00	65.645
957.17	65.548
957.33	65.488
957.50	65.459
957.67	65.044
957.84	65.460
958.01	65.022
958.18	65.499
958.35	65.616
958.52	65.423
958.69	64.849
958.86	65.232
959.03	65.228
959.20	65.599
959.37	65.396
959.53	65.687
959.70	64.984
959.87	65.143
960.04	65.272
960.21	65.461
960.38	65.289
960.55	65.093
960.72	65.430
960.89	65.478
961.06	65.019
961.23	65.262
961.39	65.106
961.56	65.060
961.73	64.947
961.90	65.850
962.07	65.015
962.24	65.458
962.41	64.662
962.58	64.733
962.75	65.247
962.91	65.064
963.08	65.559
963.25	65.572
963.42	65.477
963.59	65.614
963.76	64.973
963.93	65.092
964.09	65.558
964.26	65.580
964.43	65.859
964.60	65.765
964.77	65.579
964.94	65.188
965.11	65.880
965.27	65.468
965.44	65.514
965.61	65.237
965.78	65.109
965.95	65.940
966.12	65.078
966.29	65.125
966.45	65.647
966.62	65.621
966.79	65.233
966.96	65.101
967.13	65.003
967.30	64.968
967.46	65.143
967.63	64.825
967.80	65.447
967.97	64.588
968.14	65.881
968.30	64.764
968.47	65.325
968.64	64.740
968.81	65.139
968.98	65.632
969.15	65.159
969.31	65.400
969.48	65.726
969.65	65.452
969.82	65.357
969.99	66.304
970.15	65.802
970.32	65.186
970.49	66.177
970.66	65.519
970.82	65.395
970.99	65.719
971.16	66.079
971.33	65.985
971.50	65.538
971.66	65.416
971.83	65.433
972.00	65.806
972.17	66.024
972.34	65.806
972.50	65.345
972.67	65.458
972.84	65.440
973.01	65.180
973.17	65.825
973.34	65.624
973.51	65.744
973.68	65.480
973.84	65.815
974.01	65.789
974.18	65.795
974.35	65.602
974.51	65.041
974.68	65.945
974.85	65.562
975.02	65.831
975.18	65.389
975.35	65.624
975.52	66.078
975.69	66.142
975.85	65.765
976.02	66.209
976.19	65.311
976.36	65.182
976.52	65.088
976.69	65.269
976.86	65.608
977.02	65.696
977.19	65.887
977.36	65.717
977.53	66.280
977.69	66.338
977.86	65.627
978.03	66.119
978.19	65.834
978.36	65.362
978.53	65.461
978.70	65.712
978.86	65.701
979.03	65.788
979.20	65.578
979.36	65.595
979.53	64.845
979.70	65.280
979.86	65.417
980.03	64.756
980.20	65.649
980.36	66.028
980.53	65.004
980.70	65.243
980.86	65.863
981.03	65.180
981.20	65.791
981.36	65.276
981.53	65.708
981.70	65.243
981.86	65.339
982.03	65.400
982.20	64.540
982.36	65.883
982.53	65.398
982.70	64.755
982.86	65.610
983.03	65.376
983.20	65.595
983.36	65.000
983.53	65.968
983.70	66.288
983.86	66.637
984.03	66.436
984.20	65.993
984.36	66.063
984.53	66.061
984.70	66.460
984.86	66.107
985.03	65.513
985.19	65.822
985.36	66.420
985.53	65.042
985.69	66.004
985.86	65.433
986.03	65.462
986.19	65.290
986.36	65.988
986.52	65.545
986.69	65.495
986.86	64.954
987.02	65.118
987.19	65.002
987.35	64.895
987.52	65.908
987.69	65.156
987.85	65.541
988.02	65.133
988.18	66.269
988.35	65.693
988.52	66.153
988.68	64.469
988.85	65.782
989.01	64.780
989.18	64.956
989.35	65.215
989.51	65.177
989.68	65.132
989.84	65.697
990.01	65.356
990.17	65.912
990.34	64.730
990.51	64.734
990.67	65.580
990.84	64.794
991.00	65.179
991.17	65.322
991.33	65.373
991.50	65.457
991.66	64.934
991.83	65.736
992.00	66.064
992.16	64.653
992.33	65.464
992.49	65.352
992.66	65.385
992.82	64.933
992.99	65.603
993.15	66.144
993.32	65.229
993.48	65.760
993.65	65.176
993.82	65.229
993.98	65.827
994.15	66.209
994.31	66.071
994.48	65.710
994.64	65.995
994.81	65.338
994.97	65.312
995.14	66.146
995.30	66.527
995.47	64.721
995.63	65.303
995.80	65.020
995.96	64.403
996.13	64.905
996.29	65.667
996.46	65.768
996.62	64.961
996.79	65.855
996.95	64.726
997.12	66.490
997.28	65.400
997.45	66.192
997.61	65.856
997.78	65.846
997.94	66.147
998.11	65.922
998.27	65.504
998.44	65.243
998.60	65.323
998.77	65.698
998.93	65.631
999.10	64.539
999.26	65.662
999.43	65.550
999.59	64.943
999.75	65.232
999.92	65.171
1000.08	66.456
1000.25	65.564
1000.41	64.785
1000.58	64.937
1000.74	65.060
1000.91	65.381
1001.07	64.752
1001.24	64.682
1001.40	65.734
1001.56	64.474
1001.73	64.491
1001.89	64.864
1002.06	65.307
1002.22	64.469
1002.39	64.904
1002.55	64.873
1002.71	64.874
1002.88	65.188
1003.04	64.607
1003.21	64.912
1003.37	65.549
1003.54	65.211
1003.70	65.291
1003.86	66.025
1004.03	65.946
1004.19	66.024
1004.36	65.284
1004.52	63.894
1004.68	65.812
1004.85	65.756
1005.01	65.496
1005.18	64.716
1005.34	65.590
1005.50	65.221
1005.67	64.071
1005.83	65.603
1006.00	64.729
1006.16	65.150
1006.32	65.525
1006.49	64.746
1006.65	65.502
1006.82	64.776
1006.98	65.107
1007.14	64.772
1007.31	64.869
1007.47	64.548
1007.63	64.260
1007.80	64.264
1007.96	65.746
1008.13	63.568
1008.29	65.467
1008.45	64.147
1008.62	64.588
1008.78	66.001
1008.94	65.546
1009.11	65.172
1009.27	65.094
1009.43	66.196
1009.60	64.987
1009.76	64.681
1009.92	63.225
1010.09	65.353
1010.25	63.833
1010.42	65.658
1010.58	65.274
1010.74	64.451
1010.91	63.952
1011.07	64.594
1011.23	64.755
1011.40	64.050
1011.56	65.386
1011.72	64.345
1011.89	65.126
1012.05	64.455
1012.21	66.296
1012.37	64.847
1012.54	64.352
1012.70	64.956
1012.86	65.446
1013.03	65.479
1013.19	66.368
1013.35	64.698
1013.52	64.879
1013.68	64.594
1013.84	63.824
1014.01	63.940
1014.17	64.495
1014.33	65.434
1014.49	65.687
1014.66	65.553
1014.82	64.465
1014.98	64.398
1015.15	64.843
1015.31	64.350
1015.47	66.483
1015.63	65.027
1015.80	64.997
1015.96	65.535
1016.12	64.133
1016.29	64.554
1016.45	65.274
1016.61	64.393
1016.77	63.738
1016.94	64.107
1017.10	64.661
1017.26	66.394
1017.42	65.031
1017.59	64.883
1017.75	64.065
1017.91	65.466
1018.07	65.131
1018.24	65.226
1018.40	66.182
1018.56	65.591
1018.72	64.562
1018.89	66.728
1019.05	65.543
1019.21	65.277
1019.37	65.357
1019.54	66.045
1019.70	65.212
1019.86	65.410
1020.02	65.809
1020.19	65.599
1020.35	64.291
1020.51	64.491
1020.67	63.440
1020.83	67.029
1021.00	65.451
1021.16	65.655
1021.32	64.058
1021.48	65.183
1021.64	65.463
1021.81	64.292
1021.97	66.728
1022.13	65.203
1022.29	64.825
1022.45	67.236
1022.62	64.728
1022.78	63.547
1022.94	64.476
1023.10	65.982
1023.26	65.733
1023.43	64.662
1023.59	67.297
1023.75	64.210
1023.91	65.740
1024.07	65.871
1024.24	67.344
1024.40	64.981
1024.56	64.967
1024.72	64.170
1024.88	65.425
1025.04	66.858
1025.21	64.362
1025.37	66.247
1025.53	63.769
1025.69	64.631
1025.85	64.512
1026.01	64.135
1026.18	63.768
1026.34	65.957
1026.50	63.759
1026.66	63.760
1026.82	63.648
1026.98	64.805
1027.14	64.972
1027.31	64.833
1027.47	64.431
1027.63	63.545
1027.79	63.981
1027.95	65.021
1028.11	67.135
1028.27	65.563
1028.44	65.865
1028.60	64.375
1028.76	62.439
1028.92	65.643
1029.08	63.469
1029.24	64.454
1029.40	65.435
1029.56	64.314
1029.73	65.691
1029.89	63.713
1030.05	65.377
1030.21	67.264
1030.37	64.637
1030.53	64.508
1030.69	66.854
1030.85	64.243
1031.01	65.574
1031.17	63.220
1031.34	64.977
1031.50	63.688
1031.66	63.879
1031.82	64.776
1031.98	67.792
1032.14	64.786
1032.30	62.924
1032.46	66.393
1032.62	63.529
1032.78	63.384
1032.94	64.459
1033.10	66.011
1033.27	63.284
1033.43	63.500
1033.59	66.347
1033.75	65.196
1033.91	63.517
1034.07	64.119
1034.23	63.425
1034.39	65.126
1034.55	63.871
1034.71	61.440
1034.87	62.526
1035.03	65.406
1035.19	64.761
1035.35	65.707
1035.51	64.118
1035.67	65.367
1035.83	63.970
1035.99	63.488
1036.16	61.035
1036.32	66.065
1036.48	62.139
1036.64	65.175
1036.80	62.949
1036.96	64.400
1037.12	62.276
1037.28	64.627
1037.44	66.858
1037.60	66.198
1037.76	64.890
1037.92	63.923
1038.08	62.679
1038.24	65.200
1038.40	64.121
1038.56	65.682
1038.72	63.481
1038.88	68.742
1039.04	62.554
1039.20	63.924
1039.36	63.102
1039.52	66.581
1039.68	64.032
1039.84	64.696
1040.00	64.102
1040.16	64.144
1040.32	63.383
1040.48	63.962
1040.64	62.084
1040.80	62.710
1040.96	65.146
1041.12	63.806
1041.28	64.091
1041.44	65.595
1041.60	62.276
1041.76	65.629
1041.92	63.182
1042.08	63.905
1042.24	64.169
1042.39	63.386
1042.55	65.859
1042.71	65.940
1042.87	63.226
1043.03	65.213
1043.19	63.636
