345.44	-17.80
345.66	-17.80
345.88	-17.80
346.10	-28.66
346.31	-7.15
346.53	-10.22
346.75	17.63
346.97	-5.51
347.19	26.64
347.41	1.04
347.63	33.60
347.85	-20.46
348.07	9.44
348.29	7.18
348.51	-8.99
348.73	0.84
348.95	16.40
349.17	-2.85
349.39	27.87
349.61	14.56
349.83	21.32
350.05	-2.65
350.27	8.00
350.49	35.24
350.71	23.36
350.93	19.68
351.15	28.48
351.37	-11.45
351.59	20.70
351.80	21.93
352.02	12.92
352.24	22.75
352.46	23.77
352.68	-2.24
352.90	20.09
353.12	19.88
353.34	7.80
353.56	15.99
353.78	-8.18
354.00	1.45
354.22	17.22
354.44	7.39
354.66	14.97
354.88	2.68
355.09	27.66
355.31	21.32
355.53	19.47
355.75	9.44
355.97	11.08
356.19	14.97
356.41	11.48
356.63	0.84
356.85	24.39
357.07	24.18
357.29	-6.13
357.50	10.26
357.72	31.55
357.94	15.38
358.16	-4.69
358.38	-10.84
358.60	31.35
358.82	20.09
359.04	11.28
359.26	31.96
359.48	34.01
359.69	29.30
359.91	29.92
360.13	2.47
360.35	12.10
360.57	8.62
360.79	21.93
361.01	12.92
361.23	66.58
361.45	0.63
361.66	36.67
361.88	20.91
362.10	30.33
362.32	10.87
362.54	0.84
362.76	2.68
362.98	28.69
363.20	-3.88
363.41	18.04
363.63	28.69
363.85	29.30
364.07	30.94
364.29	34.83
364.51	19.27
364.73	38.31
364.94	30.94
365.16	9.64
365.38	32.78
365.60	21.11
365.82	38.11
366.04	18.86
366.26	-5.72
366.47	21.11
366.69	20.50
366.91	13.94
367.13	22.13
367.35	29.71
367.57	6.98
367.79	30.33
368.00	21.72
368.22	27.46
368.44	10.05
368.66	27.25
368.88	10.67
369.10	18.45
369.31	25.00
369.53	17.63
369.75	20.50
369.97	17.01
370.19	10.26
370.41	23.57
370.62	20.29
370.84	26.23
371.06	19.68
371.28	20.91
371.50	19.68
371.71	24.80
371.93	1.24
372.15	33.19
372.37	23.16
372.59	29.30
372.80	29.30
373.02	27.05
373.24	7.59
373.46	27.66
373.68	10.05
373.90	7.18
374.11	15.58
374.33	14.56
374.55	33.60
374.77	40.16
374.98	37.90
375.20	29.30
375.42	25.00
375.64	15.17
375.86	27.87
376.07	25.00
376.29	10.26
376.51	29.30
376.73	6.16
376.95	26.64
377.16	26.23
377.38	30.53
377.60	14.15
377.82	-3.67
378.03	25.21
378.25	26.43
378.47	22.13
378.69	8.21
378.91	28.28
379.12	27.66
379.34	23.98
379.56	45.89
379.78	10.46
379.99	18.24
380.21	8.62
380.43	25.62
380.65	-11.04
380.86	-1.42
381.08	15.99
381.30	-1.01
381.52	27.46
381.73	16.60
381.95	29.10
382.17	12.30
382.39	5.96
382.60	14.56
382.82	-2.03
383.04	4.52
383.26	8.41
383.47	14.56
383.69	28.69
383.91	20.09
384.13	-1.42
384.34	33.81
384.56	43.23
384.78	11.48
385.00	45.89
385.21	38.52
385.43	30.33
385.65	43.43
385.86	26.23
386.08	24.18
386.30	24.18
386.52	24.18
386.73	13.12
386.95	32.78
387.17	6.98
387.38	21.52
387.60	18.24
387.82	20.50
388.04	11.89
388.25	27.46
388.47	18.65
388.69	11.48
388.90	19.06
389.12	47.73
389.34	34.22
389.56	8.82
389.77	36.06
389.99	25.62
390.21	14.35
390.42	21.72
390.64	45.28
390.86	24.18
391.07	4.52
391.29	31.76
391.51	21.52
391.72	26.64
391.94	-3.88
392.16	2.27
392.38	42.41
392.59	11.48
392.81	27.66
393.03	33.40
393.24	22.13
393.46	30.53
393.68	17.63
393.89	18.24
394.11	28.48
394.33	30.74
394.54	14.15
394.76	20.70
394.98	14.76
395.19	31.96
395.41	37.08
395.63	35.86
395.84	10.87
396.06	25.62
396.28	13.12
396.49	51.62
396.71	15.38
396.93	21.93
397.14	32.58
397.36	10.87
397.57	33.19
397.79	26.23
398.01	18.04
398.22	19.68
398.44	11.08
398.66	20.50
398.87	22.95
399.09	13.74
399.31	34.83
399.52	17.83
399.74	2.06
399.96	8.00
400.17	28.48
400.39	11.28
400.60	6.16
400.82	19.47
401.04	3.70
401.25	27.46
401.47	40.16
401.69	12.71
401.90	29.51
402.12	25.41
402.33	34.01
402.55	25.00
402.77	12.71
402.98	16.20
403.20	29.71
403.41	44.46
403.63	10.67
403.85	4.93
404.06	26.43
404.28	37.70
404.49	22.95
404.71	15.17
404.93	15.17
405.14	36.88
405.36	15.17
405.57	25.62
405.79	26.43
406.01	20.91
406.22	18.86
406.44	30.12
406.65	21.11
406.87	6.16
407.09	16.40
407.30	10.05
407.52	55.31
407.73	39.54
407.95	28.69
408.17	28.89
408.38	6.98
408.60	31.76
408.81	32.78
409.03	11.89
409.24	22.95
409.46	39.13
409.68	34.42
409.89	28.28
410.11	38.11
410.32	9.64
410.54	19.06
410.75	29.51
410.97	5.75
411.18	39.54
411.40	39.75
411.62	47.12
411.83	31.55
412.05	37.70
412.26	27.66
412.48	19.47
412.69	43.43
412.91	33.60
413.12	38.31
413.34	38.93
413.56	-6.33
413.77	20.29
413.99	40.98
414.20	25.00
414.42	19.06
414.63	33.19
414.85	30.12
415.06	27.25
415.28	3.09
415.49	-1.01
415.71	35.65
415.92	15.17
416.14	39.95
416.35	12.71
416.57	38.72
416.79	15.58
417.00	25.82
417.22	13.94
417.43	19.88
417.65	39.13
417.86	30.53
418.08	45.69
418.29	28.69
418.51	38.31
418.72	49.99
418.94	29.51
419.15	19.47
419.37	46.30
419.58	31.15
419.80	51.22
420.01	30.12
420.23	12.92
420.44	38.31
420.66	6.98
420.87	19.47
421.09	17.63
421.30	19.47
421.52	50.81
421.73	20.29
421.95	34.22
422.16	56.74
422.38	35.45
422.59	32.99
422.81	48.14
423.02	57.15
423.23	44.25
423.45	36.47
423.66	43.64
423.88	21.11
424.09	28.48
424.31	47.32
424.52	29.51
424.74	54.70
424.95	30.53
425.17	31.55
425.38	46.10
425.60	36.67
425.81	32.78
426.03	29.71
426.24	26.64
426.45	28.07
426.67	82.96
426.88	28.89
427.10	60.23
427.31	51.01
427.53	61.66
427.74	31.15
427.96	38.31
428.17	33.19
428.39	61.86
428.60	42.00
428.81	45.07
429.03	36.27
429.24	39.54
429.46	21.11
429.67	40.16
429.89	15.58
430.10	35.24
430.31	31.76
430.53	46.30
430.74	34.42
430.96	42.41
431.17	19.68
431.39	47.32
431.60	18.45
431.81	44.66
432.03	53.88
432.24	51.83
432.46	36.47
432.67	58.79
432.89	36.47
433.10	82.34
433.31	22.95
433.53	41.79
433.74	47.12
433.96	57.56
434.17	40.36
434.38	47.32
434.60	49.37
434.81	45.69
435.03	63.71
435.24	92.99
435.45	39.54
435.67	51.83
435.88	49.17
436.10	58.59
436.31	37.08
436.52	42.41
436.74	40.98
436.95	51.83
437.17	70.67
437.38	37.49
437.59	43.64
437.81	61.86
438.02	43.02
438.23	69.44
438.45	78.86
438.66	59.00
438.88	52.44
439.09	61.86
439.30	67.80
439.52	37.29
439.73	71.08
439.94	40.77
440.16	53.47
440.37	54.08
440.58	60.43
440.80	76.41
441.01	76.81
441.23	59.82
441.44	47.53
441.65	46.91
441.87	56.34
442.08	61.46
442.29	73.33
442.51	62.07
442.72	68.83
442.93	58.59
443.15	79.68
443.36	62.07
443.57	52.24
443.79	37.70
444.00	46.51
444.21	78.25
444.43	63.30
444.64	65.35
444.85	60.23
445.07	61.46
445.28	60.64
445.49	81.12
445.71	51.62
445.92	67.39
446.13	49.17
446.35	54.90
446.56	83.16
446.77	77.84
446.99	65.55
447.20	69.24
447.41	56.13
447.63	76.61
447.84	81.32
448.05	82.96
448.27	75.18
448.48	69.85
448.69	102.41
448.90	79.48
449.12	83.37
449.33	85.42
449.54	90.95
449.76	82.14
449.97	78.45
450.18	85.01
450.40	87.67
450.61	67.19
450.82	85.62
451.03	74.97
451.25	80.50
451.46	74.36
451.67	81.73
451.89	103.64
452.10	54.08
452.31	95.04
452.52	97.29
452.74	82.75
452.95	99.96
453.16	76.41
453.38	76.61
453.59	101.39
453.80	86.65
454.01	87.26
454.23	103.44
454.44	80.09
454.65	74.36
454.86	93.61
455.08	108.56
455.29	98.93
455.50	93.61
455.71	100.98
455.93	104.67
456.14	115.11
456.35	69.65
456.56	107.12
456.78	108.76
456.99	95.66
457.20	91.77
457.41	82.14
457.63	97.29
457.84	103.03
458.05	95.25
458.26	135.18
458.48	97.29
458.69	107.94
458.90	118.80
459.11	107.74
459.33	99.14
459.54	115.11
459.75	107.53
459.96	108.56
460.18	107.33
460.39	94.22
460.60	99.75
460.81	125.15
461.02	104.05
461.24	129.65
461.45	132.72
461.66	127.81
461.87	106.31
462.09	121.87
462.30	113.06
462.51	125.35
462.72	113.88
462.93	99.34
463.15	124.94
463.36	115.93
463.57	126.17
463.78	120.85
463.99	117.36
464.21	125.76
464.42	147.88
464.63	143.99
464.84	130.06
465.05	111.02
465.27	115.32
465.48	140.92
465.69	111.22
465.90	138.25
466.11	137.84
466.33	151.36
466.54	131.50
466.75	127.81
466.96	125.97
467.17	150.54
467.38	138.25
467.60	148.70
467.81	157.50
468.02	150.54
468.23	152.79
468.44	151.57
468.65	161.40
468.87	159.55
469.08	141.53
469.29	143.58
469.50	179.01
469.71	167.34
469.92	144.19
470.14	170.82
470.35	174.91
470.56	154.02
470.77	180.24
470.98	151.36
471.19	175.32
471.41	189.66
471.62	147.88
471.83	168.36
472.04	147.06
472.25	195.39
472.46	188.43
472.67	181.67
472.89	176.76
473.10	193.96
473.31	207.48
473.52	206.25
473.73	218.12
473.94	196.01
474.15	196.62
474.37	182.90
474.58	202.15
474.79	198.87
475.00	193.14
475.21	200.51
475.42	212.39
475.63	206.04
475.84	207.48
476.06	237.38
476.27	228.16
476.48	231.23
476.69	199.28
476.90	227.75
477.11	247.21
477.32	219.35
477.53	210.55
477.74	237.99
477.96	231.44
478.17	258.06
478.38	262.57
478.59	260.93
478.80	249.25
479.01	249.66
479.22	226.73
479.43	242.50
479.64	259.49
479.85	285.09
480.06	272.19
480.28	254.37
480.49	269.12
480.70	284.68
480.91	282.64
481.12	284.07
481.33	277.31
481.54	301.07
481.75	273.01
481.96	302.91
482.17	296.56
482.38	315.81
482.59	288.78
482.81	294.51
483.02	308.44
483.23	294.92
483.44	293.69
483.65	301.89
483.86	311.72
484.07	286.73
484.28	312.54
484.49	307.21
484.70	322.78
484.91	323.19
485.12	322.16
485.33	358.00
485.54	329.12
485.75	338.55
485.96	349.81
486.17	344.69
486.38	354.11
486.60	363.53
486.81	339.98
487.02	355.34
487.23	369.47
487.44	345.92
487.65	341.00
487.86	369.47
488.07	370.70
488.28	372.95
488.49	392.82
488.70	379.10
488.91	384.83
489.12	373.57
489.33	389.54
489.54	395.68
489.75	409.00
489.96	379.91
490.17	418.21
490.38	399.37
490.59	378.69
490.80	409.00
491.01	401.83
491.22	404.08
491.43	388.52
491.64	423.33
491.85	406.13
492.06	416.16
492.27	408.18
492.48	441.97
492.69	428.25
492.90	433.37
493.11	457.53
493.32	442.17
493.53	424.36
493.74	441.97
493.95	453.44
494.16	461.83
494.37	450.16
494.58	430.70
494.79	442.38
495.00	449.55
495.21	468.59
495.42	453.64
495.63	463.47
495.84	494.60
496.05	486.61
496.26	469.41
496.47	472.89
496.68	496.03
496.89	462.65
497.10	483.95
497.31	493.37
497.52	484.77
497.73	471.25
497.94	510.17
498.15	479.65
498.36	472.28
498.57	503.61
498.78	496.85
498.99	516.10
499.19	521.22
499.40	513.03
499.61	519.79
499.82	522.86
500.03	497.26
500.24	534.74
500.45	524.91
500.66	529.62
500.87	516.92
501.08	492.55
501.29	532.49
501.50	544.98
501.71	501.77
501.92	547.64
502.13	511.19
502.34	564.85
502.55	563.41
502.76	556.24
502.96	571.81
503.17	558.91
503.38	563.62
503.59	528.60
503.80	566.48
504.01	561.98
504.22	564.85
504.43	582.05
504.64	558.70
504.85	582.25
505.06	578.98
505.27	569.76
505.47	575.50
505.68	584.51
505.89	605.40
506.10	593.93
506.31	611.74
506.52	581.43
506.73	577.13
506.94	582.46
507.15	595.16
507.36	600.48
507.56	590.86
507.77	601.50
507.98	615.64
508.19	628.95
508.40	583.28
508.61	613.79
508.82	628.13
509.03	617.07
509.24	616.86
509.44	631.20
509.65	597.41
509.86	636.12
510.07	632.22
510.28	604.78
510.49	636.73
510.70	636.93
510.91	615.43
511.11	633.45
511.32	643.69
511.53	645.74
511.74	614.61
511.95	653.32
512.16	661.31
512.37	652.70
512.58	658.44
512.78	645.74
512.99	654.96
513.20	679.53
513.41	661.10
513.62	680.35
513.83	702.26
514.04	681.99
514.24	697.55
514.45	675.64
514.66	674.82
514.87	667.65
515.08	696.33
515.29	679.94
515.49	681.58
515.70	690.39
515.91	692.84
516.12	688.54
516.33	725.41
516.54	705.13
516.74	714.96
516.95	714.55
517.16	693.66
517.37	717.01
517.58	725.82
517.79	713.73
517.99	743.63
518.20	742.61
518.41	734.42
518.62	710.66
518.83	722.95
519.03	724.38
519.24	707.38
519.45	707.59
519.66	746.30
519.87	723.15
520.07	719.88
520.28	715.37
520.49	751.83
520.70	757.15
520.91	715.78
521.12	753.67
521.32	743.43
521.53	742.20
521.74	748.96
521.95	737.08
522.15	751.42
522.36	730.73
522.57	759.40
522.78	745.27
522.99	717.62
523.19	758.38
523.40	745.07
523.61	731.76
523.82	757.35
524.03	754.69
524.23	765.75
524.44	767.80
524.65	762.88
524.86	764.52
525.06	779.27
525.27	777.02
525.48	782.14
525.69	770.87
525.89	798.11
526.10	777.83
526.31	790.94
526.52	740.77
526.72	822.28
526.93	774.76
527.14	770.87
527.35	812.65
527.56	779.06
527.76	792.17
527.97	757.15
528.18	759.20
528.38	772.31
528.59	784.59
528.80	770.67
529.01	768.00
529.21	769.23
529.42	785.00
529.63	777.63
529.84	781.52
530.04	777.63
530.25	799.75
530.46	771.49
530.67	779.47
530.87	788.69
531.08	808.14
531.29	789.10
531.50	787.66
531.70	794.01
531.91	787.87
532.12	779.06
532.32	782.95
532.53	798.31
532.74	782.95
532.95	780.29
533.15	795.86
533.36	759.61
533.57	789.71
533.77	727.25
533.98	788.28
534.19	822.89
534.39	775.58
534.60	804.25
534.81	777.83
535.02	810.19
535.22	772.10
535.43	794.83
535.64	768.62
535.84	822.07
536.05	786.23
536.26	787.87
536.46	784.80
536.67	773.74
536.88	773.33
537.08	774.97
537.29	801.18
537.50	794.01
537.70	785.41
537.91	804.66
538.12	798.93
538.33	774.97
538.53	758.79
538.74	793.60
538.95	756.74
539.15	782.75
539.36	770.26
539.57	786.44
539.77	760.63
539.98	782.54
540.18	787.66
540.39	778.24
540.60	764.73
540.80	757.15
541.01	805.07
541.22	772.71
541.42	791.76
541.63	783.36
541.84	777.02
542.04	760.63
542.25	770.67
542.46	753.26
542.66	740.56
542.87	750.60
543.08	762.47
543.28	778.24
543.49	752.85
543.69	758.99
543.90	743.84
544.11	765.34
544.31	746.50
544.52	766.98
544.73	750.60
544.93	754.28
545.14	734.42
545.34	748.34
545.55	748.34
545.76	737.90
545.96	747.32
546.17	741.18
546.38	741.38
546.58	743.63
546.79	714.14
546.99	729.09
547.20	725.20
547.41	694.28
547.61	717.42
547.82	710.05
548.02	698.99
548.23	724.59
548.44	704.11
548.64	706.77
548.85	706.97
549.05	708.61
549.26	679.12
549.47	708.41
549.67	672.57
549.88	703.90
550.08	698.37
550.29	694.69
550.50	642.87
550.70	686.90
550.91	677.28
551.11	646.36
551.32	689.57
551.52	661.31
551.73	661.71
551.94	661.92
552.14	645.54
552.35	649.22
552.55	625.26
552.76	635.71
552.96	620.96
553.17	628.54
553.38	633.86
553.58	654.75
553.79	624.03
553.99	633.45
554.20	611.54
554.40	600.48
554.61	597.00
554.81	599.87
555.02	614.20
555.23	591.88
555.43	582.66
555.64	569.76
555.84	578.77
556.05	583.07
556.25	539.04
556.46	562.18
556.66	574.06
556.87	574.68
557.07	528.39
557.28	558.50
557.48	560.55
557.69	554.20
557.90	544.78
558.10	546.41
558.31	566.69
558.51	548.46
558.72	537.40
558.92	541.29
559.13	518.36
559.33	515.29
559.54	512.01
559.74	508.73
559.95	517.33
560.15	495.83
560.36	476.99
560.56	450.16
560.77	500.54
560.97	497.26
561.18	478.63
561.38	472.69
561.59	460.19
561.79	498.29
562.00	444.63
562.20	478.22
562.41	452.00
562.61	462.24
562.82	430.29
563.02	478.42
563.23	456.10
563.43	427.43
563.64	421.90
563.84	443.40
564.05	464.50
564.25	436.03
564.46	438.90
564.66	410.22
564.87	416.98
565.07	418.83
565.28	431.93
565.48	420.46
565.68	385.85
565.89	417.19
566.09	391.79
566.30	402.24
566.50	386.88
566.71	391.59
566.91	346.94
567.12	380.73
567.32	364.55
567.53	357.80
567.73	354.11
567.94	383.40
568.14	363.74
568.34	357.39
568.55	331.58
568.75	369.88
568.96	344.48
569.16	340.80
569.37	374.18
569.57	343.67
569.78	377.46
569.98	353.29
570.18	350.63
570.39	350.22
570.59	322.57
570.80	322.78
571.00	291.44
571.21	315.20
571.41	317.04
571.61	319.29
571.82	307.42
572.02	313.76
572.23	312.74
572.43	306.80
572.64	319.29
572.84	330.56
573.04	305.16
573.25	311.51
573.45	317.04
573.66	307.01
573.86	293.90
574.06	281.00
574.27	290.62
574.47	298.20
574.68	307.21
574.88	300.25
575.08	309.87
575.29	269.53
575.49	273.83
575.70	290.01
575.90	283.05
576.10	278.34
576.31	280.59
576.51	276.08
576.72	268.71
576.92	280.18
577.12	273.01
577.33	258.47
577.53	262.36
577.73	278.54
577.94	244.13
578.14	257.86
578.35	243.72
578.55	264.82
578.75	267.07
578.96	248.03
579.16	239.63
579.36	241.88
579.57	259.08
579.77	251.51
579.98	260.52
580.18	253.96
580.38	248.84
580.59	225.91
580.79	280.59
580.99	233.28
581.20	238.60
581.40	247.21
581.60	219.15
581.81	253.96
582.01	215.26
582.21	240.86
582.42	206.45
582.62	219.97
582.82	225.09
583.03	220.58
583.23	212.60
583.43	245.77
583.64	213.41
583.84	217.31
584.04	208.09
584.25	237.17
584.45	199.49
584.65	234.51
584.86	223.04
585.06	225.91
585.26	190.68
585.47	194.16
585.67	207.88
585.87	206.86
586.08	179.42
586.28	198.05
586.48	217.92
586.69	200.31
586.89	204.61
587.09	205.63
587.30	207.48
587.50	190.48
587.70	208.29
587.90	214.64
588.11	188.84
588.31	190.89
588.51	184.13
588.72	206.66
588.92	202.77
589.12	190.89
589.33	203.99
589.53	188.02
589.73	189.25
589.93	194.16
590.14	177.98
590.34	195.19
590.54	190.27
590.75	191.50
590.95	182.69
591.15	198.67
591.35	199.28
591.56	184.95
591.76	157.10
591.96	197.03
592.16	193.96
592.37	184.95
592.57	169.59
592.77	184.33
592.97	166.31
593.18	170.82
593.38	184.54
593.58	205.43
593.79	170.41
593.99	181.88
594.19	182.69
594.39	159.96
594.60	157.50
594.80	159.76
595.00	148.90
595.20	172.86
595.41	172.86
595.61	188.43
595.81	170.61
596.01	177.37
596.21	151.36
596.42	177.58
596.62	172.46
596.82	155.87
597.02	141.53
597.23	156.07
597.43	167.13
597.63	160.37
597.83	158.94
598.04	171.02
598.24	155.05
598.44	153.20
598.64	143.37
598.84	153.82
599.05	181.67
599.25	164.06
599.45	137.64
599.65	159.76
599.85	133.95
600.06	155.05
600.26	125.56
600.46	162.83
600.66	156.89
600.87	150.13
601.07	134.16
601.27	145.63
601.47	140.71
601.67	139.28
601.87	129.04
602.08	154.23
602.28	129.65
602.48	146.24
602.68	122.28
602.88	140.71
603.09	117.36
603.29	115.32
603.49	121.46
603.69	112.45
603.89	106.51
604.10	156.07
604.30	134.36
604.50	155.25
604.70	132.93
604.90	124.53
605.10	126.58
605.31	127.81
605.51	132.11
605.71	120.23
605.91	107.94
606.11	108.56
606.31	135.18
606.52	124.74
606.72	117.98
606.92	147.47
607.12	131.50
607.32	105.49
607.52	143.37
607.72	129.04
607.93	112.04
608.13	98.32
608.33	111.43
608.53	125.97
608.73	114.50
608.93	122.08
609.13	107.12
609.34	94.22
609.54	87.26
609.74	134.98
609.94	99.96
610.14	119.00
610.34	121.87
610.54	132.31
610.74	92.99
610.95	125.76
611.15	111.22
611.35	125.76
611.55	102.00
611.75	125.76
611.95	90.13
612.15	117.77
612.35	133.95
612.56	121.05
612.76	111.43
612.96	122.89
613.16	145.22
613.36	113.06
613.56	122.48
613.76	111.43
613.96	122.28
614.16	155.66
614.36	126.17
614.57	117.98
614.77	108.35
614.97	111.22
615.17	131.91
615.37	114.09
615.57	115.52
615.77	119.82
615.97	128.01
616.17	133.13
616.37	126.99
616.57	134.16
616.78	110.20
616.98	132.31
617.18	92.58
617.38	144.60
617.58	124.33
617.78	120.64
617.98	109.79
618.18	159.35
618.38	114.50
618.58	121.46
618.78	100.37
618.98	153.00
619.18	131.50
619.38	137.23
619.58	122.08
619.79	134.57
619.99	126.58
620.19	156.28
620.39	119.21
620.59	139.28
620.79	117.16
620.99	116.75
621.19	129.45
621.39	146.86
621.59	106.72
621.79	132.31
621.99	107.94
622.19	120.23
622.39	140.51
622.59	120.03
622.79	134.77
622.99	133.13
623.19	124.33
623.39	142.96
623.59	131.50
623.79	141.33
623.99	138.46
624.19	140.10
624.39	145.63
624.59	137.03
624.79	153.41
624.99	134.57
625.19	130.88
625.39	154.84
625.59	151.16
625.79	106.92
625.99	140.92
626.19	137.84
626.39	131.29
626.59	153.61
626.79	140.71
626.99	133.34
627.19	150.75
627.39	140.92
627.59	130.68
627.79	137.64
627.99	153.00
628.19	161.60
628.39	155.66
628.59	146.04
628.79	156.69
628.99	181.26
629.19	158.94
629.39	147.88
629.59	136.62
629.79	152.59
629.99	141.94
630.19	180.44
630.39	155.05
630.59	183.10
630.79	136.00
630.99	156.48
631.19	151.98
631.39	169.38
631.59	148.70
631.79	183.72
631.99	176.55
632.19	164.88
632.39	159.55
632.59	158.12
632.79	149.52
632.99	163.44
633.19	159.55
633.39	169.38
633.58	167.34
633.78	159.14
633.98	169.59
634.18	178.19
634.38	152.79
634.58	174.71
634.78	159.14
634.98	186.59
635.18	175.12
635.38	162.01
635.58	158.73
635.78	174.30
635.98	139.89
636.18	180.85
636.38	165.49
636.57	159.96
636.77	188.02
636.97	187.41
637.17	179.01
637.37	194.16
637.57	185.56
637.77	178.60
637.97	188.22
638.17	200.10
638.37	200.92
638.57	194.37
638.76	178.39
638.96	221.61
639.16	165.08
639.36	179.83
639.56	170.41
639.76	201.13
639.96	181.47
640.16	177.17
640.36	213.41
640.56	225.09
640.75	188.43
640.95	201.95
641.15	196.21
641.35	227.34
641.55	210.14
641.75	217.51
641.95	195.80
642.15	212.19
642.34	173.89
642.54	240.04
642.74	186.79
642.94	210.14
643.14	213.00
643.34	209.52
643.54	214.03
643.74	227.34
643.93	222.63
644.13	209.73
644.33	229.18
644.53	231.44
644.73	242.29
644.93	252.12
645.13	258.06
645.32	239.63
645.52	203.38
645.72	239.83
645.92	246.59
646.12	246.39
646.32	261.34
646.52	252.94
646.71	239.22
646.91	244.34
647.11	267.69
647.31	257.04
647.51	266.87
647.71	261.54
647.90	261.95
648.10	276.29
648.30	275.06
648.50	258.26
648.70	257.86
648.89	266.05
649.09	287.35
649.29	279.56
649.49	275.88
649.69	282.64
649.89	271.99
650.08	286.94
650.28	300.45
650.48	299.43
650.68	308.24
650.88	300.66
651.07	279.77
651.27	289.80
651.47	324.41
651.67	303.53
651.87	286.32
652.06	301.27
652.26	311.92
652.46	328.10
652.66	342.03
652.86	312.54
653.05	330.76
653.25	311.10
653.45	334.86
653.65	346.33
653.85	322.57
654.04	317.86
654.24	335.88
654.44	346.53
654.64	341.62
654.83	360.46
655.03	368.65
655.23	348.58
655.43	358.62
655.63	343.26
655.82	375.00
656.02	340.80
656.22	363.12
656.42	367.63
656.61	387.90
656.81	386.88
657.01	371.72
657.21	382.99
657.40	380.12
657.60	430.09
657.80	395.68
658.00	375.41
658.19	408.18
658.39	381.55
658.59	397.94
658.79	410.02
658.98	381.76
659.18	421.28
659.38	376.84
659.58	428.04
659.77	410.22
659.97	411.66
660.17	419.24
660.36	431.93
660.56	424.76
660.76	427.02
660.96	422.92
661.15	440.33
661.35	440.33
661.55	432.14
661.75	439.31
661.94	421.90
662.14	431.93
662.34	438.69
662.53	414.12
662.73	419.44
662.93	430.50
663.13	422.92
663.32	432.75
663.52	421.90
663.72	420.67
663.91	429.48
664.11	403.26
664.31	426.61
664.50	409.61
664.70	433.37
664.90	411.86
665.10	404.90
665.29	403.88
665.49	400.39
665.69	397.32
665.88	435.00
666.08	384.22
666.28	392.00
666.47	376.23
666.67	393.64
666.87	372.54
667.06	398.55
667.26	369.67
667.46	386.06
667.65	378.69
667.85	368.86
668.05	371.11
668.24	372.34
668.44	366.40
668.64	362.30
668.83	358.21
669.03	370.08
669.23	364.35
669.42	378.89
669.62	325.64
669.82	331.79
670.01	373.77
670.21	337.52
670.41	343.67
670.60	327.28
670.80	341.82
671.00	315.81
671.19	352.68
671.39	319.29
671.58	325.85
671.78	330.76
671.98	329.74
672.17	363.12
672.37	333.02
672.57	334.86
672.76	307.01
672.96	313.36
673.15	302.50
673.35	342.23
673.55	319.09
673.74	317.04
673.94	290.62
674.14	304.75
674.33	308.44
674.53	312.74
674.72	302.71
674.92	295.74
675.12	305.16
675.31	330.35
675.51	313.36
675.70	310.28
675.90	309.05
676.10	307.21
676.29	328.72
676.49	324.21
676.68	310.69
676.88	301.89
677.08	317.45
677.27	321.34
677.47	327.69
677.66	309.67
677.86	278.74
678.06	318.68
678.25	308.85
678.45	329.33
678.64	305.98
678.84	323.60
679.03	328.92
679.23	331.79
679.43	329.33
679.62	339.57
679.82	325.64
680.01	329.74
680.21	343.26
680.40	343.05
680.60	329.94
680.80	350.83
680.99	339.36
681.19	337.32
681.38	344.89
681.58	354.93
681.77	340.59
681.97	370.49
682.16	350.22
682.36	361.48
682.56	363.53
682.75	375.61
682.95	383.60
683.14	376.43
683.34	385.03
683.53	362.71
683.73	393.23
683.92	375.41
684.12	390.15
684.31	420.87
684.51	383.40
684.70	407.15
684.90	376.84
685.10	395.48
685.29	408.18
685.49	425.17
685.68	421.49
685.88	408.18
686.07	423.54
686.27	439.72
686.46	424.36
686.66	404.49
686.85	429.48
687.05	423.54
687.24	410.02
687.44	459.99
687.63	421.28
687.83	446.06
688.02	425.17
688.22	434.39
688.41	445.86
688.61	443.81
688.80	441.76
689.00	460.40
689.19	452.21
689.39	435.21
689.58	452.82
689.78	477.81
689.97	455.69
690.17	472.48
690.36	452.62
690.56	456.51
690.75	475.35
690.95	470.43
691.14	458.76
691.34	497.26
691.53	469.21
691.72	449.14
691.92	455.28
692.11	444.22
692.31	473.92
692.50	461.83
692.70	480.67
692.89	467.98
693.09	466.75
693.28	465.72
693.48	458.35
693.67	484.57
693.87	476.17
694.06	451.80
694.25	450.16
694.45	493.17
694.64	463.27
694.84	469.21
695.03	454.26
695.23	450.36
695.42	456.51
695.62	458.15
695.81	454.05
696.00	472.28
696.20	450.16
696.39	463.27
696.59	435.82
696.78	455.89
696.98	447.50
697.17	446.27
697.36	443.61
697.56	424.15
697.75	459.17
697.95	448.11
698.14	431.52
698.34	433.98
698.53	424.76
698.72	446.88
698.92	439.31
699.11	429.88
699.31	431.73
699.50	432.14
699.69	428.04
699.89	416.57
700.08	418.01
700.28	410.43
700.47	415.75
700.66	423.95
700.86	403.06
701.05	426.81
701.25	423.74
701.44	402.44
701.63	414.12
701.83	403.06
702.02	387.08
702.21	399.98
702.41	404.69
702.60	404.29
702.80	376.43
702.99	405.92
703.18	390.97
703.38	381.35
703.57	372.95
703.77	371.52
703.96	389.95
704.15	359.23
704.35	374.38
704.54	360.25
704.73	370.29
704.93	379.30
705.12	385.24
705.31	385.03
705.51	346.74
705.70	368.24
705.89	376.43
706.09	390.77
706.28	347.15
706.48	362.30
706.67	357.18
706.86	356.36
707.06	343.46
707.25	347.97
707.44	351.24
707.64	355.75
707.83	351.45
708.02	334.45
708.22	355.95
708.41	372.95
708.60	377.87
708.80	373.98
708.99	356.98
709.18	382.58
709.38	349.60
709.57	368.86
709.76	344.69
709.95	343.87
710.15	359.43
710.34	375.61
710.53	348.79
710.73	353.29
710.92	367.01
711.11	352.68
711.31	380.32
711.50	348.79
711.69	354.11
711.89	372.95
712.08	339.16
712.27	364.14
712.46	358.21
712.66	369.06
712.85	359.84
713.04	381.76
713.24	366.81
713.43	364.55
713.62	360.05
713.81	364.76
714.01	379.50
714.20	361.89
714.39	388.72
714.59	394.66
714.78	402.85
714.97	369.67
715.16	400.39
715.36	410.43
715.55	417.39
715.74	403.88
715.93	393.02
716.13	406.13
716.32	426.40
716.51	434.39
716.71	412.27
716.90	425.58
717.09	387.29
717.28	421.08
717.48	424.56
717.67	422.92
717.86	436.44
718.05	425.38
718.25	419.24
718.44	440.94
718.63	440.33
718.82	453.85
719.02	470.43
719.21	477.19
719.40	449.55
719.59	471.87
719.78	479.45
719.98	491.32
720.17	492.55
720.36	506.27
720.55	461.63
720.75	496.44
720.94	502.18
721.13	504.23
721.32	530.03
721.51	552.56
721.71	526.14
721.90	515.69
722.09	530.64
722.28	534.54
722.48	548.46
722.67	543.75
722.86	572.01
723.05	567.51
723.24	581.02
723.44	605.81
723.63	596.18
723.82	598.02
724.01	585.12
724.20	612.56
724.40	616.05
724.59	649.02
724.78	621.37
724.97	649.63
725.16	613.59
725.35	670.93
725.55	661.31
725.74	667.65
725.93	688.34
726.12	673.18
726.31	722.33
726.51	707.18
726.70	723.36
726.89	730.73
727.08	745.07
727.27	737.49
727.46	760.02
727.66	761.45
727.85	802.00
728.04	791.15
728.23	835.38
728.42	832.72
728.61	824.94
728.81	861.19
729.00	871.84
729.19	867.74
729.38	898.46
729.57	897.44
729.76	920.37
729.95	917.30
730.15	936.76
730.34	941.88
730.53	969.11
730.72	970.14
730.91	1045.50
731.10	1000.65
731.29	1034.24
731.49	1023.39
731.68	1055.13
731.87	1040.18
732.06	1075.40
732.25	1092.40
732.44	1096.29
732.63	1118.21
732.82	1123.53
733.02	1156.91
733.21	1171.66
733.40	1181.08
733.59	1238.63
733.78	1213.23
733.97	1229.00
734.16	1246.61
734.35	1279.18
734.54	1296.18
734.74	1315.84
734.93	1345.94
735.12	1351.47
735.31	1377.68
735.50	1393.25
735.69	1400.01
735.88	1438.51
736.07	1449.16
736.26	1472.51
736.45	1503.23
736.64	1475.99
736.84	1482.75
737.03	1548.69
737.22	1554.63
737.41	1599.07
737.60	1592.11
737.79	1646.17
737.98	1685.70
738.17	1693.48
738.36	1704.13
738.55	1741.40
738.74	1755.74
738.93	1759.84
739.12	1788.51
739.32	1795.88
739.51	1875.14
739.70	1882.30
739.89	1897.87
740.08	1941.70
740.27	1931.46
740.46	1965.25
740.65	2010.92
740.84	2063.55
741.03	2054.33
741.22	2068.46
741.41	2073.38
741.60	2104.30
741.79	2156.73
741.98	2203.22
742.17	2226.57
742.36	2251.14
742.55	2287.80
742.74	2290.26
742.93	2295.38
743.12	2323.85
743.31	2394.71
743.51	2456.15
743.70	2453.69
743.89	2484.41
744.08	2493.01
744.27	2552.81
744.46	2579.23
744.65	2631.66
744.84	2643.12
745.03	2702.11
745.22	2715.62
745.41	2744.91
745.60	2764.77
745.79	2799.79
745.98	2835.02
746.17	2886.83
746.36	2956.46
746.55	2938.85
746.74	3002.75
746.93	3038.79
747.12	3063.78
747.31	3090.20
747.50	3135.05
747.69	3203.65
747.88	3207.34
748.07	3235.81
748.26	3280.45
748.45	3356.84
748.64	3403.54
748.83	3391.04
749.02	3393.09
749.21	3454.73
749.40	3561.23
749.59	3509.21
749.77	3615.50
749.96	3610.18
750.15	3662.19
750.34	3666.29
750.53	3701.31
750.72	3788.76
750.91	3795.93
751.10	3881.12
751.29	3863.10
751.48	3943.99
751.67	3968.37
751.86	4023.25
752.05	4039.63
752.24	4043.73
752.43	4169.07
752.62	4201.42
752.81	4202.45
753.00	4273.51
753.19	4277.40
753.38	4327.17
753.57	4323.28
753.76	4336.39
753.94	4419.33
754.13	4481.79
754.32	4510.26
754.51	4565.76
754.70	4627.20
754.89	4591.56
755.08	4636.00
755.27	4694.57
755.46	4751.30
755.65	4755.60
755.84	4786.53
756.03	4843.87
756.22	4827.49
756.40	4927.84
756.59	4938.08
756.78	4958.15
756.97	5015.90
757.16	5024.50
757.35	5127.11
757.54	5124.24
757.73	5200.22
757.92	5147.38
758.11	5225.00
758.29	5220.70
758.48	5311.83
758.67	5348.90
758.86	5342.14
759.05	5391.70
759.24	5418.74
759.43	5461.33
759.62	5430.21
759.81	5508.85
759.99	5521.75
760.18	5469.32
760.37	5540.59
760.56	5570.70
760.75	5594.86
760.94	5647.70
761.13	5663.88
761.32	5729.00
761.50	5711.19
761.69	5758.70
761.88	5752.97
762.07	5802.12
762.26	5844.10
762.45	5865.40
762.64	5916.39
762.82	5947.93
763.01	5952.03
763.20	5961.24
763.39	5915.16
763.58	5995.24
763.77	5966.57
763.96	6000.77
764.14	6021.04
764.33	6002.41
764.52	6093.13
764.71	6153.14
764.90	6174.85
765.09	6184.88
765.27	6254.51
765.46	6200.04
765.65	6213.76
765.84	6228.30
766.03	6308.99
766.22	6262.50
766.40	6249.39
766.59	6379.64
766.78	6314.52
766.97	6329.06
767.16	6359.37
767.35	6340.12
767.53	6369.20
767.72	6409.54
767.91	6408.52
768.10	6482.25
768.29	6512.97
768.47	6527.92
768.66	6537.34
768.85	6543.07
769.04	6530.78
769.23	6551.67
769.41	6533.04
769.60	6604.51
769.79	6586.69
769.98	6554.13
770.17	6603.28
770.35	6613.73
770.54	6643.01
770.73	6739.47
770.92	6731.69
771.10	6668.20
771.29	6700.77
771.48	6758.11
771.67	6705.07
771.86	6784.94
772.04	6705.07
772.23	6706.09
772.42	6695.24
772.61	6712.23
772.79	6782.07
772.98	6771.42
773.17	6826.10
773.36	6829.79
773.54	6934.03
773.73	6883.24
773.92	6825.69
774.11	6912.73
774.30	6839.62
774.48	6877.30
774.67	6805.42
774.86	6912.12
775.05	6977.04
775.23	6939.15
775.42	6888.77
775.61	7004.27
775.79	6963.93
775.98	6959.63
776.17	6903.31
776.36	7000.59
776.54	7122.85
776.73	7067.35
776.92	7044.82
777.11	6921.54
777.29	7051.17
777.48	7010.62
777.67	7145.17
777.85	7022.30
778.04	7062.64
778.23	7120.39
778.42	7171.18
778.60	7087.01
778.79	7156.64
778.98	7133.71
779.16	7207.64
779.35	7199.65
779.54	7185.72
779.73	7163.40
779.91	7219.11
780.10	7145.79
780.29	7171.80
780.47	7203.95
780.66	7225.86
780.85	7141.28
781.03	7158.28
781.22	7251.46
781.41	7188.59
781.60	7196.78
781.78	7259.86
781.97	7302.25
782.16	7260.88
782.34	7295.50
782.53	7281.36
782.72	7204.77
782.90	7272.15
783.09	7264.57
783.28	7359.39
783.46	7291.60
783.65	7241.63
783.84	7329.70
784.02	7331.13
784.21	7349.36
784.40	7362.87
784.58	7390.93
784.77	7339.32
784.96	7340.35
785.14	7377.82
785.33	7388.47
785.52	7358.16
785.70	7288.53
785.89	7374.14
786.08	7376.39
786.26	7444.59
786.45	7266.00
786.63	7371.07
786.82	7378.03
787.01	7446.23
787.19	7385.20
787.38	7574.43
787.57	7435.78
787.75	7482.68
787.94	7463.84
788.13	7497.83
788.31	7464.04
788.50	7531.63
788.68	7467.32
788.87	7548.01
789.06	7517.90
789.24	7459.13
789.43	7596.55
789.61	7550.67
789.80	7567.06
789.99	7549.85
790.17	7606.79
790.36	7597.78
790.55	7643.65
790.73	7600.85
790.92	7649.38
791.10	7647.95
791.29	7693.21
791.48	7606.79
791.66	7746.87
791.85	7647.13
792.03	7693.62
792.22	7815.47
792.40	7774.92
792.59	7775.13
792.78	7810.56
792.96	7810.15
793.15	7861.96
793.33	7860.53
793.52	7894.32
793.71	7909.07
793.89	7872.41
794.08	7971.32
794.26	7865.44
794.45	7880.60
794.63	7921.15
794.82	7905.79
795.01	7905.18
795.19	7927.50
795.38	7958.42
795.56	8047.92
795.75	8025.19
795.93	8054.47
796.12	8103.42
796.30	8035.02
796.49	8040.34
796.68	8067.78
796.86	8056.73
797.05	8084.37
797.23	8082.94
797.42	8081.71
797.60	8189.64
797.79	8185.75
797.97	8173.25
798.16	8181.65
798.34	8163.83
798.53	8267.87
798.71	8276.47
798.90	8249.85
799.08	8219.33
799.27	8360.03
799.46	8234.49
799.64	8319.48
799.83	8371.91
800.01	8360.23
800.20	8372.93
800.38	8346.31
800.57	8411.43
800.75	8330.54
800.94	8457.51
801.12	8424.13
801.31	8398.53
801.49	8469.80
801.68	8444.20
801.86	8483.32
802.05	8522.23
802.23	8502.98
802.42	8511.17
802.60	8519.16
802.79	8518.75
802.97	8468.57
803.16	8516.70
803.34	8602.71
803.53	8534.31
803.71	8662.31
803.90	8586.33
804.08	8689.55
804.27	8653.30
804.45	8536.77
804.63	8567.08
804.82	8611.93
805.00	8628.52
805.19	8646.13
805.37	8615.41
805.56	8689.14
805.74	8713.51
805.93	8647.97
806.11	8750.78
806.30	8661.90
806.48	8630.16
806.67	8710.64
806.85	8801.37
807.04	8700.81
807.22	8763.89
807.40	8750.78
807.59	8787.03
807.77	8779.45
807.96	8754.88
808.14	8825.53
808.33	8755.49
808.51	8778.22
808.69	8765.12
808.88	8826.56
809.06	8707.77
809.25	8794.20
809.43	8772.70
809.62	8726.82
809.80	8832.09
809.99	8819.59
810.17	8838.03
810.35	8865.26
810.54	8877.76
810.72	8904.17
810.91	8961.72
811.09	8996.54
811.27	8819.59
811.46	8902.33
811.64	8962.95
811.83	8996.33
812.01	8919.12
812.19	8880.62
812.38	8961.52
812.56	8978.52
812.75	8938.17
812.93	8952.51
813.11	8945.34
813.30	8982.00
813.48	9059.82
813.67	9010.26
813.85	8921.58
814.03	9050.60
814.22	8910.73
814.40	8983.84
814.59	8947.59
814.77	8917.28
814.95	9023.98
815.14	9032.17
815.32	9017.84
815.50	9038.73
815.69	8962.95
815.87	9067.60
816.06	8976.06
816.24	9115.32
816.42	9047.53
816.61	9089.52
816.79	9072.11
816.97	9017.02
817.16	9110.81
817.34	9038.93
817.52	9072.11
817.71	9119.21
817.89	9073.95
818.07	9139.08
818.26	9075.18
818.44	9080.30
818.63	9096.07
818.81	9075.38
818.99	9059.21
819.18	9135.80
819.36	9131.91
819.54	9114.50
819.73	9093.61
819.91	9147.68
820.09	9177.37
820.28	9151.36
820.46	9174.92
820.64	9100.78
820.83	9110.81
821.01	9102.42
821.19	9112.86
821.37	9209.94
821.56	9209.94
821.74	9185.36
821.92	9234.31
822.11	9248.23
822.29	9229.80
822.47	9230.42
822.66	9251.92
822.84	9238.81
823.02	9249.05
823.21	9123.72
823.39	9229.80
823.57	9210.76
823.75	9179.22
823.94	9256.43
824.12	9237.38
824.30	9264.41
824.49	9303.94
824.67	9235.74
824.85	9281.21
825.03	9198.26
825.22	9263.80
825.40	9290.01
825.58	9284.07
825.77	9324.42
825.95	9280.80
826.13	9348.99
826.31	9326.06
826.50	9322.57
826.68	9329.54
826.86	9358.00
827.04	9336.30
827.23	9417.40
827.41	9293.49
827.59	9298.82
827.78	9382.17
827.96	9414.12
828.14	9369.27
828.32	9441.97
828.51	9386.27
828.69	9344.08
828.87	9429.48
829.05	9378.89
829.23	9411.87
829.42	9408.18
829.60	9433.37
829.78	9424.15
829.96	9339.16
830.15	9328.92
830.33	9499.11
830.51	9444.22
830.69	9407.97
830.88	9443.61
831.06	9469.21
831.24	9446.27
831.42	9435.62
831.60	9432.76
831.79	9394.87
831.97	9498.09
832.15	9492.35
832.33	9532.49
832.52	9487.44
832.70	9568.54
832.88	9628.75
833.06	9484.16
833.24	9646.97
833.43	9454.87
833.61	9520.61
833.79	9599.05
833.97	9563.01
834.15	9527.37
834.34	9584.10
834.52	9631.20
834.70	9574.07
834.88	9649.84
835.06	9628.54
835.25	9587.38
835.43	9660.90
835.61	9644.92
835.79	9628.75
835.97	9741.59
836.15	9740.77
836.34	9669.30
836.52	9691.62
836.70	9735.24
836.88	9715.99
837.06	9641.85
837.24	9706.36
837.43	9696.94
837.61	9666.84
837.79	9722.95
837.97	9703.29
838.15	9706.98
838.33	9773.74
838.52	9696.74
838.70	9813.88
838.88	9732.17
839.06	9846.24
839.24	9843.17
839.42	9758.18
839.60	9827.81
839.79	9791.35
839.97	9843.58
840.15	9881.47
840.33	9755.72
840.51	9846.04
840.69	9806.51
840.87	9810.61
841.06	9746.50
841.24	9860.78
841.42	9836.41
841.60	9927.14
841.78	9849.31
841.96	9887.81
842.14	9873.27
842.32	9890.89
842.51	9865.49
842.69	9836.61
842.87	9849.72
843.05	9937.17
843.23	9903.38
843.41	9922.02
843.59	9878.39
843.77	9965.43
843.95	9938.40
844.14	9937.37
844.32	9926.11
844.50	9997.79
844.68	10078.28
844.86	10072.95
845.04	10068.85
845.22	10017.25
845.40	10092.20
845.58	10047.56
845.76	10032.61
845.94	10034.45
846.12	10046.33
846.31	10089.13
846.49	10071.11
846.67	10090.97
846.85	10050.01
847.03	10110.22
847.21	10139.71
847.39	9987.75
847.57	10023.18
847.75	10102.85
847.93	10139.51
848.11	10146.68
848.29	10159.58
848.47	10193.78
848.65	10034.86
848.83	10153.03
849.02	10115.55
849.20	10161.83
849.38	10134.80
849.56	10150.16
849.74	10139.30
849.92	10120.67
850.10	10182.11
850.28	10174.94
850.46	10234.13
850.64	10206.48
850.82	10267.10
851.00	10167.57
851.18	10182.31
851.36	10190.71
851.54	10214.67
851.72	10168.59
851.90	10298.43
852.08	10275.49
852.26	10196.24
852.44	10205.45
852.62	10218.77
852.80	10297.41
852.98	10205.04
853.16	10367.86
853.34	10328.74
853.52	10265.25
853.70	10203.82
853.88	10270.78
854.06	10278.77
854.24	10275.70
854.42	10280.20
854.60	10319.53
854.78	10260.75
854.96	10314.41
855.14	10398.78
855.32	10302.12
855.50	10260.34
855.68	10315.43
855.86	10289.83
856.04	10294.54
856.22	10358.85
856.40	10373.59
856.58	10334.48
856.76	10249.69
856.94	10295.16
857.12	10387.52
857.30	10316.66
857.48	10272.42
857.66	10393.87
857.84	10317.48
858.02	10360.69
858.20	10384.86
858.38	10403.90
858.56	10405.95
858.74	10425.82
858.92	10425.61
859.10	10321.16
859.28	10396.73
859.46	10369.91
859.64	10497.70
859.81	10461.25
859.99	10328.13
860.17	10463.70
860.35	10405.54
860.53	10329.15
860.71	10372.36
860.89	10420.29
861.07	10332.63
861.25	10466.98
861.43	10462.27
861.61	10570.81
861.79	10441.79
861.97	10389.98
862.15	10404.72
862.33	10474.76
862.50	10549.31
862.68	10453.05
862.86	10507.53
863.04	10581.05
863.22	10520.02
863.40	10584.33
863.58	10590.06
863.76	10567.13
863.94	10530.26
864.12	10443.43
864.30	10565.28
864.47	10577.16
864.65	10497.49
864.83	10495.24
865.01	10443.84
865.19	10470.87
865.37	10568.76
865.55	10451.82
865.73	10411.48
865.91	10540.91
866.09	10443.84
866.26	10513.26
866.44	10493.40
866.62	10541.94
866.80	10600.71
866.98	10538.04
867.16	10482.95
867.34	10537.43
867.52	10546.24
867.69	10434.42
867.87	10488.07
868.05	10410.05
868.23	10480.29
868.41	10461.04
868.59	10532.92
868.77	10492.37
868.94	10492.99
869.12	10445.07
869.30	10542.34
869.48	10520.02
869.66	10520.02
869.84	10494.22
870.02	10495.24
870.19	10488.28
870.37	10347.58
870.55	10460.22
870.73	10412.91
870.91	10470.67
871.09	10411.89
871.26	10384.65
871.44	10383.83
871.62	10385.27
871.80	10409.43
871.98	10323.62
872.16	10434.83
872.33	10286.14
872.51	10287.99
872.69	10377.07
872.87	10378.51
873.05	10374.00
873.22	10460.84
873.40	10353.32
873.58	10389.16
873.76	10230.44
873.94	10273.65
874.12	10188.25
874.29	10229.62
874.47	10278.57
874.65	10252.56
874.83	10225.11
875.01	10173.30
875.18	10212.83
875.36	10243.14
875.54	10181.90
875.72	10151.59
875.89	10223.07
876.07	10133.57
876.25	10139.51
876.43	10134.18
876.61	10128.45
876.78	10152.82
876.96	10179.04
877.14	10193.78
877.32	10271.81
877.49	10181.08
877.67	10308.06
877.85	10247.44
878.03	10236.58
878.21	10252.56
878.38	10244.57
878.56	10270.58
878.74	10253.17
878.92	10393.25
879.09	10370.52
879.27	10480.09
879.45	10359.67
879.63	10404.11
879.80	10480.70
879.98	10367.65
880.16	10395.30
880.34	10460.63
880.51	10463.29
880.69	10502.41
880.87	10408.20
881.05	10488.07
881.22	10555.86
881.40	10521.25
881.58	10510.40
881.75	10553.20
881.93	10480.50
882.11	10543.98
882.29	10525.55
882.46	10555.25
882.64	10548.08
882.82	10620.37
883.00	10585.97
883.17	10667.89
883.35	10671.78
883.53	10680.79
883.70	10772.74
883.88	10757.79
884.06	10744.68
884.23	10699.01
884.41	10765.78
884.59	10824.76
884.77	10757.79
884.94	10996.99
885.12	10936.17
885.30	10926.13
885.47	10985.32
885.65	10977.13
885.83	10982.04
886.00	11013.79
886.18	10995.15
886.36	11075.02
886.53	10985.12
886.71	11043.07
886.89	11016.86
887.07	11068.06
887.24	11211.01
887.42	11122.33
887.60	11067.44
887.77	11154.89
887.95	11198.31
888.13	11207.73
888.30	11122.33
888.48	11218.79
888.66	11292.52
888.83	11186.02
889.01	11193.39
889.18	11292.72
889.36	11360.30
889.54	11320.57
889.71	11375.46
889.89	11511.65
890.07	11538.68
890.24	11543.39
890.42	11519.43
890.60	11476.42
890.77	11527.62
890.95	11479.70
891.13	11518.20
891.30	11534.18
891.48	11450.62
891.65	11531.72
891.83	11546.67
892.01	11518.82
892.18	11609.13
892.36	11563.67
892.54	11602.58
892.71	11614.87
892.89	11558.14
893.06	11633.50
893.24	11693.92
893.42	11570.22
893.59	11698.42
893.77	11668.93
893.94	11743.48
894.12	11684.91
894.30	11722.79
894.47	11666.47
894.65	11800.00
894.82	11741.23
895.00	11717.88
895.18	11748.80
895.35	11748.19
895.53	11807.78
895.70	11766.42
895.88	11797.75
896.06	11710.10
896.23	11755.77
896.41	11724.84
896.58	11787.10
896.76	11781.57
896.93	11750.65
897.11	11811.06
897.29	11789.15
897.46	11932.71
897.64	11828.47
897.81	11872.50
897.99	11918.78
898.16	11929.02
898.34	11746.14
898.52	11786.08
898.69	11893.19
898.87	11812.50
899.04	11798.77
899.22	11872.91
899.39	11871.48
899.57	11777.88
899.74	11885.81
899.92	11765.39
900.10	11757.61
900.27	11783.00
900.45	11736.11
900.62	11736.31
900.80	11757.40
900.97	11751.47
901.15	11785.46
901.32	11717.26
901.50	11763.96
901.67	11702.72
901.85	11647.43
902.02	11776.66
902.20	11643.54
902.37	11781.57
902.55	11712.35
902.72	11762.12
902.90	11778.70
903.07	11633.09
903.25	11691.46
903.43	11586.81
903.60	11593.16
903.78	11512.06
903.95	11570.43
904.13	11561.21
904.30	11539.50
904.48	11616.50
904.65	11535.61
904.83	11645.18
905.00	11559.16
905.17	11507.96
905.35	11494.45
905.52	11516.56
905.70	11404.13
905.87	11535.61
906.05	11469.05
906.22	11385.29
906.40	11380.99
906.57	11426.45
906.75	11439.15
906.92	11380.99
907.10	11328.15
907.27	11315.66
907.45	11344.12
907.62	11354.36
907.80	11330.81
907.97	11298.86
908.15	11202.20
908.32	11259.75
908.49	11178.03
908.67	11225.75
908.84	11140.76
909.02	11122.12
909.19	11164.11
909.37	11093.25
909.54	11141.17
909.72	11085.88
909.89	11164.72
910.07	11056.79
910.24	11087.72
910.41	11034.06
910.59	11067.03
910.76	11043.89
910.94	10970.17
911.11	10913.64
911.29	11014.20
911.46	10958.90
911.63	10946.00
911.81	10997.61
911.98	10946.00
912.16	10982.45
912.33	10829.06
912.50	10827.22
912.68	10759.43
912.85	10717.65
913.03	10788.10
913.20	10710.07
913.38	10579.62
913.55	10626.31
913.72	10722.57
913.90	10626.31
914.07	10572.65
914.25	10570.81
914.42	10586.17
914.59	10581.87
914.77	10515.93
914.94	10470.67
915.11	10446.70
915.29	10521.05
915.46	10350.04
915.64	10367.24
915.81	10317.27
915.98	10357.00
916.16	10338.37
916.33	10159.99
916.51	10196.24
916.68	10152.41
916.85	10181.29
917.03	10128.45
917.20	10002.30
917.37	10147.70
917.55	10057.39
917.72	10050.42
917.89	10042.64
918.07	10033.83
918.24	9984.27
918.42	10030.76
918.59	9816.75
918.76	9964.61
918.94	9757.97
919.11	9846.45
919.28	9866.11
919.46	9850.13
919.63	9756.74
919.80	9725.21
919.98	9766.98
920.15	9733.19
920.32	9626.49
920.50	9579.59
920.67	9610.93
920.84	9612.98
921.02	9567.72
921.19	9507.30
921.36	9433.98
921.54	9403.88
921.71	9413.91
921.88	9404.08
922.06	9435.62
922.23	9314.38
922.40	9350.84
922.57	9352.88
922.75	9303.94
922.92	9336.09
923.09	9187.82
923.27	9230.62
923.44	9162.63
923.61	9170.62
923.79	9181.88
923.96	9079.07
924.13	9021.11
924.30	8949.84
924.48	8965.20
924.65	8896.39
924.82	9012.72
925.00	8945.95
925.17	8876.12
925.34	8881.03
925.51	8817.75
925.69	8774.33
925.86	8841.10
926.03	8796.86
926.21	8696.92
926.38	8655.55
926.55	8682.99
926.72	8595.55
926.90	8699.58
927.07	8661.49
927.24	8551.51
927.41	8554.38
927.59	8420.44
927.76	8545.78
927.93	8405.49
928.10	8338.32
928.28	8404.68
928.45	8359.62
928.62	8293.06
928.79	8264.59
928.97	8298.80
929.14	8318.05
929.31	8264.80
929.48	8270.53
929.66	8244.73
929.83	8138.23
930.00	8184.52
930.17	8160.76
930.34	8097.89
930.52	7983.00
930.69	8033.99
930.86	7972.76
931.03	7982.38
931.21	7852.75
931.38	7833.29
931.55	7880.60
931.72	7759.36
931.89	7779.02
932.07	7730.48
932.24	7740.72
932.41	7671.09
932.58	7635.87
932.75	7643.24
932.93	7560.30
933.10	7503.77
933.27	7497.42
933.44	7397.28
933.61	7423.90
933.79	7363.49
933.96	7372.70
934.13	7349.15
934.30	7283.62
934.47	7214.60
934.65	7203.95
934.82	7143.33
934.99	7113.02
935.16	6960.04
935.33	6932.60
935.50	6933.82
935.68	6882.22
935.85	6833.47
936.02	6740.50
936.19	6675.98
936.36	6628.06
936.53	6593.04
936.71	6562.73
936.88	6520.75
937.05	6452.14
937.22	6324.14
937.39	6266.80
937.56	6312.27
937.74	6230.35
937.91	6221.95
938.08	6130.82
938.25	6014.29
938.42	6052.17
938.59	5972.71
938.76	5914.96
938.94	5842.05
939.11	5839.80
939.28	5786.96
939.45	5782.66
939.62	5676.58
939.79	5657.33
939.96	5595.07
940.13	5559.64
940.31	5519.91
940.48	5468.71
940.65	5359.55
940.82	5349.31
940.99	5315.52
941.16	5306.92
941.33	5283.37
941.50	5231.76
941.67	5226.43
941.85	5181.38
942.02	5191.82
942.19	5154.75
942.36	5154.96
942.53	5151.89
942.70	5126.29
942.87	5020.20
943.04	5040.68
943.21	5019.59
943.38	5011.81
943.56	4986.62
943.73	4962.45
943.90	4949.75
944.07	4963.27
944.24	4920.47
944.41	4929.07
944.58	4892.20
944.75	4887.49
944.92	4863.53
945.09	4924.56
945.26	4872.13
945.43	4920.06
945.60	4865.58
945.78	4768.10
945.95	4789.19
946.12	4804.96
946.29	4764.41
946.46	4809.67
946.63	4793.49
946.80	4804.55
946.97	4801.89
947.14	4753.76
947.31	4801.68
947.48	4802.30
947.65	4766.87
947.82	4837.52
947.99	4803.12
948.16	4791.24
948.33	4770.14
948.50	4790.83
948.67	4741.88
948.84	4792.88
949.01	4799.64
949.18	4717.31
949.35	4786.73
949.52	4745.36
949.69	4778.75
949.86	4747.62
950.03	4730.00
950.20	4716.49
950.38	4767.28
950.55	4748.44
950.72	4733.08
950.89	4677.37
951.06	4708.50
951.23	4740.24
951.40	4709.73
951.57	4803.12
951.74	4745.57
951.91	4734.51
952.08	4649.52
952.25	4721.61
952.42	4739.02
952.59	4748.03
952.76	4710.96
952.92	4737.79
953.09	4717.72
953.26	4782.02
953.43	4728.98
953.60	4646.24
953.77	4641.33
953.94	4695.19
954.11	4649.93
954.28	4670.61
954.45	4645.63
954.62	4622.08
954.79	4603.44
954.96	4636.21
955.13	4660.37
955.30	4672.87
955.47	4650.13
955.64	4640.30
955.81	4635.59
955.98	4663.65
956.15	4636.41
956.32	4636.62
956.49	4620.85
956.66	4621.05
956.83	4580.09
957.00	4617.78
957.17	4607.54
957.33	4570.67
957.50	4595.86
957.67	4577.23
957.84	4597.91
958.01	4566.99
958.18	4589.92
958.35	4546.10
958.52	4541.80
958.69	4524.59
958.86	4551.01
959.03	4530.33
959.20	4499.61
959.37	4496.95
959.53	4580.50
959.70	4500.84
959.87	4503.70
960.04	4513.33
960.21	4490.19
960.38	4488.75
960.55	4515.99
960.72	4453.32
960.89	4436.12
961.06	4460.90
961.23	4439.60
961.39	4407.24
961.56	4383.90
961.73	4373.45
961.90	4428.13
962.07	4385.95
962.24	4358.91
962.41	4340.07
962.58	4346.83
962.75	4310.17
962.91	4319.39
963.08	4318.77
963.25	4293.58
963.42	4339.66
963.59	4272.08
963.76	4279.04
963.93	4285.60
964.09	4296.45
964.26	4265.53
964.43	4277.20
964.60	4225.79
964.77	4193.64
964.94	4171.11
965.11	4180.74
965.27	4166.81
965.44	4168.86
965.61	4192.82
965.78	4136.71
965.95	4149.82
966.12	4130.15
966.29	4097.39
966.45	4068.31
966.62	4094.72
966.79	4065.44
966.96	4070.56
967.13	4071.58
967.30	4092.88
967.46	4061.14
967.63	4038.61
967.80	4038.41
967.97	3975.94
968.14	3974.10
968.30	3976.56
968.47	3927.82
968.64	4002.36
968.81	3960.17
968.98	3933.14
969.15	3927.61
969.31	3930.48
969.48	3874.57
969.65	3931.91
969.82	3896.28
969.99	3830.13
970.15	3799.82
970.32	3813.13
970.49	3818.45
970.66	3757.01
970.82	3746.37
970.99	3753.12
971.16	3768.07
971.33	3723.43
971.50	3727.11
971.66	3699.47
971.83	3720.77
972.00	3704.79
972.17	3685.34
972.34	3655.03
972.50	3702.13
972.67	3669.57
972.84	3639.05
973.01	3606.28
973.17	3582.32
973.34	3612.22
973.51	3597.27
973.68	3588.88
973.84	3540.13
974.01	3564.30
974.18	3535.42
974.35	3521.29
974.51	3513.51
974.68	3486.27
974.85	3489.35
975.02	3476.65
975.18	3479.11
975.35	3454.53
975.52	3420.94
975.69	3435.28
975.85	3411.11
976.02	3389.20
976.19	3370.56
976.36	3395.14
976.52	3364.62
976.69	3395.55
976.86	3367.08
977.02	3312.61
977.19	3316.70
977.36	3310.97
977.53	3277.18
977.69	3257.31
977.86	3248.50
978.03	3246.87
978.19	3244.20
978.36	3238.06
978.53	3235.60
978.70	3211.23
978.86	3209.18
979.03	3174.16
979.20	3142.83
979.36	3134.02
979.53	3131.97
979.70	3104.53
979.86	3101.87
980.03	3110.47
980.20	3129.72
980.36	3070.13
980.53	3105.35
980.70	3067.67
980.86	3061.12
981.03	3079.14
981.20	3021.38
981.36	3010.53
981.53	2998.24
981.70	3002.54
981.86	2978.17
982.03	3002.75
982.20	2968.75
982.36	2890.52
982.53	2978.17
982.70	2938.85
982.86	2888.06
983.03	2932.71
983.20	2901.17
983.36	2935.78
983.53	2893.59
983.70	2876.18
983.86	2849.15
984.03	2853.45
984.20	2828.26
984.36	2767.44
984.53	2831.95
984.70	2823.14
984.86	2766.00
985.03	2812.90
985.19	2752.28
985.36	2758.83
985.53	2745.32
985.69	2721.36
985.86	2753.31
986.03	2721.56
986.19	2709.89
986.36	2714.19
986.52	2660.12
986.69	2670.57
986.86	2639.03
987.02	2661.35
987.19	2632.48
987.35	2584.96
987.52	2583.53
987.69	2586.19
987.85	2532.94
988.02	2591.52
988.18	2599.91
988.35	2549.74
988.52	2525.98
988.68	2524.55
988.85	2477.44
989.01	2527.00
989.18	2472.94
989.35	2482.15
989.51	2441.40
989.68	2436.07
989.84	2453.69
990.01	2443.65
990.17	2427.68
990.34	2409.04
990.51	2413.75
990.67	2428.91
990.84	2400.44
991.00	2383.03
991.17	2372.79
991.33	2363.37
991.50	2366.44
991.66	2386.92
991.83	2323.85
992.00	2310.74
992.16	2310.53
992.33	2318.52
992.49	2281.66
992.66	2291.28
992.82	2249.91
992.99	2245.82
993.15	2214.48
993.32	2250.12
993.48	2218.17
993.65	2218.38
993.82	2205.47
993.98	2194.01
994.15	2197.49
994.31	2188.27
994.48	2150.18
994.64	2150.59
994.81	2139.12
994.97	2131.13
995.14	2103.69
995.30	2092.63
995.47	2097.14
995.63	2127.65
995.80	2062.12
995.96	2073.58
996.13	2062.12
996.29	2033.65
996.46	2006.00
996.62	2016.65
996.79	1990.85
996.95	2016.45
997.12	2013.17
997.28	1992.48
997.45	1974.87
997.61	1998.63
997.78	1935.76
997.94	1932.48
998.11	1911.79
998.27	1933.71
998.44	1927.36
998.60	1912.41
998.77	1898.48
998.93	1912.61
999.10	1899.71
999.26	1865.92
999.43	1862.85
999.59	1889.88
999.75	1852.20
999.92	1839.50
1000.08	1842.37
1000.25	1842.78
1000.41	1796.29
1000.58	1787.89
1000.74	1816.77
1000.91	1791.17
1001.07	1770.49
1001.24	1766.18
1001.40	1737.72
1001.56	1714.99
1001.73	1761.06
1001.89	1749.80
1002.06	1723.38
1002.22	1739.77
1002.39	1707.41
1002.55	1688.36
1002.71	1717.85
1002.88	1703.11
1003.04	1691.23
1003.21	1694.71
1003.37	1678.74
1003.54	1671.16
1003.70	1616.68
1003.86	1646.58
1004.03	1629.38
1004.19	1616.89
1004.36	1573.27
1004.52	1623.24
1004.68	1597.64
1004.85	1585.96
1005.01	1583.71
1005.18	1583.92
1005.34	1555.24
1005.50	1553.20
1005.67	1518.58
1005.83	1527.19
1006.00	1516.13
1006.16	1492.58
1006.32	1504.25
1006.49	1471.28
1006.65	1468.82
1006.82	1487.87
1006.98	1455.92
1007.14	1462.68
1007.31	1457.15
1007.47	1424.58
1007.63	1403.28
1007.80	1410.45
1007.96	1387.72
1008.13	1387.92
1008.29	1394.48
1008.45	1415.16
1008.62	1343.48
1008.78	1367.04
1008.94	1389.56
1009.11	1391.41
1009.27	1349.22
1009.43	1354.34
1009.60	1333.86
1009.76	1340.00
1009.92	1300.68
1010.09	1327.92
1010.25	1265.05
1010.42	1289.42
1010.58	1293.51
1010.74	1296.99
1010.91	1261.36
1011.07	1260.95
1011.23	1266.68
1011.40	1245.18
1011.56	1234.74
1011.72	1264.43
1011.89	1218.97
1012.05	1243.13
1012.21	1225.52
1012.37	1211.80
1012.54	1169.61
1012.70	1177.19
1012.86	1192.75
1013.03	1172.27
1013.19	1171.86
1013.35	1166.33
1013.52	1161.42
1013.68	1145.04
1013.84	1147.90
1014.01	1142.99
1014.17	1097.11
1014.33	1151.38
1014.49	1105.30
1014.66	1117.80
1014.82	1092.20
1014.98	1098.96
1015.15	1087.69
1015.31	1084.01
1015.47	1047.35
1015.63	1044.89
1015.80	1039.97
1015.96	1068.65
1016.12	1039.16
1016.29	1036.90
1016.45	1031.99
1016.61	1031.99
1016.77	1008.85
1016.94	1013.15
1017.10	1002.70
1017.26	998.20
1017.42	1022.57
1017.59	977.10
1017.75	1010.28
1017.91	996.76
1018.07	960.92
1018.24	968.71
1018.40	967.89
1018.56	946.79
1018.72	935.73
1018.89	967.27
1019.05	939.62
1019.21	956.42
1019.37	945.97
1019.54	947.41
1019.70	929.79
1019.86	906.04
1020.02	877.16
1020.19	895.18
1020.35	915.46
1020.51	881.67
1020.67	899.07
1020.83	875.52
1021.00	899.48
1021.16	874.70
1021.32	858.52
1021.48	861.60
1021.64	851.56
1021.81	824.32
1021.97	830.06
1022.13	843.78
1022.29	815.52
1022.45	812.85
1022.62	833.74
1022.78	793.19
1022.94	805.48
1023.10	808.14
1023.26	776.61
1023.43	786.03
1023.59	768.21
1023.75	767.39
1023.91	776.81
1024.07	753.05
1024.24	738.10
1024.40	759.40
1024.56	739.13
1024.72	724.18
1024.88	739.54
1025.04	743.63
1025.21	732.16
1025.37	755.92
1025.53	725.20
1025.69	688.95
1025.85	716.40
1026.01	720.70
1026.18	712.91
1026.34	692.84
1026.50	674.82
1026.66	680.15
1026.82	675.44
1026.98	667.24
1027.14	655.37
1027.31	673.39
1027.47	653.32
1027.63	643.28
1027.79	646.56
1027.95	638.78
1028.11	624.03
1028.27	637.96
1028.44	628.54
1028.60	654.55
1028.76	632.63
1028.92	612.77
1029.08	605.81
1029.24	604.99
1029.40	595.77
1029.56	589.42
1029.73	587.58
1029.89	603.55
1030.05	582.46
1030.21	581.23
1030.37	570.17
1030.53	575.70
1030.69	534.33
1030.85	568.53
1031.01	533.31
1031.17	574.68
1031.34	565.46
1031.50	533.72
1031.66	557.06
1031.82	530.03
1031.98	542.52
1032.14	532.28
1032.30	530.64
1032.46	564.64
1032.62	518.97
1032.78	512.83
1032.94	526.55
1033.10	525.32
1033.27	498.70
1033.43	508.94
1033.59	501.56
1033.75	495.83
1033.91	493.58
1034.07	476.17
1034.23	465.72
1034.39	477.60
1034.55	498.70
1034.71	480.47
1034.87	470.23
1035.03	467.36
1035.19	469.62
1035.35	458.15
1035.51	458.56
1035.67	461.63
1035.83	433.16
1035.99	460.81
1036.16	436.44
1036.32	467.77
1036.48	446.27
1036.64	440.12
1036.80	429.07
1036.96	426.81
1037.12	405.92
1037.28	415.96
1037.44	402.65
1037.60	411.45
1037.76	403.06
1037.92	418.21
1038.08	399.98
1038.24	400.60
1038.40	403.88
1038.56	395.27
1038.72	374.18
1038.88	388.52
1039.04	386.06
1039.20	374.38
1039.36	370.70
1039.52	371.52
1039.68	378.28
1039.84	382.58
1040.00	364.76
1040.16	363.74
1040.32	344.89
1040.48	349.40
1040.64	342.85
1040.80	330.35
1040.96	319.29
1041.12	319.09
1041.28	336.70
1041.44	334.86
1041.60	327.49
1041.76	335.06
1041.92	321.75
1042.08	317.25
1042.24	334.86
1042.39	287.35
1042.55	314.38
1042.71	312.74
1042.87	302.50
1043.03	320.52
1043.19	302.71
