345.44	271.053
345.66	271.053
345.88	271.053
346.10	-207.692
346.31	194.737
346.53	455.556
346.75	-110.000
346.97	13.953
347.19	121.739
347.41	195.918
347.63	480.000
347.85	578.947
348.07	186.111
348.29	-347.059
348.51	29.577
348.73	-266.667
348.95	115.278
349.17	132.338
349.39	-35.238
349.61	46.995
349.83	31.193
350.05	9.032
350.27	30.405
350.49	-23.469
350.71	30.078
350.93	15.162
351.15	97.024
351.37	14.213
351.59	17.778
351.80	42.604
352.02	19.409
352.24	-20.354
352.46	65.471
352.68	10.323
352.90	59.292
353.12	-62.963
353.34	167.769
353.56	55.594
353.78	88.824
354.00	34.951
354.22	51.786
354.44	20.879
354.66	182.000
354.88	7.797
355.09	-34.973
355.31	2000.000
355.53	-27.586
355.75	-4.348
355.97	38.346
356.19	-1.504
356.41	50.804
356.63	22.624
356.85	101.449
357.07	-41.429
357.29	78.571
357.50	-107.143
357.72	13.406
357.94	62.431
358.16	50.000
358.38	-37.342
358.60	71.163
358.82	-86.726
359.04	100.930
359.26	30.392
359.48	-8.654
359.69	-24.359
359.91	75.410
360.13	-6.468
360.35	-30.952
360.57	56.173
360.79	80.288
361.01	-8.299
361.23	-100.515
361.45	-10.734
361.66	-3.883
361.88	52.528
362.10	18.321
362.32	50.980
362.54	37.931
362.76	-75.000
362.98	21.429
363.20	56.158
363.41	-150.704
363.63	-3.509
363.85	17.117
364.07	20.921
364.29	13.684
364.51	13.850
364.73	-163.158
364.94	37.126
365.16	23.656
365.38	31.841
365.60	52.857
365.82	-35.075
366.04	4.603
366.26	20.370
366.47	-17.040
366.69	-14.384
366.91	1.333
367.13	10.425
367.35	13.397
367.57	5.187
367.79	143.564
368.00	-47.468
368.22	91.414
368.44	52.244
368.66	50.273
368.88	-17.981
369.10	51.703
369.31	25.138
369.53	77.778
369.75	18.834
369.97	-95.556
370.19	96.689
370.41	21.858
370.62	36.798
370.84	-59.310
371.06	42.105
371.28	30.612
371.50	82.677
371.71	-3.415
371.93	64.045
372.15	23.506
372.37	-39.744
372.59	59.821
372.80	27.652
373.02	-78.000
373.24	60.976
373.46	53.695
373.68	28.664
373.90	-23.030
374.11	9.058
374.33	-22.876
374.55	-24.706
374.77	59.459
374.98	-43.655
375.20	39.179
375.42	-19.212
375.64	29.775
375.86	25.558
376.07	29.603
376.29	59.216
376.51	-55.952
376.73	29.048
376.95	34.409
377.16	17.718
377.38	20.565
377.60	22.535
377.82	-6.550
378.03	-12.169
378.25	51.051
378.47	37.531
378.69	73.333
378.91	-109.091
379.12	10.980
379.34	67.763
379.56	-45.455
379.78	-8.543
379.99	38.194
380.21	-16.165
380.43	-36.364
380.65	0.717
380.86	49.458
381.08	-19.149
381.30	33.154
381.52	87.119
381.73	51.007
381.95	-34.328
382.17	7.375
382.39	3.415
382.60	-49.130
382.82	41.104
383.04	9.032
383.26	65.192
383.47	14.194
383.69	2.572
383.91	2.381
384.13	-27.197
384.34	2.867
384.56	48.220
384.78	-19.291
385.00	32.051
385.21	13.397
385.43	-50.413
385.65	13.295
385.86	-11.579
386.08	39.485
386.30	45.320
386.52	28.760
386.73	-136.932
386.95	4.274
387.17	8.935
387.38	-8.377
387.60	19.453
387.82	1.923
388.04	31.395
388.25	54.605
388.47	4.132
388.69	-21.864
388.90	8.271
389.12	44.595
389.34	20.497
389.56	5.714
389.77	12.542
389.99	39.249
390.21	-8.960
390.42	39.709
390.64	78.927
390.86	17.105
391.07	21.429
391.29	8.651
391.51	37.318
391.72	16.058
391.94	56.809
392.16	26.463
392.38	14.410
392.59	3.425
392.81	11.436
393.03	39.130
393.24	16.316
393.46	24.503
393.68	17.452
393.89	5.882
394.11	23.500
394.33	-0.806
394.54	15.166
394.76	8.361
394.98	20.286
395.19	-3.586
395.41	-5.806
395.63	-22.269
395.84	54.082
396.06	36.261
396.28	25.231
396.49	15.104
396.71	14.815
396.93	57.692
397.14	40.146
397.36	18.307
397.57	4.828
397.79	-13.019
398.01	26.891
398.22	33.148
398.44	42.473
398.66	23.033
398.87	4.720
399.09	29.180
399.31	16.446
399.52	37.126
399.74	40.938
399.96	15.866
400.17	23.058
400.39	2.374
400.60	35.307
400.82	43.243
401.04	21.384
401.25	13.347
401.47	34.008
401.69	18.510
401.90	21.311
402.12	3.311
402.33	38.679
402.55	40.436
402.77	20.582
402.98	32.548
403.20	19.873
403.41	38.499
403.63	35.914
403.85	31.504
404.06	33.134
404.28	50.498
404.49	-6.494
404.71	7.985
404.93	13.400
405.14	-8.108
405.36	28.622
405.57	21.786
405.79	-8.187
406.01	43.110
406.22	17.778
406.44	38.424
406.65	19.705
406.87	22.222
407.09	30.817
407.30	42.320
407.52	34.351
407.73	42.114
407.95	23.739
408.17	21.207
408.38	26.502
408.60	23.468
408.81	33.013
409.03	29.516
409.24	10.324
409.46	21.345
409.68	43.478
409.89	28.741
410.11	22.593
410.32	34.153
410.54	22.848
410.75	16.641
410.97	23.609
411.18	20.370
411.40	35.465
411.62	6.362
411.83	25.000
412.05	37.123
412.26	24.222
412.48	43.042
412.69	32.031
412.91	22.537
413.12	28.378
413.34	7.840
413.56	32.802
413.77	18.357
413.99	25.262
414.20	23.648
414.42	38.903
414.63	34.272
414.85	38.824
415.06	26.893
415.28	32.625
415.49	19.193
415.71	25.787
415.92	39.791
416.14	18.792
416.35	27.312
416.57	40.885
416.79	19.782
417.00	23.209
417.22	36.336
417.43	32.258
417.65	43.050
417.86	26.025
418.08	23.973
418.29	24.321
418.51	34.227
418.72	45.534
418.94	17.288
419.15	32.512
419.37	26.589
419.58	37.270
419.80	17.073
420.01	23.695
420.23	18.523
420.44	15.364
420.66	28.801
420.87	39.046
421.09	22.424
421.30	28.012
421.52	46.546
421.73	18.613
421.95	33.251
422.16	28.604
422.38	26.577
422.59	38.999
422.81	31.661
423.02	28.571
423.23	24.242
423.45	24.550
423.66	30.785
423.88	22.469
424.09	26.128
424.31	31.188
424.52	32.927
424.74	38.900
424.95	30.630
425.17	38.776
425.38	27.536
425.60	14.888
425.81	25.930
426.03	26.872
426.24	31.518
426.45	34.995
426.67	27.212
426.88	42.551
427.10	30.644
427.31	35.065
427.53	34.291
427.74	38.986
427.96	35.750
428.17	40.054
428.39	23.377
428.60	31.058
428.81	36.102
429.03	46.831
429.24	30.146
429.46	38.034
429.67	37.143
429.89	41.176
430.10	24.458
430.31	35.953
430.53	30.669
430.74	36.428
430.96	24.628
431.17	44.702
431.39	29.182
431.60	37.807
431.81	33.805
432.03	39.120
432.24	32.842
432.46	31.768
432.67	47.059
432.89	38.455
433.10	32.986
433.31	41.479
433.53	42.113
433.74	40.835
433.96	37.700
434.17	31.317
434.38	32.618
434.60	37.413
434.81	34.609
435.03	23.781
435.24	36.291
435.45	30.118
435.67	39.207
435.88	34.385
436.10	40.987
436.31	37.863
436.52	36.619
436.74	31.807
436.95	35.494
437.17	30.137
437.38	34.253
437.59	37.475
437.81	33.965
438.02	36.590
438.23	39.747
438.45	37.437
438.66	37.338
438.88	40.136
439.09	39.661
439.30	36.163
439.52	37.238
439.73	33.241
439.94	45.672
440.16	44.080
440.37	41.690
440.58	37.085
440.80	44.287
441.01	35.314
441.23	38.630
441.44	36.823
441.65	36.784
441.87	34.093
442.08	36.744
442.29	40.330
442.51	34.497
442.72	39.491
442.93	39.291
443.15	40.577
443.36	35.414
443.57	40.792
443.79	41.782
444.00	40.463
444.21	41.390
444.43	37.674
444.64	49.252
444.85	43.161
445.07	39.494
445.28	43.195
445.49	40.882
445.71	41.747
445.92	37.549
446.13	42.759
446.35	36.349
446.56	33.119
446.77	44.429
446.99	41.055
447.20	36.327
447.41	43.157
447.63	40.120
447.84	35.934
448.05	41.606
448.27	46.244
448.48	46.941
448.69	34.374
448.90	39.748
449.12	42.061
449.33	40.248
449.54	41.176
449.76	38.037
449.97	39.050
450.18	41.837
450.40	37.075
450.61	41.228
450.82	45.382
451.03	43.091
451.25	42.165
451.46	40.540
451.67	44.187
451.89	39.715
452.10	44.388
452.31	42.771
452.52	46.217
452.74	37.181
452.95	39.202
453.16	44.280
453.38	42.676
453.59	42.798
453.80	45.791
454.01	35.496
454.23	43.725
454.44	38.588
454.65	44.014
454.86	41.896
455.08	44.095
455.29	42.521
455.50	48.353
455.71	44.099
455.93	40.821
456.14	44.415
456.35	41.507
456.56	41.489
456.78	45.198
456.99	37.426
457.20	41.776
457.41	40.768
457.63	41.267
457.84	42.980
458.05	42.937
458.26	43.456
458.48	42.195
458.69	46.698
458.90	45.795
459.11	39.956
459.33	45.428
459.54	44.188
459.75	43.290
459.96	46.487
460.18	36.194
460.39	42.386
460.60	44.558
460.81	43.084
461.02	43.945
461.24	43.813
461.45	45.512
461.66	48.012
461.87	41.175
462.09	42.175
462.30	46.133
462.51	43.039
462.72	42.373
462.93	43.975
463.15	43.212
463.36	46.264
463.57	43.546
463.78	44.068
463.99	44.131
464.21	44.157
464.42	42.784
464.63	43.766
464.84	42.423
465.05	45.041
465.27	44.537
465.48	43.511
465.69	48.812
465.90	43.134
466.11	44.748
466.33	45.771
466.54	43.710
466.75	46.956
466.96	43.923
467.17	44.672
467.38	44.133
467.60	49.443
467.81	45.931
468.02	44.569
468.23	46.167
468.44	45.084
468.65	44.253
468.87	41.174
469.08	45.129
469.29	41.685
469.50	44.687
469.71	45.225
469.92	44.326
470.14	44.056
470.35	48.021
470.56	44.301
470.77	43.051
470.98	46.401
471.19	43.463
471.41	43.681
471.62	46.722
471.83	44.455
472.04	45.208
472.25	46.228
472.46	45.057
472.67	46.339
472.89	45.014
473.10	46.372
473.31	45.524
473.52	45.129
473.73	44.730
473.94	47.873
474.15	46.922
474.37	48.601
474.58	47.009
474.79	48.163
475.00	44.017
475.21	45.056
475.42	47.467
475.63	48.025
475.84	46.046
476.06	47.834
476.27	46.302
476.48	46.811
476.69	47.061
476.90	45.359
477.11	44.863
477.32	45.617
477.53	49.541
477.74	46.962
477.96	47.016
478.17	45.018
478.38	43.850
478.59	44.595
478.80	46.964
479.01	47.006
479.22	46.745
479.43	46.282
479.64	46.292
479.85	46.970
480.06	43.902
480.28	45.914
480.49	45.543
480.70	47.366
480.91	47.072
481.12	46.622
481.33	45.461
481.54	47.117
481.75	45.208
481.96	47.839
482.17	46.681
482.38	45.476
482.59	47.680
482.81	46.430
483.02	47.711
483.23	45.632
483.44	44.538
483.65	47.257
483.86	46.439
484.07	46.798
484.28	47.319
484.49	46.079
484.70	45.942
484.91	45.947
485.12	46.195
485.33	47.502
485.54	45.742
485.75	46.608
485.96	46.229
486.17	44.780
486.38	45.581
486.60	47.764
486.81	45.780
487.02	46.276
487.23	46.518
487.44	46.769
487.65	47.662
487.86	46.211
488.07	46.205
488.28	47.217
488.49	46.965
488.70	48.487
488.91	45.907
489.12	45.612
489.33	47.924
489.54	46.768
489.75	47.469
489.96	46.820
490.17	45.200
490.38	47.670
490.59	47.308
490.80	46.087
491.01	47.532
491.22	45.982
491.43	46.495
491.64	46.283
491.85	46.344
492.06	46.461
492.27	47.080
492.48	45.168
492.69	46.639
492.90	46.255
493.11	46.352
493.32	45.271
493.53	46.375
493.74	46.618
493.95	47.028
494.16	46.646
494.37	45.598
494.58	46.111
494.79	46.265
495.00	46.793
495.21	48.121
495.42	46.701
495.63	45.518
495.84	46.438
496.05	47.779
496.26	45.967
496.47	45.708
496.68	45.826
496.89	46.049
497.10	46.468
497.31	46.480
497.52	46.371
497.73	45.949
497.94	45.289
498.15	46.465
498.36	46.368
498.57	47.047
498.78	46.702
498.99	46.241
499.19	46.036
499.40	46.223
499.61	46.278
499.82	46.335
500.03	45.752
500.24	44.304
500.45	46.647
500.66	46.777
500.87	45.969
501.08	46.259
501.29	46.130
501.50	45.879
501.71	46.179
501.92	45.714
502.13	45.724
502.34	46.383
502.55	45.140
502.76	44.665
502.96	44.783
503.17	46.872
503.38	45.838
503.59	45.451
503.80	45.892
504.01	45.720
504.22	46.061
504.43	45.768
504.64	45.373
504.85	45.019
505.06	45.813
505.27	45.628
505.47	44.925
505.68	45.969
505.89	44.771
506.10	45.500
506.31	45.565
506.52	44.877
506.73	44.722
506.94	44.269
507.15	45.571
507.36	45.390
507.56	45.653
507.77	44.378
507.98	45.201
508.19	44.820
508.40	45.488
508.61	44.090
508.82	43.760
509.03	45.867
509.24	44.299
509.44	44.494
509.65	45.674
509.86	44.175
510.07	44.496
510.28	43.730
510.49	44.540
510.70	45.276
510.91	44.343
511.11	43.726
511.32	43.782
511.53	44.007
511.74	44.327
511.95	43.798
512.16	43.778
512.37	43.493
512.58	43.840
512.78	42.762
512.99	43.505
513.20	43.321
513.41	44.123
513.62	43.254
513.83	43.856
514.04	43.096
514.24	42.959
514.45	43.471
514.66	42.509
514.87	43.463
515.08	43.283
515.29	42.923
515.49	42.821
515.70	43.224
515.91	42.914
516.12	42.535
516.33	42.963
516.54	42.627
516.74	42.481
516.95	42.567
517.16	42.718
517.37	42.123
517.58	42.735
517.79	42.429
517.99	41.693
518.20	42.288
518.41	42.357
518.62	41.755
518.83	41.564
519.03	41.467
519.24	42.075
519.45	42.252
519.66	41.862
519.87	41.687
520.07	41.744
520.28	41.756
520.49	41.886
520.70	41.019
520.91	40.904
521.12	41.276
521.32	41.578
521.53	41.075
521.74	40.906
521.95	40.509
522.15	40.585
522.36	40.482
522.57	40.990
522.78	40.203
522.99	39.815
523.19	39.883
523.40	40.287
523.61	40.568
523.82	40.182
524.03	39.454
524.23	40.147
524.44	39.256
524.65	39.297
524.86	39.232
525.06	38.986
525.27	38.890
525.48	39.907
525.69	38.524
525.89	39.449
526.10	39.547
526.31	38.254
526.52	38.729
526.72	38.631
526.93	38.864
527.14	38.702
527.35	38.308
527.56	38.243
527.76	38.914
527.97	37.683
528.18	37.675
528.38	37.990
528.59	37.338
528.80	37.766
529.01	37.255
529.21	38.275
529.42	38.078
529.63	37.155
529.84	37.280
530.04	36.739
530.25	37.481
530.46	37.009
530.67	36.661
530.87	37.015
531.08	36.983
531.29	37.153
531.50	36.087
531.70	36.368
531.91	36.194
532.12	36.114
532.32	35.684
532.53	35.787
532.74	35.899
532.95	35.980
533.15	35.612
533.36	35.445
533.57	35.207
533.77	34.029
533.98	35.032
534.19	35.282
534.39	34.082
534.60	34.989
534.81	34.449
535.02	34.619
535.22	34.264
535.43	34.178
535.64	34.053
535.84	34.213
536.05	33.793
536.26	33.830
536.46	33.673
536.67	33.190
536.88	33.242
537.08	33.186
537.29	32.775
537.50	33.152
537.70	32.961
537.91	32.210
538.12	32.554
538.33	32.196
538.53	31.952
538.74	32.356
538.95	32.043
539.15	31.693
539.36	31.332
539.57	31.494
539.77	31.946
539.98	31.254
540.18	30.757
540.39	31.200
540.60	30.814
540.80	30.343
541.01	30.162
541.22	30.955
541.42	30.546
541.63	30.454
541.84	30.150
542.04	29.742
542.25	29.617
542.46	29.736
542.66	29.582
542.87	29.587
543.08	29.215
543.28	28.875
543.49	28.915
543.69	28.333
543.90	28.345
544.11	28.334
544.31	27.958
544.52	28.214
544.73	27.708
544.93	27.665
545.14	27.889
545.34	27.242
545.55	26.938
545.76	26.418
545.96	26.489
546.17	26.595
546.38	26.553
546.58	26.377
546.79	25.745
546.99	25.961
547.20	25.600
547.41	25.354
547.61	25.341
547.82	25.064
548.02	25.050
548.23	24.776
548.44	24.400
548.64	24.351
548.85	23.889
549.05	23.939
549.26	23.763
549.47	23.812
549.67	23.534
549.88	23.743
550.08	22.904
550.29	23.049
550.50	22.924
550.70	22.888
550.91	22.356
551.11	22.028
551.32	21.978
551.52	21.835
551.73	21.412
551.94	21.280
552.14	21.481
552.35	21.185
552.55	20.737
552.76	20.830
552.96	20.045
553.17	20.389
553.38	20.066
553.58	19.986
553.79	19.902
553.99	19.551
554.20	19.551
554.40	19.160
554.61	18.903
554.81	18.775
555.02	18.795
555.23	18.340
555.43	18.346
555.64	18.350
555.84	17.745
556.05	17.898
556.25	17.810
556.46	17.341
556.66	17.028
556.87	17.081
557.07	16.940
557.28	16.674
557.48	16.554
557.69	16.252
557.90	16.070
558.10	15.639
558.31	15.755
558.51	15.989
558.72	15.401
558.92	15.375
559.13	15.204
559.33	14.517
559.54	14.672
559.74	14.541
559.95	14.714
560.15	14.262
560.36	14.086
560.56	14.375
560.77	13.906
560.97	13.490
561.18	13.641
561.38	13.522
561.59	13.118
561.79	12.985
562.00	12.893
562.20	12.482
562.41	12.801
562.61	12.365
562.82	12.381
563.02	12.264
563.23	12.231
563.43	12.120
563.64	11.577
563.84	11.762
564.05	11.612
564.25	11.234
564.46	11.421
564.66	11.268
564.87	11.027
565.07	10.690
565.28	10.645
565.48	10.752
565.68	10.879
565.89	10.486
566.09	10.267
566.30	10.112
566.50	10.234
566.71	10.186
566.91	10.105
567.12	9.914
567.32	9.718
567.53	9.692
567.73	9.468
567.94	9.298
568.14	9.244
568.34	9.287
568.55	9.031
568.75	8.975
568.96	8.982
569.16	8.832
569.37	8.763
569.57	8.678
569.78	8.374
569.98	8.143
570.18	8.228
570.39	8.275
570.59	7.928
570.80	8.111
571.00	8.044
571.21	7.749
571.41	7.694
571.61	7.759
571.82	7.867
572.02	7.503
572.23	7.379
572.43	7.323
572.64	7.191
572.84	7.136
573.04	6.955
573.25	7.004
573.45	7.041
573.66	6.936
573.86	7.004
574.06	6.691
574.27	6.569
574.47	6.679
574.68	6.399
574.88	6.473
575.08	6.311
575.29	6.182
575.49	6.262
575.70	6.379
575.90	6.107
576.10	6.115
576.31	6.089
576.51	6.022
576.72	5.783
576.92	5.983
577.12	5.744
577.33	6.082
577.53	6.013
577.73	5.463
577.94	5.496
578.14	5.709
578.35	5.799
578.55	5.739
578.75	5.655
578.96	5.227
579.16	5.266
579.36	5.254
579.57	5.291
579.77	5.057
579.98	5.425
580.18	4.960
580.38	5.240
580.59	5.283
580.79	4.940
580.99	5.173
581.20	4.913
581.40	4.859
581.60	4.892
581.81	4.826
582.01	4.769
582.21	4.748
582.42	4.888
582.62	4.583
582.82	4.519
583.03	4.594
583.23	4.422
583.43	4.319
583.64	4.486
583.84	4.454
584.04	4.342
584.25	4.264
584.45	4.551
584.65	4.360
584.86	4.363
585.06	4.351
585.26	4.263
585.47	4.366
585.67	4.206
585.87	4.059
586.08	4.260
586.28	4.052
586.48	3.918
586.69	4.151
586.89	4.087
587.09	3.976
587.30	4.051
587.50	3.835
587.70	4.033
587.90	3.926
588.11	3.877
588.31	3.916
588.51	3.801
588.72	3.703
588.92	3.823
589.12	3.605
589.33	3.662
589.53	3.632
589.73	3.647
589.93	3.518
590.14	3.613
590.34	3.433
590.54	3.492
590.75	3.459
590.95	3.555
591.15	3.414
591.35	3.233
591.56	3.268
591.76	3.361
591.96	3.228
592.16	3.331
592.37	3.223
592.57	3.157
592.77	3.210
592.97	3.284
593.18	3.028
593.38	3.160
593.58	3.140
593.79	3.070
593.99	3.011
594.19	3.092
594.39	3.183
594.60	2.916
594.80	3.255
595.00	2.588
595.20	2.790
595.41	2.931
595.61	2.899
595.81	2.833
596.01	2.793
596.21	2.550
596.42	2.838
596.62	2.799
596.82	2.745
597.02	2.601
597.23	2.507
597.43	2.479
597.63	2.498
597.83	2.622
598.04	2.590
598.24	2.458
598.44	2.423
598.64	2.342
598.84	2.396
599.05	2.261
599.25	2.256
599.45	2.331
599.65	2.336
599.85	2.166
600.06	2.311
600.26	2.126
600.46	2.203
600.66	2.207
600.87	2.189
601.07	2.090
601.27	2.143
601.47	2.185
601.67	2.237
601.87	2.036
602.08	1.962
602.28	2.120
602.48	2.006
602.68	1.892
602.88	1.941
603.09	2.042
603.29	1.877
603.49	1.717
603.69	1.908
603.89	2.057
604.10	1.833
604.30	1.956
604.50	1.853
604.70	1.905
604.90	1.794
605.10	1.667
605.31	1.708
605.51	1.857
605.71	1.794
605.91	1.709
606.11	1.600
606.31	1.638
606.52	1.798
606.72	1.828
606.92	1.761
607.12	1.669
607.32	1.654
607.52	1.432
607.72	1.724
607.93	1.578
608.13	1.552
608.33	1.462
608.53	1.685
608.73	1.569
608.93	1.532
609.13	1.584
609.34	1.620
609.54	1.516
609.74	1.557
609.94	1.519
610.14	1.528
610.34	1.526
610.54	1.568
610.74	1.485
610.95	1.570
611.15	1.557
611.35	1.460
611.55	1.451
611.75	1.506
611.95	1.463
612.15	1.496
612.35	1.450
612.56	1.470
612.76	1.470
612.96	1.533
613.16	1.490
613.36	1.428
613.56	1.418
613.76	1.489
613.96	1.432
614.16	1.486
614.36	1.496
614.57	1.527
614.77	1.463
614.97	1.395
615.17	1.434
615.37	1.594
615.57	1.556
615.77	1.461
615.97	1.513
616.17	1.519
616.37	1.535
616.57	1.500
616.78	1.517
616.98	1.510
617.18	1.545
617.38	1.556
617.58	1.597
617.78	1.470
617.98	1.519
618.18	1.523
618.38	1.435
618.58	1.520
618.78	1.504
618.98	1.472
619.18	1.570
619.38	1.453
619.58	1.590
619.79	1.447
619.99	1.543
620.19	1.476
620.39	1.635
620.59	1.625
620.79	1.603
620.99	1.508
621.19	1.635
621.39	1.516
621.59	1.540
621.79	1.626
621.99	1.573
622.19	1.636
622.39	1.633
622.59	1.769
622.79	1.562
622.99	1.453
623.19	1.634
623.39	1.659
623.59	1.592
623.79	1.683
623.99	1.613
624.19	1.530
624.39	1.620
624.59	1.616
624.79	1.584
624.99	1.470
625.19	1.753
625.39	1.669
625.59	1.667
625.79	1.743
625.99	1.812
626.19	1.681
626.39	1.651
626.59	1.737
626.79	1.685
626.99	1.749
627.19	1.604
627.39	1.715
627.59	1.807
627.79	1.746
627.99	1.768
628.19	1.778
628.39	1.745
628.59	1.733
628.79	1.667
628.99	1.730
629.19	1.769
629.39	1.773
629.59	1.862
629.79	1.901
629.99	1.778
630.19	1.802
630.39	1.787
630.59	1.756
630.79	1.840
630.99	1.909
631.19	1.881
631.39	1.865
631.59	1.835
631.79	1.789
631.99	1.868
632.19	1.854
632.39	1.940
632.59	1.918
632.79	2.009
632.99	1.900
633.19	1.860
633.39	1.861
633.58	1.880
633.78	2.012
633.98	1.839
634.18	1.835
634.38	1.869
634.58	1.869
634.78	1.966
634.98	1.888
635.18	2.026
635.38	1.957
635.58	1.868
635.78	1.904
635.98	1.994
636.18	1.919
636.38	1.970
636.57	1.998
636.77	2.021
636.97	2.068
637.17	2.094
637.37	2.065
637.57	2.071
637.77	1.993
637.97	1.949
638.17	2.082
638.37	1.954
638.57	2.014
638.76	2.106
638.96	2.091
639.16	2.110
639.36	2.074
639.56	2.094
639.76	2.094
639.96	2.089
640.16	2.056
640.36	2.123
640.56	2.105
640.75	2.207
640.95	2.160
641.15	2.174
641.35	2.204
641.55	2.206
641.75	2.199
641.95	2.291
642.15	2.277
642.34	2.335
642.54	2.297
642.74	2.277
642.94	2.374
643.14	2.295
643.34	2.405
643.54	2.347
643.74	2.376
643.93	2.435
644.13	2.398
644.33	2.350
644.53	2.332
644.73	2.546
644.93	2.408
645.13	2.472
645.32	2.448
645.52	2.602
645.72	2.504
645.92	2.579
646.12	2.517
646.32	2.547
646.52	2.630
646.71	2.666
646.91	2.710
647.11	2.660
647.31	2.813
647.51	2.836
647.71	2.820
647.90	2.827
648.10	2.910
648.30	2.863
648.50	3.009
648.70	2.865
648.89	2.894
649.09	2.948
649.29	3.002
649.49	2.949
649.69	3.074
649.89	2.917
650.08	3.046
650.28	2.999
650.48	3.059
650.68	3.079
650.88	3.106
651.07	3.131
651.27	3.158
651.47	3.291
651.67	3.260
651.87	3.286
652.06	3.353
652.26	3.282
652.46	3.460
652.66	3.391
652.86	3.346
653.05	3.367
653.25	3.509
653.45	3.412
653.65	3.471
653.85	3.581
654.04	3.636
654.24	3.534
654.44	3.560
654.64	3.654
654.83	3.639
655.03	3.731
655.23	3.763
655.43	3.668
655.63	3.742
655.82	3.683
656.02	3.782
656.22	3.793
656.42	3.792
656.61	3.873
656.81	3.862
657.01	3.914
657.21	4.053
657.40	4.027
657.60	3.974
657.80	3.970
658.00	4.000
658.19	4.002
658.39	4.135
658.59	4.011
658.79	3.973
658.98	4.068
659.18	4.056
659.38	4.142
659.58	4.139
659.77	4.057
659.97	4.117
660.17	4.107
660.36	4.127
660.56	4.224
660.76	4.184
660.96	4.087
661.15	4.149
661.35	4.172
661.55	4.238
661.75	4.102
661.94	4.216
662.14	4.139
662.34	3.983
662.53	3.986
662.73	4.118
662.93	4.103
663.13	4.061
663.32	4.042
663.52	4.084
663.72	4.047
663.91	4.029
664.11	3.965
664.31	3.980
664.50	3.942
664.70	3.880
664.90	3.956
665.10	3.885
665.29	3.986
665.49	3.794
665.69	3.825
665.88	3.764
666.08	3.783
666.28	3.718
666.47	3.743
666.67	3.544
666.87	3.602
667.06	3.579
667.26	3.577
667.46	3.528
667.65	3.319
667.85	3.384
668.05	3.371
668.24	3.403
668.44	3.262
668.64	3.375
668.83	3.363
669.03	3.191
669.23	3.293
669.42	3.139
669.62	3.221
669.82	3.147
670.01	3.186
670.21	3.060
670.41	2.975
670.60	3.001
670.80	2.941
671.00	2.941
671.19	2.904
671.39	2.810
671.58	2.819
671.78	2.800
671.98	2.793
672.17	2.820
672.37	2.706
672.57	2.757
672.76	2.785
672.96	2.808
673.15	2.670
673.35	2.630
673.55	2.704
673.74	2.634
673.94	2.693
674.14	2.714
674.33	2.539
674.53	2.486
674.72	2.557
674.92	2.574
675.12	2.573
675.31	2.544
675.51	2.482
675.70	2.606
675.90	2.545
676.10	2.597
676.29	2.677
676.49	2.652
676.68	2.517
676.88	2.533
677.08	2.605
677.27	2.572
677.47	2.527
677.66	2.579
677.86	2.548
678.06	2.547
678.25	2.623
678.45	2.674
678.64	2.609
678.84	2.623
679.03	2.705
679.23	2.644
679.43	2.676
679.62	2.827
679.82	2.718
680.01	2.687
680.21	2.746
680.40	2.829
680.60	2.816
680.80	2.854
680.99	2.962
681.19	2.727
681.38	2.884
681.58	2.846
681.77	2.909
681.97	2.903
682.16	2.959
682.36	2.969
682.56	2.950
682.75	3.023
682.95	3.017
683.14	3.152
683.34	3.073
683.53	3.082
683.73	3.203
683.92	3.189
684.12	3.153
684.31	3.211
684.51	3.155
684.70	3.236
684.90	3.257
685.10	3.289
685.29	3.280
685.49	3.327
685.68	3.307
685.88	3.285
686.07	3.462
686.27	3.322
686.46	3.370
686.66	3.421
686.85	3.461
687.05	3.458
687.24	3.437
687.44	3.476
687.63	3.611
687.83	3.599
688.02	3.512
688.22	3.556
688.41	3.596
688.61	3.585
688.80	3.661
689.00	3.735
689.19	3.506
689.39	3.614
689.58	3.666
689.78	3.613
689.97	3.664
690.17	3.631
690.36	3.666
690.56	3.752
690.75	3.662
690.95	3.691
691.14	3.743
691.34	3.660
691.53	3.680
691.72	3.712
691.92	3.721
692.11	3.666
692.31	3.644
692.50	3.639
692.70	3.737
692.89	3.624
693.09	3.723
693.28	3.711
693.48	3.664
693.67	3.692
693.87	3.694
694.06	3.638
694.25	3.598
694.45	3.630
694.64	3.608
694.84	3.571
695.03	3.630
695.23	3.593
695.42	3.612
695.62	3.565
695.81	3.518
696.00	3.540
696.20	3.512
696.39	3.557
696.59	3.522
696.78	3.538
696.98	3.471
697.17	3.474
697.36	3.540
697.56	3.339
697.75	3.451
697.95	3.376
698.14	3.361
698.34	3.314
698.53	3.311
698.72	3.307
698.92	3.274
699.11	3.346
699.31	3.228
699.50	3.245
699.69	3.219
699.89	3.259
700.08	3.212
700.28	3.162
700.47	3.179
700.66	3.246
700.86	3.136
701.05	3.118
701.25	3.092
701.44	3.166
701.63	3.033
701.83	3.031
702.02	2.973
702.21	3.003
702.41	3.000
702.60	2.933
702.80	3.000
702.99	2.879
703.18	2.961
703.38	2.922
703.57	2.856
703.77	2.857
703.96	2.828
704.15	2.868
704.35	2.840
704.54	2.766
704.73	2.772
704.93	2.800
705.12	2.749
705.31	2.753
705.51	2.693
705.70	2.757
705.89	2.669
706.09	2.750
706.28	2.601
706.48	2.682
706.67	2.610
706.86	2.672
707.06	2.776
707.25	2.634
707.44	2.698
707.64	2.613
707.83	2.598
708.02	2.620
708.22	2.610
708.41	2.585
708.60	2.637
708.80	2.576
708.99	2.518
709.18	2.593
709.38	2.539
709.57	2.569
709.76	2.571
709.95	2.602
710.15	2.515
710.34	2.560
710.53	2.566
710.73	2.554
710.92	2.557
711.11	2.599
711.31	2.592
711.50	2.641
711.69	2.605
711.89	2.593
712.08	2.687
712.27	2.658
712.46	2.610
712.66	2.657
712.85	2.597
713.04	2.624
713.24	2.721
713.43	2.706
713.62	2.745
713.81	2.785
714.01	2.742
714.20	2.743
714.39	2.764
714.59	2.762
714.78	2.741
714.97	2.782
715.16	2.822
715.36	2.804
715.55	2.796
715.74	2.844
715.93	2.867
716.13	2.887
716.32	2.909
716.51	2.924
716.71	2.995
716.90	3.099
717.09	3.080
717.28	3.036
717.48	3.114
717.67	3.121
717.86	3.049
718.05	3.184
718.25	3.248
718.44	3.245
718.63	3.296
718.82	3.296
719.02	3.391
719.21	3.357
719.40	3.396
719.59	3.528
719.78	3.452
719.98	3.502
720.17	3.576
720.36	3.556
720.55	3.602
720.75	3.689
720.94	3.725
721.13	3.773
721.32	3.800
721.51	3.690
721.71	3.869
721.90	3.894
722.09	3.960
722.28	3.992
722.48	4.068
722.67	4.097
722.86	4.133
723.05	4.225
723.24	4.296
723.44	4.213
723.63	4.404
723.82	4.354
724.01	4.492
724.20	4.532
724.40	4.641
724.59	4.692
724.78	4.711
724.97	4.761
725.16	4.847
725.35	4.889
725.55	4.936
725.74	5.132
725.93	5.134
726.12	5.175
726.31	5.296
726.51	5.252
726.70	5.255
726.89	5.483
727.08	5.622
727.27	5.525
727.46	5.705
727.66	5.735
727.85	5.804
728.04	5.963
728.23	5.994
728.42	6.045
728.61	6.219
728.81	6.272
729.00	6.349
729.19	6.423
729.38	6.545
729.57	6.643
729.76	6.765
729.95	6.799
730.15	6.895
730.34	7.013
730.53	7.154
730.72	7.250
730.91	7.204
731.10	7.441
731.29	7.562
731.49	7.652
731.68	7.696
731.87	7.872
732.06	7.869
732.25	8.034
732.44	8.286
732.63	8.250
732.82	8.331
733.02	8.474
733.21	8.515
733.40	8.670
733.59	8.829
733.78	8.928
733.97	9.159
734.16	9.243
734.35	9.411
734.54	9.472
734.74	9.640
734.93	9.704
735.12	9.925
735.31	10.055
735.50	10.183
735.69	10.353
735.88	10.468
736.07	10.579
736.26	10.709
736.45	10.860
736.64	11.006
736.84	10.986
737.03	11.372
737.22	11.545
737.41	11.708
737.60	11.903
737.79	12.030
737.98	12.072
738.17	12.337
738.36	12.479
738.55	12.533
738.74	12.798
738.93	12.912
739.12	13.163
739.32	13.263
739.51	13.490
739.70	13.647
739.89	13.935
740.08	14.160
740.27	14.298
740.46	14.438
740.65	14.568
740.84	14.828
741.03	14.998
741.22	15.147
741.41	15.464
741.60	15.488
741.79	15.934
741.98	16.016
742.17	16.138
742.36	16.493
742.55	16.665
742.74	16.808
742.93	17.028
743.12	17.345
743.31	17.514
743.51	17.776
743.70	17.914
743.89	18.160
744.08	18.394
744.27	18.647
744.46	18.790
744.65	19.011
744.84	19.366
745.03	19.399
745.22	19.700
745.41	19.861
745.60	20.318
745.79	20.390
745.98	20.843
746.17	20.979
746.36	21.285
746.55	21.481
746.74	21.691
746.93	21.901
747.12	22.231
747.31	22.424
747.50	22.778
747.69	22.981
747.88	23.237
748.07	23.465
748.26	23.762
748.45	24.011
748.64	24.209
748.83	24.640
749.02	24.685
749.21	24.958
749.40	25.348
749.59	25.624
749.77	25.885
749.96	26.102
750.15	26.698
750.34	26.703
750.53	27.139
750.72	27.275
750.91	27.743
751.10	27.982
751.29	27.891
751.48	28.359
751.67	28.638
751.86	28.898
752.05	29.188
752.24	29.519
752.43	29.620
752.62	29.779
752.81	30.034
753.00	30.477
753.19	30.808
753.38	31.119
753.57	31.311
753.76	31.593
753.94	31.731
754.13	32.149
754.32	32.332
754.51	32.661
754.70	32.853
754.89	33.169
755.08	33.297
755.27	33.635
755.46	33.840
755.65	34.159
755.84	34.540
756.03	34.714
756.22	34.835
756.40	35.273
756.59	35.441
756.78	35.504
756.97	35.969
757.16	36.112
757.35	36.331
757.54	36.681
757.73	36.609
757.92	37.053
758.11	37.180
758.29	37.466
758.48	37.682
758.67	37.617
758.86	38.121
759.05	38.295
759.24	38.469
759.43	38.596
759.62	38.718
759.81	38.847
759.99	39.193
760.18	39.372
760.37	39.768
760.56	39.981
760.75	40.019
760.94	40.396
761.13	40.492
761.32	40.465
761.50	40.856
761.69	41.075
761.88	41.136
762.07	41.495
762.26	41.321
762.45	41.431
762.64	41.646
762.82	42.158
763.01	41.996
763.20	42.115
763.39	42.393
763.58	42.539
763.77	42.682
763.96	43.003
764.14	42.977
764.33	43.144
764.52	43.306
764.71	43.265
764.90	43.587
765.09	43.400
765.27	43.719
765.46	43.623
765.65	43.734
765.84	44.047
766.03	44.122
766.22	44.180
766.40	44.343
766.59	44.552
766.78	44.534
766.97	44.890
767.16	44.821
767.35	44.961
767.53	45.270
767.72	45.260
767.91	45.368
768.10	45.683
768.29	45.687
768.47	45.805
768.66	45.775
768.85	45.879
769.04	46.066
769.23	45.890
769.41	46.044
769.60	46.267
769.79	46.259
769.98	46.342
770.17	46.479
770.35	46.739
770.54	46.532
770.73	46.709
770.92	46.933
771.10	46.897
771.29	47.039
771.48	47.175
771.67	46.990
771.86	47.091
772.04	47.100
772.23	47.272
772.42	47.197
772.61	47.298
772.79	47.242
772.98	47.427
773.17	47.440
773.36	47.625
773.54	47.730
773.73	47.657
773.92	47.810
774.11	47.857
774.30	47.733
774.48	47.854
774.67	47.806
774.86	48.182
775.05	48.083
775.23	48.152
775.42	48.580
775.61	48.180
775.79	48.370
775.98	48.248
776.17	48.221
776.36	48.574
776.54	48.413
776.73	48.539
776.92	48.508
777.11	48.485
777.29	48.597
777.48	48.747
777.67	48.848
777.85	48.714
778.04	48.835
778.23	48.898
778.42	49.064
778.60	48.866
778.79	49.143
778.98	49.132
779.16	49.322
779.35	49.239
779.54	49.183
779.73	49.274
779.91	49.154
780.10	49.292
780.29	49.394
780.47	49.394
780.66	49.621
780.85	49.756
781.03	49.544
781.22	49.750
781.41	49.748
781.60	49.533
781.78	49.705
781.97	49.788
782.16	49.820
782.34	49.649
782.53	49.737
782.72	49.700
782.90	49.882
783.09	49.812
783.28	50.141
783.46	50.177
783.65	49.833
783.84	49.891
784.02	49.529
784.21	49.781
784.40	49.837
784.58	50.003
784.77	49.674
784.96	50.017
785.14	49.963
785.33	50.030
785.52	50.119
785.70	50.157
785.89	50.224
786.08	50.291
786.26	50.309
786.45	50.259
786.63	50.240
786.82	50.357
787.01	50.289
787.19	50.318
787.38	50.486
787.57	50.492
787.75	50.486
787.94	50.446
788.13	50.374
788.31	50.581
788.50	50.630
788.68	50.639
788.87	50.609
789.06	50.507
789.24	50.565
789.43	50.281
789.61	50.779
789.80	50.699
789.99	50.893
790.17	50.615
790.36	50.630
790.55	51.034
790.73	50.623
790.92	50.711
791.10	50.781
791.29	50.565
791.48	50.788
791.66	50.803
791.85	50.858
792.03	50.887
792.22	50.744
792.40	50.882
792.59	51.067
792.78	50.889
792.96	51.070
793.15	50.896
793.33	50.973
793.52	51.115
793.71	50.735
793.89	51.029
794.08	51.180
794.26	50.874
794.45	50.994
794.63	51.112
794.82	51.035
795.01	51.038
795.19	50.935
795.38	51.212
795.56	51.289
795.75	51.268
795.93	51.306
796.12	51.131
796.30	51.319
796.49	51.309
796.68	50.864
796.86	51.406
797.05	51.408
797.23	51.032
797.42	51.070
797.60	51.304
797.79	51.245
797.97	51.408
798.16	51.492
798.34	51.243
798.53	51.316
798.71	51.587
798.90	51.380
799.08	51.442
799.27	51.586
799.46	51.379
799.64	51.453
799.83	51.577
800.01	51.746
800.20	51.361
800.38	51.583
800.57	51.514
800.75	51.807
800.94	51.645
801.12	51.737
801.31	51.766
801.49	51.571
801.68	51.605
801.86	51.831
802.05	51.698
802.23	51.703
802.42	51.757
802.60	51.548
802.79	51.551
802.97	51.619
803.16	51.539
803.34	51.725
803.53	51.761
803.71	52.090
803.90	51.541
804.08	51.841
804.27	51.751
804.45	51.922
804.63	51.871
804.82	51.803
805.00	51.607
805.19	51.700
805.37	51.622
805.56	51.896
805.74	51.816
805.93	51.860
806.11	51.902
806.30	51.758
806.48	51.910
806.67	52.037
806.85	51.867
807.04	51.941
807.22	51.922
807.40	51.944
807.59	51.647
807.77	52.063
807.96	52.006
808.14	51.983
808.33	52.120
808.51	52.035
808.69	52.241
808.88	52.043
809.06	51.813
809.25	51.902
809.43	51.856
809.62	51.988
809.80	52.073
809.99	52.134
810.17	52.110
810.35	52.233
810.54	52.170
810.72	52.256
810.91	51.905
811.09	51.999
811.27	52.063
811.46	52.322
811.64	52.132
811.83	52.305
812.01	52.179
812.19	52.112
812.38	52.082
812.56	52.121
812.75	52.406
812.93	52.327
813.11	52.230
813.30	52.164
813.48	52.214
813.67	52.238
813.85	52.182
814.03	52.323
814.22	52.193
814.40	52.270
814.59	52.381
814.77	52.334
814.95	51.997
815.14	52.071
815.32	52.000
815.50	51.902
815.69	52.176
815.87	51.957
816.06	52.261
816.24	52.247
816.42	52.113
816.61	52.114
816.79	52.328
816.97	52.135
817.16	52.054
817.34	51.821
817.52	51.798
817.71	52.195
817.89	52.506
818.07	52.549
818.26	52.390
818.44	52.272
818.63	52.174
818.81	52.596
818.99	52.575
819.18	52.238
819.36	52.413
819.54	52.396
819.73	52.252
819.91	52.280
820.09	52.646
820.28	52.299
820.46	52.389
820.64	52.487
820.83	52.548
821.01	52.605
821.19	52.569
821.37	52.620
821.56	52.413
821.74	52.374
821.92	52.389
822.11	52.572
822.29	52.707
822.47	52.586
822.66	52.563
822.84	52.596
823.02	52.592
823.21	52.524
823.39	52.247
823.57	52.572
823.75	52.596
823.94	52.658
824.12	52.646
824.30	52.587
824.49	52.584
824.67	52.566
824.85	52.255
825.03	52.598
825.22	52.572
825.40	52.628
825.58	52.659
825.77	52.396
825.95	52.510
826.13	52.415
826.31	52.618
826.50	52.438
826.68	52.107
826.86	52.676
827.04	52.665
827.23	52.857
827.41	52.583
827.59	52.578
827.78	52.698
827.96	52.553
828.14	52.677
828.32	52.654
828.51	52.690
828.69	52.601
828.87	52.771
829.05	52.652
829.23	52.562
829.42	52.674
829.60	52.460
829.78	52.437
829.96	52.664
830.15	52.502
830.33	52.767
830.51	52.680
830.69	52.486
830.88	53.132
831.06	52.699
831.24	52.811
831.42	52.446
831.60	52.478
831.79	52.355
831.97	52.405
832.15	52.454
832.33	52.554
832.52	52.577
832.70	52.565
832.88	52.593
833.06	52.477
833.24	52.466
833.43	52.315
833.61	52.733
833.79	52.643
833.97	52.611
834.15	52.597
834.34	52.880
834.52	53.022
834.70	52.796
834.88	53.056
835.06	52.996
835.25	53.145
835.43	52.966
835.61	53.031
835.79	52.807
835.97	52.697
836.15	53.052
836.34	52.985
836.52	52.892
836.70	52.942
836.88	52.850
837.06	52.956
837.24	52.911
837.43	53.086
837.61	53.032
837.79	53.044
837.97	53.307
838.15	53.061
838.33	53.184
838.52	52.916
838.70	52.924
838.88	52.804
839.06	52.892
839.24	52.670
839.42	52.846
839.60	52.807
839.79	53.087
839.97	52.816
840.15	52.940
840.33	52.872
840.51	53.045
840.69	53.004
840.87	52.837
841.06	52.893
841.24	53.011
841.42	52.809
841.60	53.045
841.78	52.939
841.96	53.023
842.14	53.209
842.32	53.296
842.51	52.999
842.69	53.102
842.87	52.728
843.05	52.841
843.23	52.797
843.41	53.065
843.59	53.094
843.77	52.921
843.95	53.033
844.14	53.144
844.32	53.453
844.50	53.134
844.68	53.325
844.86	53.280
845.04	53.278
845.22	53.252
845.40	53.052
845.58	53.240
845.76	53.123
845.94	53.008
846.12	52.973
846.31	52.773
846.49	52.826
846.67	52.771
846.85	52.934
847.03	53.002
847.21	52.763
847.39	52.688
847.57	53.148
847.75	53.053
847.93	52.899
848.11	52.619
848.29	52.765
848.47	53.032
848.65	52.563
848.83	52.844
849.02	52.998
849.20	52.821
849.38	52.973
849.56	53.095
849.74	52.834
849.92	53.112
850.10	53.237
850.28	53.169
850.46	53.008
850.64	53.014
850.82	53.449
851.00	53.005
851.18	52.914
851.36	53.055
851.54	52.945
851.72	53.333
851.90	53.048
852.08	53.289
852.26	53.209
852.44	53.133
852.62	53.030
852.80	53.302
852.98	53.452
853.16	53.211
853.34	53.398
853.52	53.130
853.70	52.827
853.88	53.009
854.06	52.753
854.24	53.128
854.42	53.342
854.60	52.993
854.78	53.250
854.96	53.358
855.14	53.011
855.32	53.031
855.50	53.427
855.68	53.157
855.86	53.419
856.04	53.193
856.22	53.230
856.40	53.262
856.58	53.201
856.76	53.206
856.94	53.224
857.12	53.079
857.30	53.215
857.48	52.884
857.66	52.529
857.84	53.057
858.02	53.067
858.20	53.002
858.38	53.077
858.56	52.787
858.74	53.129
858.92	53.163
859.10	53.304
859.28	53.271
859.46	53.119
859.64	53.338
859.81	52.962
859.99	52.961
860.17	53.252
860.35	53.365
860.53	53.163
860.71	53.484
860.89	53.220
861.07	53.219
861.25	52.890
861.43	53.161
861.61	53.418
861.79	53.410
861.97	53.355
862.15	53.470
862.33	53.452
862.50	53.397
862.68	53.240
862.86	53.353
863.04	53.315
863.22	52.980
863.40	53.270
863.58	53.263
863.76	53.473
863.94	53.096
864.12	53.488
864.30	53.342
864.47	53.409
864.65	53.298
864.83	52.992
865.01	53.048
865.19	53.244
865.37	53.085
865.55	53.417
865.73	53.159
865.91	53.562
866.09	53.416
866.26	53.406
866.44	53.115
866.62	53.388
866.80	53.289
866.98	53.196
867.16	53.235
867.34	53.003
867.52	53.062
867.69	53.211
867.87	53.374
868.05	53.070
868.23	53.137
868.41	53.146
868.59	53.137
868.77	53.321
868.94	53.271
869.12	53.480
869.30	53.394
869.48	53.109
869.66	53.064
869.84	53.199
870.02	53.138
870.19	53.126
870.37	53.141
870.55	53.538
870.73	53.199
870.91	53.448
871.09	53.423
871.26	53.580
871.44	53.440
871.62	53.364
871.80	53.260
871.98	53.340
872.16	53.485
872.33	52.990
872.51	53.385
872.69	53.281
872.87	53.298
873.05	53.275
873.22	53.725
873.40	53.660
873.58	53.812
873.76	53.323
873.94	53.428
874.12	53.241
874.29	53.627
874.47	53.314
874.65	53.204
874.83	52.787
875.01	53.105
875.18	53.213
875.36	53.269
875.54	53.558
875.72	53.458
875.89	53.437
876.07	53.652
876.25	53.286
876.43	53.281
876.61	53.404
876.78	53.550
876.96	53.797
877.14	53.487
877.32	53.124
877.49	53.221
877.67	53.363
877.85	53.434
878.03	53.281
878.21	53.448
878.38	53.398
878.56	53.263
878.74	53.044
878.92	53.209
879.09	53.304
879.27	53.623
879.45	53.353
879.63	53.521
879.80	53.078
879.98	53.344
880.16	53.408
880.34	53.440
880.51	53.699
880.69	53.280
880.87	53.121
881.05	52.957
881.22	53.006
881.40	53.130
881.58	53.013
881.75	52.970
881.93	53.074
882.11	53.199
882.29	53.399
882.46	53.794
882.64	53.592
882.82	53.022
883.00	53.099
883.17	53.289
883.35	53.320
883.53	53.241
883.70	53.360
883.88	53.213
884.06	53.281
884.23	53.486
884.41	53.255
884.59	53.247
884.77	53.187
884.94	53.712
885.12	53.790
885.30	53.677
885.47	53.086
885.65	53.635
885.83	53.570
886.00	53.637
886.18	53.835
886.36	53.466
886.53	53.395
886.71	53.137
886.89	53.136
887.07	53.429
887.24	53.667
887.42	53.295
887.60	53.458
887.77	53.491
887.95	53.274
888.13	53.515
888.30	53.356
888.48	53.565
888.66	53.356
888.83	53.634
889.01	53.499
889.18	53.432
889.36	53.785
889.54	53.512
889.71	53.608
889.89	53.547
890.07	53.489
890.24	53.397
890.42	53.166
890.60	53.319
890.77	53.394
890.95	53.328
891.13	53.319
891.30	53.655
891.48	53.317
891.65	53.732
891.83	53.625
892.01	53.546
892.18	53.449
892.36	53.335
892.54	53.555
892.71	53.254
892.89	53.364
893.06	53.388
893.24	53.077
893.42	53.167
893.59	53.278
893.77	53.432
893.94	53.063
894.12	53.205
894.30	53.241
894.47	53.182
894.65	53.334
894.82	53.335
895.00	53.309
895.18	53.167
895.35	53.316
895.53	53.729
895.70	53.611
895.88	53.686
896.06	53.499
896.23	53.566
896.41	53.462
896.58	53.377
896.76	53.520
896.93	53.236
897.11	52.963
897.29	52.851
897.46	53.047
897.64	53.341
897.81	53.340
897.99	53.056
898.16	53.177
898.34	53.178
898.52	53.256
898.69	53.136
898.87	53.123
899.04	53.173
899.22	53.046
899.39	52.956
899.57	53.098
899.74	52.952
899.92	53.021
900.10	52.975
900.27	53.470
900.45	53.403
900.62	53.396
900.80	53.348
900.97	53.677
901.15	53.581
901.32	53.401
901.50	53.387
901.67	53.317
901.85	53.730
902.02	53.206
902.20	53.444
902.37	53.491
902.55	53.429
902.72	53.490
902.90	53.487
903.07	53.416
903.25	53.299
903.43	53.328
903.60	53.366
903.78	53.287
903.95	53.036
904.13	53.350
904.30	53.199
904.48	53.447
904.65	53.461
904.83	53.503
905.00	53.259
905.17	53.242
905.35	53.342
905.52	53.206
905.70	53.089
905.87	53.050
906.05	53.434
906.22	53.248
906.40	53.113
906.57	53.178
906.75	53.107
906.92	53.065
907.10	52.986
907.27	53.153
907.45	52.744
907.62	52.927
907.80	53.083
907.97	53.282
908.15	52.978
908.32	52.808
908.49	53.060
908.67	53.163
908.84	52.934
909.02	53.180
909.19	53.120
909.37	53.210
909.54	53.048
909.72	52.943
909.89	52.982
910.07	53.267
910.24	53.016
910.41	52.921
910.59	52.847
910.76	52.988
910.94	52.876
911.11	53.048
911.29	53.054
911.46	53.415
911.63	53.279
911.81	53.530
911.98	53.161
912.16	53.294
912.33	53.179
912.50	53.303
912.68	53.202
912.85	53.143
913.03	52.728
913.20	53.188
913.38	53.156
913.55	53.262
913.72	52.950
913.90	52.935
914.07	53.142
914.25	53.303
914.42	53.423
914.59	53.175
914.77	53.387
914.94	53.115
915.11	53.258
915.29	53.189
915.46	53.089
915.64	52.950
915.81	53.029
915.98	53.326
916.16	53.035
916.33	53.154
916.51	53.254
916.68	53.072
916.85	53.316
917.03	53.185
917.20	53.138
917.37	53.308
917.55	53.316
917.72	53.023
917.89	52.868
918.07	53.013
918.24	52.959
918.42	53.025
918.59	53.240
918.76	52.797
918.94	53.059
919.11	52.800
919.28	52.912
919.46	53.204
919.63	53.170
919.80	53.130
919.98	52.975
920.15	52.986
920.32	53.044
920.50	53.158
920.67	53.220
920.84	53.056
921.02	53.091
921.19	53.290
921.36	53.042
921.54	52.950
921.71	52.888
921.88	52.994
922.06	53.005
922.23	52.620
922.40	52.992
922.57	52.882
922.75	53.109
922.92	53.080
923.09	53.213
923.27	53.288
923.44	53.171
923.61	53.424
923.79	53.112
923.96	53.661
924.13	53.457
924.30	53.168
924.48	53.346
924.65	53.246
924.82	53.218
925.00	53.483
925.17	53.575
925.34	53.550
925.51	53.448
925.69	53.320
925.86	53.464
926.03	53.276
926.21	53.399
926.38	53.246
926.55	53.166
926.72	52.988
926.90	53.217
927.07	53.199
927.24	53.243
927.41	53.270
927.59	53.312
927.76	53.181
927.93	53.295
928.10	53.586
928.28	53.185
928.45	53.544
928.62	53.465
928.79	53.353
928.97	53.296
929.14	53.191
929.31	53.010
929.48	53.532
929.66	53.455
929.83	53.145
930.00	53.257
930.17	53.087
930.34	53.034
930.52	53.104
930.69	53.566
930.86	53.166
931.03	52.911
931.21	53.191
931.38	53.398
931.55	53.398
931.72	53.556
931.89	52.974
932.07	53.604
932.24	53.555
932.41	53.396
932.58	53.987
932.75	53.501
932.93	53.579
933.10	53.472
933.27	53.393
933.44	53.185
933.61	53.453
933.79	53.333
933.96	53.594
934.13	53.527
934.30	53.368
934.47	53.356
934.65	53.925
934.82	53.515
934.99	53.886
935.16	53.890
935.33	53.685
935.50	53.532
935.68	53.279
935.85	53.385
936.02	53.403
936.19	53.765
936.36	53.609
936.53	53.430
936.71	53.435
936.88	53.616
937.05	53.570
937.22	53.464
937.39	53.569
937.56	53.811
937.74	53.544
937.91	53.558
938.08	53.949
938.25	53.692
938.42	53.328
938.59	53.421
938.76	53.892
938.94	53.965
939.11	54.018
939.28	53.800
939.45	53.505
939.62	53.419
939.79	53.608
939.96	53.549
940.13	53.893
940.31	53.716
940.48	53.292
940.65	54.079
940.82	53.489
940.99	53.417
941.16	53.561
941.33	53.642
941.50	53.380
941.67	53.547
941.85	53.594
942.02	53.679
942.19	53.742
942.36	53.825
942.53	53.535
942.70	53.866
942.87	53.375
943.04	53.928
943.21	53.552
943.38	53.692
943.56	53.461
943.73	53.863
943.90	53.629
944.07	53.567
944.24	53.470
944.41	53.822
944.58	53.431
944.75	53.849
944.92	53.927
945.09	54.045
945.26	53.226
945.43	53.597
945.60	54.094
945.78	53.909
945.95	53.572
946.12	54.123
946.29	54.183
946.46	53.706
946.63	53.891
946.80	53.226
946.97	53.790
947.14	53.920
947.31	53.454
947.48	53.880
947.65	53.590
947.82	53.193
947.99	53.679
948.16	52.967
948.33	53.153
948.50	53.847
948.67	53.296
948.84	53.311
949.01	53.001
949.18	53.232
949.35	53.178
949.52	53.519
949.69	53.952
949.86	53.656
950.03	53.680
950.20	53.852
950.38	54.062
950.55	53.623
950.72	53.654
950.89	53.524
951.06	53.686
951.23	53.936
951.40	53.785
951.57	53.955
951.74	54.156
951.91	53.673
952.08	53.211
952.25	53.919
952.42	53.799
952.59	53.713
952.76	54.025
952.92	53.779
953.09	53.670
953.26	53.544
953.43	53.534
953.60	53.761
953.77	53.158
953.94	53.858
954.11	54.407
954.28	53.336
954.45	53.840
954.62	53.789
954.79	53.791
954.96	53.372
955.13	53.722
955.30	53.863
955.47	53.509
955.64	53.875
955.81	53.919
955.98	53.619
956.15	53.620
956.32	53.753
956.49	53.810
956.66	54.193
956.83	54.225
957.00	54.148
957.17	53.856
957.33	54.001
957.50	53.362
957.67	53.649
957.84	53.883
958.01	54.009
958.18	53.922
958.35	53.739
958.52	53.852
958.69	53.918
958.86	53.687
959.03	53.413
959.20	53.559
959.37	53.680
959.53	54.023
959.70	53.914
959.87	53.925
960.04	53.515
960.21	53.815
960.38	53.291
960.55	53.827
960.72	54.145
960.89	53.565
961.06	53.697
961.23	53.387
961.39	53.770
961.56	53.633
961.73	53.713
961.90	54.213
962.07	53.611
962.24	53.976
962.41	53.842
962.58	53.729
962.75	53.664
962.91	54.012
963.08	54.089
963.25	53.826
963.42	53.691
963.59	54.259
963.76	53.472
963.93	53.336
964.09	54.035
964.26	54.321
964.43	54.450
964.60	54.100
964.77	54.060
964.94	54.113
965.11	54.424
965.27	53.895
965.44	53.902
965.61	54.150
965.78	53.863
965.95	54.350
966.12	54.370
966.29	54.000
966.45	53.857
966.62	54.437
966.79	53.822
966.96	54.057
967.13	53.806
967.30	54.041
967.46	53.917
967.63	53.515
967.80	54.333
967.97	53.812
968.14	53.839
968.30	53.430
968.47	53.908
968.64	53.102
968.81	53.808
968.98	54.034
969.15	53.798
969.31	53.892
969.48	54.773
969.65	54.282
969.82	54.125
969.99	54.422
970.15	53.824
970.32	54.119
970.49	54.348
970.66	54.259
970.82	54.427
970.99	54.205
971.16	54.166
971.33	54.559
971.50	54.123
971.66	54.040
971.83	54.418
972.00	54.217
972.17	54.236
972.34	54.155
972.50	54.711
972.67	54.015
972.84	54.418
973.01	53.922
973.17	54.150
973.34	53.971
973.51	54.438
973.68	54.010
973.84	54.388
974.01	54.252
974.18	54.018
974.35	54.069
974.51	54.074
974.68	54.681
974.85	54.288
975.02	54.508
975.18	53.898
975.35	54.326
975.52	54.624
975.69	54.222
975.85	54.605
976.02	54.288
976.19	54.438
976.36	53.564
976.52	53.870
976.69	54.564
976.86	54.404
977.02	54.525
977.19	54.545
977.36	54.417
977.53	54.553
977.69	54.610
977.86	54.400
978.03	54.419
978.19	54.242
978.36	54.070
978.53	53.740
978.70	53.808
978.86	54.132
979.03	54.723
979.20	54.144
979.36	54.136
979.53	54.360
979.70	54.075
979.86	54.763
980.03	54.339
980.20	54.084
980.36	54.450
980.53	54.135
980.70	53.958
980.86	54.616
981.03	54.609
981.20	54.515
981.36	54.093
981.53	54.084
981.70	53.769
981.86	54.847
982.03	54.035
982.20	53.832
982.36	54.503
982.53	54.472
982.70	53.960
982.86	54.189
983.03	54.779
983.20	54.388
983.36	54.312
983.53	54.406
983.70	54.730
983.86	55.250
984.03	55.257
984.20	54.681
984.36	54.646
984.53	54.302
984.70	55.101
984.86	53.934
985.03	54.541
985.19	54.623
985.36	54.404
985.53	53.801
985.69	55.080
985.86	54.612
986.03	54.428
986.19	54.473
986.36	54.282
986.52	54.330
986.69	54.536
986.86	53.952
987.02	53.412
987.19	54.403
987.35	54.056
987.52	54.477
987.69	54.456
987.85	54.663
988.02	53.831
988.18	54.568
988.35	54.786
988.52	54.542
988.68	54.334
988.85	54.508
989.01	54.106
989.18	54.643
989.35	54.214
989.51	53.747
989.68	54.283
989.84	54.804
990.01	53.723
990.17	55.105
990.34	54.139
990.51	54.531
990.67	54.555
990.84	53.816
991.00	54.076
991.17	53.802
991.33	54.307
991.50	53.915
991.66	54.329
991.83	55.031
992.00	54.003
992.16	53.741
992.33	53.919
992.49	54.254
992.66	54.376
992.82	53.777
992.99	54.407
993.15	54.176
993.32	54.345
993.48	54.240
993.65	54.085
993.82	54.813
993.98	54.625
994.15	54.742
994.31	54.743
994.48	54.114
994.64	55.069
994.81	54.730
994.97	54.756
995.14	55.170
995.30	55.533
995.47	54.431
995.63	54.459
995.80	54.512
995.96	54.171
996.13	54.384
996.29	54.579
996.46	54.328
996.62	54.958
996.79	55.247
996.95	54.287
997.12	55.088
997.28	55.041
997.45	54.707
997.61	54.544
997.78	55.431
997.94	54.547
998.11	54.730
998.27	55.288
998.44	54.684
998.60	54.464
998.77	54.320
998.93	54.589
999.10	54.440
999.26	54.205
999.43	54.698
999.59	54.339
999.75	53.746
999.92	53.650
1000.08	55.315
1000.25	54.216
1000.41	55.014
1000.58	54.220
1000.74	54.201
1000.91	54.646
1001.07	54.367
1001.24	54.389
1001.40	54.816
1001.56	54.518
1001.73	54.542
1001.89	53.720
1002.06	54.454
1002.22	53.821
1002.39	53.766
1002.55	54.666
1002.71	54.419
1002.88	54.556
1003.04	53.715
1003.21	54.228
1003.37	54.439
1003.54	54.883
1003.70	53.795
1003.86	54.593
1004.03	55.501
1004.19	54.669
1004.36	54.604
1004.52	53.763
1004.68	54.015
1004.85	54.707
1005.01	54.744
1005.18	54.285
1005.34	54.640
1005.50	53.925
1005.67	53.773
1005.83	54.292
1006.00	53.872
1006.16	54.111
1006.32	54.227
1006.49	53.937
1006.65	53.671
1006.82	54.738
1006.98	54.776
1007.14	54.757
1007.31	54.287
1007.47	53.861
1007.63	53.824
1007.80	54.851
1007.96	54.090
1008.13	53.831
1008.29	54.655
1008.45	53.838
1008.62	54.204
1008.78	54.958
1008.94	54.671
1009.11	54.307
1009.27	54.543
1009.43	53.094
1009.60	54.048
1009.76	54.527
1009.92	53.543
1010.09	53.249
1010.25	53.532
1010.42	54.291
1010.58	54.242
1010.74	54.305
1010.91	53.915
1011.07	53.572
1011.23	54.610
1011.40	53.743
1011.56	54.453
1011.72	53.717
1011.89	54.716
1012.05	54.578
1012.21	55.375
1012.37	54.536
1012.54	53.610
1012.70	54.241
1012.86	54.598
1013.03	53.876
1013.19	53.392
1013.35	54.099
1013.52	54.815
1013.68	53.968
1013.84	53.548
1014.01	53.919
1014.17	53.723
1014.33	54.998
1014.49	54.797
1014.66	55.258
1014.82	54.147
1014.98	54.117
1015.15	54.216
1015.31	53.899
1015.47	55.014
1015.63	53.548
1015.80	54.275
1015.96	54.128
1016.12	54.457
1016.29	54.328
1016.45	53.269
1016.61	54.878
1016.77	53.311
1016.94	53.752
1017.10	53.452
1017.26	54.359
1017.42	53.476
1017.59	53.967
1017.75	53.345
1017.91	54.420
1018.07	52.750
1018.24	55.312
1018.40	54.980
1018.56	54.444
1018.72	54.693
1018.89	55.664
1019.05	54.047
1019.21	54.517
1019.37	53.431
1019.54	54.478
1019.70	53.352
1019.86	53.617
1020.02	54.766
1020.19	54.241
1020.35	54.261
1020.51	53.302
1020.67	54.136
1020.83	55.621
1021.00	54.175
1021.16	53.906
1021.32	53.689
1021.48	54.000
1021.64	54.871
1021.81	54.650
1021.97	56.349
1022.13	53.534
1022.29	53.748
1022.45	54.435
1022.62	53.602
1022.78	53.168
1022.94	54.141
1023.10	54.599
1023.26	55.393
1023.43	55.679
1023.59	55.754
1023.75	53.320
1023.91	54.665
1024.07	55.004
1024.24	54.690
1024.40	54.172
1024.56	54.070
1024.72	54.244
1024.88	55.233
1025.04	54.338
1025.21	55.431
1025.37	55.490
1025.53	53.177
1025.69	54.386
1025.85	54.199
1026.01	53.302
1026.18	54.914
1026.34	54.616
1026.50	51.991
1026.66	53.211
1026.82	53.786
1026.98	54.105
1027.14	55.420
1027.31	54.705
1027.47	55.055
1027.63	52.967
1027.79	53.321
1027.95	54.665
1028.11	54.568
1028.27	53.491
1028.44	54.878
1028.60	54.479
1028.76	53.068
1028.92	55.320
1029.08	53.479
1029.24	53.278
1029.40	53.898
1029.56	53.325
1029.73	55.605
1029.89	54.364
1030.05	53.948
1030.21	55.359
1030.37	55.866
1030.53	55.370
1030.69	54.736
1030.85	51.845
1031.01	55.250
1031.17	54.952
1031.34	53.514
1031.50	53.069
1031.66	52.387
1031.82	55.685
1031.98	55.139
1032.14	56.088
1032.30	55.402
1032.46	53.114
1032.62	54.050
1032.78	54.207
1032.94	54.041
1033.10	53.769
1033.27	52.711
1033.43	52.972
1033.59	52.814
1033.75	53.992
1033.91	55.197
1034.07	53.277
1034.23	51.980
1034.39	53.117
1034.55	53.682
1034.71	49.608
1034.87	51.482
1035.03	52.932
1035.19	56.518
1035.35	54.723
1035.51	54.029
1035.67	55.164
1035.83	53.129
1035.99	53.826
1036.16	51.984
1036.32	56.255
1036.48	53.368
1036.64	54.197
1036.80	52.296
1036.96	56.924
1037.12	54.623
1037.28	56.562
1037.44	56.775
1037.60	51.885
1037.76	53.967
1037.92	52.770
1038.08	54.863
1038.24	54.073
1038.40	53.490
1038.56	54.931
1038.72	53.744
1038.88	57.115
1039.04	53.155
1039.20	53.316
1039.36	50.527
1039.52	53.926
1039.68	56.109
1039.84	53.312
1040.00	53.356
1040.16	54.071
1040.32	52.473
1040.48	52.644
1040.64	53.518
1040.80	54.440
1040.96	56.065
1041.12	53.465
1041.28	54.536
1041.44	52.921
1041.60	52.367
1041.76	55.512
1041.92	54.519
1042.08	55.380
1042.24	52.865
1042.39	55.658
1042.55	56.471
1042.71	52.952
1042.87	53.516
1043.03	54.543
1043.19	52.741
