345.44	3.352
345.66	3.373
345.88	3.394
346.10	-10.823
346.31	-1.381
346.53	-3.457
346.75	-1.565
346.97	1.388
347.19	4.298
347.41	1.259
347.63	1.837
347.85	2.751
348.07	1.069
348.29	0.645
348.51	0.768
348.73	-15.569
348.95	1.068
349.17	1.198
349.39	0.228
349.61	-0.029
349.83	0.618
350.05	0.516
350.27	0.240
350.49	-0.287
350.71	0.534
350.93	0.476
351.15	0.615
351.37	1.377
351.59	0.188
351.80	-0.244
352.02	0.483
352.24	-0.802
352.46	0.318
352.68	0.578
352.90	-0.661
353.12	-0.677
353.34	0.735
353.56	0.694
353.78	-0.618
354.00	-0.381
354.22	0.895
354.44	1.066
354.66	4.301
354.88	0.414
355.09	0.951
355.31	47.683
355.53	0.766
355.75	0.275
355.97	1.501
356.19	0.710
356.41	0.704
356.63	0.439
356.85	-2.336
357.07	0.807
357.29	-0.200
357.50	-0.224
357.72	-0.024
357.94	0.222
358.16	0.255
358.38	1.083
358.60	0.412
358.82	-0.258
359.04	0.938
359.26	0.476
359.48	-0.243
359.69	-0.232
359.91	0.520
360.13	0.706
360.35	0.361
360.57	-0.266
360.79	0.052
361.01	0.828
361.23	-1.927
361.45	0.083
361.66	0.376
361.88	1.026
362.10	0.007
362.32	1.015
362.54	0.838
362.76	-0.135
362.98	-0.058
363.20	-0.784
363.41	-1.602
363.63	1.315
363.85	-0.202
364.07	0.631
364.29	0.954
364.51	0.708
364.73	-2.517
364.94	-0.204
365.16	0.065
365.38	-0.040
365.60	0.339
365.82	-0.733
366.04	0.267
366.26	-0.243
366.47	-0.578
366.69	0.158
366.91	-0.150
367.13	-0.457
367.35	0.397
367.57	0.142
367.79	2.127
368.00	-0.451
368.22	0.548
368.44	0.483
368.66	0.396
368.88	0.341
369.10	0.577
369.31	0.499
369.53	1.128
369.75	0.960
369.97	-1.342
370.19	1.598
370.41	0.794
370.62	0.684
370.84	-1.356
371.06	0.386
371.28	0.391
371.50	1.165
371.71	1.532
371.93	1.947
372.15	1.511
372.37	0.430
372.59	0.581
372.80	0.799
373.02	-3.629
373.24	0.358
373.46	0.752
373.68	-0.395
373.90	-0.301
374.11	0.199
374.33	2.101
374.55	0.802
374.77	0.901
374.98	0.194
375.20	1.855
375.42	0.063
375.64	0.458
375.86	0.032
376.07	0.736
376.29	0.721
376.51	-2.390
376.73	1.365
376.95	0.392
377.16	1.023
377.38	1.282
377.60	0.369
377.82	-0.285
378.03	-0.304
378.25	0.429
378.47	0.089
378.69	2.492
378.91	5.135
379.12	0.912
379.34	-0.315
379.56	1.287
379.78	-1.444
379.99	1.032
380.21	-0.680
380.43	0.101
380.65	-0.634
380.86	1.389
381.08	0.852
381.30	1.174
381.52	1.574
381.73	1.257
381.95	-0.167
382.17	0.177
382.39	1.015
382.60	0.751
382.82	-0.392
383.04	1.145
383.26	1.632
383.47	0.598
383.69	1.087
383.91	-0.247
384.13	-0.537
384.34	-0.756
384.56	2.343
384.78	2.189
385.00	-0.102
385.21	0.936
385.43	-1.252
385.65	-1.946
385.86	0.251
386.08	1.571
386.30	2.329
386.52	-0.035
386.73	-2.598
386.95	0.071
387.17	0.897
387.38	-0.000
387.60	0.636
387.82	0.894
388.04	0.626
388.25	1.531
388.47	1.108
388.69	-0.681
388.90	0.457
389.12	1.885
389.34	0.663
389.56	0.694
389.77	0.731
389.99	1.491
390.21	-1.021
390.42	0.953
390.64	1.903
390.86	1.522
391.07	0.721
391.29	0.548
391.51	1.314
391.72	0.152
391.94	0.619
392.16	0.907
392.38	0.399
392.59	1.515
392.81	1.466
393.03	1.339
393.24	1.769
393.46	-0.190
393.68	0.435
393.89	0.628
394.11	2.223
394.33	2.803
394.54	1.081
394.76	0.446
394.98	1.653
395.19	-0.724
395.41	1.473
395.63	-0.737
395.84	2.057
396.06	1.105
396.28	-0.621
396.49	-0.053
396.71	0.592
396.93	-0.000
397.14	1.853
397.36	1.937
397.57	0.076
397.79	0.646
398.01	2.413
398.22	0.515
398.44	1.860
398.66	0.837
398.87	0.290
399.09	0.434
399.31	0.478
399.52	1.849
399.74	1.633
399.96	1.851
400.17	1.261
400.39	1.431
400.60	1.535
400.82	1.752
401.04	1.396
401.25	1.300
401.47	2.990
401.69	0.324
401.90	1.480
402.12	0.740
402.33	0.955
402.55	2.408
402.77	0.649
402.98	1.402
403.20	0.665
403.41	1.145
403.63	2.330
403.85	1.286
404.06	-0.730
404.28	1.452
404.49	0.173
404.71	1.098
404.93	1.713
405.14	1.915
405.36	2.037
405.57	1.182
405.79	-0.957
406.01	2.390
406.22	-0.207
406.44	0.946
406.65	1.402
406.87	2.252
407.09	1.628
407.30	1.921
407.52	1.409
407.73	1.209
407.95	2.021
408.17	2.355
408.38	1.245
408.60	1.696
408.81	2.094
409.03	1.142
409.24	-0.126
409.46	1.654
409.68	1.372
409.89	1.361
410.11	1.522
410.32	2.551
410.54	1.937
410.75	0.645
410.97	1.932
411.18	1.543
411.40	1.639
411.62	0.151
411.83	1.932
412.05	1.251
412.26	1.876
412.48	1.665
412.69	1.407
412.91	1.531
413.12	0.348
413.34	1.438
413.56	2.228
413.77	1.079
413.99	0.854
414.20	1.264
414.42	2.369
414.63	2.177
414.85	1.452
415.06	2.107
415.28	1.501
415.49	2.705
415.71	2.430
415.92	2.165
416.14	1.112
416.35	2.735
416.57	1.827
416.79	0.827
417.00	2.146
417.22	1.188
417.43	1.627
417.65	2.084
417.86	2.792
418.08	2.140
418.29	2.006
418.51	1.767
418.72	2.236
418.94	1.997
419.15	2.440
419.37	1.902
419.58	2.366
419.80	1.985
420.01	1.683
420.23	1.025
420.44	1.294
420.66	2.042
420.87	2.326
421.09	1.676
421.30	2.323
421.52	2.907
421.73	1.189
421.95	1.910
422.16	1.960
422.38	1.599
422.59	2.554
422.81	2.616
423.02	0.810
423.23	1.347
423.45	2.041
423.66	2.731
423.88	1.931
424.09	1.760
424.31	2.697
424.52	2.964
424.74	2.729
424.95	2.315
425.17	2.402
425.38	1.512
425.60	2.117
425.81	2.291
426.03	2.547
426.24	2.712
426.45	3.486
426.67	2.041
426.88	2.549
427.10	1.990
427.31	2.222
427.53	2.426
427.74	2.520
427.96	2.549
428.17	2.848
428.39	1.946
428.60	3.022
428.81	3.042
429.03	3.191
429.24	1.910
429.46	2.147
429.67	1.979
429.89	2.603
430.10	2.161
430.31	2.610
430.53	3.054
430.74	2.252
430.96	2.614
431.17	2.729
431.39	2.639
431.60	3.234
431.81	2.648
432.03	2.805
432.24	3.095
432.46	3.124
432.67	3.247
432.89	2.452
433.10	3.240
433.31	2.430
433.53	2.976
433.74	2.279
433.96	2.832
434.17	2.639
434.38	2.751
434.60	3.489
434.81	2.505
435.03	2.501
435.24	2.611
435.45	3.166
435.67	3.225
435.88	3.345
436.10	2.788
436.31	2.879
436.52	2.944
436.74	2.774
436.95	3.148
437.17	2.877
437.38	2.795
437.59	3.733
437.81	3.863
438.02	3.336
438.23	3.329
438.45	3.472
438.66	3.827
438.88	3.569
439.09	3.519
439.30	3.009
439.52	3.081
439.73	3.476
439.94	4.452
440.16	3.980
440.37	3.646
440.58	3.311
440.80	3.757
441.01	3.653
441.23	3.723
441.44	3.370
441.65	3.131
441.87	2.875
442.08	4.157
442.29	3.553
442.51	3.699
442.72	3.418
442.93	3.761
443.15	3.863
443.36	3.335
443.57	3.275
443.79	3.777
444.00	4.406
444.21	4.243
444.43	3.816
444.64	4.436
444.85	4.151
445.07	4.183
445.28	3.915
445.49	4.094
445.71	3.960
445.92	3.241
446.13	4.082
446.35	3.679
446.56	3.837
446.77	4.594
446.99	3.584
447.20	3.933
447.41	4.695
447.63	3.838
447.84	3.885
448.05	3.932
448.27	4.740
448.48	4.257
448.69	3.724
448.90	4.248
449.12	4.126
449.33	4.448
449.54	4.031
449.76	4.443
449.97	4.372
450.18	4.472
450.40	3.505
450.61	4.504
450.82	4.671
451.03	4.418
451.25	4.070
451.46	4.391
451.67	4.004
451.89	4.320
452.10	4.877
452.31	4.652
452.52	4.573
452.74	4.013
452.95	3.861
453.16	4.559
453.38	4.815
453.59	4.454
453.80	4.649
454.01	4.091
454.23	5.033
454.44	4.316
454.65	4.958
454.86	4.733
455.08	5.002
455.29	4.913
455.50	4.470
455.71	4.823
455.93	4.376
456.14	4.386
456.35	4.630
456.56	4.548
456.78	5.021
456.99	4.874
457.20	4.818
457.41	4.874
457.63	5.057
457.84	5.015
458.05	4.953
458.26	4.985
458.48	4.932
458.69	5.187
458.90	4.996
459.11	4.838
459.33	4.911
459.54	5.048
459.75	5.044
459.96	5.300
460.18	4.516
460.39	5.352
460.60	5.097
460.81	5.158
461.02	4.965
461.24	5.056
461.45	5.304
461.66	5.343
461.87	5.634
462.09	5.469
462.30	5.650
462.51	5.259
462.72	5.468
462.93	5.591
463.15	5.117
463.36	5.523
463.57	5.589
463.78	6.111
463.99	5.477
464.21	5.509
464.42	5.156
464.63	5.657
464.84	5.465
465.05	6.280
465.27	5.572
465.48	5.840
465.69	5.884
465.90	5.520
466.11	5.839
466.33	5.767
466.54	5.583
466.75	5.775
466.96	5.826
467.17	5.681
467.38	5.851
467.60	6.115
467.81	6.216
468.02	6.078
468.23	6.224
468.44	5.727
468.65	5.851
468.87	5.935
469.08	5.926
469.29	6.040
469.50	5.514
469.71	6.137
469.92	5.811
470.14	6.170
470.35	6.232
470.56	5.935
470.77	6.289
470.98	6.327
471.19	6.412
471.41	5.736
471.62	6.583
471.83	6.088
472.04	6.399
472.25	6.050
472.46	6.313
472.67	6.285
472.89	6.342
473.10	6.405
473.31	6.165
473.52	6.925
473.73	6.785
473.94	6.492
474.15	6.702
474.37	7.020
474.58	6.684
474.79	6.610
475.00	6.207
475.21	5.962
475.42	6.646
475.63	6.928
475.84	6.701
476.06	6.879
476.27	6.532
476.48	6.560
476.69	6.737
476.90	6.681
477.11	6.873
477.32	6.793
477.53	7.040
477.74	6.753
477.96	6.868
478.17	6.567
478.38	6.814
478.59	6.834
478.80	6.976
479.01	6.877
479.22	7.178
479.43	6.854
479.64	7.094
479.85	7.053
480.06	6.797
480.28	7.037
480.49	6.988
480.70	7.335
480.91	6.849
481.12	6.982
481.33	7.093
481.54	7.194
481.75	7.346
481.96	7.349
482.17	7.129
482.38	6.843
482.59	7.491
482.81	7.445
483.02	7.424
483.23	7.091
483.44	7.149
483.65	7.319
483.86	7.199
484.07	7.339
484.28	7.608
484.49	7.676
484.70	7.198
484.91	7.331
485.12	7.276
485.33	7.604
485.54	7.826
485.75	7.640
485.96	7.507
486.17	7.544
486.38	7.408
486.60	7.708
486.81	7.740
487.02	7.565
487.23	7.712
487.44	7.871
487.65	7.641
487.86	7.751
488.07	7.864
488.28	7.737
488.49	7.763
488.70	7.772
488.91	7.541
489.12	7.879
489.33	7.904
489.54	8.097
489.75	7.908
489.96	7.852
490.17	7.931
490.38	8.066
490.59	8.118
490.80	7.946
491.01	7.923
491.22	7.868
491.43	8.088
491.64	8.064
491.85	8.294
492.06	8.163
492.27	7.996
492.48	8.076
492.69	8.035
492.90	8.157
493.11	8.220
493.32	8.031
493.53	8.258
493.74	8.404
493.95	8.522
494.16	8.466
494.37	8.224
494.58	8.300
494.79	8.161
495.00	8.300
495.21	8.561
495.42	8.415
495.63	8.192
495.84	8.412
496.05	8.507
496.26	8.159
496.47	8.494
496.68	8.374
496.89	8.527
497.10	8.718
497.31	8.517
497.52	8.468
497.73	8.588
497.94	8.583
498.15	8.518
498.36	8.479
498.57	8.708
498.78	8.910
498.99	8.800
499.19	8.588
499.40	8.663
499.61	8.900
499.82	8.662
500.03	8.731
500.24	8.604
500.45	8.935
500.66	9.004
500.87	9.010
501.08	8.721
501.29	8.885
501.50	8.884
501.71	8.804
501.92	8.720
502.13	8.786
502.34	9.084
502.55	8.781
502.76	8.913
502.96	8.757
503.17	9.021
503.38	9.131
503.59	8.971
503.80	9.139
504.01	9.257
504.22	9.129
504.43	9.246
504.64	9.123
504.85	9.134
505.06	9.062
505.27	9.221
505.47	9.054
505.68	9.265
505.89	9.199
506.10	9.269
506.31	9.120
506.52	9.291
506.73	9.084
506.94	9.105
507.15	9.382
507.36	9.102
507.56	9.182
507.77	8.992
507.98	9.238
508.19	9.241
508.40	9.321
508.61	9.319
508.82	9.081
509.03	9.367
509.24	9.379
509.44	9.549
509.65	9.436
509.86	9.325
510.07	9.363
510.28	9.355
510.49	9.151
510.70	9.623
510.91	9.423
511.11	9.282
511.32	9.466
511.53	9.483
511.74	9.521
511.95	9.363
512.16	9.421
512.37	9.401
512.58	9.544
512.78	9.234
512.99	9.440
513.20	9.399
513.41	9.502
513.62	9.666
513.83	9.393
514.04	9.377
514.24	9.551
514.45	9.400
514.66	9.265
514.87	9.595
515.08	9.531
515.29	9.652
515.49	9.358
515.70	9.575
515.91	9.628
516.12	9.599
516.33	9.501
516.54	9.551
516.74	9.441
516.95	9.647
517.16	9.702
517.37	9.579
517.58	9.603
517.79	9.643
517.99	9.509
518.20	9.570
518.41	9.657
518.62	9.609
518.83	9.456
519.03	9.576
519.24	9.457
519.45	9.607
519.66	9.651
519.87	9.524
520.07	9.699
520.28	9.566
520.49	9.653
520.70	9.591
520.91	9.778
521.12	9.545
521.32	9.623
521.53	9.467
521.74	9.794
521.95	9.523
522.15	9.579
522.36	9.651
522.57	9.472
522.78	9.623
522.99	9.507
523.19	9.655
523.40	9.647
523.61	9.784
523.82	9.606
524.03	9.437
524.23	9.660
524.44	9.519
524.65	9.667
524.86	9.534
525.06	9.510
525.27	9.474
525.48	9.666
525.69	9.640
525.89	9.683
526.10	9.735
526.31	9.392
526.52	9.563
526.72	9.548
526.93	9.596
527.14	9.647
527.35	9.539
527.56	9.607
527.76	9.489
527.97	9.487
528.18	9.533
528.38	9.519
528.59	9.388
528.80	9.468
529.01	9.335
529.21	9.581
529.42	9.477
529.63	9.422
529.84	9.526
530.04	9.403
530.25	9.487
530.46	9.443
530.67	9.429
530.87	9.354
531.08	9.476
531.29	9.400
531.50	9.369
531.70	9.296
531.91	9.461
532.12	9.328
532.32	9.388
532.53	9.346
532.74	9.245
532.95	9.403
533.15	9.155
533.36	9.284
533.57	9.200
533.77	9.117
533.98	9.275
534.19	9.256
534.39	8.906
534.60	9.146
534.81	9.226
535.02	9.153
535.22	9.018
535.43	9.187
535.64	9.234
535.84	9.166
536.05	9.187
536.26	9.164
536.46	9.126
536.67	9.023
536.88	8.989
537.08	8.966
537.29	8.998
537.50	9.060
537.70	8.967
537.91	8.894
538.12	8.964
538.33	8.822
538.53	8.763
538.74	8.778
538.95	8.696
539.15	8.797
539.36	8.806
539.57	8.709
539.77	8.680
539.98	8.765
540.18	8.592
540.39	8.643
540.60	8.572
540.80	8.546
541.01	8.585
541.22	8.604
541.42	8.535
541.63	8.488
541.84	8.381
542.04	8.337
542.25	8.276
542.46	8.363
542.66	8.275
542.87	8.225
543.08	8.246
543.28	8.199
543.49	8.190
543.69	8.096
543.90	8.179
544.11	8.126
544.31	7.956
544.52	7.999
544.73	7.899
544.93	8.001
545.14	7.893
545.34	7.819
545.55	7.806
545.76	7.683
545.96	7.793
546.17	7.717
546.38	7.629
546.58	7.740
546.79	7.604
546.99	7.705
547.20	7.435
547.41	7.386
547.61	7.484
547.82	7.324
548.02	7.419
548.23	7.237
548.44	7.234
548.64	7.064
548.85	7.225
549.05	7.130
549.26	7.125
549.47	7.196
549.67	6.990
549.88	7.149
550.08	6.912
550.29	6.886
550.50	6.868
550.70	6.752
550.91	6.613
551.11	6.706
551.32	6.622
551.52	6.714
551.73	6.594
551.94	6.483
552.14	6.509
552.35	6.399
552.55	6.430
552.76	6.263
552.96	6.193
553.17	6.342
553.38	6.214
553.58	6.184
553.79	6.104
553.99	6.055
554.20	6.141
554.40	6.044
554.61	5.868
554.81	5.930
555.02	5.857
555.23	5.795
555.43	5.817
555.64	5.736
555.84	5.582
556.05	5.692
556.25	5.561
556.46	5.500
556.66	5.377
556.87	5.428
557.07	5.400
557.28	5.343
557.48	5.336
557.69	5.165
557.90	5.052
558.10	5.055
558.31	5.091
558.51	5.116
558.72	4.955
558.92	5.000
559.13	4.810
559.33	4.690
559.54	4.724
559.74	4.617
559.95	4.694
560.15	4.547
560.36	4.610
560.56	4.563
560.77	4.515
560.97	4.493
561.18	4.396
561.38	4.346
561.59	4.334
561.79	4.259
562.00	4.231
562.20	4.198
562.41	4.110
562.61	4.085
562.82	4.085
563.02	4.020
563.23	3.934
563.43	3.889
563.64	3.850
563.84	3.836
564.05	3.859
564.25	3.810
564.46	3.826
564.66	3.658
564.87	3.726
565.07	3.568
565.28	3.629
565.48	3.637
565.68	3.493
565.89	3.516
566.09	3.453
566.30	3.423
566.50	3.496
566.71	3.380
566.91	3.379
567.12	3.421
567.32	3.319
567.53	3.249
567.73	3.244
567.94	3.217
568.14	3.178
568.34	3.049
568.55	3.149
568.75	3.101
568.96	3.063
569.16	3.046
569.37	2.994
569.57	2.993
569.78	2.939
569.98	2.855
570.18	2.935
570.39	2.944
570.59	2.809
570.80	2.832
571.00	2.874
571.21	2.760
571.41	2.758
571.61	2.734
571.82	2.784
572.02	2.629
572.23	2.629
572.43	2.636
572.64	2.517
572.84	2.516
573.04	2.502
573.25	2.532
573.45	2.544
573.66	2.507
573.86	2.473
574.06	2.398
574.27	2.358
574.47	2.372
574.68	2.332
574.88	2.411
575.08	2.343
575.29	2.225
575.49	2.239
575.70	2.313
575.90	2.186
576.10	2.307
576.31	2.222
576.51	2.184
576.72	2.045
576.92	2.138
577.12	2.192
577.33	2.141
577.53	2.192
577.73	2.025
577.94	2.075
578.14	2.060
578.35	2.091
578.55	2.018
578.75	2.070
578.96	2.007
579.16	2.043
579.36	1.992
579.57	1.927
579.77	1.948
579.98	2.014
580.18	1.863
580.38	1.862
580.59	1.927
580.79	1.848
580.99	1.922
581.20	1.889
581.40	1.843
581.60	1.835
581.81	1.828
582.01	1.814
582.21	1.755
582.42	1.856
582.62	1.831
582.82	1.783
583.03	1.764
583.23	1.747
583.43	1.746
583.64	1.625
583.84	1.748
584.04	1.791
584.25	1.677
584.45	1.688
584.65	1.643
584.86	1.673
585.06	1.690
585.26	1.619
585.47	1.675
585.67	1.636
585.87	1.612
586.08	1.587
586.28	1.565
586.48	1.612
586.69	1.601
586.89	1.604
587.09	1.540
587.30	1.613
587.50	1.553
587.70	1.542
587.90	1.529
588.11	1.513
588.31	1.481
588.51	1.473
588.72	1.454
588.92	1.450
589.12	1.416
589.33	1.440
589.53	1.437
589.73	1.421
589.93	1.431
590.14	1.448
590.34	1.327
590.54	1.455
590.75	1.420
590.95	1.407
591.15	1.361
591.35	1.306
591.56	1.359
591.76	1.344
591.96	1.344
592.16	1.330
592.37	1.306
592.57	1.298
592.77	1.310
592.97	1.337
593.18	1.248
593.38	1.265
593.58	1.269
593.79	1.271
593.99	1.241
594.19	1.185
594.39	1.224
594.60	1.241
594.80	1.285
595.00	1.096
595.20	1.108
595.41	1.156
595.61	1.101
595.81	1.185
596.01	1.118
596.21	1.126
596.42	1.103
596.62	1.115
596.82	1.135
597.02	1.137
597.23	1.073
597.43	1.032
597.63	1.039
597.83	1.100
598.04	1.056
598.24	0.973
598.44	1.034
598.64	1.051
598.84	1.021
599.05	1.015
599.25	1.016
599.45	0.960
599.65	0.988
599.85	0.927
600.06	0.934
600.26	0.943
600.46	0.962
600.66	0.904
600.87	0.911
601.07	0.897
601.27	0.930
601.47	0.945
601.67	0.891
601.87	0.891
602.08	0.834
602.28	0.926
602.48	0.902
602.68	0.825
602.88	0.831
603.09	0.815
603.29	0.743
603.49	0.761
603.69	0.863
603.89	0.806
604.10	0.767
604.30	0.781
604.50	0.773
604.70	0.781
604.90	0.747
605.10	0.807
605.31	0.757
605.51	0.747
605.71	0.750
605.91	0.751
606.11	0.710
606.31	0.739
606.52	0.791
606.72	0.759
606.92	0.779
607.12	0.751
607.32	0.706
607.52	0.710
607.72	0.770
607.93	0.727
608.13	0.632
608.33	0.657
608.53	0.736
608.73	0.685
608.93	0.659
609.13	0.686
609.34	0.711
609.54	0.710
609.74	0.695
609.94	0.616
610.14	0.706
610.34	0.678
610.54	0.647
610.74	0.670
610.95	0.716
611.15	0.713
611.35	0.666
611.55	0.611
611.75	0.657
611.95	0.705
612.15	0.681
612.35	0.675
612.56	0.724
612.76	0.669
612.96	0.661
613.16	0.681
613.36	0.642
613.56	0.628
613.76	0.657
613.96	0.688
614.16	0.635
614.36	0.685
614.57	0.669
614.77	0.663
614.97	0.674
615.17	0.664
615.37	0.736
615.57	0.689
615.77	0.652
615.97	0.712
616.17	0.676
616.37	0.733
616.57	0.725
616.78	0.695
616.98	0.658
617.18	0.697
617.38	0.668
617.58	0.693
617.78	0.699
617.98	0.687
618.18	0.666
618.38	0.697
618.58	0.752
618.78	0.734
618.98	0.730
619.18	0.815
619.38	0.659
619.58	0.728
619.79	0.702
619.99	0.785
620.19	0.726
620.39	0.814
620.59	0.768
620.79	0.704
620.99	0.745
621.19	0.759
621.39	0.688
621.59	0.703
621.79	0.739
621.99	0.770
622.19	0.811
622.39	0.747
622.59	0.847
622.79	0.748
622.99	0.708
623.19	0.780
623.39	0.784
623.59	0.739
623.79	0.790
623.99	0.778
624.19	0.760
624.39	0.740
624.59	0.759
624.79	0.808
624.99	0.757
625.19	0.845
625.39	0.824
625.59	0.819
625.79	0.854
625.99	0.867
626.19	0.803
626.39	0.831
626.59	0.884
626.79	0.841
626.99	0.839
627.19	0.819
627.39	0.867
627.59	0.936
627.79	0.830
627.99	0.859
628.19	0.903
628.39	0.829
628.59	0.866
628.79	0.852
628.99	0.905
629.19	0.903
629.39	0.878
629.59	0.966
629.79	0.930
629.99	0.859
630.19	0.856
630.39	0.845
630.59	0.868
630.79	0.926
630.99	0.974
631.19	0.914
631.39	0.919
631.59	0.933
631.79	0.871
631.99	0.917
632.19	0.965
632.39	0.929
632.59	0.992
632.79	0.969
632.99	0.958
633.19	0.912
633.39	0.929
633.58	0.940
633.78	0.930
633.98	0.948
634.18	0.916
634.38	0.959
634.58	0.943
634.78	0.950
634.98	1.004
635.18	1.059
635.38	0.993
635.58	0.958
635.78	0.961
635.98	1.018
636.18	0.992
636.38	0.998
636.57	1.014
636.77	1.053
636.97	1.021
637.17	1.078
637.37	1.021
637.57	1.065
637.77	0.996
637.97	1.028
638.17	1.060
638.37	0.968
638.57	1.013
638.76	1.115
638.96	1.096
639.16	1.075
639.36	1.069
639.56	1.056
639.76	1.122
639.96	1.098
640.16	1.193
640.36	1.095
640.56	1.091
640.75	1.134
640.95	1.108
641.15	1.131
641.35	1.177
641.55	1.163
641.75	1.181
641.95	1.207
642.15	1.250
642.34	1.149
642.54	1.227
642.74	1.233
642.94	1.204
643.14	1.183
643.34	1.223
643.54	1.188
643.74	1.261
643.93	1.268
644.13	1.274
644.33	1.279
644.53	1.220
644.73	1.304
644.93	1.293
645.13	1.292
645.32	1.358
645.52	1.329
645.72	1.335
645.92	1.373
646.12	1.363
646.32	1.406
646.52	1.434
646.71	1.417
646.91	1.455
647.11	1.462
647.31	1.493
647.51	1.495
647.71	1.485
647.90	1.547
648.10	1.494
648.30	1.545
648.50	1.612
648.70	1.563
648.89	1.616
649.09	1.564
649.29	1.589
649.49	1.617
649.69	1.668
649.89	1.646
650.08	1.659
650.28	1.681
650.48	1.706
650.68	1.641
650.88	1.717
651.07	1.746
651.27	1.786
651.47	1.756
651.67	1.859
651.87	1.792
652.06	1.816
652.26	1.795
652.46	1.865
652.66	1.854
652.86	1.855
653.05	1.914
653.25	1.914
653.45	1.937
653.65	1.916
653.85	1.992
654.04	1.971
654.24	1.975
654.44	1.991
654.64	2.063
654.83	2.022
655.03	2.029
655.23	2.100
655.43	2.055
655.63	2.079
655.82	2.074
656.02	2.152
656.22	2.067
656.42	2.162
656.61	2.192
656.81	2.164
657.01	2.161
657.21	2.210
657.40	2.217
657.60	2.230
657.80	2.168
658.00	2.250
658.19	2.221
658.39	2.294
658.59	2.277
658.79	2.308
658.98	2.276
659.18	2.286
659.38	2.324
659.58	2.315
659.77	2.294
659.97	2.352
660.17	2.330
660.36	2.320
660.56	2.411
660.76	2.378
660.96	2.375
661.15	2.374
661.35	2.387
661.55	2.395
661.75	2.321
661.94	2.414
662.14	2.349
662.34	2.370
662.53	2.383
662.73	2.354
662.93	2.438
663.13	2.398
663.32	2.342
663.52	2.334
663.72	2.325
663.91	2.315
664.11	2.285
664.31	2.307
664.50	2.309
664.70	2.307
664.90	2.313
665.10	2.301
665.29	2.273
665.49	2.229
665.69	2.194
665.88	2.201
666.08	2.160
666.28	2.146
666.47	2.101
666.67	2.092
666.87	2.119
667.06	2.090
667.26	2.117
667.46	2.022
667.65	2.036
667.85	1.988
668.05	2.030
668.24	1.990
668.44	1.929
668.64	1.972
668.83	1.919
669.03	1.864
669.23	1.943
669.42	1.867
669.62	1.900
669.82	1.828
670.01	1.820
670.21	1.782
670.41	1.748
670.60	1.822
670.80	1.749
671.00	1.802
671.19	1.753
671.39	1.721
671.58	1.665
671.78	1.708
671.98	1.671
672.17	1.678
672.37	1.649
672.57	1.672
672.76	1.650
672.96	1.646
673.15	1.577
673.35	1.590
673.55	1.570
673.74	1.618
673.94	1.576
674.14	1.569
674.33	1.562
674.53	1.564
674.72	1.546
674.92	1.562
675.12	1.618
675.31	1.546
675.51	1.524
675.70	1.547
675.90	1.550
676.10	1.596
676.29	1.588
676.49	1.519
676.68	1.579
676.88	1.560
677.08	1.569
677.27	1.559
677.47	1.539
677.66	1.607
677.86	1.580
678.06	1.607
678.25	1.618
678.45	1.577
678.64	1.590
678.84	1.599
679.03	1.619
679.23	1.605
679.43	1.642
679.62	1.670
679.82	1.692
680.01	1.659
680.21	1.723
680.40	1.686
680.60	1.691
680.80	1.752
680.99	1.826
681.19	1.796
681.38	1.774
681.58	1.786
681.77	1.793
681.97	1.813
682.16	1.845
682.36	1.867
682.56	1.869
682.75	1.836
682.95	1.888
683.14	1.941
683.34	1.940
683.53	1.933
683.73	1.998
683.92	1.966
684.12	1.997
684.31	1.996
684.51	2.018
684.70	2.007
684.90	2.061
685.10	2.025
685.29	2.057
685.49	2.087
685.68	2.097
685.88	2.039
686.07	2.115
686.27	2.138
686.46	2.127
686.66	2.166
686.85	2.222
687.05	2.183
687.24	2.217
687.44	2.164
687.63	2.203
687.83	2.252
688.02	2.257
688.22	2.262
688.41	2.280
688.61	2.216
688.80	2.258
689.00	2.336
689.19	2.290
689.39	2.307
689.58	2.347
689.78	2.329
689.97	2.319
690.17	2.353
690.36	2.292
690.56	2.395
690.75	2.351
690.95	2.368
691.14	2.351
691.34	2.384
691.53	2.383
691.72	2.398
691.92	2.408
692.11	2.368
692.31	2.367
692.50	2.409
692.70	2.359
692.89	2.328
693.09	2.432
693.28	2.370
693.48	2.396
693.67	2.390
693.87	2.420
694.06	2.345
694.25	2.350
694.45	2.350
694.64	2.362
694.84	2.331
695.03	2.374
695.23	2.390
695.42	2.361
695.62	2.353
695.81	2.285
696.00	2.300
696.20	2.291
696.39	2.260
696.59	2.303
696.78	2.311
696.98	2.281
697.17	2.239
697.36	2.293
697.56	2.250
697.75	2.235
697.95	2.231
698.14	2.248
698.34	2.199
698.53	2.219
698.72	2.243
698.92	2.166
699.11	2.184
699.31	2.191
699.50	2.174
699.69	2.139
699.89	2.154
700.08	2.112
700.28	2.140
700.47	2.054
700.66	2.154
700.86	2.106
701.05	2.027
701.25	2.079
701.44	2.054
701.63	2.010
701.83	2.129
702.02	1.964
702.21	2.023
702.41	2.030
702.60	1.978
702.80	1.934
702.99	1.931
703.18	1.944
703.38	1.961
703.57	1.910
703.77	1.931
703.96	1.879
704.15	1.953
704.35	1.899
704.54	1.825
704.73	1.860
704.93	1.891
705.12	1.848
705.31	1.838
705.51	1.843
705.70	1.864
705.89	1.822
706.09	1.797
706.28	1.804
706.48	1.801
706.67	1.802
706.86	1.837
707.06	1.831
707.25	1.814
707.44	1.775
707.64	1.782
707.83	1.762
708.02	1.821
708.22	1.768
708.41	1.778
708.60	1.772
708.80	1.763
708.99	1.741
709.18	1.773
709.38	1.757
709.57	1.779
709.76	1.780
709.95	1.764
710.15	1.737
710.34	1.718
710.53	1.762
710.73	1.783
710.92	1.726
711.11	1.780
711.31	1.780
711.50	1.734
711.69	1.808
711.89	1.793
712.08	1.788
712.27	1.805
712.46	1.819
712.66	1.862
712.85	1.827
713.04	1.839
713.24	1.857
713.43	1.884
713.62	1.867
713.81	1.899
714.01	1.895
714.20	1.900
714.39	1.915
714.59	1.930
714.78	1.917
714.97	1.920
715.16	1.956
715.36	1.968
715.55	1.920
715.74	2.007
715.93	1.981
716.13	2.037
716.32	2.068
716.51	2.042
716.71	2.072
716.90	2.116
717.09	2.123
717.28	2.123
717.48	2.179
717.67	2.121
717.86	2.208
718.05	2.248
718.25	2.212
718.44	2.310
718.63	2.316
718.82	2.284
719.02	2.341
719.21	2.388
719.40	2.373
719.59	2.441
719.78	2.438
719.98	2.430
720.17	2.511
720.36	2.500
720.55	2.633
720.75	2.642
720.94	2.603
721.13	2.629
721.32	2.651
721.51	2.636
721.71	2.723
721.90	2.785
722.09	2.807
722.28	2.845
722.48	2.849
722.67	2.902
722.86	2.985
723.05	3.021
723.24	3.073
723.44	3.040
723.63	3.132
723.82	3.185
724.01	3.169
724.20	3.241
724.40	3.283
724.59	3.298
724.78	3.383
724.97	3.363
725.16	3.459
725.35	3.511
725.55	3.541
725.74	3.603
725.93	3.641
726.12	3.720
726.31	3.815
726.51	3.820
726.70	3.842
726.89	3.947
727.08	4.000
727.27	4.012
727.46	4.087
727.66	4.125
727.85	4.201
728.04	4.291
728.23	4.275
728.42	4.422
728.61	4.423
728.81	4.558
729.00	4.562
729.19	4.668
729.38	4.749
729.57	4.823
729.76	4.858
729.95	4.916
730.15	5.062
730.34	5.108
730.53	5.234
730.72	5.256
730.91	5.238
731.10	5.376
731.29	5.445
731.49	5.522
731.68	5.604
731.87	5.712
732.06	5.770
732.25	5.883
732.44	6.025
732.63	6.008
732.82	6.071
733.02	6.138
733.21	6.291
733.40	6.458
733.59	6.402
733.78	6.574
733.97	6.719
734.16	6.752
734.35	6.976
734.54	6.947
734.74	7.153
734.93	7.109
735.12	7.248
735.31	7.412
735.50	7.424
735.69	7.720
735.88	7.770
736.07	7.839
736.26	7.895
736.45	8.053
736.64	8.190
736.84	8.127
737.03	8.403
737.22	8.497
737.41	8.618
737.60	8.754
737.79	8.882
737.98	8.971
738.17	9.104
738.36	9.257
738.55	9.314
738.74	9.467
738.93	9.488
739.12	9.673
739.32	9.782
739.51	10.061
739.70	10.144
739.89	10.316
740.08	10.492
740.27	10.643
740.46	10.734
740.65	10.793
740.84	11.112
741.03	11.262
741.22	11.389
741.41	11.464
741.60	11.684
741.79	11.797
741.98	11.868
742.17	12.124
742.36	12.292
742.55	12.495
742.74	12.607
742.93	12.742
743.12	12.958
743.31	13.193
743.51	13.311
743.70	13.411
743.89	13.689
744.08	13.876
744.27	13.906
744.46	14.067
744.65	14.303
744.84	14.505
745.03	14.627
745.22	14.921
745.41	14.960
745.60	15.188
745.79	15.380
745.98	15.678
746.17	15.864
746.36	16.005
746.55	16.191
746.74	16.378
746.93	16.715
747.12	16.904
747.31	16.995
747.50	17.324
747.69	17.425
747.88	17.694
748.07	17.851
748.26	18.000
748.45	18.174
748.64	18.429
748.83	18.681
749.02	18.815
749.21	18.973
749.40	19.277
749.59	19.621
749.77	19.786
749.96	19.945
750.15	20.246
750.34	20.413
750.53	20.645
750.72	20.830
750.91	21.060
751.10	21.390
751.29	21.379
751.48	21.901
751.67	21.961
751.86	22.132
752.05	22.490
752.24	22.643
752.43	22.809
752.62	22.901
752.81	23.193
753.00	23.390
753.19	23.637
753.38	23.870
753.57	23.987
753.76	24.160
753.94	24.438
754.13	24.706
754.32	24.923
754.51	25.097
754.70	25.392
754.89	25.569
755.08	25.831
755.27	26.061
755.46	26.140
755.65	26.464
755.84	26.667
756.03	26.878
756.22	27.060
756.40	27.251
756.59	27.409
756.78	27.523
756.97	27.866
757.16	28.093
757.35	28.275
757.54	28.381
757.73	28.470
757.92	28.792
758.11	29.143
758.29	29.214
758.48	29.395
758.67	29.372
758.86	29.779
759.05	29.921
759.24	29.953
759.43	30.228
759.62	30.285
759.81	30.318
759.99	30.591
760.18	30.762
760.37	31.085
760.56	31.270
760.75	31.173
760.94	31.571
761.13	31.824
761.32	31.698
761.50	32.108
761.69	32.129
761.88	32.405
762.07	32.485
762.26	32.632
762.45	32.692
762.64	32.735
762.82	32.946
763.01	33.199
763.20	33.287
763.39	33.427
763.58	33.443
763.77	33.517
763.96	33.667
764.14	33.934
764.33	33.958
764.52	34.167
764.71	34.159
764.90	34.227
765.09	34.497
765.27	34.495
765.46	34.539
765.65	34.645
765.84	34.709
766.03	34.925
766.22	35.150
766.40	35.106
766.59	35.415
766.78	35.407
766.97	35.474
767.16	35.636
767.35	35.765
767.53	36.035
767.72	36.146
767.91	36.059
768.10	36.159
768.29	36.410
768.47	36.486
768.66	36.511
768.85	36.632
769.04	36.660
769.23	36.727
769.41	36.889
769.60	36.805
769.79	37.159
769.98	37.008
770.17	37.331
770.35	37.357
770.54	37.303
770.73	37.426
770.92	37.570
771.10	37.556
771.29	37.581
771.48	37.791
771.67	37.717
771.86	37.727
772.04	37.880
772.23	38.029
772.42	38.100
772.61	37.926
772.79	38.047
772.98	38.178
773.17	38.335
773.36	38.397
773.54	38.357
773.73	38.499
773.92	38.480
774.11	38.455
774.30	38.436
774.48	38.571
774.67	38.677
774.86	38.923
775.05	39.014
775.23	38.961
775.42	39.246
775.61	38.801
775.79	39.052
775.98	39.026
776.17	39.040
776.36	39.184
776.54	39.290
776.73	39.484
776.92	39.290
777.11	39.346
777.29	39.223
777.48	39.487
777.67	39.660
777.85	39.677
778.04	39.882
778.23	39.819
778.42	39.964
778.60	39.639
778.79	40.191
778.98	39.935
779.16	40.085
779.35	40.178
779.54	40.071
779.73	40.095
779.91	39.920
780.10	40.185
780.29	40.354
780.47	40.441
780.66	40.380
780.85	40.650
781.03	40.520
781.22	40.535
781.41	40.652
781.60	40.592
781.78	40.603
781.97	40.574
782.16	40.833
782.34	40.681
782.53	40.832
782.72	40.859
782.90	40.961
783.09	40.900
783.28	40.971
783.46	40.958
783.65	41.028
783.84	40.961
784.02	40.736
784.21	40.939
784.40	41.080
784.58	40.969
784.77	41.212
784.96	41.311
785.14	41.381
785.33	41.352
785.52	41.496
785.70	41.316
785.89	41.299
786.08	41.404
786.26	41.533
786.45	41.660
786.63	41.545
786.82	41.844
787.01	41.608
787.19	41.678
787.38	41.875
787.57	41.839
787.75	41.790
787.94	41.748
788.13	41.865
788.31	41.915
788.50	42.073
788.68	42.029
788.87	42.094
789.06	41.874
789.24	42.055
789.43	41.880
789.61	42.199
789.80	42.395
789.99	42.233
790.17	42.321
790.36	42.366
790.55	42.429
790.73	42.307
790.92	42.265
791.10	42.378
791.29	42.289
791.48	42.362
791.66	42.453
791.85	42.416
792.03	42.626
792.22	42.604
792.40	42.587
792.59	42.607
792.78	42.827
792.96	42.838
793.15	42.638
793.33	42.548
793.52	42.816
793.71	42.611
793.89	42.809
794.08	42.927
794.26	42.855
794.45	42.973
794.63	42.991
794.82	42.976
795.01	42.938
795.19	43.060
795.38	43.090
795.56	43.123
795.75	43.014
795.93	43.203
796.12	43.187
796.30	43.180
796.49	43.078
796.68	42.905
796.86	43.230
797.05	43.220
797.23	43.238
797.42	43.267
797.60	43.088
797.79	43.226
797.97	43.389
798.16	43.470
798.34	43.398
798.53	43.444
798.71	43.217
798.90	43.526
799.08	43.510
799.27	43.606
799.46	43.651
799.64	43.719
799.83	43.621
800.01	43.706
800.20	43.890
800.38	43.664
800.57	43.631
800.75	43.933
800.94	43.781
801.12	44.022
801.31	43.979
801.49	43.982
801.68	43.931
801.86	44.094
802.05	44.067
802.23	43.870
802.42	43.948
802.60	43.936
802.79	44.042
802.97	44.084
803.16	43.771
803.34	44.192
803.53	44.204
803.71	44.234
803.90	44.204
804.08	44.258
804.27	44.303
804.45	44.284
804.63	44.362
804.82	44.409
805.00	44.239
805.19	44.310
805.37	44.101
805.56	44.286
805.74	44.326
805.93	44.406
806.11	44.424
806.30	44.460
806.48	44.432
806.67	44.414
806.85	44.559
807.04	44.500
807.22	44.708
807.40	44.544
807.59	44.482
807.77	44.812
807.96	44.859
808.14	44.787
808.33	45.042
808.51	44.831
808.69	44.860
808.88	44.812
809.06	44.737
809.25	44.772
809.43	44.926
809.62	44.885
809.80	44.883
809.99	45.057
810.17	45.098
810.35	45.078
810.54	45.056
810.72	45.161
810.91	45.086
811.09	45.033
811.27	45.152
811.46	45.152
811.64	44.959
811.83	45.088
812.01	44.997
812.19	45.033
812.38	45.150
812.56	45.261
812.75	45.349
812.93	45.296
813.11	45.366
813.30	45.603
813.48	45.350
813.67	45.298
813.85	45.237
814.03	45.419
814.22	45.424
814.40	45.507
814.59	45.486
814.77	45.494
814.95	45.308
815.14	45.294
815.32	45.338
815.50	45.218
815.69	45.403
815.87	45.446
816.06	45.638
816.24	45.430
816.42	45.516
816.61	45.621
816.79	45.647
816.97	45.699
817.16	45.576
817.34	45.374
817.52	45.569
817.71	45.399
817.89	45.630
818.07	45.893
818.26	45.695
818.44	45.965
818.63	45.896
818.81	46.053
818.99	45.932
819.18	45.871
819.36	45.918
819.54	46.024
819.73	45.982
819.91	45.769
820.09	45.995
820.28	45.811
820.46	46.013
820.64	46.156
820.83	46.187
821.01	46.275
821.19	46.274
821.37	46.192
821.56	46.144
821.74	46.121
821.92	46.222
822.11	46.085
822.29	46.159
822.47	46.190
822.66	46.151
822.84	46.362
823.02	46.613
823.21	46.385
823.39	46.207
823.57	46.300
823.75	46.263
823.94	46.292
824.12	46.394
824.30	46.431
824.49	46.151
824.67	46.371
824.85	46.213
825.03	46.483
825.22	46.331
825.40	46.565
825.58	46.590
825.77	46.229
825.95	46.432
826.13	46.274
826.31	46.321
826.50	46.593
826.68	46.282
826.86	46.471
827.04	46.674
827.23	46.862
827.41	46.661
827.59	46.777
827.78	46.829
827.96	46.710
828.14	46.723
828.32	46.808
828.51	46.989
828.69	46.681
828.87	46.825
829.05	46.869
829.23	46.576
829.42	46.765
829.60	46.554
829.78	46.813
829.96	46.955
830.15	46.921
830.33	47.152
830.51	46.913
830.69	46.878
830.88	47.324
831.06	47.009
831.24	47.108
831.42	46.967
831.60	46.939
831.79	46.906
831.97	47.032
832.15	46.875
832.33	46.948
832.52	47.104
832.70	46.762
832.88	47.136
833.06	47.000
833.24	47.012
833.43	47.139
833.61	47.115
833.79	47.051
833.97	47.282
834.15	47.215
834.34	47.266
834.52	47.437
834.70	47.231
834.88	47.396
835.06	47.669
835.25	47.646
835.43	47.414
835.61	47.631
835.79	47.554
835.97	47.492
836.15	47.627
836.34	47.482
836.52	47.611
836.70	47.562
836.88	47.553
837.06	47.573
837.24	47.897
837.43	47.822
837.61	47.831
837.79	47.869
837.97	48.024
838.15	47.904
838.33	47.956
838.52	47.819
838.70	47.407
838.88	47.594
839.06	47.519
839.24	47.446
839.42	47.904
839.60	47.807
839.79	47.817
839.97	47.684
840.15	48.189
840.33	47.949
840.51	48.131
840.69	47.876
840.87	47.808
841.06	47.758
841.24	48.114
841.42	47.922
841.60	47.865
841.78	47.976
841.96	48.017
842.14	48.313
842.32	48.097
842.51	48.117
842.69	48.052
842.87	47.856
843.05	47.749
843.23	47.930
843.41	48.069
843.59	47.971
843.77	48.053
843.95	48.124
844.14	48.284
844.32	48.470
844.50	48.432
844.68	48.526
844.86	48.373
845.04	48.307
845.22	48.257
845.40	48.284
845.58	48.318
845.76	48.139
845.94	48.116
846.12	48.517
846.31	47.997
846.49	48.119
846.67	47.788
846.85	48.327
847.03	48.269
847.21	48.161
847.39	48.152
847.57	48.470
847.75	48.286
847.93	48.184
848.11	48.016
848.29	48.104
848.47	48.237
848.65	48.069
848.83	48.193
849.02	48.508
849.20	48.211
849.38	48.289
849.56	48.489
849.74	48.453
849.92	48.463
850.10	48.571
850.28	48.450
850.46	48.665
850.64	48.441
850.82	48.773
851.00	48.744
851.18	48.365
851.36	48.664
851.54	48.387
851.72	48.689
851.90	48.828
852.08	48.757
852.26	48.544
852.44	48.639
852.62	48.635
852.80	48.887
852.98	49.050
853.16	48.956
853.34	48.922
853.52	48.565
853.70	48.796
853.88	48.680
854.06	48.636
854.24	48.758
854.42	48.930
854.60	48.900
854.78	49.092
854.96	49.256
855.14	48.779
855.32	48.918
855.50	49.054
855.68	49.134
855.86	49.166
856.04	49.153
856.22	48.820
856.40	48.956
856.58	48.878
856.76	48.926
856.94	48.895
857.12	48.918
857.30	48.856
857.48	48.767
857.66	48.724
857.84	48.758
858.02	48.757
858.20	48.830
858.38	48.879
858.56	48.772
858.74	48.867
858.92	48.932
859.10	49.059
859.28	49.268
859.46	49.293
859.64	49.299
859.81	48.964
859.99	49.108
860.17	49.210
860.35	49.264
860.53	49.238
860.71	49.332
860.89	49.449
861.07	49.239
861.25	48.960
861.43	49.244
861.61	49.429
861.79	49.577
861.97	49.504
862.15	49.439
862.33	49.447
862.50	49.429
862.68	49.232
862.86	49.188
863.04	49.223
863.22	49.310
863.40	49.497
863.58	49.497
863.76	49.440
863.94	49.594
864.12	49.604
864.30	49.523
864.47	49.599
864.65	49.532
864.83	49.455
865.01	49.471
865.19	49.326
865.37	49.406
865.55	49.674
865.73	49.531
865.91	49.855
866.09	49.683
866.26	49.686
866.44	49.435
866.62	49.461
866.80	49.742
866.98	49.252
867.16	49.478
867.34	49.625
867.52	49.517
867.69	49.755
867.87	49.704
868.05	49.563
868.23	49.511
868.41	49.631
868.59	49.666
868.77	49.986
868.94	49.919
869.12	49.938
869.30	49.714
869.48	49.865
869.66	49.549
869.84	49.763
870.02	49.824
870.19	49.786
870.37	49.818
870.55	50.088
870.73	49.675
870.91	49.673
871.09	49.844
871.26	50.166
871.44	50.111
871.62	50.080
871.80	49.826
871.98	49.988
872.16	50.024
872.33	50.118
872.51	50.058
872.69	50.248
872.87	50.185
873.05	49.993
873.22	50.302
873.40	50.182
873.58	50.286
873.76	49.805
873.94	50.247
874.12	49.974
874.29	50.080
874.47	50.287
874.65	50.354
874.83	49.637
875.01	50.165
875.18	49.735
875.36	50.155
875.54	50.354
875.72	50.337
875.89	50.477
876.07	50.337
876.25	50.375
876.43	50.269
876.61	50.294
876.78	50.359
876.96	50.322
877.14	50.057
877.32	50.019
877.49	50.317
877.67	50.158
877.85	50.166
878.03	50.373
878.21	50.265
878.38	50.213
878.56	50.202
878.74	50.167
878.92	50.220
879.09	50.285
879.27	50.497
879.45	50.452
879.63	50.319
879.80	50.252
879.98	50.351
880.16	50.438
880.34	50.389
880.51	50.397
880.69	50.341
880.87	50.317
881.05	50.238
881.22	50.268
881.40	50.149
881.58	50.206
881.75	50.540
881.93	50.328
882.11	50.270
882.29	50.393
882.46	50.814
882.64	50.795
882.82	50.354
883.00	50.245
883.17	50.298
883.35	50.619
883.53	50.625
883.70	50.422
883.88	50.467
884.06	50.566
884.23	50.621
884.41	50.674
884.59	50.674
884.77	50.716
884.94	50.980
885.12	51.115
885.30	50.616
885.47	50.629
885.65	51.001
885.83	50.742
886.00	50.669
886.18	50.923
886.36	51.074
886.53	50.794
886.71	50.363
886.89	50.479
887.07	50.777
887.24	50.801
887.42	50.549
887.60	50.771
887.77	50.763
887.95	50.893
888.13	50.965
888.30	50.712
888.48	50.777
888.66	50.783
888.83	50.956
889.01	50.925
889.18	51.051
889.36	51.126
889.54	50.808
889.71	51.170
889.89	50.669
890.07	50.888
890.24	50.642
890.42	50.781
890.60	50.887
890.77	50.825
890.95	50.716
891.13	51.183
891.30	51.096
891.48	50.965
891.65	50.995
891.83	51.236
892.01	50.949
892.18	50.932
892.36	51.126
892.54	51.079
892.71	51.037
892.89	51.034
893.06	51.002
893.24	50.672
893.42	50.807
893.59	51.081
893.77	51.051
893.94	50.734
894.12	51.002
894.30	51.030
894.47	50.951
894.65	50.973
894.82	51.214
895.00	51.267
895.18	50.910
895.35	51.064
895.53	51.351
895.70	51.480
895.88	51.196
896.06	51.357
896.23	51.122
896.41	51.278
896.58	51.178
896.76	51.090
896.93	50.963
897.11	50.707
897.29	50.761
897.46	51.005
897.64	51.015
897.81	51.274
897.99	51.076
898.16	50.943
898.34	51.075
898.52	51.036
898.69	51.377
898.87	50.952
899.04	51.111
899.22	51.093
899.39	51.134
899.57	50.847
899.74	50.821
899.92	51.149
900.10	51.073
900.27	51.279
900.45	51.262
900.62	51.468
900.80	51.517
900.97	51.239
901.15	51.520
901.32	51.352
901.50	51.483
901.67	51.177
901.85	51.392
902.02	51.231
902.20	51.519
902.37	51.459
902.55	51.488
902.72	51.454
902.90	51.448
903.07	51.507
903.25	51.517
903.43	51.450
903.60	51.549
903.78	51.632
903.95	51.463
904.13	51.571
904.30	51.359
904.48	51.637
904.65	51.432
904.83	51.535
905.00	51.421
905.17	51.472
905.35	51.238
905.52	51.255
905.70	51.391
905.87	51.413
906.05	51.392
906.22	51.325
906.40	51.169
906.57	51.217
906.75	51.355
906.92	51.458
907.10	51.153
907.27	51.465
907.45	51.172
907.62	50.957
907.80	51.280
907.97	51.499
908.15	51.142
908.32	51.233
908.49	51.558
908.67	51.391
908.84	51.441
909.02	51.493
909.19	51.412
909.37	51.394
909.54	51.337
909.72	51.194
909.89	51.144
910.07	51.466
910.24	51.309
910.41	51.537
910.59	51.377
910.76	51.182
910.94	51.205
911.11	51.403
911.29	51.684
911.46	51.483
911.63	51.851
911.81	51.663
911.98	51.412
912.16	51.764
912.33	51.630
912.50	51.702
912.68	51.558
912.85	51.589
913.03	51.575
913.20	51.479
913.38	51.717
913.55	51.693
913.72	51.645
913.90	51.517
914.07	51.603
914.25	51.790
914.42	51.875
914.59	51.767
914.77	51.620
914.94	51.552
915.11	51.962
915.29	51.674
915.46	51.548
915.64	51.648
915.81	51.766
915.98	51.493
916.16	51.525
916.33	51.569
916.51	51.841
916.68	51.745
916.85	51.920
917.03	51.676
917.20	52.041
917.37	51.820
917.55	51.713
917.72	51.818
917.89	51.569
918.07	51.827
918.24	51.719
918.42	51.779
918.59	51.719
918.76	51.708
918.94	51.668
919.11	51.653
919.28	51.652
919.46	51.815
919.63	51.750
919.80	51.628
919.98	51.663
920.15	51.651
920.32	51.787
920.50	51.957
920.67	52.214
920.84	51.744
921.02	51.850
921.19	51.998
921.36	51.765
921.54	51.780
921.71	51.718
921.88	51.806
922.06	51.843
922.23	51.648
922.40	51.772
922.57	51.881
922.75	51.729
922.92	51.959
923.09	52.041
923.27	52.204
923.44	52.179
923.61	52.211
923.79	52.050
923.96	52.292
924.13	52.308
924.30	52.473
924.48	51.944
924.65	52.279
924.82	52.271
925.00	52.334
925.17	52.215
925.34	52.254
925.51	52.382
925.69	51.819
925.86	52.514
926.03	52.042
926.21	52.317
926.38	52.108
926.55	52.148
926.72	51.830
926.90	52.482
927.07	52.190
927.24	52.635
927.41	52.276
927.59	52.253
927.76	52.339
927.93	52.078
928.10	52.144
928.28	52.272
928.45	52.275
928.62	52.424
928.79	52.357
928.97	52.195
929.14	52.379
929.31	52.367
929.48	52.259
929.66	52.285
929.83	52.093
930.00	52.090
930.17	52.274
930.34	51.952
930.52	52.266
930.69	52.249
930.86	51.851
931.03	52.408
931.21	52.483
931.38	52.487
931.55	52.225
931.72	52.504
931.89	52.100
932.07	52.318
932.24	52.603
932.41	52.583
932.58	52.708
932.75	52.370
932.93	52.665
933.10	52.528
933.27	52.427
933.44	52.408
933.61	52.441
933.79	52.447
933.96	52.768
934.13	52.385
934.30	52.776
934.47	52.833
934.65	52.956
934.82	52.716
934.99	52.755
935.16	52.685
935.33	52.881
935.50	52.675
935.68	52.496
935.85	52.660
936.02	52.812
936.19	53.032
936.36	52.503
936.53	52.922
936.71	52.544
936.88	52.935
937.05	52.861
937.22	52.364
937.39	52.794
937.56	53.154
937.74	52.743
937.91	52.627
938.08	53.269
938.25	52.911
938.42	52.636
938.59	52.745
938.76	53.021
938.94	53.313
939.11	53.243
939.28	53.219
939.45	52.860
939.62	52.651
939.79	52.818
939.96	52.982
940.13	52.746
940.31	52.627
940.48	53.015
940.65	53.330
940.82	52.522
940.99	53.086
941.16	52.654
941.33	53.118
941.50	52.511
941.67	52.689
941.85	52.542
942.02	53.174
942.19	52.953
942.36	53.366
942.53	53.326
942.70	52.978
942.87	52.632
943.04	53.056
943.21	53.149
943.38	52.979
943.56	53.234
943.73	53.258
943.90	53.382
944.07	53.358
944.24	52.658
944.41	52.801
944.58	53.243
944.75	53.104
944.92	53.380
945.09	53.419
945.26	53.207
945.43	53.156
945.60	53.527
945.78	53.422
945.95	53.413
946.12	53.366
946.29	53.189
946.46	53.227
946.63	53.455
946.80	52.326
946.97	52.859
947.14	53.233
947.31	52.990
947.48	53.146
947.65	52.754
947.82	53.027
947.99	52.881
948.16	52.837
948.33	52.508
948.50	53.186
948.67	52.576
948.84	52.820
949.01	53.128
949.18	52.986
949.35	52.752
949.52	53.243
949.69	53.259
949.86	53.186
950.03	53.006
950.20	53.905
950.38	53.427
950.55	53.574
950.72	53.583
950.89	52.889
951.06	53.729
951.23	53.504
951.40	53.413
951.57	53.520
951.74	53.669
951.91	53.106
952.08	53.128
952.25	53.612
952.42	53.118
952.59	53.304
952.76	53.235
952.92	53.183
953.09	53.085
953.26	52.929
953.43	53.488
953.60	53.496
953.77	53.065
953.94	53.401
954.11	53.143
954.28	53.012
954.45	53.090
954.62	53.771
954.79	53.671
954.96	53.445
955.13	53.404
955.30	53.346
955.47	53.150
955.64	53.625
955.81	53.554
955.98	53.393
956.15	53.252
956.32	53.499
956.49	53.758
956.66	54.024
956.83	53.872
957.00	53.463
957.17	53.490
957.33	53.757
957.50	53.872
957.67	53.515
957.84	53.566
958.01	53.335
958.18	53.311
958.35	53.438
958.52	53.786
958.69	53.652
958.86	53.345
959.03	53.575
959.20	53.547
959.37	53.618
959.53	53.221
959.70	53.375
959.87	53.472
960.04	53.987
960.21	53.796
960.38	53.418
960.55	53.704
960.72	53.879
960.89	53.693
961.06	53.103
961.23	53.701
961.39	53.495
961.56	53.453
961.73	53.309
961.90	53.429
962.07	53.498
962.24	53.409
962.41	53.559
962.58	53.330
962.75	53.653
962.91	53.357
963.08	53.802
963.25	53.646
963.42	53.028
963.59	54.196
963.76	53.301
963.93	53.275
964.09	53.515
964.26	53.927
964.43	53.984
964.60	54.119
964.77	53.706
964.94	54.069
965.11	53.733
965.27	54.052
965.44	53.628
965.61	53.605
965.78	53.959
965.95	54.072
966.12	53.845
966.29	53.688
966.45	53.779
966.62	54.113
966.79	53.855
966.96	53.384
967.13	53.562
967.30	53.321
967.46	54.167
967.63	53.222
967.80	53.742
967.97	53.538
968.14	53.954
968.30	53.554
968.47	53.773
968.64	53.186
968.81	53.552
968.98	54.001
969.15	53.886
969.31	53.787
969.48	54.592
969.65	53.668
969.82	54.492
969.99	54.303
970.15	54.484
970.32	54.329
970.49	54.643
970.66	53.843
970.82	54.674
970.99	54.146
971.16	54.268
971.33	54.361
971.50	54.179
971.66	54.587
971.83	54.125
972.00	53.725
972.17	54.631
972.34	54.062
972.50	54.171
972.67	54.250
972.84	54.715
973.01	54.533
973.17	54.597
973.34	54.424
973.51	54.084
973.68	54.275
973.84	54.262
974.01	54.555
974.18	54.418
974.35	54.282
974.51	53.797
974.68	55.121
974.85	54.366
975.02	54.170
975.18	54.563
975.35	54.355
975.52	54.998
975.69	54.259
975.85	54.446
976.02	54.735
976.19	54.587
976.36	54.226
976.52	53.963
976.69	54.176
976.86	54.580
977.02	54.751
977.19	54.253
977.36	54.283
977.53	54.656
977.69	55.190
977.86	54.833
978.03	54.614
978.19	54.450
978.36	54.887
978.53	55.001
978.70	54.171
978.86	54.162
979.03	54.548
979.20	54.442
979.36	54.187
979.53	54.140
979.70	54.118
979.86	54.359
980.03	54.213
980.20	53.903
980.36	54.381
980.53	54.243
980.70	54.061
980.86	54.716
981.03	54.430
981.20	55.281
981.36	54.068
981.53	54.323
981.70	54.480
981.86	54.367
982.03	54.027
982.20	54.073
982.36	54.964
982.53	54.359
982.70	53.649
982.86	54.487
983.03	54.561
983.20	54.775
983.36	54.131
983.53	54.811
983.70	54.728
983.86	54.543
984.03	54.950
984.20	54.793
984.36	54.929
984.53	54.833
984.70	55.256
984.86	54.196
985.03	54.712
985.19	54.338
985.36	54.838
985.53	54.531
985.69	54.588
985.86	54.760
986.03	55.142
986.19	55.174
986.36	54.658
986.52	54.927
986.69	54.544
986.86	53.797
987.02	53.799
987.19	54.616
987.35	54.155
987.52	55.185
987.69	54.612
987.85	54.874
988.02	53.938
988.18	55.248
988.35	54.752
988.52	55.016
988.68	54.311
988.85	54.341
989.01	54.529
989.18	54.937
989.35	54.229
989.51	54.793
989.68	53.950
989.84	55.419
990.01	54.606
990.17	54.446
990.34	54.603
990.51	54.297
990.67	54.306
990.84	54.322
991.00	54.395
991.17	54.750
991.33	54.295
991.50	54.388
991.66	54.172
991.83	55.148
992.00	54.640
992.16	54.189
992.33	53.846
992.49	54.860
992.66	54.930
992.82	53.509
992.99	54.703
993.15	54.820
993.32	54.398
993.48	54.224
993.65	54.583
993.82	54.652
993.98	55.570
994.15	54.965
994.31	55.532
994.48	53.854
994.64	55.084
994.81	54.700
994.97	54.894
995.14	55.375
995.30	55.349
995.47	54.579
995.63	55.094
995.80	54.298
995.96	54.060
996.13	54.598
996.29	54.502
996.46	54.955
996.62	54.654
996.79	54.976
996.95	53.942
997.12	54.930
997.28	54.902
997.45	55.674
997.61	54.689
997.78	54.699
997.94	54.613
998.11	55.191
998.27	54.856
998.44	54.829
998.60	54.586
998.77	54.849
998.93	54.032
999.10	54.745
999.26	55.243
999.43	55.167
999.59	54.251
999.75	54.947
999.92	54.886
1000.08	55.079
1000.25	54.634
1000.41	55.205
1000.58	54.641
1000.74	55.183
1000.91	54.695
1001.07	54.628
1001.24	54.153
1001.40	54.525
1001.56	54.509
1001.73	53.664
1001.89	54.072
1002.06	54.590
1002.22	54.521
1002.39	54.243
1002.55	54.886
1002.71	54.686
1002.88	54.849
1003.04	54.350
1003.21	53.759
1003.37	55.344
1003.54	54.604
1003.70	54.634
1003.86	54.822
1004.03	55.916
1004.19	55.329
1004.36	55.117
1004.52	54.141
1004.68	55.075
1004.85	54.864
1005.01	55.018
1005.18	54.311
1005.34	55.286
1005.50	55.547
1005.67	54.049
1005.83	54.608
1006.00	54.240
1006.16	54.505
1006.32	54.959
1006.49	53.980
1006.65	53.759
1006.82	54.821
1006.98	55.056
1007.14	54.896
1007.31	54.473
1007.47	53.775
1007.63	53.527
1007.80	54.733
1007.96	54.590
1008.13	54.458
1008.29	55.136
1008.45	54.044
1008.62	54.626
1008.78	54.861
1008.94	55.019
1009.11	55.279
1009.27	54.850
1009.43	54.971
1009.60	54.641
1009.76	54.179
1009.92	54.151
1010.09	54.825
1010.25	54.143
1010.42	54.490
1010.58	54.042
1010.74	54.702
1010.91	55.321
1011.07	55.266
1011.23	55.194
1011.40	53.834
1011.56	55.077
1011.72	54.908
1011.89	55.192
1012.05	54.241
1012.21	54.079
1012.37	53.993
1012.54	54.622
1012.70	54.859
1012.86	55.524
1013.03	54.792
1013.19	54.495
1013.35	53.824
1013.52	54.652
1013.68	55.205
1013.84	54.598
1014.01	53.319
1014.17	54.556
1014.33	55.555
1014.49	54.036
1014.66	56.197
1014.82	53.812
1014.98	55.228
1015.15	54.491
1015.31	53.825
1015.47	53.805
1015.63	54.829
1015.80	55.714
1015.96	54.807
1016.12	54.653
1016.29	55.536
1016.45	54.852
1016.61	54.582
1016.77	54.555
1016.94	53.901
1017.10	55.110
1017.26	55.186
1017.42	54.578
1017.59	53.786
1017.75	53.996
1017.91	55.096
1018.07	54.321
1018.24	54.638
1018.40	55.234
1018.56	55.633
1018.72	54.393
1018.89	56.339
1019.05	54.517
1019.21	54.559
1019.37	54.822
1019.54	56.118
1019.70	54.091
1019.86	55.684
1020.02	56.510
1020.19	54.206
1020.35	54.750
1020.51	54.237
1020.67	55.166
1020.83	54.984
1021.00	54.726
1021.16	54.880
1021.32	53.587
1021.48	54.830
1021.64	54.606
1021.81	54.953
1021.97	55.604
1022.13	54.739
1022.29	55.849
1022.45	54.778
1022.62	54.952
1022.78	54.163
1022.94	53.851
1023.10	55.950
1023.26	55.608
1023.43	55.082
1023.59	56.201
1023.75	54.105
1023.91	53.969
1024.07	55.483
1024.24	55.807
1024.40	54.472
1024.56	54.626
1024.72	54.121
1024.88	54.929
1025.04	56.351
1025.21	55.818
1025.37	56.872
1025.53	53.905
1025.69	55.354
1025.85	54.100
1026.01	55.127
1026.18	55.123
1026.34	54.749
1026.50	53.118
1026.66	54.571
1026.82	53.808
1026.98	54.886
1027.14	55.756
1027.31	54.490
1027.47	55.515
1027.63	56.307
1027.79	54.772
1027.95	54.180
1028.11	55.437
1028.27	55.322
1028.44	55.323
1028.60	54.485
1028.76	54.156
1028.92	56.828
1029.08	55.013
1029.24	53.240
1029.40	55.056
1029.56	54.896
1029.73	55.508
1029.89	55.363
1030.05	55.039
1030.21	54.478
1030.37	54.985
1030.53	55.294
1030.69	54.965
1030.85	53.621
1031.01	55.951
1031.17	53.976
1031.34	55.661
1031.50	53.815
1031.66	55.464
1031.82	55.422
1031.98	56.980
1032.14	54.109
1032.30	55.135
1032.46	54.187
1032.62	53.493
1032.78	53.255
1032.94	56.234
1033.10	54.117
1033.27	52.215
1033.43	57.277
1033.59	55.463
1033.75	57.027
1033.91	53.467
1034.07	56.504
1034.23	53.266
1034.39	56.529
1034.55	53.945
1034.71	50.107
1034.87	52.816
1035.03	53.439
1035.19	52.495
1035.35	55.992
1035.51	54.838
1035.67	52.699
1035.83	55.574
1035.99	54.014
1036.16	52.690
1036.32	54.929
1036.48	52.501
1036.64	54.230
1036.80	52.179
1036.96	58.029
1037.12	54.852
1037.28	57.882
1037.44	56.669
1037.60	56.504
1037.76	52.096
1037.92	54.473
1038.08	54.001
1038.24	56.236
1038.40	55.739
1038.56	55.927
1038.72	52.140
1038.88	57.228
1039.04	54.176
1039.20	55.499
1039.36	53.254
1039.52	58.352
1039.68	55.397
1039.84	54.134
1040.00	52.979
1040.16	53.239
1040.32	54.372
1040.48	54.403
1040.64	52.780
1040.80	51.364
1040.96	56.641
1041.12	55.846
1041.28	57.387
1041.44	52.496
1041.60	54.297
1041.76	54.858
1041.92	53.320
1042.08	54.256
1042.24	56.738
1042.39	53.494
1042.55	54.572
1042.71	54.670
1042.87	55.165
1043.03	55.086
1043.19	52.527
