345.44	-24.81
345.66	-24.81
345.88	-24.81
346.10	-18.46
346.31	-16.41
346.53	-23.58
346.75	14.72
346.97	15.33
347.19	8.78
347.41	18.40
347.63	36.84
347.85	-7.40
348.07	23.11
348.29	4.48
348.51	26.39
348.73	12.47
348.95	14.10
349.17	0.79
349.39	10.21
349.61	20.66
349.83	19.22
350.05	1.82
350.27	21.07
350.49	10.42
350.71	16.56
350.93	24.75
351.15	6.12
351.37	7.75
351.59	36.22
351.80	8.37
352.02	9.19
352.24	27.21
352.46	26.39
352.68	26.80
352.90	21.68
353.12	-4.12
353.34	34.58
353.56	24.34
353.78	43.39
354.00	-9.65
354.22	14.31
354.44	-9.24
354.66	38.88
354.88	15.54
355.09	9.80
355.31	19.22
355.53	25.16
355.75	13.90
355.97	32.94
356.19	6.94
356.41	-8.01
356.63	0.59
356.85	25.98
357.07	26.19
357.29	7.75
357.50	13.69
357.72	13.49
357.94	24.55
358.16	30.28
358.38	1.82
358.60	28.03
358.82	23.11
359.04	13.28
359.26	29.05
359.48	15.33
359.69	15.33
359.91	23.73
360.13	-5.15
360.35	20.04
360.57	31.31
360.79	28.44
361.01	3.66
361.23	102.78
361.45	3.86
361.66	31.51
361.88	30.69
362.10	45.44
362.32	5.50
362.54	19.63
362.76	14.51
362.98	2.64
363.20	23.32
363.41	-6.58
363.63	16.36
363.85	34.17
364.07	5.71
364.29	22.09
364.51	14.51
364.73	31.51
364.94	-15.80
365.16	25.37
365.38	18.20
365.60	38.88
365.82	16.77
366.04	16.97
366.26	3.45
366.47	17.79
366.69	13.49
366.91	5.30
367.13	27.42
367.35	14.51
367.57	19.63
367.79	5.09
368.00	29.67
368.22	21.89
368.44	22.09
368.66	14.51
368.88	16.77
369.10	21.07
369.31	24.75
369.53	32.33
369.75	12.06
369.97	41.96
370.19	26.39
370.41	7.75
370.62	-5.76
370.84	13.90
371.06	23.52
371.28	32.54
371.50	28.23
371.71	12.67
371.93	2.23
372.15	39.50
372.37	12.87
372.59	17.79
372.80	26.39
373.02	16.97
373.24	33.35
373.46	8.78
373.68	24.34
373.90	25.57
374.11	12.67
374.33	36.63
374.55	0.38
374.77	21.68
374.98	0.18
375.20	25.57
375.42	25.78
375.64	17.79
375.86	12.06
376.07	34.38
376.29	27.21
376.51	27.83
376.73	-1.46
376.95	21.89
377.16	12.26
377.38	18.20
377.60	11.24
377.82	28.03
378.03	21.48
378.25	30.69
378.47	7.75
378.69	20.04
378.91	8.98
379.12	33.76
379.34	29.26
379.56	12.47
379.78	-3.71
379.99	35.40
380.21	32.74
380.43	24.96
380.65	41.96
380.86	22.50
381.08	4.27
381.30	5.09
381.52	26.80
381.73	7.55
381.95	22.91
382.17	16.15
382.39	13.90
382.60	16.97
382.82	3.45
383.04	31.51
383.26	16.77
383.47	24.34
383.69	21.48
383.91	18.40
384.13	10.62
384.34	23.73
384.56	25.98
384.78	29.05
385.00	21.48
385.21	24.34
385.43	32.13
385.65	22.09
385.86	16.77
386.08	-2.69
386.30	32.74
386.52	19.63
386.73	34.17
386.95	7.55
387.17	7.75
387.38	24.96
387.60	7.35
387.82	7.75
388.04	33.15
388.25	18.20
388.47	29.05
388.69	36.84
388.90	17.59
389.12	34.99
389.34	19.84
389.56	22.30
389.77	28.03
389.99	13.69
390.21	-1.87
390.42	20.04
390.64	11.65
390.86	17.38
391.07	28.44
391.29	7.75
391.51	-9.04
391.72	5.91
391.94	27.42
392.16	37.66
392.38	24.55
392.59	14.72
392.81	35.40
393.03	34.99
393.24	7.14
393.46	43.39
393.68	21.07
393.89	28.03
394.11	28.44
394.33	29.26
394.54	24.34
394.76	-7.60
394.98	-3.10
395.19	40.11
395.41	21.48
395.63	37.45
395.84	14.10
396.06	36.43
396.28	16.15
396.49	25.78
396.71	36.02
396.93	3.45
397.14	20.25
397.36	7.96
397.57	5.30
397.79	19.43
398.01	16.97
398.22	21.89
398.44	12.67
398.66	46.05
398.87	42.57
399.09	9.60
399.31	21.68
399.52	4.27
399.74	10.62
399.96	14.92
400.17	45.85
400.39	13.28
400.60	33.15
400.82	42.98
401.04	23.32
401.25	39.70
401.47	24.75
401.69	20.25
401.90	15.95
402.12	50.76
402.33	19.02
402.55	33.97
402.77	4.27
402.98	24.96
403.20	15.74
403.41	32.94
403.63	27.21
403.85	8.78
404.06	25.16
404.28	26.19
404.49	15.33
404.71	42.37
404.93	13.28
405.14	30.69
405.36	31.51
405.57	27.62
405.79	12.26
406.01	-4.94
406.22	28.85
406.44	24.75
406.65	18.40
406.87	37.66
407.09	44.41
407.30	40.32
407.52	10.21
407.73	9.39
407.95	13.28
408.17	1.20
408.38	15.33
408.60	22.91
408.81	38.06
409.03	39.50
409.24	26.19
409.46	26.39
409.68	4.07
409.89	40.93
410.11	25.78
410.32	40.11
410.54	27.42
410.75	29.46
410.97	7.55
411.18	12.67
411.40	17.59
411.62	22.30
411.83	17.18
412.05	24.55
412.26	27.21
412.48	28.64
412.69	24.34
412.91	17.18
413.12	18.81
413.34	43.39
413.56	7.35
413.77	48.30
413.99	1.20
414.20	32.33
414.42	34.58
414.63	19.02
414.85	23.93
415.06	31.51
415.28	19.43
415.49	42.57
415.71	42.98
415.92	37.86
416.14	25.57
416.35	21.68
416.57	31.51
416.79	41.14
417.00	14.92
417.22	27.42
417.43	-4.33
417.65	20.66
417.86	14.51
418.08	25.16
418.29	0.79
418.51	28.03
418.72	51.99
418.94	44.41
419.15	16.56
419.37	43.80
419.58	22.30
419.80	32.74
420.01	47.08
420.23	31.72
420.44	37.86
420.66	27.42
420.87	28.64
421.09	34.17
421.30	32.13
421.52	28.03
421.73	23.32
421.95	30.08
422.16	10.42
422.38	49.33
422.59	29.87
422.81	28.44
423.02	34.99
423.23	35.40
423.45	8.78
423.66	24.34
423.88	20.45
424.09	39.09
424.31	31.72
424.52	6.12
424.74	3.66
424.95	28.85
425.17	16.36
425.38	8.57
425.60	26.19
425.81	27.21
426.03	31.31
426.24	50.35
426.45	17.38
426.67	63.87
426.88	52.61
427.10	46.87
427.31	30.90
427.53	45.85
427.74	27.21
427.96	38.68
428.17	24.75
428.39	55.88
428.60	34.17
428.81	51.17
429.03	37.66
429.24	42.78
429.46	41.55
429.67	52.20
429.89	25.37
430.10	46.26
430.31	54.24
430.53	46.87
430.74	30.49
430.96	37.86
431.17	26.60
431.39	33.97
431.60	19.02
431.81	37.45
432.03	42.57
432.24	46.05
432.46	43.18
432.67	33.35
432.89	38.68
433.10	62.03
433.31	24.34
433.53	40.32
433.74	40.52
433.96	62.85
434.17	49.53
434.38	64.69
434.60	23.32
434.81	57.93
435.03	38.27
435.24	56.91
435.45	36.63
435.67	76.77
435.88	47.08
436.10	47.08
436.31	33.15
436.52	47.28
436.74	59.36
436.95	47.28
437.17	73.90
437.38	51.38
437.59	53.63
437.81	33.97
438.02	53.63
438.23	41.14
438.45	58.95
438.66	59.98
438.88	79.23
439.09	64.69
439.30	56.50
439.52	17.59
439.73	64.69
439.94	59.57
440.16	40.52
440.37	64.28
440.58	56.29
440.80	38.88
441.01	58.14
441.23	62.44
441.44	62.44
441.65	61.82
441.87	74.72
442.08	65.71
442.29	39.09
442.51	81.89
442.72	46.26
442.93	70.42
443.15	65.92
443.36	66.33
443.57	83.12
443.79	53.02
444.00	34.79
444.21	33.35
444.43	47.08
444.64	63.46
444.85	47.90
445.07	56.70
445.28	39.91
445.49	95.00
445.71	75.54
445.92	79.64
446.13	65.71
446.35	90.90
446.56	88.24
446.77	51.38
446.99	72.68
447.20	79.02
447.41	92.34
447.63	73.49
447.84	65.10
448.05	69.60
448.27	89.67
448.48	87.22
448.69	70.01
448.90	67.56
449.12	69.19
449.33	91.31
449.54	69.40
449.76	64.69
449.97	90.29
450.18	84.96
450.40	73.70
450.61	75.75
450.82	75.54
451.03	80.87
451.25	57.32
451.46	102.17
451.67	82.51
451.89	75.13
452.10	71.86
452.31	72.88
452.52	78.41
452.74	88.85
452.95	87.01
453.16	82.10
453.38	93.56
453.59	101.55
453.80	96.84
454.01	81.28
454.23	87.01
454.44	68.99
454.65	68.99
454.86	84.55
455.08	87.83
455.29	100.53
455.50	89.26
455.71	98.28
455.93	82.92
456.14	131.25
456.35	67.97
456.56	102.58
456.78	91.93
456.99	84.35
457.20	90.08
457.41	74.72
457.63	70.83
457.84	108.92
458.05	90.29
458.26	98.07
458.48	90.08
458.69	100.94
458.90	95.00
459.11	109.33
459.33	105.03
459.54	91.72
459.75	91.93
459.96	99.30
460.18	96.02
460.39	98.28
460.60	101.96
460.81	119.57
461.02	117.73
461.24	111.38
461.45	111.38
461.66	95.20
461.87	101.76
462.09	95.20
462.30	89.26
462.51	124.28
462.72	92.54
462.93	132.68
463.15	149.88
463.36	109.54
463.57	111.18
463.78	119.16
463.99	130.02
464.21	116.71
464.42	106.47
464.63	113.63
464.84	114.66
465.05	116.30
465.27	133.50
465.48	130.43
465.69	138.21
465.90	135.96
466.11	129.40
466.33	107.08
466.54	121.01
466.75	158.28
466.96	126.33
467.17	121.62
467.38	119.98
467.60	124.90
467.81	131.66
468.02	158.49
468.23	135.55
468.44	144.35
468.65	130.43
468.87	135.96
469.08	137.80
469.29	154.39
469.50	133.91
469.71	164.01
469.92	156.85
470.14	147.43
470.35	162.79
470.56	154.80
470.77	154.39
470.98	165.65
471.19	167.70
471.41	191.46
471.62	175.69
471.83	184.09
472.04	178.76
472.25	175.89
472.46	157.05
472.67	176.51
472.89	161.97
473.10	168.11
473.31	191.87
473.52	158.08
473.73	196.17
473.94	193.10
474.15	189.82
474.37	191.25
474.58	198.01
474.79	193.51
475.00	192.28
475.21	197.19
475.42	195.14
475.63	203.13
475.84	199.04
476.06	200.88
476.27	203.95
476.48	227.71
476.69	196.37
476.90	233.65
477.11	206.41
477.32	217.88
477.53	218.70
477.74	222.79
477.96	212.76
478.17	244.30
478.38	226.89
478.59	248.80
478.80	231.60
479.01	232.62
479.22	241.63
479.43	251.46
479.64	242.86
479.85	250.03
480.06	232.21
480.28	268.67
480.49	259.45
480.70	238.77
480.91	278.29
481.12	286.07
481.33	267.03
481.54	277.06
481.75	255.35
481.96	257.81
482.17	269.08
482.38	293.86
482.59	251.67
482.81	287.10
483.02	263.75
483.23	298.36
483.44	292.63
483.65	309.42
483.86	278.50
484.07	309.63
484.28	289.76
484.49	301.02
484.70	289.15
484.91	300.82
485.12	321.91
485.33	313.31
485.54	306.35
485.75	317.41
485.96	312.08
486.17	337.89
486.38	334.20
486.60	320.68
486.81	356.11
487.02	340.14
487.23	344.85
487.44	356.11
487.65	348.54
487.86	345.47
488.07	350.99
488.28	352.02
488.49	355.09
488.70	388.68
488.91	382.74
489.12	347.31
489.33	340.35
489.54	352.43
489.75	376.39
489.96	383.56
490.17	373.11
490.38	394.62
490.59	363.90
490.80	403.42
491.01	386.01
491.22	393.59
491.43	386.42
491.64	405.06
491.85	409.36
492.06	398.51
492.27	408.95
492.48	406.08
492.69	388.06
492.90	432.30
493.11	408.13
493.32	405.27
493.53	434.35
493.74	425.95
493.95	417.55
494.16	418.99
494.37	418.17
494.58	428.20
494.79	441.51
495.00	445.20
495.21	443.36
495.42	461.99
495.63	440.70
495.84	424.93
496.05	462.61
496.26	461.79
496.47	448.27
496.68	456.87
496.89	430.05
497.10	448.07
497.31	467.73
497.52	456.67
497.73	468.14
497.94	472.23
498.15	486.98
498.36	483.09
498.57	477.35
498.78	478.38
498.99	506.84
499.19	500.91
499.40	481.86
499.61	482.68
499.82	490.05
500.03	479.20
500.24	501.11
500.45	503.57
500.66	488.00
500.87	489.23
501.08	499.27
501.29	505.00
501.50	532.44
501.71	514.22
501.92	533.26
502.13	527.32
502.34	525.89
502.55	541.66
502.76	525.89
502.96	545.96
503.17	519.13
503.38	507.25
503.59	527.12
503.80	550.88
504.01	550.67
504.22	545.55
504.43	561.32
504.64	559.68
504.85	546.17
505.06	560.91
505.27	550.88
505.47	559.27
505.68	560.71
505.89	576.27
506.10	558.86
506.31	548.62
506.52	553.33
506.73	580.78
506.94	566.44
507.15	564.60
507.36	597.77
507.56	574.43
507.77	556.00
507.98	591.84
508.19	568.28
508.40	599.00
508.61	603.51
508.82	607.40
509.03	579.34
509.24	602.49
509.44	585.90
509.65	603.30
509.86	636.69
510.07	619.07
510.28	621.53
510.49	622.76
510.70	593.06
510.91	621.53
511.11	612.11
511.32	620.92
511.53	621.94
511.74	664.95
511.95	627.06
512.16	630.54
512.37	637.30
512.58	634.64
512.78	629.31
512.99	635.46
513.20	641.19
513.41	639.35
513.62	635.05
513.83	653.48
514.04	638.73
514.24	656.35
514.45	638.53
514.66	677.03
514.87	671.71
515.08	658.80
515.29	672.73
515.49	635.87
515.70	661.47
515.91	695.46
516.12	701.61
516.33	668.22
516.54	664.33
516.74	685.22
516.95	693.82
517.16	645.90
517.37	703.25
517.58	698.13
517.79	697.10
517.99	695.67
518.20	687.48
518.41	699.15
518.62	695.26
518.83	733.96
519.03	719.42
519.24	714.51
519.45	706.93
519.66	696.90
519.87	725.77
520.07	687.68
520.28	696.90
520.49	742.98
520.70	717.17
520.91	715.53
521.12	722.09
521.32	734.17
521.53	713.28
521.74	720.45
521.95	697.10
522.15	740.11
522.36	728.84
522.57	730.89
522.78	737.45
522.99	736.63
523.19	706.52
523.40	753.01
523.61	701.40
523.82	722.09
524.03	750.35
524.23	767.55
524.44	745.43
524.65	761.82
524.86	759.56
525.06	748.71
525.27	704.27
525.48	738.06
525.69	746.66
525.89	758.34
526.10	748.91
526.31	752.81
526.52	738.27
526.72	752.81
526.93	745.84
527.14	753.01
527.35	744.20
527.56	775.13
527.76	777.18
527.97	736.83
528.18	731.51
528.38	779.84
528.59	733.56
528.80	765.91
529.01	750.35
529.21	739.08
529.42	757.11
529.63	761.20
529.84	768.58
530.04	757.52
530.25	753.01
530.46	773.49
530.67	747.07
530.87	736.42
531.08	735.19
531.29	733.76
531.50	780.25
531.70	779.43
531.91	780.86
532.12	763.05
532.32	772.26
532.53	758.95
532.74	786.80
532.95	770.83
533.15	787.21
533.36	764.68
533.57	765.09
533.77	695.26
533.98	785.16
534.19	788.44
534.39	803.60
534.60	779.84
534.81	759.77
535.02	799.29
535.22	775.54
535.43	786.19
535.64	766.73
535.84	777.59
536.05	764.07
536.26	772.26
536.46	763.46
536.67	787.01
536.88	760.38
537.08	756.49
537.29	799.70
537.50	764.89
537.70	784.14
537.91	766.12
538.12	772.06
538.33	764.27
538.53	758.95
538.74	800.52
538.95	782.91
539.15	783.73
539.36	768.58
539.57	745.43
539.77	790.49
539.98	774.72
540.18	765.91
540.39	741.34
540.60	785.57
540.80	775.33
541.01	756.29
541.22	749.32
541.42	751.37
541.63	756.08
541.84	761.00
542.04	759.56
542.25	771.44
542.46	760.18
542.66	747.28
542.87	756.08
543.08	763.05
543.28	793.56
543.49	748.10
543.69	772.26
543.90	765.30
544.11	750.55
544.31	748.51
544.52	768.17
544.73	741.54
544.93	767.14
545.14	744.41
545.34	750.55
545.55	745.84
545.76	744.82
545.96	723.11
546.17	741.75
546.38	739.29
546.58	710.62
546.79	736.42
546.99	732.12
547.20	728.23
547.41	712.67
547.61	708.57
547.82	694.64
548.02	697.31
548.23	708.57
548.44	692.80
548.64	713.08
548.85	712.26
549.05	699.35
549.26	681.33
549.47	686.66
549.67	673.34
549.88	681.13
550.08	709.80
550.29	702.22
550.50	699.97
550.70	672.32
550.91	670.27
551.11	667.00
551.32	650.20
551.52	651.02
551.73	657.37
551.94	638.53
552.14	629.11
552.35	624.81
552.55	653.89
552.76	645.90
552.96	625.83
553.17	636.69
553.38	624.40
553.58	632.18
553.79	600.23
553.99	633.61
554.20	628.49
554.40	622.56
554.61	620.71
554.81	606.38
555.02	599.62
555.23	621.94
555.43	585.28
555.64	557.43
555.84	582.62
556.05	592.86
556.25	581.39
556.46	589.99
556.66	556.61
556.87	583.85
557.07	557.63
557.28	541.25
557.48	536.75
557.69	550.88
557.90	561.12
558.10	549.65
558.31	544.73
558.51	533.47
558.72	555.38
558.92	521.59
559.13	520.98
559.33	502.54
559.54	506.03
559.74	527.73
559.95	504.39
560.15	486.16
560.36	493.94
560.56	493.94
560.77	473.67
560.97	499.88
561.18	507.87
561.38	481.65
561.59	506.03
561.79	506.03
562.00	470.60
562.20	457.90
562.41	465.68
562.61	466.30
562.82	470.80
563.02	467.93
563.23	452.98
563.43	442.95
563.64	435.17
563.84	441.31
564.05	430.25
564.25	431.89
564.46	422.88
564.66	410.18
564.87	411.82
565.07	421.44
565.28	422.47
565.48	427.59
565.68	385.20
565.89	401.99
566.09	374.34
566.30	414.07
566.50	391.34
566.71	381.10
566.91	375.77
567.12	365.74
567.32	380.49
567.53	384.99
567.73	374.34
567.94	367.38
568.14	355.70
568.34	366.56
568.55	366.15
568.75	365.94
568.96	357.96
569.16	372.50
569.37	349.77
569.57	364.10
569.78	361.03
569.98	334.41
570.18	337.68
570.39	339.73
570.59	334.00
570.80	350.38
571.00	322.73
571.21	315.36
571.41	348.13
571.61	332.97
571.82	302.46
572.02	320.07
572.23	317.61
572.43	286.48
572.64	310.85
572.84	305.32
573.04	312.70
573.25	305.53
573.45	329.70
573.66	305.12
573.86	296.11
574.06	306.96
574.27	298.77
574.47	314.54
574.68	312.29
574.88	323.55
575.08	327.65
575.29	274.40
575.49	280.75
575.70	305.94
575.90	263.55
576.10	279.11
576.31	255.56
576.51	290.58
576.72	292.01
576.92	269.08
577.12	248.19
577.33	247.57
577.53	241.84
577.73	274.40
577.94	249.82
578.14	248.80
578.35	243.68
578.55	288.74
578.75	250.64
578.96	241.84
579.16	262.32
579.36	258.22
579.57	250.03
579.77	260.47
579.98	246.14
580.18	255.76
580.38	253.10
580.59	235.90
580.79	288.33
580.99	247.16
581.20	261.50
581.40	252.08
581.60	242.86
581.81	239.38
582.01	228.12
582.21	242.86
582.42	229.55
582.62	256.99
582.82	227.09
583.03	240.40
583.23	242.25
583.43	234.67
583.64	214.19
583.84	224.23
584.04	217.06
584.25	256.79
584.45	213.17
584.65	226.27
584.86	214.19
585.06	209.89
585.26	211.32
585.47	196.17
585.67	205.38
585.87	209.89
586.08	207.23
586.28	216.03
586.48	209.07
586.69	238.36
586.89	200.06
587.09	225.04
587.30	180.60
587.50	224.84
587.70	226.89
587.90	218.29
588.11	202.93
588.31	210.50
588.51	190.23
588.72	192.28
588.92	221.97
589.12	184.29
589.33	203.34
589.53	201.90
589.73	206.00
589.93	197.40
590.14	167.70
590.34	197.60
590.54	192.89
590.75	193.92
590.95	194.53
591.15	194.73
591.35	207.84
591.56	176.51
591.76	202.93
591.96	186.13
592.16	170.16
592.37	168.32
592.57	178.76
592.77	189.61
592.97	168.93
593.18	215.01
593.38	184.09
593.58	194.12
593.79	168.11
593.99	200.06
594.19	155.82
594.39	160.53
594.60	166.47
594.80	197.81
595.00	160.94
595.20	155.21
595.41	148.25
595.61	154.18
595.81	192.69
596.01	165.24
596.21	158.49
596.42	164.01
596.62	164.63
596.82	177.74
597.02	154.18
597.23	159.30
597.43	165.24
597.63	167.29
597.83	154.18
598.04	161.97
598.24	158.49
598.44	152.34
598.64	148.04
598.84	138.82
599.05	176.51
599.25	154.80
599.45	140.05
599.65	164.83
599.85	152.75
600.06	164.01
600.26	134.52
600.46	147.84
600.66	154.39
600.87	133.30
601.07	129.61
601.27	133.30
601.47	119.37
601.67	148.04
601.87	166.47
602.08	143.74
602.28	137.19
602.48	147.02
602.68	151.93
602.88	134.73
603.09	121.83
603.29	140.05
603.49	127.77
603.69	122.44
603.89	144.76
604.10	141.28
604.30	130.63
604.50	128.38
604.70	113.02
604.90	128.79
605.10	126.54
605.31	125.51
605.51	134.73
605.71	147.84
605.91	124.08
606.11	117.94
606.31	108.92
606.52	132.48
606.72	111.38
606.92	125.72
607.12	122.85
607.32	135.75
607.52	138.21
607.72	86.60
607.93	129.81
608.13	113.23
608.33	103.19
608.53	134.32
608.73	127.97
608.93	112.82
609.13	103.80
609.34	127.36
609.54	112.61
609.74	125.31
609.94	97.25
610.14	115.07
610.34	109.95
610.54	123.47
610.74	115.68
610.95	123.67
611.15	123.67
611.35	102.78
611.55	119.57
611.75	127.97
611.95	136.57
612.15	123.87
612.35	125.92
612.56	116.50
612.76	146.40
612.96	110.56
613.16	122.03
613.36	133.71
613.56	119.78
613.76	116.09
613.96	103.40
614.16	157.05
614.36	124.28
614.57	129.40
614.77	110.97
614.97	116.50
615.17	136.37
615.37	138.21
615.57	136.57
615.77	119.98
615.97	105.03
616.17	111.59
616.37	127.15
616.57	129.81
616.78	111.79
616.98	107.49
617.18	101.55
617.38	114.25
617.58	143.13
617.78	97.66
617.98	118.14
618.18	152.34
618.38	120.39
618.58	143.74
618.78	152.96
618.98	141.90
619.18	137.60
619.38	147.22
619.58	152.55
619.79	124.69
619.99	143.74
620.19	128.18
620.39	111.38
620.59	136.78
620.79	156.44
620.99	154.80
621.19	140.46
621.39	154.39
621.59	150.29
621.79	153.37
621.99	126.13
622.19	132.27
622.39	142.51
622.59	135.14
622.79	138.82
622.99	150.91
623.19	135.96
623.39	140.67
623.59	156.64
623.79	152.34
623.99	123.67
624.19	154.80
624.39	163.61
624.59	164.83
624.79	119.57
624.99	141.49
625.19	137.60
625.39	127.97
625.59	160.53
625.79	144.15
625.99	154.39
626.19	164.22
626.39	146.61
626.59	158.90
626.79	136.16
626.99	176.30
627.19	172.82
627.39	147.43
627.59	146.81
627.79	151.32
627.99	159.30
628.19	159.92
628.39	179.17
628.59	167.09
628.79	173.44
628.99	157.87
629.19	157.67
629.39	163.40
629.59	177.53
629.79	158.49
629.99	159.51
630.19	163.20
630.39	147.43
630.59	201.90
630.79	153.98
630.99	176.51
631.19	163.61
631.39	179.99
631.59	170.57
631.79	143.94
631.99	146.20
632.19	181.42
632.39	183.27
632.59	167.29
632.79	176.92
632.99	169.54
633.19	181.22
633.39	183.47
633.58	193.10
633.78	173.85
633.98	195.35
634.18	179.78
634.38	182.86
634.58	163.20
634.78	162.17
634.98	172.82
635.18	184.70
635.38	206.61
635.58	176.10
635.78	184.49
635.98	175.69
636.18	170.57
636.38	182.65
636.57	179.37
636.77	173.23
636.97	199.65
637.17	152.75
637.37	212.14
637.57	183.68
637.77	187.77
637.97	185.72
638.17	181.22
638.37	202.52
638.57	200.47
638.76	207.64
638.96	201.49
639.16	213.99
639.36	197.81
639.56	211.53
639.76	192.89
639.96	200.67
640.16	200.67
640.36	221.15
640.56	217.67
640.75	201.29
640.95	207.02
641.15	209.89
641.35	224.23
641.55	213.17
641.75	214.40
641.95	211.73
642.15	231.19
642.34	204.16
642.54	218.90
642.74	212.76
642.94	224.63
643.14	214.40
643.34	213.17
643.54	244.91
643.74	245.32
643.93	237.13
644.13	241.43
644.33	255.97
644.53	242.66
644.73	268.87
644.93	268.26
645.13	242.45
645.32	243.27
645.52	237.74
645.72	286.69
645.92	254.33
646.12	261.70
646.32	270.71
646.52	257.61
646.71	274.20
646.91	280.34
647.11	263.96
647.31	276.65
647.51	280.13
647.71	290.37
647.90	273.58
648.10	301.23
648.30	281.77
648.50	302.25
648.70	305.53
648.89	304.30
649.09	305.73
649.29	303.89
649.49	299.18
649.69	341.78
649.89	305.53
650.08	307.58
650.28	320.28
650.48	340.14
650.68	316.38
650.88	320.07
651.07	333.18
651.27	316.79
651.47	334.41
651.67	361.85
651.87	349.56
652.06	353.45
652.26	333.79
652.46	372.91
652.66	343.42
652.86	360.62
653.05	363.49
653.25	356.32
653.45	355.30
653.65	354.89
653.85	357.34
654.04	385.20
654.24	381.51
654.44	416.73
654.64	400.35
654.83	399.53
655.03	357.55
655.23	395.03
655.43	408.95
655.63	407.31
655.82	432.91
656.02	400.96
656.22	403.63
656.42	406.90
656.61	414.48
656.81	428.00
657.01	421.44
657.21	440.90
657.40	415.92
657.60	431.89
657.80	435.37
658.00	416.73
658.19	431.89
658.39	434.14
658.59	426.56
658.79	473.67
658.98	450.32
659.18	462.20
659.38	433.73
659.58	419.60
659.77	443.77
659.97	453.19
660.17	451.35
660.36	467.73
660.56	430.05
660.76	458.92
660.96	458.51
661.15	453.39
661.35	461.18
661.55	463.22
661.75	446.84
661.94	484.73
662.14	437.62
662.34	456.46
662.53	453.60
662.73	464.86
662.93	457.69
663.13	454.83
663.32	448.07
663.52	457.08
663.72	454.01
663.91	459.95
664.11	466.70
664.31	474.28
664.50	461.99
664.70	450.12
664.90	458.92
665.10	467.32
665.29	447.25
665.49	458.51
665.69	432.30
665.88	429.64
666.08	451.75
666.28	412.64
666.47	446.43
666.67	424.72
666.87	398.71
667.06	434.35
667.26	427.59
667.46	414.28
667.65	415.10
667.85	396.05
668.05	390.32
668.24	410.39
668.44	391.75
668.64	409.57
668.83	367.38
669.03	381.71
669.23	362.26
669.42	397.28
669.62	368.20
669.82	388.47
670.01	355.91
670.21	359.19
670.41	365.54
670.60	358.78
670.80	371.88
671.00	356.73
671.19	348.74
671.39	346.28
671.58	360.21
671.78	342.19
671.98	354.27
672.17	324.78
672.37	363.28
672.57	335.02
672.76	362.05
672.96	341.78
673.15	341.78
673.35	348.33
673.55	325.80
673.74	312.90
673.94	330.31
674.14	312.29
674.33	302.66
674.53	323.35
674.72	336.04
674.92	319.87
675.12	306.14
675.31	314.75
675.51	320.07
675.70	353.25
675.90	330.72
676.10	334.00
676.29	306.14
676.49	319.87
676.68	317.82
676.88	335.84
677.08	336.66
677.27	328.67
677.47	333.59
677.66	321.71
677.86	329.90
678.06	298.98
678.25	318.43
678.45	359.60
678.64	361.23
678.84	359.19
679.03	344.24
679.23	359.19
679.43	333.38
679.62	362.67
679.82	355.30
680.01	365.94
680.21	381.30
680.40	354.48
680.60	332.77
680.80	372.70
680.99	369.84
681.19	381.92
681.38	386.01
681.58	404.24
681.77	390.52
681.97	386.42
682.16	377.21
682.36	394.82
682.56	407.93
682.75	395.85
682.95	396.25
683.14	414.28
683.34	418.17
683.53	413.46
683.73	381.71
683.92	419.40
684.12	415.71
684.31	433.73
684.51	425.13
684.70	426.15
684.90	420.42
685.10	474.69
685.29	422.26
685.49	434.76
685.68	443.15
685.88	444.18
686.07	468.14
686.27	473.67
686.46	457.08
686.66	464.25
686.85	456.87
687.05	499.68
687.24	459.74
687.44	510.12
687.63	505.62
687.83	507.87
688.02	494.76
688.22	490.87
688.41	510.12
688.61	490.26
688.80	501.52
689.00	496.40
689.19	508.69
689.39	510.74
689.58	510.94
689.78	519.95
689.97	508.89
690.17	524.87
690.36	528.76
690.56	495.99
690.75	526.71
690.95	519.34
691.14	507.66
691.34	525.48
691.53	534.49
691.72	506.84
691.92	513.60
692.11	517.70
692.31	512.78
692.50	526.92
692.70	535.72
692.89	513.81
693.09	511.76
693.28	519.13
693.48	535.72
693.67	516.06
693.87	498.65
694.06	527.94
694.25	497.63
694.45	533.06
694.64	526.92
694.84	525.48
695.03	537.97
695.23	529.78
695.42	515.04
695.62	525.69
695.81	535.72
696.00	512.99
696.20	514.83
696.39	535.93
696.59	495.58
696.78	503.98
696.98	509.10
697.17	502.95
697.36	500.50
697.56	505.21
697.75	510.94
697.95	505.82
698.14	494.35
698.34	502.34
698.53	487.59
698.72	512.37
698.92	478.38
699.11	507.46
699.31	477.97
699.50	503.77
699.69	457.49
699.89	472.44
700.08	503.98
700.28	502.34
700.47	483.29
700.66	483.09
700.86	486.98
701.05	460.15
701.25	459.54
701.44	484.52
701.63	487.59
701.83	464.45
702.02	430.66
702.21	467.52
702.41	460.77
702.60	488.82
702.80	451.14
702.99	456.46
703.18	431.07
703.38	441.51
703.57	437.62
703.77	436.19
703.96	453.39
704.15	435.99
704.35	411.41
704.54	388.06
704.73	442.74
704.93	422.47
705.12	422.67
705.31	409.77
705.51	432.91
705.70	403.83
705.89	409.16
706.09	406.49
706.28	404.86
706.48	414.69
706.67	388.47
706.86	401.78
707.06	407.72
707.25	420.22
707.44	395.03
707.64	414.28
707.83	402.40
708.02	395.03
708.22	418.37
708.41	388.27
708.60	405.68
708.80	400.96
708.99	398.92
709.18	430.87
709.38	411.61
709.57	403.22
709.76	422.88
709.95	399.12
710.15	423.29
710.34	396.05
710.53	422.06
710.73	403.83
710.92	410.59
711.11	422.26
711.31	402.60
711.50	432.50
711.69	422.06
711.89	430.66
712.08	417.35
712.27	433.32
712.46	421.65
712.66	411.00
712.85	423.08
713.04	436.80
713.24	422.88
713.43	430.87
713.62	422.26
713.81	433.32
714.01	449.09
714.20	439.88
714.39	435.99
714.59	468.75
714.78	455.24
714.97	463.63
715.16	444.18
715.36	439.88
715.55	463.22
715.74	467.73
715.93	468.75
716.13	459.13
716.32	465.48
716.51	477.56
716.71	469.37
716.90	479.61
717.09	451.55
717.28	481.04
717.48	495.58
717.67	513.19
717.86	476.74
718.05	505.41
718.25	518.31
718.44	528.96
718.63	514.63
718.82	541.87
719.02	535.52
719.21	549.24
719.40	551.70
719.59	533.67
719.78	538.79
719.98	573.40
720.17	531.22
720.36	584.67
720.55	567.87
720.75	556.61
720.94	581.39
721.13	586.51
721.32	615.18
721.51	607.40
721.71	619.89
721.90	621.33
722.09	632.59
722.28	671.30
722.48	659.42
722.67	664.95
722.86	659.42
723.05	651.23
723.24	666.79
723.44	680.31
723.63	690.55
723.82	732.94
724.01	722.50
724.20	736.42
724.40	742.16
724.59	744.41
724.78	715.33
724.97	762.43
725.16	743.59
725.35	780.25
725.55	777.79
725.74	810.56
725.93	795.61
726.12	825.71
726.31	834.32
726.51	830.42
726.70	826.12
726.89	860.12
727.08	872.20
727.27	892.07
727.46	893.91
727.66	913.16
727.85	934.26
728.04	945.52
728.23	975.22
728.42	944.50
728.61	993.03
728.81	960.67
729.00	1007.98
729.19	1011.67
729.38	1034.81
729.57	1054.68
729.76	1055.91
729.95	1088.47
730.15	1086.62
730.34	1092.77
730.53	1137.82
730.72	1164.86
730.91	1207.05
731.10	1184.52
731.29	1179.60
731.49	1211.55
731.68	1249.23
731.87	1252.10
732.06	1284.46
732.25	1308.83
732.44	1295.11
732.63	1315.79
732.82	1344.67
733.02	1387.27
733.21	1361.46
733.40	1371.50
733.59	1458.74
733.78	1481.47
733.97	1458.13
734.16	1509.33
734.35	1487.82
734.54	1559.91
734.74	1537.38
734.93	1568.92
735.12	1584.28
735.31	1639.58
735.50	1650.43
735.69	1671.73
735.88	1675.83
736.07	1708.18
736.26	1750.37
736.45	1757.74
736.64	1789.69
736.84	1804.03
737.03	1805.46
737.22	1830.86
737.41	1872.23
737.60	1895.98
737.79	1955.17
737.98	2001.66
738.17	1990.19
738.36	2009.23
738.55	2091.15
738.74	2054.29
738.93	2058.18
739.12	2087.47
739.32	2130.27
739.51	2168.36
739.70	2178.81
739.89	2223.25
740.08	2249.26
740.27	2310.49
740.46	2285.92
740.65	2341.62
740.84	2358.41
741.03	2442.38
741.22	2458.35
741.41	2474.74
741.60	2521.43
741.79	2515.29
741.98	2571.20
742.17	2609.90
742.36	2673.39
742.55	2655.98
742.74	2710.66
742.93	2770.06
743.12	2805.08
743.31	2825.56
743.51	2874.30
743.70	2897.85
743.89	2948.64
744.08	2966.05
744.27	3009.46
744.46	3051.04
744.65	3102.44
744.84	3137.05
745.03	3160.19
745.22	3172.28
745.41	3277.34
745.60	3307.44
745.79	3354.96
745.98	3355.36
746.17	3405.54
746.36	3471.07
746.55	3458.58
746.74	3538.66
746.93	3586.79
747.12	3586.38
747.31	3685.29
747.50	3660.92
747.69	3772.54
747.88	3793.63
748.07	3839.30
748.26	3919.58
748.45	3916.92
748.64	3953.37
748.83	4024.44
749.02	4059.25
749.21	4161.24
749.40	4142.40
749.59	4173.73
749.77	4273.88
749.96	4295.18
750.15	4382.63
750.34	4427.89
750.53	4416.42
750.72	4491.78
750.91	4535.20
751.10	4561.41
751.29	4564.49
751.48	4698.63
751.67	4693.51
751.86	4740.20
752.05	4897.49
752.24	4882.33
752.43	4928.20
752.62	4975.72
752.81	4993.53
753.00	5029.37
753.19	5111.50
753.38	5125.63
753.57	5211.44
753.76	5228.23
753.94	5270.63
754.13	5345.38
754.32	5394.32
754.51	5405.79
754.70	5496.31
754.89	5518.02
755.08	5483.00
755.27	5552.84
755.46	5656.05
755.65	5645.61
755.84	5732.85
756.03	5742.68
756.22	5825.62
756.40	5806.78
756.59	5923.93
756.78	5944.20
756.97	6002.57
757.16	5966.52
757.35	6031.45
757.54	6074.04
757.73	6192.21
757.92	6116.23
758.11	6281.30
758.29	6278.43
758.48	6348.06
758.67	6336.39
758.86	6428.96
759.05	6484.46
759.24	6519.27
759.43	6534.02
759.62	6581.94
759.81	6632.93
759.99	6578.46
760.18	6597.50
760.37	6717.92
760.56	6694.58
760.75	6685.77
760.94	6751.72
761.13	6728.98
761.32	6835.27
761.50	6907.57
761.69	6882.58
761.88	6924.56
762.07	6943.00
762.26	6983.75
762.45	7029.22
762.64	7106.01
762.82	7097.21
763.01	7153.73
763.20	7178.92
763.39	7121.58
763.58	7180.56
763.77	7139.81
763.96	7177.90
764.14	7294.02
764.33	7258.79
764.52	7269.24
764.71	7359.76
764.90	7426.11
765.09	7430.82
765.27	7418.53
765.46	7442.29
765.65	7436.56
765.84	7499.84
766.03	7519.70
766.22	7582.37
766.40	7536.29
766.59	7634.80
766.78	7625.58
766.97	7648.73
767.16	7665.72
767.35	7730.24
767.53	7629.48
767.72	7674.12
767.91	7704.64
768.10	7819.12
768.29	7829.15
768.47	7832.02
768.66	7918.24
768.85	7895.71
769.04	7838.37
769.23	7950.80
769.41	7915.58
769.60	7954.69
769.79	7932.37
769.98	7949.78
770.17	7939.33
770.35	7988.69
770.54	8002.41
770.73	8055.45
770.92	8064.26
771.10	8162.56
771.29	8084.12
771.48	8072.25
771.67	8159.28
771.86	8107.47
772.04	8177.72
772.23	8169.73
772.42	8150.07
772.61	8135.53
772.79	8246.94
772.98	8261.89
773.17	8286.67
773.36	8244.28
773.54	8332.75
773.73	8330.50
773.92	8301.00
774.11	8271.72
774.30	8336.43
774.48	8298.55
774.67	8310.43
774.86	8361.21
775.05	8329.47
775.23	8397.05
775.42	8457.67
775.61	8574.20
775.79	8501.91
775.98	8475.90
776.17	8433.71
776.36	8529.35
776.54	8522.80
776.73	8588.54
776.92	8480.82
777.11	8445.39
777.29	8449.28
777.48	8516.66
777.67	8468.73
777.85	8583.42
778.04	8646.29
778.23	8607.99
778.42	8598.37
778.60	8576.87
778.79	8648.34
778.98	8717.36
779.16	8696.06
779.35	8652.03
779.54	8692.37
779.73	8679.88
779.91	8689.30
780.10	8692.99
780.29	8697.29
780.47	8711.21
780.66	8659.60
780.85	8660.83
781.03	8696.47
781.22	8705.68
781.41	8672.51
781.60	8754.63
781.78	8795.59
781.97	8809.92
782.16	8702.82
782.34	8748.69
782.53	8827.74
782.72	8788.83
782.90	8798.05
783.09	8799.48
783.28	8849.66
783.46	8857.23
783.65	8893.07
783.84	8914.58
784.02	8889.59
784.21	8820.78
784.40	8858.87
784.58	8865.22
784.77	8913.96
784.96	8951.23
785.14	8911.50
785.33	8955.13
785.52	8911.71
785.70	8837.16
785.89	8963.11
786.08	8899.42
786.26	9021.48
786.45	8812.18
786.63	8969.87
786.82	9038.68
787.01	8949.80
787.19	9010.22
787.38	9037.45
787.57	9066.94
787.75	9020.46
787.94	9045.03
788.13	9067.56
788.31	9084.15
788.50	9113.23
788.68	9023.32
788.87	9124.49
789.06	9108.11
789.24	9218.49
789.43	9221.98
789.61	9208.46
789.80	9261.71
789.99	9175.08
790.17	9321.30
790.36	9337.69
790.55	9358.58
790.73	9335.84
790.92	9401.17
791.10	9397.69
791.29	9467.94
791.48	9439.27
791.66	9406.70
791.85	9461.18
792.03	9543.92
792.22	9614.78
792.40	9627.27
792.59	9591.84
792.78	9691.58
792.96	9553.54
793.15	9697.10
793.33	9732.53
793.52	9778.00
793.71	9917.06
793.89	9843.53
794.08	9864.83
794.26	9883.47
794.45	9884.29
794.63	9853.57
794.82	9948.60
795.01	10034.61
795.19	9944.70
795.38	10021.71
795.56	10100.35
795.75	10103.22
795.93	10051.20
796.12	10216.26
796.30	10155.85
796.49	10190.05
796.68	10190.46
796.86	10274.63
797.05	10244.12
797.23	10314.77
797.42	10279.34
797.60	10379.28
797.79	10388.29
797.97	10388.50
798.16	10451.99
798.34	10343.44
798.53	10473.69
798.71	10446.66
798.90	10523.26
799.08	10545.78
799.27	10574.25
799.46	10531.45
799.64	10557.66
799.83	10595.34
800.01	10609.68
800.20	10653.30
800.38	10577.12
800.57	10657.19
800.75	10636.30
800.94	10729.28
801.12	10688.73
801.31	10661.08
801.49	10786.21
801.68	10703.89
801.86	10744.44
802.05	10873.25
802.23	10854.21
802.42	10805.26
802.60	10791.54
802.79	10731.74
802.97	10808.95
803.16	10809.15
803.34	10881.04
803.53	10855.44
803.71	10926.71
803.90	10993.88
804.08	10952.51
804.27	10924.45
804.45	10902.74
804.63	10837.82
804.82	10818.57
805.00	10814.89
805.19	10965.41
805.37	10921.59
805.56	10926.09
805.74	10958.86
805.93	10968.89
806.11	10946.98
806.30	10972.78
806.48	10947.80
806.67	10993.26
806.85	11061.05
807.04	10967.66
807.22	11088.29
807.40	10975.86
807.59	10994.08
807.77	11076.41
807.96	10957.02
808.14	11083.58
808.33	10966.64
808.51	11025.83
808.69	10994.90
808.88	11053.47
809.06	10927.11
809.25	11016.00
809.43	10952.10
809.62	11096.48
809.80	11004.12
809.99	11080.10
810.17	11043.03
810.35	11104.26
810.54	11114.50
810.72	11132.94
810.91	11101.81
811.09	11127.00
811.27	11095.25
811.46	11084.81
811.64	11038.32
811.83	11143.38
812.01	11069.45
812.19	11097.71
812.38	11075.59
812.56	11066.17
812.75	11045.08
812.93	11055.32
813.11	10974.22
813.30	11062.49
813.48	11151.16
813.67	11035.66
813.85	10961.32
814.03	11111.84
814.22	11033.61
814.40	11055.93
814.59	10974.63
814.77	11003.50
814.95	11085.42
815.14	10991.63
815.32	10975.65
815.50	11082.97
815.69	10990.40
815.87	11112.05
816.06	10984.87
816.24	11105.08
816.42	11029.10
816.61	11080.30
816.79	11052.66
816.97	11008.83
817.16	11090.95
817.34	10977.49
817.52	11013.13
817.71	10992.85
817.89	11007.40
818.07	11056.75
818.26	10902.95
818.44	10928.75
818.63	10934.69
818.81	10991.42
818.99	10907.45
819.18	10984.46
819.36	10957.63
819.54	10903.36
819.73	10938.58
819.91	10913.60
820.09	10990.19
820.28	10964.80
820.46	10945.75
820.64	10963.77
820.83	10873.25
821.01	10872.84
821.19	10977.70
821.37	10899.26
821.56	11001.87
821.74	10923.02
821.92	10976.47
822.11	10976.27
822.29	10944.52
822.47	10995.93
822.66	10972.17
822.84	10912.37
823.02	10866.70
823.21	10919.13
823.39	10874.48
823.57	10962.95
823.75	10856.46
823.94	10885.95
824.12	10965.82
824.30	10938.58
824.49	10933.67
824.67	10935.92
824.85	10980.77
825.03	10935.10
825.22	10893.53
825.40	10901.72
825.58	10962.54
825.77	10959.06
825.95	10929.16
826.13	10974.01
826.31	10892.71
826.50	10921.79
826.68	10879.81
826.86	10902.74
827.04	10951.08
827.23	10916.47
827.41	10887.18
827.59	10873.46
827.78	10922.20
827.96	10889.84
828.14	10868.75
828.32	10989.17
828.51	10866.09
828.69	10881.04
828.87	10885.54
829.05	10944.11
829.23	10879.19
829.42	10890.66
829.60	10863.01
829.78	10935.31
829.96	10884.72
830.15	10868.13
830.33	10860.76
830.51	10980.16
830.69	10850.73
830.88	10840.49
831.06	10950.26
831.24	10815.91
831.42	10900.70
831.60	10892.91
831.79	10787.44
831.97	10940.02
832.15	10889.84
832.33	10954.15
832.52	10854.41
832.70	10985.07
832.88	10963.57
833.06	10934.08
833.24	10874.07
833.43	10824.10
833.61	10893.73
833.79	10968.07
833.97	10928.34
834.15	10944.93
834.34	10921.79
834.52	10960.50
834.70	10937.76
834.88	10947.18
835.06	11058.59
835.25	10953.74
835.43	10929.78
835.61	10921.18
835.79	11010.88
835.97	10991.83
836.15	10966.03
836.34	10889.84
836.52	10946.57
836.70	10930.60
836.88	10868.95
837.06	10943.91
837.24	10943.70
837.43	10960.50
837.61	10871.82
837.79	10939.20
837.97	10972.17
838.15	10955.38
838.33	10953.94
838.52	10934.90
838.70	11001.05
838.88	10876.73
839.06	10972.17
839.24	10977.90
839.42	10992.65
839.60	11061.67
839.79	10935.10
839.97	10985.48
840.15	10925.27
840.33	10985.48
840.51	10993.88
840.69	10989.17
840.87	10967.66
841.06	10952.92
841.24	10931.83
841.42	10994.90
841.60	11092.39
841.78	11035.86
841.96	11036.48
842.14	11055.73
842.32	10997.97
842.51	11086.04
842.69	10969.10
842.87	11013.33
843.05	11009.65
843.23	11005.14
843.41	11078.66
843.59	11069.86
843.77	11113.89
843.95	11010.88
844.14	11011.70
844.32	11046.10
844.50	11019.27
844.68	11067.40
844.86	11098.73
845.04	11023.37
845.22	11058.59
845.40	11049.17
845.58	11039.96
845.76	11060.85
845.94	11064.74
846.12	11043.85
846.31	11077.23
846.49	11103.44
846.67	11054.50
846.85	11082.15
847.03	10994.29
847.21	11109.38
847.39	10945.96
847.57	11038.32
847.75	11032.59
847.93	11099.96
848.11	11093.61
848.29	11036.27
848.47	11061.67
848.65	11059.00
848.83	11069.45
849.02	11137.65
849.20	11088.49
849.38	11051.84
849.56	11182.29
849.74	11067.20
849.92	11036.68
850.10	11120.65
850.28	11132.94
850.46	11135.19
850.64	11091.36
850.82	11098.12
851.00	11010.26
851.18	11115.32
851.36	11132.12
851.54	11119.21
851.72	11024.80
851.90	11209.73
852.08	11139.49
852.26	11145.84
852.44	11085.42
852.62	11126.59
852.80	11155.87
852.98	11119.42
853.16	11225.91
853.34	11117.37
853.52	11141.74
853.70	11077.03
853.88	11160.99
854.06	11046.72
854.24	11101.40
854.42	11150.14
854.60	11166.32
854.78	10984.05
854.96	11116.35
855.14	11132.53
855.32	11084.40
855.50	11151.78
855.68	11066.38
855.86	11087.68
856.04	11132.73
856.22	11105.29
856.40	11111.84
856.58	11074.16
856.76	11069.65
856.94	11040.78
857.12	11134.37
857.30	11079.89
857.48	11063.51
857.66	11146.66
857.84	11076.21
858.02	11103.65
858.20	11174.71
858.38	11099.96
858.56	11169.80
858.74	11213.42
858.92	11142.15
859.10	11067.61
859.28	11103.65
859.46	11167.55
859.64	11183.32
859.81	11138.47
859.99	11032.59
860.17	11144.81
860.35	11054.70
860.53	11098.12
860.71	11105.70
860.89	11179.01
861.07	10993.26
861.25	11128.43
861.43	11121.47
861.61	11219.16
861.79	11113.68
861.97	11086.86
862.15	11222.23
862.33	11219.36
862.50	11200.52
862.68	11149.32
862.86	11124.13
863.04	11219.16
863.22	11260.11
863.40	11207.28
863.58	11272.61
863.76	11184.13
863.94	11100.99
864.12	11088.09
864.30	11142.15
864.47	11189.87
864.65	11075.39
864.83	11129.66
865.01	11073.13
865.19	11135.60
865.37	11159.56
865.55	11049.58
865.73	11066.17
865.91	11170.00
866.09	11087.68
866.26	11091.16
866.44	11228.99
866.62	11151.78
866.80	11173.49
866.98	11083.58
867.16	11086.65
867.34	11146.25
867.52	11129.04
867.69	10992.85
867.87	11109.18
868.05	11042.01
868.23	11024.19
868.41	11026.03
868.59	11096.69
868.77	11166.52
868.94	11058.80
869.12	11052.25
869.30	10996.34
869.48	11048.15
869.66	10996.54
869.84	11091.77
870.02	10992.85
870.19	10994.70
870.37	10914.83
870.55	10897.62
870.73	10925.68
870.91	10983.64
871.09	10871.82
871.26	10925.68
871.44	10934.90
871.62	10866.90
871.80	10879.19
871.98	10804.44
872.16	10882.26
872.33	10802.80
872.51	10760.82
872.69	10810.59
872.87	10777.00
873.05	10801.57
873.22	10847.24
873.40	10754.88
873.58	10722.93
873.76	10725.19
873.94	10701.02
874.12	10672.14
874.29	10649.82
874.47	10690.16
874.65	10674.40
874.83	10726.41
875.01	10569.95
875.18	10597.60
875.36	10678.49
875.54	10590.63
875.72	10477.38
875.89	10572.61
876.07	10482.30
876.25	10600.67
876.43	10620.94
876.61	10512.40
876.78	10554.18
876.96	10623.20
877.14	10586.33
877.32	10673.17
877.49	10601.08
877.67	10735.02
877.85	10609.47
878.03	10608.45
878.21	10693.44
878.38	10663.75
878.56	10696.51
878.74	10710.85
878.92	10776.79
879.09	10756.72
879.27	10790.92
879.45	10804.65
879.63	10813.04
879.80	10831.27
879.98	10744.64
880.16	10816.11
880.34	10930.60
880.51	10861.58
880.69	10814.68
880.87	10935.92
881.05	10831.27
881.22	10986.92
881.40	10916.26
881.58	10841.10
881.75	10889.64
881.93	10837.82
882.11	10894.96
882.29	10937.15
882.46	11032.99
882.64	11004.73
882.82	10937.35
883.00	11010.67
883.17	11059.62
883.35	11056.75
883.53	11082.56
883.70	11100.78
883.88	11199.29
884.06	11150.96
884.23	11133.96
884.41	11214.65
884.59	11184.95
884.77	11265.23
884.94	11363.54
885.12	11365.58
885.30	11303.33
885.47	11371.52
885.65	11358.01
885.83	11420.47
886.00	11405.32
886.18	11428.46
886.36	11556.25
886.53	11413.92
886.71	11547.85
886.89	11495.02
887.07	11487.85
887.24	11546.42
887.42	11542.32
887.60	11593.11
887.77	11492.35
887.95	11703.29
888.13	11677.70
888.30	11564.03
888.48	11689.98
888.66	11701.86
888.83	11627.93
889.01	11669.91
889.18	11815.93
889.36	11731.97
889.54	11768.42
889.71	11879.42
889.89	11900.51
890.07	11876.76
890.24	11921.20
890.42	11970.15
890.60	11891.71
890.77	12045.31
890.95	11937.58
891.13	11942.91
891.30	12011.92
891.48	11935.94
891.65	12003.12
891.83	11994.31
892.01	12005.58
892.18	12084.83
892.36	12076.64
892.54	12082.17
892.71	12070.29
892.89	12041.21
893.06	12167.77
893.24	12107.15
893.42	12159.79
893.59	12239.45
893.77	12096.50
893.94	12200.54
894.12	12095.69
894.30	12191.53
894.47	12140.13
894.65	12212.42
894.82	12130.09
895.00	12130.91
895.18	12243.34
895.35	12198.49
895.53	12131.32
895.70	12289.22
895.88	12208.73
896.06	12150.37
896.23	12187.43
896.41	12165.32
896.58	12197.26
896.76	12200.95
896.93	12207.91
897.11	12343.90
897.29	12190.71
897.46	12258.09
897.64	12315.84
897.81	12361.51
897.99	12349.84
898.16	12368.68
898.34	12181.70
898.52	12319.53
898.69	12355.78
898.87	12253.99
899.04	12154.05
899.22	12304.17
899.39	12328.74
899.57	12164.91
899.74	12396.94
899.92	12235.77
900.10	12187.43
900.27	12161.63
900.45	12218.36
900.62	12187.23
900.80	12164.09
900.97	12188.66
901.15	12118.01
901.32	12168.80
901.50	12185.80
901.67	12087.90
901.85	12056.57
902.02	12215.49
902.20	12069.88
902.37	12147.09
902.55	12036.70
902.72	12142.58
902.90	12065.58
903.07	12105.31
903.25	12107.97
903.43	12070.50
903.60	11970.35
903.78	11929.80
903.95	12001.27
904.13	11933.69
904.30	11928.16
904.48	11967.07
904.65	11964.21
904.83	12002.50
905.00	11941.27
905.17	11872.66
905.35	11898.06
905.52	11849.93
905.70	11862.01
905.87	11857.30
906.05	11822.28
906.22	11730.74
906.40	11793.41
906.57	11749.99
906.75	11795.04
906.92	11766.37
907.10	11799.55
907.27	11606.84
907.45	11624.86
907.62	11687.73
907.80	11660.08
907.97	11586.77
908.15	11570.18
908.32	11600.28
908.49	11522.25
908.67	11492.97
908.84	11506.28
909.02	11433.78
909.19	11479.25
909.37	11497.06
909.54	11426.00
909.72	11458.56
909.89	11403.68
910.07	11382.58
910.24	11385.45
910.41	11372.14
910.59	11340.80
910.76	11349.20
910.94	11275.88
911.11	11207.69
911.29	11232.06
911.46	11224.28
911.63	11174.10
911.81	11184.75
911.98	11193.56
912.16	11211.17
912.33	11125.36
912.50	11098.12
912.68	11067.20
912.85	10984.25
913.03	11093.41
913.20	10973.81
913.38	10880.01
913.55	10961.32
913.72	10915.44
913.90	10925.48
914.07	10840.49
914.25	10901.11
914.42	10822.67
914.59	10818.16
914.77	10800.14
914.94	10768.60
915.11	10719.45
915.29	10715.76
915.46	10686.27
915.64	10660.26
915.81	10570.56
915.98	10585.10
916.16	10494.38
916.33	10424.34
916.51	10401.61
916.68	10312.72
916.85	10405.70
917.03	10333.61
917.20	10296.34
917.37	10365.15
917.55	10221.18
917.72	10228.14
917.89	10199.06
918.07	10287.53
918.24	10266.24
918.42	10190.87
918.59	10093.59
918.76	10132.30
918.94	9993.65
919.11	10083.56
919.28	10012.08
919.46	10006.96
919.63	9999.18
919.80	9959.45
919.98	9965.59
920.15	9807.29
920.32	9839.85
920.50	9829.81
920.67	9880.60
920.84	9792.74
921.02	9767.35
921.19	9805.24
921.36	9659.22
921.54	9588.36
921.71	9632.39
921.88	9520.98
922.06	9661.67
922.23	9509.10
922.40	9447.46
922.57	9482.48
922.75	9445.20
922.92	9471.83
923.09	9292.02
923.27	9314.34
923.44	9367.38
923.61	9366.77
923.79	9291.20
923.96	9230.37
924.13	9243.07
924.30	9120.81
924.48	9122.65
924.65	9153.16
924.82	9069.61
925.00	9109.75
925.17	9044.62
925.34	9015.54
925.51	9022.71
925.69	9006.32
925.86	8970.49
926.03	8937.72
926.21	8835.11
926.38	8815.45
926.55	8851.50
926.72	8742.55
926.90	8767.74
927.07	8739.47
927.24	8714.08
927.41	8639.53
927.59	8635.23
927.76	8648.14
927.93	8531.40
928.10	8485.94
928.28	8491.06
928.45	8487.16
928.62	8422.86
928.79	8424.29
928.97	8400.13
929.14	8356.50
929.31	8383.74
929.48	8323.12
929.66	8312.27
929.83	8243.25
930.00	8358.35
930.17	8245.30
930.34	8219.29
930.52	8164.81
930.69	8161.54
930.86	8063.03
931.03	8121.60
931.21	7982.14
931.38	7953.46
931.55	7994.83
931.72	7884.24
931.89	7794.34
932.07	7860.90
932.24	7769.35
932.41	7754.20
932.58	7699.31
932.75	7638.90
932.93	7683.13
933.10	7612.07
933.27	7538.55
933.44	7530.15
933.61	7535.88
933.79	7450.69
933.96	7392.12
934.13	7442.29
934.30	7371.64
934.47	7326.79
934.65	7255.11
934.82	7201.86
934.99	7219.68
935.16	7056.66
935.33	7039.66
935.50	6999.73
935.68	6967.78
935.85	6879.92
936.02	6794.72
936.19	6721.61
936.36	6643.58
936.53	6576.61
936.71	6581.12
936.88	6590.54
937.05	6522.34
937.22	6412.98
937.39	6348.47
937.56	6391.48
937.74	6246.69
937.91	6175.21
938.08	6166.82
938.25	6119.51
938.42	6071.18
938.59	5995.20
938.76	5987.62
938.94	5920.04
939.11	5862.49
939.28	5887.88
939.45	5863.72
939.62	5752.51
939.79	5704.38
939.96	5641.51
940.13	5613.66
940.31	5592.36
940.48	5517.41
940.65	5392.68
940.82	5415.42
940.99	5368.52
941.16	5362.58
941.33	5295.20
941.50	5232.94
941.67	5224.14
941.85	5217.58
942.02	5211.64
942.19	5192.80
942.36	5126.65
942.53	5166.38
942.70	5124.40
942.87	5103.51
943.04	5088.15
943.21	5023.44
943.38	5008.69
943.56	5021.80
943.73	4998.04
943.90	4967.32
944.07	4962.00
944.24	4965.68
944.41	5006.64
944.58	4946.02
944.75	4909.77
944.92	4907.93
945.09	4935.99
945.26	4902.61
945.43	4899.94
945.60	4903.22
945.78	4842.80
945.95	4824.99
946.12	4851.61
946.29	4814.13
946.46	4816.59
946.63	4822.32
946.80	4804.10
946.97	4835.64
947.14	4827.44
947.31	4829.49
947.48	4875.37
947.65	4773.79
947.82	4874.34
947.99	4819.87
948.16	4798.77
948.33	4826.42
948.50	4848.33
948.67	4790.17
948.84	4831.34
949.01	4870.25
949.18	4795.29
949.35	4819.66
949.52	4774.20
949.69	4778.09
949.86	4769.28
950.03	4762.93
950.20	4750.03
950.38	4805.94
950.55	4795.50
950.72	4771.54
950.89	4789.35
951.06	4764.37
951.23	4738.97
951.40	4804.10
951.57	4832.15
951.74	4797.54
951.91	4769.49
952.08	4692.89
952.25	4756.99
952.42	4709.89
952.59	4759.66
952.76	4737.74
952.92	4711.53
953.09	4756.38
953.26	4709.28
953.43	4704.77
953.60	4722.59
953.77	4687.98
953.94	4722.18
954.11	4688.80
954.28	4688.39
954.45	4657.05
954.62	4668.32
954.79	4666.06
954.96	4654.19
955.13	4667.09
955.30	4670.57
955.47	4681.83
955.64	4644.77
955.81	4723.41
955.98	4703.13
956.15	4629.41
956.32	4699.04
956.49	4649.89
956.66	4636.57
956.83	4642.31
957.00	4661.76
957.17	4618.35
957.33	4548.92
957.50	4618.55
957.67	4641.28
957.84	4587.83
958.01	4593.36
958.18	4577.59
958.35	4528.65
958.52	4591.31
958.69	4566.94
958.86	4575.13
959.03	4559.98
959.20	4522.50
959.37	4518.00
959.53	4574.52
959.70	4546.05
959.87	4501.00
960.04	4528.03
960.21	4508.78
960.38	4545.23
960.55	4502.84
960.72	4471.71
960.89	4460.86
961.06	4492.19
961.23	4458.81
961.39	4457.17
961.56	4411.71
961.73	4435.46
961.90	4410.68
962.07	4355.39
962.24	4412.32
962.41	4368.49
962.58	4390.82
962.75	4306.24
962.91	4306.44
963.08	4351.29
963.25	4314.22
963.42	4319.34
963.59	4281.05
963.76	4290.06
963.93	4277.36
964.09	4286.37
964.26	4253.81
964.43	4250.94
964.60	4250.33
964.77	4181.92
964.94	4157.96
965.11	4189.91
965.27	4173.53
965.44	4169.23
965.61	4154.28
965.78	4102.05
965.95	4165.13
966.12	4087.92
966.29	4117.62
966.45	4094.68
966.62	4063.55
966.79	4074.61
966.96	4098.57
967.13	4069.08
967.30	4031.60
967.46	4099.19
967.63	4034.68
967.80	4032.42
967.97	4015.43
968.14	4029.76
968.30	3986.96
968.47	3959.11
968.64	4054.95
968.81	3989.21
968.98	3934.74
969.15	3913.03
969.31	3955.21
969.48	3922.45
969.65	3949.89
969.82	3892.96
969.99	3868.79
970.15	3802.44
970.32	3815.75
970.49	3780.32
970.66	3775.40
970.82	3742.64
970.99	3739.77
971.16	3762.71
971.33	3705.57
971.50	3742.02
971.66	3723.59
971.83	3689.59
972.00	3718.67
972.17	3691.64
972.34	3673.41
972.50	3649.04
972.67	3636.35
972.84	3671.37
973.01	3626.31
973.17	3598.66
973.34	3602.55
973.51	3532.51
973.68	3578.18
973.84	3546.85
974.01	3549.10
974.18	3539.27
974.35	3520.64
974.51	3539.27
974.68	3514.70
974.85	3521.45
975.02	3502.00
975.18	3458.58
975.35	3435.03
975.52	3441.17
975.69	3412.71
975.85	3350.24
976.02	3351.47
976.19	3370.52
976.36	3347.38
976.52	3345.94
976.69	3390.59
976.86	3349.02
977.02	3300.89
977.19	3304.78
977.36	3307.85
977.53	3275.70
977.69	3282.87
977.86	3286.55
978.03	3250.92
978.19	3270.99
978.36	3240.47
978.53	3256.65
978.70	3224.09
978.86	3160.60
979.03	3161.42
979.20	3156.71
979.36	3152.62
979.53	3143.81
979.70	3128.45
979.86	3090.56
980.03	3121.08
980.20	3074.18
980.36	3071.52
980.53	3076.84
980.70	3052.27
980.86	3092.00
981.03	3016.63
981.20	3023.39
981.36	3000.04
981.53	3014.99
981.70	2994.31
981.86	2977.31
982.03	2938.19
982.20	2988.98
982.36	2961.34
982.53	2967.68
982.70	2923.24
982.86	2894.98
983.03	2924.68
983.20	2924.06
983.36	2942.49
983.53	2860.99
983.70	2898.87
983.86	2825.35
984.03	2863.65
984.20	2854.02
984.36	2804.87
984.53	2832.52
984.70	2805.28
984.86	2762.48
985.03	2782.14
985.19	2747.94
985.36	2737.29
985.53	2767.19
985.69	2773.54
985.86	2708.62
986.03	2740.56
986.19	2722.54
986.36	2718.45
986.52	2656.80
986.69	2653.12
986.86	2610.72
987.02	2679.74
987.19	2586.15
987.35	2587.99
987.52	2589.42
987.69	2556.25
987.85	2496.86
988.02	2609.90
988.18	2582.67
988.35	2513.65
988.52	2573.45
988.68	2514.88
988.85	2467.98
989.01	2485.59
989.18	2509.55
989.35	2461.22
989.51	2449.34
989.68	2444.84
989.84	2467.78
990.01	2445.04
990.17	2440.74
990.34	2421.90
990.51	2418.83
990.67	2421.70
990.84	2385.65
991.00	2367.01
991.17	2388.52
991.33	2358.21
991.50	2393.02
991.66	2369.68
991.83	2291.65
992.00	2309.47
992.16	2278.95
992.33	2298.20
992.49	2271.37
992.66	2286.12
992.82	2231.23
992.99	2225.91
993.15	2251.30
993.32	2219.15
993.48	2200.72
993.65	2197.85
993.82	2168.77
993.98	2183.93
994.15	2156.07
994.31	2179.83
994.48	2179.01
994.64	2118.60
994.81	2110.81
994.97	2113.07
995.14	2097.91
995.30	2112.86
995.47	2108.56
995.63	2107.54
995.80	2070.06
995.96	2069.45
996.13	2026.44
996.29	1997.77
996.46	2038.73
996.62	2012.92
996.79	2012.72
996.95	1988.96
997.12	1982.20
997.28	1988.35
997.45	1960.49
997.61	1986.09
997.78	1957.22
997.94	1951.48
998.11	1935.92
998.27	1947.39
998.44	1951.69
998.60	1893.73
998.77	1867.52
998.93	1931.41
999.10	1863.83
999.26	1833.11
999.43	1855.02
999.59	1868.95
999.75	1870.18
999.92	1793.99
1000.08	1833.11
1000.25	1793.58
1000.41	1815.50
1000.58	1781.50
1000.74	1804.03
1000.91	1818.77
1001.07	1757.13
1001.24	1780.48
1001.40	1797.47
1001.56	1775.36
1001.73	1761.23
1001.89	1743.82
1002.06	1718.01
1002.22	1710.64
1002.39	1681.97
1002.55	1734.60
1002.71	1666.40
1002.88	1658.01
1003.04	1690.78
1003.21	1694.87
1003.37	1681.36
1003.54	1678.90
1003.70	1627.29
1003.86	1650.64
1004.03	1605.78
1004.19	1612.34
1004.36	1613.16
1004.52	1611.11
1004.68	1593.50
1004.85	1589.61
1005.01	1570.97
1005.18	1571.17
1005.34	1547.42
1005.50	1537.38
1005.67	1534.52
1005.83	1503.59
1006.00	1489.46
1006.16	1504.82
1006.32	1502.98
1006.49	1490.07
1006.65	1514.24
1006.82	1456.69
1006.98	1472.46
1007.14	1437.03
1007.31	1437.65
1007.47	1428.02
1007.63	1428.43
1007.80	1414.30
1007.96	1397.71
1008.13	1413.89
1008.29	1380.51
1008.45	1410.00
1008.62	1355.93
1008.78	1369.65
1008.94	1380.92
1009.11	1373.95
1009.27	1373.14
1009.43	1340.16
1009.60	1334.22
1009.76	1334.63
1009.92	1293.06
1010.09	1336.48
1010.25	1306.17
1010.42	1288.35
1010.58	1287.53
1010.74	1302.89
1010.91	1260.91
1011.07	1241.66
1011.23	1243.91
1011.40	1266.23
1011.56	1235.31
1011.72	1238.99
1011.89	1228.75
1012.05	1229.57
1012.21	1191.07
1012.37	1203.97
1012.54	1190.25
1012.70	1196.19
1012.86	1188.61
1013.03	1203.36
1013.19	1167.11
1013.35	1158.71
1013.52	1158.71
1013.68	1143.76
1013.84	1156.67
1014.01	1135.57
1014.17	1131.27
1014.33	1138.44
1014.49	1116.12
1014.66	1119.19
1014.82	1122.05
1014.98	1125.13
1015.15	1108.13
1015.31	1118.37
1015.47	1062.87
1015.63	1096.25
1015.80	1038.09
1015.96	1030.72
1016.12	1069.22
1016.29	1023.14
1016.45	1013.92
1016.61	1034.20
1016.77	1019.04
1016.94	1045.46
1017.10	1005.12
1017.26	1027.85
1017.42	994.67
1017.59	997.13
1017.75	991.39
1017.91	995.49
1018.07	942.04
1018.24	985.66
1018.40	947.57
1018.56	993.03
1018.72	954.74
1018.89	949.00
1019.05	941.22
1019.21	942.65
1019.37	941.01
1019.54	945.11
1019.70	918.90
1019.86	944.29
1020.02	895.14
1020.19	886.54
1020.35	912.75
1020.51	927.29
1020.67	872.82
1020.83	862.78
1021.00	872.61
1021.16	859.10
1021.32	882.03
1021.48	863.81
1021.64	866.06
1021.81	832.88
1021.97	824.69
1022.13	844.56
1022.29	804.41
1022.45	824.28
1022.62	815.06
1022.78	798.48
1022.94	794.58
1023.10	801.14
1023.26	784.75
1023.43	777.38
1023.59	777.79
1023.75	794.38
1023.91	753.83
1024.07	760.59
1024.24	760.38
1024.40	772.26
1024.56	729.66
1024.72	737.04
1024.88	740.52
1025.04	747.89
1025.21	726.59
1025.37	727.00
1025.53	744.00
1025.69	714.71
1025.85	713.28
1026.01	705.70
1026.18	702.02
1026.34	691.57
1026.50	683.99
1026.66	663.10
1026.82	691.16
1026.98	660.44
1027.14	675.39
1027.31	659.83
1027.47	639.76
1027.63	626.45
1027.79	643.65
1027.95	635.66
1028.11	621.33
1028.27	622.35
1028.44	614.36
1028.60	624.19
1028.76	640.17
1028.92	643.65
1029.08	610.47
1029.24	610.68
1029.40	594.29
1029.56	601.67
1029.73	583.44
1029.89	584.67
1030.05	576.07
1030.21	592.86
1030.37	566.85
1030.53	570.13
1030.69	563.78
1030.85	561.53
1031.01	560.09
1031.17	528.96
1031.34	515.86
1031.50	553.74
1031.66	534.08
1031.82	537.97
1031.98	545.96
1032.14	546.58
1032.30	527.53
1032.46	546.99
1032.62	522.20
1032.78	509.71
1032.94	505.41
1033.10	517.08
1033.27	507.46
1033.43	524.25
1033.59	504.18
1033.75	507.05
1033.91	501.73
1034.07	503.36
1034.23	500.09
1034.39	499.88
1034.55	463.63
1034.71	491.08
1034.87	464.04
1035.03	467.32
1035.19	454.42
1035.35	455.03
1035.51	429.23
1035.67	452.78
1035.83	445.00
1035.99	435.37
1036.16	435.37
1036.32	449.50
1036.48	452.78
1036.64	440.70
1036.80	438.03
1036.96	414.07
1037.12	403.22
1037.28	423.70
1037.44	432.30
1037.60	398.92
1037.76	427.79
1037.92	423.29
1038.08	407.11
1038.24	382.74
1038.40	391.95
1038.56	415.71
1038.72	385.20
1038.88	366.15
1039.04	386.83
1039.20	376.18
1039.36	354.07
1039.52	375.98
1039.68	351.61
1039.84	366.56
1040.00	350.58
1040.16	378.44
1040.32	341.16
1040.48	321.30
1040.64	327.85
1040.80	365.54
1040.96	335.84
1041.12	330.72
1041.28	346.69
1041.44	322.94
1041.60	333.79
1041.76	313.52
1041.92	341.98
1042.08	330.72
1042.24	306.55
1042.39	335.23
1042.55	325.60
1042.71	316.59
1042.87	317.61
1043.03	316.59
1043.19	292.42
