345.44	1.629
345.66	1.639
345.88	1.649
346.10	-6.811
346.31	-1.991
346.53	2.638
346.75	-2.039
346.97	2.429
347.19	-2.884
347.41	2.364
347.63	6.398
347.85	6.508
348.07	4.276
348.29	-5.314
348.51	-0.988
348.73	-14.590
348.95	1.287
349.17	1.198
349.39	-0.558
349.61	-0.132
349.83	0.400
350.05	-0.070
350.27	-1.492
350.49	-0.028
350.71	0.884
350.93	0.206
351.15	0.042
351.37	0.435
351.59	-0.188
351.80	-0.252
352.02	0.356
352.24	-0.752
352.46	-0.221
352.68	0.644
352.90	-1.206
353.12	-0.786
353.34	-1.066
353.56	0.250
353.78	0.909
354.00	0.044
354.22	0.881
354.44	-0.378
354.66	1.290
354.88	0.031
355.09	0.272
355.31	-0.782
355.53	0.285
355.75	0.344
355.97	-0.036
356.19	0.716
356.41	0.869
356.63	0.901
356.85	-1.392
357.07	-0.468
357.29	0.588
357.50	-0.841
357.72	0.133
357.94	-0.074
358.16	0.089
358.38	-0.493
358.60	0.008
358.82	-0.592
359.04	1.115
359.26	0.629
359.48	0.528
359.69	0.180
359.91	-1.171
360.13	0.265
360.35	-0.297
360.57	0.277
360.79	0.009
361.01	0.203
361.23	-2.153
361.45	0.964
361.66	0.018
361.88	0.651
362.10	0.356
362.32	1.155
362.54	-0.195
362.76	-2.709
362.98	-0.259
363.20	-1.303
363.41	1.113
363.63	-1.066
363.85	0.211
364.07	0.172
364.29	-0.394
364.51	0.401
364.73	-3.740
364.94	0.012
365.16	0.245
365.38	0.433
365.60	-0.824
365.82	-1.665
366.04	1.154
366.26	-0.077
366.47	-0.084
366.69	0.888
366.91	-0.617
367.13	0.416
367.35	0.590
367.57	0.394
367.79	1.255
368.00	0.889
368.22	0.318
368.44	0.868
368.66	0.204
368.88	-0.438
369.10	0.542
369.31	0.530
369.53	1.743
369.75	0.687
369.97	-1.762
370.19	0.256
370.41	0.319
370.62	0.536
370.84	-0.909
371.06	1.308
371.28	-0.162
371.50	1.165
371.71	2.454
371.93	0.187
372.15	0.780
372.37	-0.723
372.59	-0.086
372.80	-0.073
373.02	-3.142
373.24	0.209
373.46	0.594
373.68	0.709
373.90	0.241
374.11	0.290
374.33	1.018
374.55	0.485
374.77	0.313
374.98	0.544
375.20	2.295
375.42	-0.952
375.64	1.345
375.86	0.904
376.07	0.529
376.29	1.876
376.51	-1.242
376.73	-0.405
376.95	0.889
377.16	0.403
377.38	1.684
377.60	0.509
377.82	0.333
378.03	0.145
378.25	1.453
378.47	0.252
378.69	1.443
378.91	-2.536
379.12	0.176
379.34	0.297
379.56	-1.270
379.78	1.644
379.99	1.204
380.21	-0.270
380.43	0.505
380.65	-0.239
380.86	1.063
381.08	0.166
381.30	0.413
381.52	2.316
381.73	0.678
381.95	0.479
382.17	-0.266
382.39	-1.162
382.60	0.303
382.82	-0.840
383.04	-0.237
383.26	1.614
383.47	-0.608
383.69	-0.200
383.91	0.285
384.13	-1.127
384.34	-0.666
384.56	1.484
384.78	0.475
385.00	-0.696
385.21	-0.276
385.43	-1.957
385.65	-2.489
385.86	-0.468
386.08	1.445
386.30	1.690
386.52	1.384
386.73	-3.107
386.95	0.085
387.17	0.793
387.38	-0.888
387.60	0.154
387.82	1.603
388.04	-0.784
388.25	0.886
388.47	-2.046
388.69	-0.433
388.90	0.222
389.12	1.036
389.34	1.555
389.56	0.342
389.77	1.594
389.99	-1.527
390.21	-2.031
390.42	1.341
390.64	0.055
390.86	1.784
391.07	1.220
391.29	0.566
391.51	1.015
391.72	0.699
391.94	0.532
392.16	1.503
392.38	0.709
392.59	-0.128
392.81	0.110
393.03	0.716
393.24	0.610
393.46	1.112
393.68	-0.510
393.89	0.422
394.11	0.599
394.33	0.360
394.54	0.240
394.76	1.887
394.98	0.034
395.19	-0.126
395.41	0.384
395.63	-1.240
395.84	1.893
396.06	1.522
396.28	0.323
396.49	1.046
396.71	0.743
396.93	1.259
397.14	0.780
397.36	0.661
397.57	1.001
397.79	-0.231
398.01	-0.351
398.22	0.597
398.44	0.884
398.66	1.016
398.87	0.751
399.09	1.751
399.31	0.398
399.52	1.574
399.74	1.153
399.96	-0.372
400.17	0.021
400.39	-0.052
400.60	0.357
400.82	1.059
401.04	0.288
401.25	-0.064
401.47	0.217
401.69	0.119
401.90	-0.333
402.12	-1.031
402.33	0.988
402.55	0.882
402.77	0.191
402.98	-0.138
403.20	-0.059
403.41	0.538
403.63	0.384
403.85	-0.235
404.06	0.646
404.28	1.232
404.49	0.246
404.71	0.527
404.93	0.842
405.14	0.054
405.36	0.392
405.57	0.802
405.79	-0.891
406.01	1.380
406.22	-0.436
406.44	1.382
406.65	0.755
406.87	0.092
407.09	0.929
407.30	1.858
407.52	1.428
407.73	0.899
407.95	-0.128
408.17	0.796
408.38	-0.451
408.60	0.987
408.81	0.415
409.03	0.900
409.24	-0.556
409.46	0.088
409.68	0.076
409.89	0.980
410.11	0.498
410.32	0.426
410.54	0.997
410.75	0.703
410.97	0.942
411.18	0.406
411.40	0.118
411.62	0.625
411.83	-0.008
412.05	-0.107
412.26	0.571
412.48	0.855
412.69	0.949
412.91	0.927
413.12	0.969
413.34	0.744
413.56	0.775
413.77	0.834
413.99	-0.034
414.20	0.550
414.42	1.155
414.63	1.554
414.85	1.174
415.06	0.715
415.28	1.220
415.49	1.328
415.71	1.381
415.92	0.470
416.14	0.071
416.35	1.287
416.57	1.002
416.79	0.357
417.00	0.827
417.22	0.832
417.43	0.900
417.65	0.676
417.86	0.540
418.08	1.124
418.29	1.169
418.51	0.688
418.72	1.065
418.94	1.307
419.15	1.449
419.37	0.564
419.58	1.736
419.80	-0.090
420.01	0.841
420.23	1.685
420.44	0.261
420.66	2.121
420.87	1.208
421.09	0.799
421.30	1.085
421.52	1.256
421.73	0.898
421.95	0.387
422.16	1.241
422.38	1.621
422.59	1.657
422.81	1.844
423.02	0.030
423.23	0.449
423.45	0.788
423.66	0.847
423.88	-0.008
424.09	0.834
424.31	1.067
424.52	1.211
424.74	1.786
424.95	0.593
425.17	0.994
425.38	0.998
425.60	-0.231
425.81	1.451
426.03	0.671
426.24	1.119
426.45	0.692
426.67	0.890
426.88	1.297
427.10	1.034
427.31	1.892
427.53	1.172
427.74	1.537
427.96	1.798
428.17	1.766
428.39	1.100
428.60	0.335
428.81	1.792
429.03	1.956
429.24	0.436
429.46	0.949
429.67	1.855
429.89	1.084
430.10	0.639
430.31	1.305
430.53	0.537
430.74	1.781
430.96	1.100
431.17	2.068
431.39	0.833
431.60	2.112
431.81	0.586
432.03	2.107
432.24	1.054
432.46	1.148
432.67	2.471
432.89	1.993
433.10	1.317
433.31	1.595
433.53	2.253
433.74	1.674
433.96	1.399
434.17	1.594
434.38	1.373
434.60	1.772
434.81	0.664
435.03	1.176
435.24	1.432
435.45	1.556
435.67	1.564
435.88	1.582
436.10	1.365
436.31	1.537
436.52	1.469
436.74	1.582
436.95	1.899
437.17	0.288
437.38	1.230
437.59	1.795
437.81	1.421
438.02	1.404
438.23	1.448
438.45	1.929
438.66	1.845
438.88	0.787
439.09	1.721
439.30	1.130
439.52	1.535
439.73	1.471
439.94	1.591
440.16	2.260
440.37	1.366
440.58	1.129
440.80	2.160
441.01	1.945
441.23	1.339
441.44	1.572
441.65	1.720
441.87	1.506
442.08	2.152
442.29	1.758
442.51	1.610
442.72	1.714
442.93	1.554
443.15	2.119
443.36	1.902
443.57	2.187
443.79	1.590
444.00	1.982
444.21	2.296
444.43	2.001
444.64	2.018
444.85	1.684
445.07	2.002
445.28	1.941
445.49	2.040
445.71	2.939
445.92	1.674
446.13	2.095
446.35	1.747
446.56	1.933
446.77	2.290
446.99	1.874
447.20	2.219
447.41	2.289
447.63	2.266
447.84	2.283
448.05	1.657
448.27	2.890
448.48	2.639
448.69	1.454
448.90	2.734
449.12	2.777
449.33	2.172
449.54	2.258
449.76	2.531
449.97	1.762
450.18	2.367
450.40	1.981
450.61	2.283
450.82	3.099
451.03	1.997
451.25	2.683
451.46	2.413
451.67	2.395
451.89	2.095
452.10	2.590
452.31	2.683
452.52	2.563
452.74	2.556
452.95	2.120
453.16	2.618
453.38	2.631
453.59	2.577
453.80	2.929
454.01	1.572
454.23	2.810
454.44	2.579
454.65	2.741
454.86	3.093
455.08	2.396
455.29	2.559
455.50	2.640
455.71	2.403
455.93	2.432
456.14	2.346
456.35	3.078
456.56	2.812
456.78	2.939
456.99	2.573
457.20	3.395
457.41	3.121
457.63	2.896
457.84	2.970
458.05	2.846
458.26	3.116
458.48	3.169
458.69	2.628
458.90	3.010
459.11	2.969
459.33	3.194
459.54	3.035
459.75	2.710
459.96	3.792
460.18	2.944
460.39	3.336
460.60	3.026
460.81	2.982
461.02	3.543
461.24	3.599
461.45	3.108
461.66	3.879
461.87	3.249
462.09	3.472
462.30	3.958
462.51	2.955
462.72	3.184
462.93	3.524
463.15	3.069
463.36	3.286
463.57	3.401
463.78	3.604
463.99	3.544
464.21	3.306
464.42	3.554
464.63	3.338
464.84	3.467
465.05	3.961
465.27	3.565
465.48	3.683
465.69	3.922
465.90	4.164
466.11	3.769
466.33	3.749
466.54	3.477
466.75	3.805
466.96	3.822
467.17	3.877
467.38	3.904
467.60	4.313
467.81	4.040
468.02	3.647
468.23	4.000
468.44	4.114
468.65	3.880
468.87	4.036
469.08	4.057
469.29	4.107
469.50	4.032
469.71	4.217
469.92	4.206
470.14	4.395
470.35	4.425
470.56	4.179
470.77	4.010
470.98	4.355
471.19	4.432
471.41	4.150
471.62	4.572
471.83	4.751
472.04	4.407
472.25	4.367
472.46	4.366
472.67	4.553
472.89	4.323
473.10	4.540
473.31	4.463
473.52	4.761
473.73	4.491
473.94	4.715
474.15	4.768
474.37	4.945
474.58	4.643
474.79	4.666
475.00	4.609
475.21	4.551
475.42	5.002
475.63	4.975
475.84	4.794
476.06	4.904
476.27	4.843
476.48	5.068
476.69	4.880
476.90	4.991
477.11	4.877
477.32	5.098
477.53	4.970
477.74	4.827
477.96	4.828
478.17	5.004
478.38	5.166
478.59	5.135
478.80	5.313
479.01	5.236
479.22	5.047
479.43	5.398
479.64	5.455
479.85	5.178
480.06	5.279
480.28	5.297
480.49	5.024
480.70	5.344
480.91	5.196
481.12	5.257
481.33	5.475
481.54	5.417
481.75	5.418
481.96	5.653
482.17	5.230
482.38	5.291
482.59	5.755
482.81	5.744
483.02	5.668
483.23	5.692
483.44	5.537
483.65	5.695
483.86	5.690
484.07	5.751
484.28	5.653
484.49	5.521
484.70	5.797
484.91	5.752
485.12	5.805
485.33	5.854
485.54	5.814
485.75	5.846
485.96	5.957
486.17	5.891
486.38	5.942
486.60	6.119
486.81	6.049
487.02	6.052
487.23	6.212
487.44	6.196
487.65	6.083
487.86	6.028
488.07	6.073
488.28	6.095
488.49	6.264
488.70	6.358
488.91	6.079
489.12	6.252
489.33	6.273
489.54	6.359
489.75	6.190
489.96	6.219
490.17	6.286
490.38	6.584
490.59	6.335
490.80	6.382
491.01	6.324
491.22	6.423
491.43	6.356
491.64	6.382
491.85	6.359
492.06	6.570
492.27	6.656
492.48	6.811
492.69	6.626
492.90	6.550
493.11	6.653
493.32	6.715
493.53	6.362
493.74	6.722
493.95	6.742
494.16	6.581
494.37	6.726
494.58	6.958
494.79	6.791
495.00	6.843
495.21	6.961
495.42	6.828
495.63	6.796
495.84	6.858
496.05	6.909
496.26	6.799
496.47	6.802
496.68	6.793
496.89	6.943
497.10	7.021
497.31	6.973
497.52	7.129
497.73	7.093
497.94	7.091
498.15	7.089
498.36	7.189
498.57	7.133
498.78	7.319
498.99	7.250
499.19	7.301
499.40	7.327
499.61	7.284
499.82	7.206
500.03	7.530
500.24	7.360
500.45	7.428
500.66	7.349
500.87	7.398
501.08	7.637
501.29	7.410
501.50	7.479
501.71	7.367
501.92	7.423
502.13	7.420
502.34	7.700
502.55	7.517
502.76	7.361
502.96	7.593
503.17	7.740
503.38	7.632
503.59	7.808
503.80	7.683
504.01	7.635
504.22	7.804
504.43	7.876
504.64	7.704
504.85	7.912
505.06	7.671
505.27	7.967
505.47	7.890
505.68	7.819
505.89	7.873
506.10	8.066
506.31	7.910
506.52	7.937
506.73	7.859
506.94	7.954
507.15	8.243
507.36	8.088
507.56	8.036
507.77	7.954
507.98	8.193
508.19	8.148
508.40	8.169
508.61	8.184
508.82	8.205
509.03	8.341
509.24	8.170
509.44	8.312
509.65	8.215
509.86	8.406
510.07	8.413
510.28	8.253
510.49	8.293
510.70	8.544
510.91	8.377
511.11	8.249
511.32	8.355
511.53	8.321
511.74	8.512
511.95	8.457
512.16	8.532
512.37	8.530
512.58	8.574
512.78	8.497
512.99	8.592
513.20	8.585
513.41	8.610
513.62	8.631
513.83	8.543
514.04	8.631
514.24	8.801
514.45	8.875
514.66	8.647
514.87	8.871
515.08	8.795
515.29	8.720
515.49	8.740
515.70	8.951
515.91	8.816
516.12	8.771
516.33	8.861
516.54	8.808
516.74	8.819
516.95	9.025
517.16	9.146
517.37	9.018
517.58	9.076
517.79	9.110
517.99	8.954
518.20	9.063
518.41	9.143
518.62	9.117
518.83	9.157
519.03	9.199
519.24	9.131
519.45	9.109
519.66	9.226
519.87	9.280
520.07	9.361
520.28	9.188
520.49	9.304
520.70	9.172
520.91	9.340
521.12	9.294
521.32	9.467
521.53	9.350
521.74	9.378
521.95	9.436
522.15	9.339
522.36	9.383
522.57	9.449
522.78	9.412
522.99	9.315
523.19	9.463
523.40	9.677
523.61	9.725
523.82	9.448
524.03	9.553
524.23	9.823
524.44	9.540
524.65	9.536
524.86	9.529
525.06	9.730
525.27	9.645
525.48	9.777
525.69	9.841
525.89	9.773
526.10	10.006
526.31	9.708
526.52	9.800
526.72	9.823
526.93	9.799
527.14	9.902
527.35	9.937
527.56	9.897
527.76	9.886
527.97	9.892
528.18	9.925
528.38	10.040
528.59	9.845
528.80	10.028
529.01	9.821
529.21	9.940
529.42	10.027
529.63	10.021
529.84	10.046
530.04	10.131
530.25	10.129
530.46	10.114
530.67	10.039
530.87	10.244
531.08	10.153
531.29	10.183
531.50	10.098
531.70	10.210
531.91	10.194
532.12	10.323
532.32	10.289
532.53	10.255
532.74	10.330
532.95	10.416
533.15	10.375
533.36	10.363
533.57	10.296
533.77	10.168
533.98	10.404
534.19	10.351
534.39	10.343
534.60	10.558
534.81	10.464
535.02	10.491
535.22	10.396
535.43	10.479
535.64	10.505
535.84	10.594
536.05	10.604
536.26	10.689
536.46	10.603
536.67	10.733
536.88	10.553
537.08	10.640
537.29	10.623
537.50	10.784
537.70	10.758
537.91	10.604
538.12	10.694
538.33	10.631
538.53	10.744
538.74	10.847
538.95	10.802
539.15	10.870
539.36	10.654
539.57	10.857
539.77	10.952
539.98	10.864
540.18	10.755
540.39	10.842
540.60	10.806
540.80	10.892
541.01	10.863
541.22	11.026
541.42	11.014
541.63	10.930
541.84	11.062
542.04	10.950
542.25	10.972
542.46	11.062
542.66	11.090
542.87	11.015
543.08	11.074
543.28	11.050
543.49	11.145
543.69	11.015
543.90	11.103
544.11	11.047
544.31	11.000
544.52	11.227
544.73	11.159
544.93	11.122
545.14	11.385
545.34	11.148
545.55	11.221
545.76	11.189
545.96	11.292
546.17	11.156
546.38	11.181
546.58	11.395
546.79	11.115
546.99	11.186
547.20	11.344
547.41	11.283
547.61	11.224
547.82	11.225
548.02	11.284
548.23	11.472
548.44	11.272
548.64	11.536
548.85	11.238
549.05	11.435
549.26	11.404
549.47	11.365
549.67	11.355
549.88	11.444
550.08	11.381
550.29	11.369
550.50	11.469
550.70	11.429
550.91	11.358
551.11	11.393
551.32	11.413
551.52	11.581
551.73	11.576
551.94	11.529
552.14	11.439
552.35	11.536
552.55	11.440
552.76	11.363
552.96	11.510
553.17	11.513
553.38	11.453
553.58	11.569
553.79	11.462
553.99	11.493
554.20	11.695
554.40	11.503
554.61	11.590
554.81	11.564
555.02	11.566
555.23	11.519
555.43	11.511
555.64	11.611
555.84	11.571
556.05	11.611
556.25	11.561
556.46	11.674
556.66	11.567
556.87	11.477
557.07	11.587
557.28	11.635
557.48	11.569
557.69	11.638
557.90	11.549
558.10	11.704
558.31	11.727
558.51	11.694
558.72	11.626
558.92	11.547
559.13	11.518
559.33	11.630
559.54	11.718
559.74	11.640
559.95	11.386
560.15	11.517
560.36	11.620
560.56	11.666
560.77	11.631
560.97	11.576
561.18	11.582
561.38	11.481
561.59	11.544
561.79	11.690
562.00	11.594
562.20	11.672
562.41	11.753
562.61	11.624
562.82	11.621
563.02	11.518
563.23	11.692
563.43	11.638
563.64	11.551
563.84	11.643
564.05	11.582
564.25	11.659
564.46	11.608
564.66	11.582
564.87	11.655
565.07	11.608
565.28	11.560
565.48	11.572
565.68	11.689
565.89	11.489
566.09	11.593
566.30	11.472
566.50	11.610
566.71	11.612
566.91	11.440
567.12	11.535
567.32	11.523
567.53	11.571
567.73	11.548
567.94	11.472
568.14	11.509
568.34	11.454
568.55	11.403
568.75	11.422
568.96	11.524
569.16	11.432
569.37	11.355
569.57	11.589
569.78	11.333
569.98	11.282
570.18	11.389
570.39	11.431
570.59	11.381
570.80	11.409
571.00	11.521
571.21	11.328
571.41	11.299
571.61	11.381
571.82	11.389
572.02	11.363
572.23	11.355
572.43	11.237
572.64	11.221
572.84	11.112
573.04	11.183
573.25	11.101
573.45	11.147
573.66	11.166
573.86	11.138
574.06	11.165
574.27	11.096
574.47	11.151
574.68	11.061
574.88	11.005
575.08	11.000
575.29	10.956
575.49	10.896
575.70	10.973
575.90	10.934
576.10	10.923
576.31	10.831
576.51	10.889
576.72	10.756
576.92	10.898
577.12	10.782
577.33	10.894
577.53	10.813
577.73	10.822
577.94	10.653
578.14	10.896
578.35	10.694
578.55	10.687
578.75	10.733
578.96	10.611
579.16	10.603
579.36	10.631
579.57	10.433
579.77	10.452
579.98	10.478
580.18	10.557
580.38	10.412
580.59	10.493
580.79	10.245
580.99	10.448
581.20	10.302
581.40	10.257
581.60	10.246
581.81	10.224
582.01	10.173
582.21	10.137
582.42	10.152
582.62	10.067
582.82	10.079
583.03	9.970
583.23	9.969
583.43	9.956
583.64	9.924
583.84	9.917
584.04	9.894
584.25	9.752
584.45	9.867
584.65	9.723
584.86	9.741
585.06	9.604
585.26	9.680
585.47	9.676
585.67	9.640
585.87	9.439
586.08	9.499
586.28	9.412
586.48	9.487
586.69	9.381
586.89	9.328
587.09	9.291
587.30	9.180
587.50	9.111
587.70	9.200
587.90	9.224
588.11	9.002
588.31	9.019
588.51	8.983
588.72	9.113
588.92	8.881
589.12	8.865
589.33	8.774
589.53	8.741
589.73	8.764
589.93	8.661
590.14	8.566
590.34	8.564
590.54	8.422
590.75	8.464
590.95	8.391
591.15	8.400
591.35	8.221
591.56	8.252
591.76	8.278
591.96	8.182
592.16	8.059
592.37	8.063
592.57	7.846
592.77	7.876
592.97	7.924
593.18	7.872
593.38	7.747
593.58	7.772
593.79	7.645
593.99	7.701
594.19	7.463
594.39	7.575
594.60	7.554
594.80	7.511
595.00	7.345
595.20	7.188
595.41	7.199
595.61	7.237
595.81	7.166
596.01	7.124
596.21	6.976
596.42	6.997
596.62	7.000
596.82	6.816
597.02	6.851
597.23	6.878
597.43	6.732
597.63	6.677
597.83	6.698
598.04	6.670
598.24	6.529
598.44	6.512
598.64	6.370
598.84	6.396
599.05	6.318
599.25	6.273
599.45	6.183
599.65	6.229
599.85	6.101
600.06	6.090
600.26	6.082
600.46	6.008
600.66	6.008
600.87	5.971
601.07	5.929
601.27	5.891
601.47	5.893
601.67	5.822
601.87	5.710
602.08	5.724
602.28	5.625
602.48	5.611
602.68	5.562
602.88	5.522
603.09	5.484
603.29	5.438
603.49	5.459
603.69	5.419
603.89	5.412
604.10	5.302
604.30	5.235
604.50	5.272
604.70	5.157
604.90	5.159
605.10	5.086
605.31	5.101
605.51	5.092
605.71	5.066
605.91	5.009
606.11	4.965
606.31	4.921
606.52	4.986
606.72	4.955
606.92	4.961
607.12	4.862
607.32	4.860
607.52	4.680
607.72	4.807
607.93	4.760
608.13	4.732
608.33	4.681
608.53	4.731
608.73	4.625
608.93	4.678
609.13	4.610
609.34	4.589
609.54	4.581
609.74	4.579
609.94	4.520
610.14	4.551
610.34	4.511
610.54	4.435
610.74	4.534
610.95	4.443
611.15	4.347
611.35	4.367
611.55	4.325
611.75	4.353
611.95	4.349
612.15	4.363
612.35	4.339
612.56	4.264
612.76	4.294
612.96	4.348
613.16	4.241
613.36	4.213
613.56	4.195
613.76	4.229
613.96	4.216
614.16	4.171
614.36	4.207
614.57	4.208
614.77	4.150
614.97	4.149
615.17	4.107
615.37	4.168
615.57	4.238
615.77	4.100
615.97	4.169
616.17	4.162
616.37	4.129
616.57	4.100
616.78	4.123
616.98	4.103
617.18	4.137
617.38	4.066
617.58	4.093
617.78	4.084
617.98	4.091
618.18	4.044
618.38	4.095
618.58	4.095
618.78	4.106
618.98	3.989
619.18	4.079
619.38	4.040
619.58	4.074
619.79	4.033
619.99	4.127
620.19	4.011
620.39	4.156
620.59	4.063
620.79	4.100
620.99	4.058
621.19	4.060
621.39	4.021
621.59	4.044
621.79	4.039
621.99	4.060
622.19	4.035
622.39	4.044
622.59	4.122
622.79	4.064
622.99	4.071
623.19	4.019
623.39	3.984
623.59	4.020
623.79	4.072
623.99	4.072
624.19	4.046
624.39	4.045
624.59	4.027
624.79	4.007
624.99	4.056
625.19	4.074
625.39	4.105
625.59	4.047
625.79	4.085
625.99	4.015
626.19	4.043
626.39	4.139
626.59	4.064
626.79	4.029
626.99	4.047
627.19	4.075
627.39	4.112
627.59	4.131
627.79	4.092
627.99	4.190
628.19	4.166
628.39	4.064
628.59	4.104
628.79	4.063
628.99	4.151
629.19	4.094
629.39	4.152
629.59	4.083
629.79	4.160
629.99	4.118
630.19	4.186
630.39	4.059
630.59	4.152
630.79	4.164
630.99	4.185
631.19	4.161
631.39	4.161
631.59	4.157
631.79	4.154
631.99	4.157
632.19	4.163
632.39	4.154
632.59	4.221
632.79	4.222
632.99	4.202
633.19	4.092
633.39	4.147
633.58	4.163
633.78	4.176
633.98	4.216
634.18	4.109
634.38	4.144
634.58	4.204
634.78	4.178
634.98	4.228
635.18	4.228
635.38	4.201
635.58	4.171
635.78	4.217
635.98	4.234
636.18	4.250
636.38	4.214
636.57	4.276
636.77	4.247
636.97	4.174
637.17	4.280
637.37	4.281
637.57	4.253
637.77	4.124
637.97	4.218
638.17	4.237
638.37	4.208
638.57	4.182
638.76	4.291
638.96	4.254
639.16	4.228
639.36	4.195
639.56	4.252
639.76	4.276
639.96	4.212
640.16	4.213
640.36	4.226
640.56	4.204
640.75	4.290
640.95	4.252
641.15	4.254
641.35	4.264
641.55	4.233
641.75	4.231
641.95	4.287
642.15	4.250
642.34	4.216
642.54	4.297
642.74	4.264
642.94	4.257
643.14	4.272
643.34	4.303
643.54	4.286
643.74	4.396
643.93	4.302
644.13	4.315
644.33	4.301
644.53	4.313
644.73	4.364
644.93	4.277
645.13	4.323
645.32	4.379
645.52	4.364
645.72	4.287
645.92	4.387
646.12	4.383
646.32	4.335
646.52	4.394
646.71	4.392
646.91	4.445
647.11	4.435
647.31	4.509
647.51	4.452
647.71	4.492
647.90	4.515
648.10	4.461
648.30	4.468
648.50	4.521
648.70	4.487
648.89	4.467
649.09	4.523
649.29	4.531
649.49	4.482
649.69	4.554
649.89	4.532
650.08	4.560
650.28	4.559
650.48	4.567
650.68	4.577
650.88	4.645
651.07	4.673
651.27	4.651
651.47	4.682
651.67	4.696
651.87	4.662
652.06	4.715
652.26	4.615
652.46	4.743
652.66	4.725
652.86	4.725
653.05	4.788
653.25	4.887
653.45	4.815
653.65	4.837
653.85	4.892
654.04	4.865
654.24	4.888
654.44	4.914
654.64	4.940
654.83	4.951
655.03	4.984
655.23	4.958
655.43	4.979
655.63	5.031
655.82	5.049
656.02	5.113
656.22	5.086
656.42	5.139
656.61	5.210
656.81	5.251
657.01	5.287
657.21	5.270
657.40	5.311
657.60	5.248
657.80	5.378
658.00	5.331
658.19	5.347
658.39	5.471
658.59	5.500
658.79	5.474
658.98	5.467
659.18	5.501
659.38	5.572
659.58	5.605
659.77	5.633
659.97	5.685
660.17	5.734
660.36	5.689
660.56	5.765
660.76	5.904
660.96	5.791
661.15	5.875
661.35	5.941
661.55	5.961
661.75	5.973
661.94	6.086
662.14	6.050
662.34	6.126
662.53	6.115
662.73	6.186
662.93	6.191
663.13	6.345
663.32	6.206
663.52	6.369
663.72	6.391
663.91	6.378
664.11	6.434
664.31	6.503
664.50	6.613
664.70	6.610
664.90	6.637
665.10	6.710
665.29	6.750
665.49	6.777
665.69	6.781
665.88	6.842
666.08	6.870
666.28	6.978
666.47	6.957
666.67	7.021
666.87	7.107
667.06	7.115
667.26	7.091
667.46	7.214
667.65	7.228
667.85	7.269
668.05	7.367
668.24	7.413
668.44	7.517
668.64	7.526
668.83	7.544
669.03	7.587
669.23	7.677
669.42	7.685
669.62	7.705
669.82	7.814
670.01	7.852
670.21	7.977
670.41	7.947
670.60	8.018
670.80	8.088
671.00	8.132
671.19	8.179
671.39	8.224
671.58	8.287
671.78	8.252
671.98	8.355
672.17	8.442
672.37	8.482
672.57	8.510
672.76	8.594
672.96	8.644
673.15	8.664
673.35	8.753
673.55	8.821
673.74	8.790
673.94	8.836
674.14	8.886
674.33	9.092
674.53	9.023
674.72	9.086
674.92	9.223
675.12	9.259
675.31	9.264
675.51	9.335
675.70	9.384
675.90	9.352
676.10	9.504
676.29	9.515
676.49	9.604
676.68	9.647
676.88	9.744
677.08	9.761
677.27	9.822
677.47	9.784
677.66	9.907
677.86	9.973
678.06	9.996
678.25	10.091
678.45	10.101
678.64	10.148
678.84	10.216
679.03	10.276
679.23	10.351
679.43	10.447
679.62	10.437
679.82	10.469
680.01	10.482
680.21	10.568
680.40	10.675
680.60	10.662
680.80	10.814
680.99	10.852
681.19	10.895
681.38	10.889
681.58	10.950
681.77	11.012
681.97	11.058
682.16	11.209
682.36	11.119
682.56	11.320
682.75	11.235
682.95	11.338
683.14	11.495
683.34	11.449
683.53	11.572
683.73	11.562
683.92	11.680
684.12	11.754
684.31	11.850
684.51	11.722
684.70	11.803
684.90	11.881
685.10	11.911
685.29	12.072
685.49	12.108
685.68	12.213
685.88	12.091
686.07	12.263
686.27	12.384
686.46	12.361
686.66	12.312
686.85	12.433
687.05	12.453
687.24	12.638
687.44	12.443
687.63	12.600
687.83	12.626
688.02	12.717
688.22	12.845
688.41	12.815
688.61	12.903
688.80	12.912
689.00	13.004
689.19	13.015
689.39	13.068
689.58	13.089
689.78	13.049
689.97	13.181
690.17	13.300
690.36	13.239
690.56	13.400
690.75	13.353
690.95	13.441
691.14	13.566
691.34	13.573
691.53	13.649
691.72	13.645
691.92	13.664
692.11	13.593
692.31	13.645
692.50	13.840
692.70	13.927
692.89	14.014
693.09	14.079
693.28	14.035
693.48	14.107
693.67	14.096
693.87	14.238
694.06	14.255
694.25	14.260
694.45	14.317
694.64	14.423
694.84	14.359
695.03	14.560
695.23	14.439
695.42	14.575
695.62	14.630
695.81	14.626
696.00	14.624
696.20	14.731
696.39	14.769
696.59	14.806
696.78	14.889
696.98	14.790
697.17	14.900
697.36	15.003
697.56	14.987
697.75	15.044
697.95	15.061
698.14	15.012
698.34	15.226
698.53	15.206
698.72	15.230
698.92	15.257
699.11	15.156
699.31	15.260
699.50	15.321
699.69	15.334
699.89	15.496
700.08	15.408
700.28	15.388
700.47	15.424
700.66	15.548
700.86	15.553
701.05	15.613
701.25	15.682
701.44	15.665
701.63	15.750
701.83	15.780
702.02	15.724
702.21	15.805
702.41	15.766
702.60	15.833
702.80	15.845
702.99	15.862
703.18	16.024
703.38	15.871
703.57	16.001
703.77	15.981
703.96	16.035
704.15	16.084
704.35	16.049
704.54	16.041
704.73	16.215
704.93	16.135
705.12	16.132
705.31	16.198
705.51	16.174
705.70	16.259
705.89	16.226
706.09	16.366
706.28	16.295
706.48	16.337
706.67	16.301
706.86	16.402
707.06	16.346
707.25	16.465
707.44	16.370
707.64	16.329
707.83	16.308
708.02	16.396
708.22	16.424
708.41	16.392
708.60	16.445
708.80	16.501
708.99	16.446
709.18	16.552
709.38	16.510
709.57	16.515
709.76	16.542
709.95	16.411
710.15	16.564
710.34	16.537
710.53	16.586
710.73	16.497
710.92	16.526
711.11	16.548
711.31	16.508
711.50	16.758
711.69	16.607
711.89	16.674
712.08	16.601
712.27	16.666
712.46	16.600
712.66	16.598
712.85	16.580
713.04	16.573
713.24	16.715
713.43	16.616
713.62	16.736
713.81	16.642
714.01	16.726
714.20	16.696
714.39	16.713
714.59	16.625
714.78	16.583
714.97	16.573
715.16	16.626
715.36	16.502
715.55	16.572
715.74	16.617
715.93	16.449
716.13	16.549
716.32	16.670
716.51	16.520
716.71	16.593
716.90	16.581
717.09	16.462
717.28	16.553
717.48	16.650
717.67	16.560
717.86	16.567
718.05	16.659
718.25	16.533
718.44	16.531
718.63	16.512
718.82	16.629
719.02	16.559
719.21	16.651
719.40	16.458
719.59	16.575
719.78	16.577
719.98	16.606
720.17	16.635
720.36	16.455
720.55	16.480
720.75	16.504
720.94	16.503
721.13	16.530
721.32	16.558
721.51	16.584
721.71	16.560
721.90	16.513
722.09	16.510
722.28	16.465
722.48	16.534
722.67	16.537
722.86	16.531
723.05	16.549
723.24	16.641
723.44	16.518
723.63	16.511
723.82	16.599
724.01	16.610
724.20	16.593
724.40	16.712
724.59	16.598
724.78	16.561
724.97	16.690
725.16	16.509
725.35	16.625
725.55	16.716
725.74	16.826
725.93	16.737
726.12	16.742
726.31	16.836
726.51	16.843
726.70	16.971
726.89	16.826
727.08	16.844
727.27	16.751
727.46	16.844
727.66	16.919
727.85	16.906
728.04	16.952
728.23	16.840
728.42	16.933
728.61	16.953
728.81	17.026
729.00	16.923
729.19	17.087
729.38	17.051
729.57	17.211
729.76	17.062
729.95	17.202
730.15	17.264
730.34	17.231
730.53	17.317
730.72	17.355
730.91	17.334
731.10	17.414
731.29	17.367
731.49	17.525
731.68	17.489
731.87	17.543
732.06	17.595
732.25	17.461
732.44	17.754
732.63	17.633
732.82	17.608
733.02	17.725
733.21	17.780
733.40	17.868
733.59	17.915
733.78	17.907
733.97	17.957
734.16	18.125
734.35	18.105
734.54	18.001
734.74	18.216
734.93	18.197
735.12	18.293
735.31	18.426
735.50	18.475
735.69	18.478
735.88	18.746
736.07	18.536
736.26	18.612
736.45	18.680
736.64	18.659
736.84	18.795
737.03	18.927
737.22	19.020
737.41	18.899
737.60	18.999
737.79	19.134
737.98	19.158
738.17	19.179
738.36	19.315
738.55	19.194
738.74	19.228
738.93	19.347
739.12	19.530
739.32	19.362
739.51	19.528
739.70	19.696
739.89	19.844
740.08	19.897
740.27	19.763
740.46	19.929
740.65	20.005
740.84	20.043
741.03	20.056
741.22	20.216
741.41	20.199
741.60	20.295
741.79	20.411
741.98	20.473
742.17	20.454
742.36	20.532
742.55	20.762
742.74	20.721
742.93	20.704
743.12	20.823
743.31	20.921
743.51	21.017
743.70	21.078
743.89	21.381
744.08	21.206
744.27	21.325
744.46	21.181
744.65	21.322
744.84	21.487
745.03	21.448
745.22	21.627
745.41	21.687
745.60	21.735
745.79	21.727
745.98	21.797
746.17	21.849
746.36	21.965
746.55	22.047
746.74	22.109
746.93	22.142
747.12	22.301
747.31	22.288
747.50	22.462
747.69	22.382
747.88	22.636
748.07	22.627
748.26	22.667
748.45	22.797
748.64	22.830
748.83	22.844
749.02	22.861
749.21	22.806
749.40	23.049
749.59	23.194
749.77	23.182
749.96	23.248
750.15	23.410
750.34	23.494
750.53	23.415
750.72	23.515
750.91	23.538
751.10	23.769
751.29	23.776
751.48	23.846
751.67	23.834
751.86	23.956
752.05	24.013
752.24	24.019
752.43	24.016
752.62	24.083
752.81	24.213
753.00	24.138
753.19	24.328
753.38	24.420
753.57	24.273
753.76	24.334
753.94	24.538
754.13	24.480
754.32	24.705
754.51	24.785
754.70	24.693
754.89	24.863
755.08	24.901
755.27	25.035
755.46	24.787
755.65	25.055
755.84	25.024
756.03	25.380
756.22	25.287
756.40	25.205
756.59	25.215
756.78	25.331
756.97	25.444
757.16	25.516
757.35	25.492
757.54	25.624
757.73	25.633
757.92	25.658
758.11	25.623
758.29	25.820
758.48	25.876
758.67	25.725
758.86	25.856
759.05	25.944
759.24	25.925
759.43	26.005
759.62	25.944
759.81	26.172
759.99	26.169
760.18	26.223
760.37	26.261
760.56	26.210
760.75	26.422
760.94	26.452
761.13	26.498
761.32	26.465
761.50	26.675
761.69	26.734
761.88	26.565
762.07	26.719
762.26	26.665
762.45	26.626
762.64	26.615
762.82	26.936
763.01	26.868
763.20	26.887
763.39	26.938
763.58	27.053
763.77	26.927
763.96	27.140
764.14	27.174
764.33	27.229
764.52	27.341
764.71	27.364
764.90	27.160
765.09	27.279
765.27	27.226
765.46	27.177
765.65	27.350
765.84	27.369
766.03	27.482
766.22	27.511
766.40	27.401
766.59	27.586
766.78	27.531
766.97	27.633
767.16	27.675
767.35	27.707
767.53	27.682
767.72	27.806
767.91	27.856
768.10	27.912
768.29	27.904
768.47	28.036
768.66	27.968
768.85	28.021
769.04	28.002
769.23	28.033
769.41	27.881
769.60	28.102
769.79	28.076
769.98	28.107
770.17	28.272
770.35	28.278
770.54	28.086
770.73	28.230
770.92	28.361
771.10	28.312
771.29	28.449
771.48	28.600
771.67	28.398
771.86	28.259
772.04	28.294
772.23	28.471
772.42	28.482
772.61	28.456
772.79	28.509
772.98	28.431
773.17	28.651
773.36	28.567
773.54	28.554
773.73	28.722
773.92	28.579
774.11	28.634
774.30	28.534
774.48	28.578
774.67	28.549
774.86	28.823
775.05	28.712
775.23	28.668
775.42	28.894
775.61	28.757
775.79	28.851
775.98	28.692
776.17	28.749
776.36	28.878
776.54	28.776
776.73	28.945
776.92	28.955
777.11	28.948
777.29	28.893
777.48	28.970
777.67	29.040
777.85	29.059
778.04	29.211
778.23	29.115
778.42	29.142
778.60	29.013
778.79	29.359
778.98	29.216
779.16	29.328
779.35	29.373
779.54	29.082
779.73	29.328
779.91	29.330
780.10	29.391
780.29	29.428
780.47	29.653
780.66	29.512
780.85	29.607
781.03	29.497
781.22	29.729
781.41	29.739
781.60	29.546
781.78	29.558
781.97	29.605
782.16	29.766
782.34	29.758
782.53	29.671
782.72	29.784
782.90	29.822
783.09	29.841
783.28	29.791
783.46	29.946
783.65	29.901
783.84	29.928
784.02	29.690
784.21	29.816
784.40	29.749
784.58	29.930
784.77	29.891
784.96	30.048
785.14	29.978
785.33	30.263
785.52	30.302
785.70	30.162
785.89	30.245
786.08	30.251
786.26	30.355
786.45	30.542
786.63	30.404
786.82	30.517
787.01	30.499
787.19	30.504
787.38	30.737
787.57	30.680
787.75	30.654
787.94	30.768
788.13	30.705
788.31	30.713
788.50	30.702
788.68	30.882
788.87	30.831
789.06	30.876
789.24	30.754
789.43	30.935
789.61	30.975
789.80	31.242
789.99	30.978
790.17	31.334
790.36	31.256
790.55	31.205
790.73	31.387
790.92	31.207
791.10	31.278
791.29	31.235
791.48	31.442
791.66	31.486
791.85	31.492
792.03	31.538
792.22	31.559
792.40	31.662
792.59	31.704
792.78	31.647
792.96	31.804
793.15	31.872
793.33	31.779
793.52	31.933
793.71	31.863
793.89	32.107
794.08	32.173
794.26	32.140
794.45	32.098
794.63	32.249
794.82	32.423
795.01	32.261
795.19	32.388
795.38	32.482
795.56	32.516
795.75	32.560
795.93	32.640
796.12	32.692
796.30	32.645
796.49	32.749
796.68	32.566
796.86	32.873
797.05	32.795
797.23	32.696
797.42	32.965
797.60	32.982
797.79	33.057
797.97	33.221
798.16	33.334
798.34	33.287
798.53	33.270
798.71	33.340
798.90	33.359
799.08	33.642
799.27	33.490
799.46	33.643
799.64	33.645
799.83	33.656
800.01	33.905
800.20	33.750
800.38	33.849
800.57	33.924
800.75	34.026
800.94	34.143
801.12	34.177
801.31	34.209
801.49	34.265
801.68	34.059
801.86	34.466
802.05	34.450
802.23	34.378
802.42	34.559
802.60	34.550
802.79	34.516
802.97	34.569
803.16	34.604
803.34	34.914
803.53	34.798
803.71	35.060
803.90	34.917
804.08	34.810
804.27	34.995
804.45	35.145
804.63	35.043
804.82	35.248
805.00	35.129
805.19	35.361
805.37	35.167
805.56	35.483
805.74	35.493
805.93	35.477
806.11	35.472
806.30	35.553
806.48	35.625
806.67	35.788
806.85	35.859
807.04	35.960
807.22	36.074
807.40	35.890
807.59	35.950
807.77	36.127
807.96	36.115
808.14	36.239
808.33	36.322
808.51	36.402
808.69	36.486
808.88	36.365
809.06	36.639
809.25	36.550
809.43	36.675
809.62	36.438
809.80	36.797
809.99	36.622
810.17	36.808
810.35	37.007
810.54	36.855
810.72	36.883
810.91	36.788
811.09	36.898
811.27	37.105
811.46	37.190
811.64	37.091
811.83	37.315
812.01	36.993
812.19	37.302
812.38	37.186
812.56	37.327
812.75	37.465
812.93	37.520
813.11	37.491
813.30	37.621
813.48	37.551
813.67	37.744
813.85	37.820
814.03	37.974
814.22	37.866
814.40	37.972
814.59	37.881
814.77	38.139
814.95	37.826
815.14	38.002
815.32	37.957
815.50	38.017
815.69	38.140
815.87	38.474
816.06	38.278
816.24	38.406
816.42	38.276
816.61	38.150
816.79	38.464
816.97	38.458
817.16	38.367
817.34	38.314
817.52	38.386
817.71	38.602
817.89	38.545
818.07	38.663
818.26	38.728
818.44	38.987
818.63	38.818
818.81	38.997
818.99	39.237
819.18	39.227
819.36	39.110
819.54	39.171
819.73	39.042
819.91	39.100
820.09	39.311
820.28	39.262
820.46	39.368
820.64	39.374
820.83	39.602
821.01	39.644
821.19	39.659
821.37	39.436
821.56	39.695
821.74	39.480
821.92	39.675
822.11	39.616
822.29	39.815
822.47	40.021
822.66	40.011
822.84	39.927
823.02	40.123
823.21	40.115
823.39	39.819
823.57	40.142
823.75	40.003
823.94	40.217
824.12	39.928
824.30	40.326
824.49	40.452
824.67	40.301
824.85	40.193
825.03	40.337
825.22	40.480
825.40	40.646
825.58	40.512
825.77	40.405
825.95	40.673
826.13	40.597
826.31	40.591
826.50	40.730
826.68	40.425
826.86	40.734
827.04	40.721
827.23	40.771
827.41	41.038
827.59	40.944
827.78	41.227
827.96	41.069
828.14	41.165
828.32	40.957
828.51	41.110
828.69	41.184
828.87	41.027
829.05	41.110
829.23	41.046
829.42	41.154
829.60	41.040
829.78	41.260
829.96	41.302
830.15	41.391
830.33	41.455
830.51	41.565
830.69	41.330
830.88	41.743
831.06	41.473
831.24	41.533
831.42	41.564
831.60	41.690
831.79	41.575
831.97	41.667
832.15	41.799
832.33	41.805
832.52	41.762
832.70	41.722
832.88	41.816
833.06	41.790
833.24	41.798
833.43	41.913
833.61	42.109
833.79	42.133
833.97	42.024
834.15	41.998
834.34	42.180
834.52	42.297
834.70	42.269
834.88	42.378
835.06	42.516
835.25	42.654
835.43	42.535
835.61	42.490
835.79	42.555
835.97	42.512
836.15	42.679
836.34	42.565
836.52	42.723
836.70	42.679
836.88	42.710
837.06	42.590
837.24	42.881
837.43	42.867
837.61	43.112
837.79	42.954
837.97	43.137
838.15	43.008
838.33	43.029
838.52	42.903
838.70	42.868
838.88	42.899
839.06	42.944
839.24	42.855
839.42	43.109
839.60	43.019
839.79	43.275
839.97	43.166
840.15	43.370
840.33	43.288
840.51	43.371
840.69	43.334
840.87	43.228
841.06	43.343
841.24	43.428
841.42	43.578
841.60	43.491
841.78	43.563
841.96	43.666
842.14	43.791
842.32	43.605
842.51	43.648
842.69	43.795
842.87	43.457
843.05	43.474
843.23	43.502
843.41	43.818
843.59	43.903
843.77	44.044
843.95	43.735
844.14	43.857
844.32	44.162
844.50	43.897
844.68	44.226
844.86	44.063
845.04	43.942
845.22	43.932
845.40	44.000
845.58	44.382
845.76	43.889
845.94	44.147
846.12	44.000
846.31	43.838
846.49	43.974
846.67	43.957
846.85	44.255
847.03	44.074
847.21	44.070
847.39	44.032
847.57	44.379
847.75	44.390
847.93	44.186
848.11	44.110
848.29	44.263
848.47	44.211
848.65	44.303
848.83	44.137
849.02	44.345
849.20	44.258
849.38	44.472
849.56	44.650
849.74	44.619
849.92	44.557
850.10	44.683
850.28	44.671
850.46	44.761
850.64	44.419
850.82	44.884
851.00	44.795
851.18	44.581
851.36	44.642
851.54	44.843
851.72	44.850
851.90	45.002
852.08	44.911
852.26	44.961
852.44	44.757
852.62	45.071
852.80	45.072
852.98	45.127
853.16	45.185
853.34	45.054
853.52	44.723
853.70	44.954
853.88	44.931
854.06	45.025
854.24	45.131
854.42	45.196
854.60	45.214
854.78	45.295
854.96	45.312
855.14	45.185
855.32	45.289
855.50	45.399
855.68	45.432
855.86	45.586
856.04	45.199
856.22	45.313
856.40	45.540
856.58	45.319
856.76	45.343
856.94	45.422
857.12	45.737
857.30	45.495
857.48	45.381
857.66	45.327
857.84	45.406
858.02	45.648
858.20	45.633
858.38	45.534
858.56	45.558
858.74	45.274
858.92	45.709
859.10	45.668
859.28	45.925
859.46	45.582
859.64	45.793
859.81	45.426
859.99	45.625
860.17	45.915
860.35	45.933
860.53	45.731
860.71	45.997
860.89	45.945
861.07	45.839
861.25	45.917
861.43	45.961
861.61	45.901
861.79	46.012
861.97	45.954
862.15	45.984
862.33	46.146
862.50	46.139
862.68	46.199
862.86	46.255
863.04	45.935
863.22	45.986
863.40	46.246
863.58	46.173
863.76	46.264
863.94	46.312
864.12	46.191
864.30	46.106
864.47	46.362
864.65	46.230
864.83	46.265
865.01	46.314
865.19	46.126
865.37	46.608
865.55	46.347
865.73	46.386
865.91	46.483
866.09	46.583
866.26	46.603
866.44	46.434
866.62	46.562
866.80	46.546
866.98	46.360
867.16	46.437
867.34	46.206
867.52	46.429
867.69	46.508
867.87	46.621
868.05	46.470
868.23	46.411
868.41	46.570
868.59	46.476
868.77	46.769
868.94	46.759
869.12	46.652
869.30	46.705
869.48	46.713
869.66	46.532
869.84	46.548
870.02	46.632
870.19	46.718
870.37	46.777
870.55	46.896
870.73	46.500
870.91	46.689
871.09	46.838
871.26	46.881
871.44	46.846
871.62	47.101
871.80	46.830
871.98	46.849
872.16	47.157
872.33	47.038
872.51	46.874
872.69	46.965
872.87	47.080
873.05	47.063
873.22	47.232
873.40	46.987
873.58	47.152
873.76	47.023
873.94	47.125
874.12	47.048
874.29	47.265
874.47	47.090
874.65	47.304
874.83	46.821
875.01	47.128
875.18	47.055
875.36	47.095
875.54	47.185
875.72	47.375
875.89	47.390
876.07	47.250
876.25	47.172
876.43	47.377
876.61	47.429
876.78	47.414
876.96	47.493
877.14	47.112
877.32	46.943
877.49	47.378
877.67	47.526
877.85	47.358
878.03	47.607
878.21	47.478
878.38	47.521
878.56	47.257
878.74	47.326
878.92	47.508
879.09	47.473
879.27	47.748
879.45	47.591
879.63	47.609
879.80	47.517
879.98	47.377
880.16	47.492
880.34	47.474
880.51	47.436
880.69	47.452
880.87	47.390
881.05	47.236
881.22	47.146
881.40	47.188
881.58	47.471
881.75	47.534
881.93	47.558
882.11	47.633
882.29	47.758
882.46	47.634
882.64	47.843
882.82	47.732
883.00	47.490
883.17	47.724
883.35	47.757
883.53	47.711
883.70	47.737
883.88	47.821
884.06	47.832
884.23	47.986
884.41	47.841
884.59	47.987
884.77	48.006
884.94	48.107
885.12	48.366
885.30	48.017
885.47	48.184
885.65	48.148
885.83	48.094
886.00	48.043
886.18	48.345
886.36	48.155
886.53	48.130
886.71	47.788
886.89	47.896
887.07	48.192
887.24	48.170
887.42	47.975
887.60	48.045
887.77	48.298
887.95	48.228
888.13	48.266
888.30	48.141
888.48	48.412
888.66	48.035
888.83	48.510
889.01	48.397
889.18	48.144
889.36	48.418
889.54	48.250
889.71	48.546
889.89	48.320
890.07	48.331
890.24	48.195
890.42	48.319
890.60	48.603
890.77	48.220
890.95	48.199
891.13	48.487
891.30	48.415
891.48	48.318
891.65	48.691
891.83	48.536
892.01	48.554
892.18	48.039
892.36	48.445
892.54	48.580
892.71	48.617
892.89	48.381
893.06	48.325
893.24	48.249
893.42	48.297
893.59	48.566
893.77	48.538
893.94	48.433
894.12	48.635
894.30	48.347
894.47	48.550
894.65	48.407
894.82	48.534
895.00	48.757
895.18	48.473
895.35	48.586
895.53	48.883
895.70	48.901
895.88	48.890
896.06	48.795
896.23	48.824
896.41	48.677
896.58	48.847
896.76	48.757
896.93	48.709
897.11	48.451
897.29	48.462
897.46	48.671
897.64	48.927
897.81	48.842
897.99	48.492
898.16	48.632
898.34	49.049
898.52	48.775
898.69	48.853
898.87	48.678
899.04	48.777
899.22	48.747
899.39	48.680
899.57	48.538
899.74	48.454
899.92	48.761
900.10	48.581
900.27	49.005
900.45	49.003
900.62	49.006
900.80	48.999
900.97	48.997
901.15	49.113
901.32	49.098
901.50	48.989
901.67	48.754
901.85	49.326
902.02	48.766
902.20	48.852
902.37	49.036
902.55	49.114
902.72	48.973
902.90	48.993
903.07	49.088
903.25	48.942
903.43	48.795
903.60	49.077
903.78	49.110
903.95	49.071
904.13	49.231
904.30	48.859
904.48	49.152
904.65	49.205
904.83	49.264
905.00	49.034
905.17	48.756
905.35	48.877
905.52	48.891
905.70	49.107
905.87	49.026
906.05	49.070
906.22	48.834
906.40	48.936
906.57	49.075
906.75	49.196
906.92	49.191
907.10	48.933
907.27	48.822
907.45	48.958
907.62	48.817
907.80	49.101
907.97	49.454
908.15	48.909
908.32	48.862
908.49	49.168
908.67	49.010
908.84	48.960
909.02	49.179
909.19	48.937
909.37	49.060
909.54	49.188
909.72	49.290
909.89	48.866
910.07	49.291
910.24	49.226
910.41	49.279
910.59	49.241
910.76	48.949
910.94	49.353
911.11	49.526
911.29	49.312
911.46	49.255
911.63	49.633
911.81	49.764
911.98	49.344
912.16	49.575
912.33	49.524
912.50	49.477
912.68	49.328
912.85	49.355
913.03	49.256
913.20	49.376
913.38	49.399
913.55	49.706
913.72	49.467
913.90	49.509
914.07	49.437
914.25	49.645
914.42	49.594
914.59	49.601
914.77	49.387
914.94	49.235
915.11	49.592
915.29	49.399
915.46	49.559
915.64	49.790
915.81	49.421
915.98	49.541
916.16	49.631
916.33	49.475
916.51	49.629
916.68	49.605
916.85	49.606
917.03	49.824
917.20	50.061
917.37	49.748
917.55	49.593
917.72	49.600
917.89	49.431
918.07	49.689
918.24	49.560
918.42	49.679
918.59	49.738
918.76	49.382
918.94	49.579
919.11	49.396
919.28	49.103
919.46	49.448
919.63	49.527
919.80	49.489
919.98	49.685
920.15	49.442
920.32	49.461
920.50	49.640
920.67	49.799
920.84	49.542
921.02	49.699
921.19	49.693
921.36	49.879
921.54	49.574
921.71	49.442
921.88	49.632
922.06	49.441
922.23	49.550
922.40	49.432
922.57	49.820
922.75	49.707
922.92	49.793
923.09	49.827
923.27	50.055
923.44	49.805
923.61	50.234
923.79	50.036
923.96	50.157
924.13	50.159
924.30	50.123
924.48	49.939
924.65	50.061
924.82	50.175
925.00	50.151
925.17	50.187
925.34	50.133
925.51	49.903
925.69	50.133
925.86	50.034
926.03	50.008
926.21	49.980
926.38	50.012
926.55	50.011
926.72	49.949
926.90	50.203
927.07	50.459
927.24	50.191
927.41	50.029
927.59	50.288
927.76	49.813
927.93	50.106
928.10	50.038
928.28	50.146
928.45	50.227
928.62	50.115
928.79	50.284
928.97	50.113
929.14	50.155
929.31	49.925
929.48	50.039
929.66	50.350
929.83	49.999
930.00	50.091
930.17	50.049
930.34	49.812
930.52	50.349
930.69	50.420
930.86	50.442
931.03	50.325
931.21	50.039
931.38	50.501
931.55	50.319
931.72	50.315
931.89	50.056
932.07	50.474
932.24	50.600
932.41	50.644
932.58	50.714
932.75	50.436
932.93	50.462
933.10	50.411
933.27	50.365
933.44	50.559
933.61	50.404
933.79	50.218
933.96	50.605
934.13	50.455
934.30	50.490
934.47	50.462
934.65	50.795
934.82	50.795
934.99	50.445
935.16	50.745
935.33	50.531
935.50	50.598
935.68	50.378
935.85	50.624
936.02	50.645
936.19	50.683
936.36	50.645
936.53	50.586
936.71	50.687
936.88	50.728
937.05	50.554
937.22	50.401
937.39	50.860
937.56	50.766
937.74	50.339
937.91	50.184
938.08	50.872
938.25	50.670
938.42	50.614
938.59	50.150
938.76	51.041
938.94	51.027
939.11	51.402
939.28	50.802
939.45	50.672
939.62	50.243
939.79	50.842
939.96	50.784
940.13	50.734
940.31	50.744
940.48	50.654
940.65	51.061
940.82	51.017
940.99	50.488
941.16	51.023
941.33	50.969
941.50	50.338
941.67	50.458
941.85	50.531
942.02	50.644
942.19	50.918
942.36	50.810
942.53	51.199
942.70	50.779
942.87	51.114
943.04	51.027
943.21	50.799
943.38	51.297
943.56	50.897
943.73	50.828
943.90	51.072
944.07	51.015
944.24	50.750
944.41	51.200
944.58	51.580
944.75	51.005
944.92	51.121
945.09	51.731
945.26	51.125
945.43	50.869
945.60	51.400
945.78	51.490
945.95	50.472
946.12	50.964
946.29	50.892
946.46	50.912
946.63	51.073
946.80	50.634
946.97	51.238
947.14	51.092
947.31	50.865
947.48	51.295
947.65	51.051
947.82	50.729
947.99	51.184
948.16	50.887
948.33	50.804
948.50	51.544
948.67	51.283
948.84	51.176
949.01	51.035
949.18	50.692
949.35	50.612
949.52	51.013
949.69	51.335
949.86	51.720
950.03	50.895
950.20	51.313
950.38	51.714
950.55	51.318
950.72	51.591
950.89	51.130
951.06	51.216
951.23	51.743
951.40	51.444
951.57	51.443
951.74	51.372
951.91	51.315
952.08	51.526
952.25	51.707
952.42	51.436
952.59	51.056
952.76	51.157
952.92	51.258
953.09	51.341
953.26	51.227
953.43	51.154
953.60	51.509
953.77	50.920
953.94	51.128
954.11	51.347
954.28	51.053
954.45	51.435
954.62	51.493
954.79	51.184
954.96	51.336
955.13	51.484
955.30	51.403
955.47	51.183
955.64	51.907
955.81	51.150
955.98	51.369
956.15	51.224
956.32	51.250
956.49	51.547
956.66	52.175
956.83	51.543
957.00	51.715
957.17	51.402
957.33	51.580
957.50	51.719
957.67	51.649
957.84	51.354
958.01	51.998
958.18	51.698
958.35	51.791
958.52	51.600
958.69	51.449
958.86	51.429
959.03	51.449
959.20	51.348
959.37	51.139
959.53	51.721
959.70	51.679
959.87	51.785
960.04	51.360
960.21	51.652
960.38	51.559
960.55	51.296
960.72	52.086
960.89	51.642
961.06	51.648
961.23	51.369
961.39	51.558
961.56	51.289
961.73	51.701
961.90	51.770
962.07	51.269
962.24	51.875
962.41	51.536
962.58	51.325
962.75	51.672
962.91	51.683
963.08	51.571
963.25	51.983
963.42	51.795
963.59	51.994
963.76	51.459
963.93	52.064
964.09	51.988
964.26	51.882
964.43	51.742
964.60	52.081
964.77	52.020
964.94	52.049
965.11	52.060
965.27	51.852
965.44	51.179
965.61	51.549
965.78	51.619
965.95	51.578
966.12	51.843
966.29	51.683
966.45	51.940
966.62	52.096
966.79	51.699
966.96	51.971
967.13	51.684
967.30	51.681
967.46	52.119
967.63	51.362
967.80	51.768
967.97	51.353
968.14	51.773
968.30	51.825
968.47	52.135
968.64	51.535
968.81	52.241
968.98	51.981
969.15	52.329
969.31	52.385
969.48	52.609
969.65	51.774
969.82	52.163
969.99	52.372
970.15	52.051
970.32	52.531
970.49	52.425
970.66	51.590
970.82	52.131
970.99	52.443
971.16	52.372
971.33	52.622
971.50	52.029
971.66	52.017
971.83	51.891
972.00	52.018
972.17	52.399
972.34	52.350
972.50	52.313
972.67	52.143
972.84	52.478
973.01	52.552
973.17	52.235
973.34	52.285
973.51	52.093
973.68	52.634
973.84	52.504
974.01	52.469
974.18	52.486
974.35	52.594
974.51	52.358
974.68	52.646
974.85	51.970
975.02	52.027
975.18	51.757
975.35	52.285
975.52	52.794
975.69	52.693
975.85	52.442
976.02	52.142
976.19	52.277
976.36	51.866
976.52	52.282
976.69	51.998
976.86	52.288
977.02	52.444
977.19	52.415
977.36	52.020
977.53	52.749
977.69	53.306
977.86	52.195
978.03	52.370
978.19	52.514
978.36	52.409
978.53	52.396
978.70	52.955
978.86	52.806
979.03	52.781
979.20	52.403
979.36	52.622
979.53	52.287
979.70	52.302
979.86	52.408
980.03	52.085
980.20	52.435
980.36	52.690
980.53	51.614
980.70	52.526
980.86	52.286
981.03	52.585
981.20	52.854
981.36	52.061
981.53	52.994
981.70	52.574
981.86	52.309
982.03	52.571
982.20	51.930
982.36	52.728
982.53	52.768
982.70	52.419
982.86	52.656
983.03	53.350
983.20	52.925
983.36	52.026
983.53	52.687
983.70	52.789
983.86	52.901
984.03	52.991
984.20	52.960
984.36	52.597
984.53	52.502
984.70	53.506
984.86	52.586
985.03	52.513
985.19	52.183
985.36	53.186
985.53	52.065
985.69	52.464
985.86	52.767
986.03	53.107
986.19	52.628
986.36	52.802
986.52	52.910
986.69	52.827
986.86	52.332
987.02	52.382
987.19	52.958
987.35	53.021
987.52	53.008
987.69	53.015
987.85	52.837
988.02	52.005
988.18	52.897
988.35	52.953
988.52	52.509
988.68	52.278
988.85	52.491
989.01	52.864
989.18	52.755
989.35	52.788
989.51	52.250
989.68	52.383
989.84	53.055
990.01	52.695
990.17	52.795
990.34	52.021
990.51	52.633
990.67	52.566
990.84	52.505
991.00	52.505
991.17	52.726
991.33	53.037
991.50	52.473
991.66	52.968
991.83	52.581
992.00	52.887
992.16	52.670
992.33	52.364
992.49	52.995
992.66	53.788
992.82	52.007
992.99	53.252
993.15	53.026
993.32	52.712
993.48	53.100
993.65	52.314
993.82	53.088
993.98	53.716
994.15	53.289
994.31	52.975
994.48	52.626
994.64	52.412
994.81	52.799
994.97	52.909
995.14	52.772
995.30	53.367
995.47	53.058
995.63	52.652
995.80	51.953
995.96	52.577
996.13	52.457
996.29	52.545
996.46	52.689
996.62	52.558
996.79	52.880
996.95	52.752
997.12	52.557
997.28	52.985
997.45	53.632
997.61	53.543
997.78	53.000
997.94	53.635
998.11	54.237
998.27	53.435
998.44	53.435
998.60	52.889
998.77	52.787
998.93	52.997
999.10	53.479
999.26	53.008
999.43	52.709
999.59	52.315
999.75	52.828
999.92	52.867
1000.08	54.212
1000.25	53.110
1000.41	52.290
1000.58	52.687
1000.74	52.373
1000.91	52.494
1001.07	53.416
1001.24	52.999
1001.40	53.222
1001.56	52.483
1001.73	52.319
1001.89	52.584
1002.06	52.887
1002.22	52.663
1002.39	53.165
1002.55	52.522
1002.71	53.289
1002.88	52.924
1003.04	51.964
1003.21	53.066
1003.37	52.855
1003.54	53.513
1003.70	52.185
1003.86	53.001
1004.03	53.524
1004.19	52.769
1004.36	53.123
1004.52	52.373
1004.68	53.170
1004.85	53.086
1005.01	52.803
1005.18	52.027
1005.34	53.446
1005.50	53.824
1005.67	52.881
1005.83	53.326
1006.00	52.535
1006.16	53.033
1006.32	52.683
1006.49	52.289
1006.65	53.257
1006.82	52.339
1006.98	53.212
1007.14	53.188
1007.31	52.450
1007.47	52.509
1007.63	52.129
1007.80	52.898
1007.96	53.168
1008.13	52.206
1008.29	52.912
1008.45	52.580
1008.62	53.073
1008.78	53.207
1008.94	52.659
1009.11	53.729
1009.27	53.101
1009.43	52.729
1009.60	52.452
1009.76	52.455
1009.92	51.779
1010.09	52.809
1010.25	51.966
1010.42	53.028
1010.58	53.504
1010.74	53.342
1010.91	52.761
1011.07	52.866
1011.23	53.368
1011.40	52.652
1011.56	53.158
1011.72	53.089
1011.89	52.914
1012.05	52.286
1012.21	53.114
1012.37	52.890
1012.54	53.220
1012.70	53.102
1012.86	53.637
1013.03	52.776
1013.19	52.695
1013.35	51.595
1013.52	53.311
1013.68	53.160
1013.84	52.701
1014.01	53.140
1014.17	52.891
1014.33	54.185
1014.49	52.511
1014.66	53.504
1014.82	52.496
1014.98	53.201
1015.15	52.785
1015.31	52.418
1015.47	53.444
1015.63	52.687
1015.80	53.346
1015.96	52.454
1016.12	51.923
1016.29	53.020
1016.45	52.415
1016.61	51.763
1016.77	52.918
1016.94	51.518
1017.10	53.994
1017.26	52.430
1017.42	52.332
1017.59	51.973
1017.75	53.123
1017.91	52.278
1018.07	53.465
1018.24	52.376
1018.40	52.807
1018.56	54.628
1018.72	53.218
1018.89	54.961
1019.05	53.264
1019.21	53.448
1019.37	53.643
1019.54	52.455
1019.70	52.907
1019.86	53.268
1020.02	53.583
1020.19	52.819
1020.35	52.688
1020.51	52.211
1020.67	51.735
1020.83	53.659
1021.00	51.966
1021.16	52.964
1021.32	52.084
1021.48	52.679
1021.64	52.121
1021.81	52.528
1021.97	54.299
1022.13	51.634
1022.29	52.186
1022.45	54.665
1022.62	52.358
1022.78	52.601
1022.94	52.217
1023.10	52.757
1023.26	54.270
1023.43	53.307
1023.59	55.140
1023.75	54.514
1023.91	53.052
1024.07	52.641
1024.24	53.525
1024.40	53.328
1024.56	52.284
1024.72	52.922
1024.88	54.383
1025.04	54.119
1025.21	53.793
1025.37	54.220
1025.53	52.285
1025.69	52.321
1025.85	51.387
1026.01	51.193
1026.18	52.957
1026.34	53.736
1026.50	51.366
1026.66	53.857
1026.82	52.253
1026.98	54.056
1027.14	52.472
1027.31	53.586
1027.47	53.337
1027.63	52.443
1027.79	52.404
1027.95	53.232
1028.11	54.119
1028.27	53.343
1028.44	51.621
1028.60	52.445
1028.76	51.541
1028.92	54.084
1029.08	51.778
1029.24	52.687
1029.40	52.094
1029.56	51.700
1029.73	54.184
1029.89	51.130
1030.05	52.827
1030.21	51.689
1030.37	52.133
1030.53	52.154
1030.69	53.856
1030.85	51.117
1031.01	53.402
1031.17	51.179
1031.34	53.221
1031.50	51.372
1031.66	51.877
1031.82	52.894
1031.98	53.763
1032.14	51.878
1032.30	53.341
1032.46	51.908
1032.62	51.451
1032.78	53.041
1032.94	53.871
1033.10	54.187
1033.27	52.823
1033.43	52.694
1033.59	52.728
1033.75	51.652
1033.91	52.866
1034.07	51.154
1034.23	52.500
1034.39	54.564
1034.55	51.574
1034.71	49.779
1034.87	50.326
1035.03	52.054
1035.19	52.526
1035.35	53.813
1035.51	51.084
1035.67	51.997
1035.83	49.439
1035.99	52.364
1036.16	52.000
1036.32	53.539
1036.48	50.898
1036.64	52.541
1036.80	51.744
1036.96	53.754
1037.12	50.566
1037.28	54.510
1037.44	52.855
1037.60	53.204
1037.76	50.855
1037.92	51.855
1038.08	52.056
1038.24	53.379
1038.40	52.993
1038.56	52.428
1038.72	53.112
1038.88	56.405
1039.04	51.738
1039.20	54.219
1039.36	49.847
1039.52	51.188
1039.68	53.837
1039.84	51.850
1040.00	50.558
1040.16	49.849
1040.32	52.096
1040.48	51.319
1040.64	53.881
1040.80	52.163
1040.96	53.717
1041.12	51.639
1041.28	50.835
1041.44	52.958
1041.60	51.036
1041.76	54.469
1041.92	50.293
1042.08	50.224
1042.24	51.075
1042.39	51.997
1042.55	52.173
1042.71	53.512
1042.87	51.603
1043.03	50.681
1043.19	50.038
