345.44	-13.05
345.66	-13.05
345.88	-13.05
346.10	-16.33
346.31	-3.63
346.53	-4.04
346.75	17.67
346.97	8.04
347.19	0.05
347.41	-6.91
347.63	29.75
347.85	-4.45
348.07	-0.36
348.29	-12.03
348.51	9.68
348.73	4.76
348.95	9.47
349.17	-5.07
349.39	14.18
349.61	28.72
349.83	32.82
350.05	13.16
350.27	27.29
350.49	11.73
350.71	51.66
350.93	19.51
351.15	24.22
351.37	16.44
351.59	28.32
351.80	3.13
352.02	36.30
352.24	24.22
352.46	11.52
352.68	-1.18
352.90	36.30
353.12	32.21
353.34	36.92
353.56	24.83
353.78	-1.38
354.00	5.79
354.22	8.45
354.44	10.91
354.66	28.52
354.88	18.28
355.09	34.87
355.31	34.46
355.53	23.81
355.75	28.52
355.97	29.13
356.19	17.87
356.41	20.94
356.63	3.33
356.85	2.31
357.07	8.04
357.29	1.28
357.50	2.10
357.72	22.79
357.94	36.71
358.16	21.56
358.38	3.94
358.60	22.17
358.82	17.87
359.04	18.69
359.26	-0.56
359.48	42.86
359.69	19.10
359.91	13.37
360.13	21.35
360.35	45.93
360.57	13.37
360.79	21.97
361.01	44.08
361.23	89.14
361.45	11.73
361.66	43.68
361.88	16.64
362.10	18.89
362.32	3.33
362.54	18.69
362.76	14.18
362.98	3.53
363.20	43.68
363.41	24.22
363.63	34.66
363.85	6.40
364.07	23.20
364.29	6.20
364.51	7.02
364.73	35.48
364.94	18.69
365.16	19.30
365.38	47.98
365.60	12.55
365.82	24.42
366.04	14.18
366.26	3.74
366.47	12.75
366.69	5.38
366.91	17.26
367.13	3.53
367.35	4.56
367.57	18.28
367.79	11.93
368.00	26.27
368.22	35.69
368.44	34.87
368.66	12.75
368.88	19.71
369.10	32.82
369.31	16.85
369.53	23.61
369.75	5.38
369.97	33.23
370.19	32.82
370.41	40.60
370.62	16.64
370.84	27.91
371.06	13.98
371.28	24.22
371.50	17.87
371.71	29.34
371.93	15.41
372.15	29.54
372.37	-1.79
372.59	17.26
372.80	10.29
373.02	27.70
373.24	31.18
373.46	47.36
373.68	16.44
373.90	29.34
374.11	-1.18
374.33	23.40
374.55	8.65
374.77	38.76
374.98	33.44
375.20	-6.09
375.42	17.67
375.64	35.48
375.86	25.86
376.07	12.34
376.29	11.93
376.51	19.92
376.73	4.15
376.95	30.57
377.16	20.74
377.38	10.50
377.60	29.34
377.82	16.03
378.03	21.76
378.25	30.36
378.47	12.14
378.69	18.28
378.91	4.76
379.12	26.88
379.34	20.33
379.56	41.63
379.78	10.50
379.99	18.28
380.21	6.81
380.43	20.74
380.65	-2.81
380.86	21.35
381.08	13.98
381.30	32.00
381.52	25.65
381.73	27.91
381.95	19.92
382.17	33.03
382.39	15.62
382.60	22.17
382.82	14.18
383.04	32.00
383.26	13.98
383.47	40.40
383.69	14.80
383.91	6.61
384.13	25.65
384.34	24.63
384.56	23.81
384.78	34.46
385.00	3.94
385.21	29.95
385.43	42.65
385.65	28.72
385.86	8.65
386.08	28.72
386.30	11.11
386.52	11.52
386.73	21.76
386.95	22.58
387.17	15.41
387.38	21.15
387.60	21.56
387.82	16.03
388.04	32.21
388.25	31.80
388.47	22.38
388.69	20.74
388.90	-0.97
389.12	30.98
389.34	26.47
389.56	12.34
389.77	23.81
389.99	27.29
390.21	30.77
390.42	26.06
390.64	20.12
390.86	22.58
391.07	10.29
391.29	16.23
391.51	27.70
391.72	24.42
391.94	-1.18
392.16	17.87
392.38	29.54
392.59	16.44
392.81	13.98
393.03	12.34
393.24	41.22
393.46	24.01
393.68	12.14
393.89	25.86
394.11	19.10
394.33	15.82
394.54	34.46
394.76	37.53
394.98	7.84
395.19	26.27
395.41	35.69
395.63	20.53
395.84	6.81
396.06	30.16
396.28	22.58
396.49	27.29
396.71	17.87
396.93	17.05
397.14	34.25
397.36	46.13
397.57	31.18
397.79	16.44
398.01	16.23
398.22	27.50
398.44	36.51
398.66	48.59
398.87	28.32
399.09	14.18
399.31	39.58
399.52	33.23
399.74	24.42
399.96	33.23
400.17	9.06
400.39	19.30
400.60	32.00
400.82	46.13
401.04	14.18
401.25	38.35
401.47	14.59
401.69	38.96
401.90	11.52
402.12	34.46
402.33	24.22
402.55	30.77
402.77	23.81
402.98	49.00
403.20	30.16
403.41	38.76
403.63	16.03
403.85	55.76
404.06	17.87
404.28	31.39
404.49	9.47
404.71	15.21
404.93	50.23
405.14	26.68
405.36	25.04
405.57	19.10
405.79	36.51
406.01	19.51
406.22	23.81
406.44	23.20
406.65	0.05
406.87	25.45
407.09	39.99
407.30	27.09
407.52	29.95
407.73	21.35
407.95	-6.30
408.17	37.53
408.38	25.86
408.60	25.65
408.81	30.57
409.03	17.67
409.24	17.87
409.46	14.59
409.68	28.72
409.89	29.75
410.11	16.44
410.32	19.71
410.54	-5.07
410.75	20.53
410.97	8.45
411.18	31.59
411.40	11.52
411.62	50.02
411.83	40.40
412.05	16.64
412.26	38.35
412.48	43.47
412.69	43.88
412.91	36.30
413.12	32.82
413.34	42.45
413.56	15.82
413.77	-4.45
413.99	31.18
414.20	54.94
414.42	15.62
414.63	30.98
414.85	10.91
415.06	43.88
415.28	18.49
415.49	32.41
415.71	31.80
415.92	28.93
416.14	13.37
416.35	31.80
416.57	47.36
416.79	32.82
417.00	8.04
417.22	37.53
417.43	22.17
417.65	19.92
417.86	25.86
418.08	27.91
418.29	33.23
418.51	34.66
418.72	32.41
418.94	42.04
419.15	31.18
419.37	44.08
419.58	26.27
419.80	39.99
420.01	33.84
420.23	30.98
420.44	35.28
420.66	11.32
420.87	37.94
421.09	34.05
421.30	15.41
421.52	20.74
421.73	38.56
421.95	50.43
422.16	29.13
422.38	20.12
422.59	22.99
422.81	60.67
423.02	32.00
423.23	27.50
423.45	34.46
423.66	-8.55
423.88	21.56
424.09	22.79
424.31	20.74
424.52	18.69
424.74	16.03
424.95	53.30
425.17	24.63
425.38	53.30
425.60	27.91
425.81	34.25
426.03	35.48
426.24	50.43
426.45	6.40
426.67	95.69
426.88	19.10
427.10	24.42
427.31	55.76
427.53	26.88
427.74	36.71
427.96	32.41
428.17	35.48
428.39	4.76
428.60	39.17
428.81	37.74
429.03	44.49
429.24	53.10
429.46	40.19
429.67	28.11
429.89	44.29
430.10	36.30
430.31	25.86
430.53	49.61
430.74	17.87
430.96	40.40
431.17	27.09
431.39	16.44
431.60	13.37
431.81	12.55
432.03	27.70
432.24	42.04
432.46	36.10
432.67	68.46
432.89	27.29
433.10	51.87
433.31	33.64
433.53	27.29
433.74	38.56
433.96	10.09
434.17	47.98
434.38	25.65
434.60	37.53
434.81	51.46
435.03	40.81
435.24	50.43
435.45	20.12
435.67	62.72
435.88	53.10
436.10	49.82
436.31	23.40
436.52	66.41
436.74	56.99
436.95	36.30
437.17	73.99
437.38	42.86
437.59	54.73
437.81	15.41
438.02	62.52
438.23	62.11
438.45	38.56
438.66	60.26
438.88	51.25
439.09	45.31
439.30	33.44
439.52	32.62
439.73	42.65
439.94	38.35
440.16	45.93
440.37	47.77
440.58	25.24
440.80	41.22
441.01	43.68
441.23	30.57
441.44	53.91
441.65	62.93
441.87	68.05
442.08	45.11
442.29	51.25
442.51	69.89
442.72	70.30
442.93	63.95
443.15	55.76
443.36	37.53
443.57	55.96
443.79	57.40
444.00	41.42
444.21	60.47
444.43	63.13
444.64	70.09
444.85	44.29
445.07	49.82
445.28	57.40
445.49	64.77
445.71	41.83
445.92	53.10
446.13	72.96
446.35	43.88
446.56	49.61
446.77	44.90
446.99	45.72
447.20	62.31
447.41	55.14
447.63	73.58
447.84	47.36
448.05	80.13
448.27	56.99
448.48	63.54
448.69	65.79
448.90	61.90
449.12	78.70
449.33	73.58
449.54	56.78
449.76	61.49
449.97	78.29
450.18	61.49
450.40	62.11
450.61	62.52
450.82	51.05
451.03	55.96
451.25	55.14
451.46	69.27
451.67	67.23
451.89	68.25
452.10	53.10
452.31	83.82
452.52	83.61
452.74	87.30
452.95	70.50
453.16	70.71
453.38	87.71
453.59	104.09
453.80	51.05
454.01	77.06
454.23	88.32
454.44	87.71
454.65	71.94
454.86	80.74
455.08	54.53
455.29	83.00
455.50	64.56
455.71	82.79
455.93	71.94
456.14	97.74
456.35	86.48
456.56	94.06
456.78	84.63
456.99	91.80
457.20	67.02
457.41	86.07
457.63	74.60
457.84	102.04
458.05	69.89
458.26	99.38
458.48	57.81
458.69	79.10
458.90	118.02
459.11	92.83
459.33	93.24
459.54	80.54
459.75	78.90
459.96	109.01
460.18	93.44
460.39	94.06
460.60	90.57
460.81	75.21
461.02	104.50
461.24	77.06
461.45	100.81
461.66	109.82
461.87	96.72
462.09	99.99
462.30	104.50
462.51	132.97
462.72	91.80
462.93	97.33
463.15	112.28
463.36	109.62
463.57	128.67
463.78	113.31
463.99	103.07
464.21	119.86
464.42	119.45
464.63	138.91
464.84	130.51
465.05	117.61
465.27	119.25
465.48	117.81
465.69	113.92
465.90	127.85
466.11	141.16
466.33	137.27
466.54	118.43
466.75	138.50
466.96	98.56
467.17	130.71
467.38	107.37
467.60	120.88
467.81	121.29
468.02	139.52
468.23	135.42
468.44	142.59
468.65	133.99
468.87	120.88
469.08	133.38
469.29	135.83
469.50	149.35
469.71	150.58
469.92	147.92
470.14	139.72
470.35	164.71
470.56	156.31
470.77	179.46
470.98	133.17
471.19	165.32
471.41	164.10
471.62	155.08
471.83	136.86
472.04	162.66
472.25	175.77
472.46	162.87
472.67	166.96
472.89	166.35
473.10	183.14
473.31	150.99
473.52	196.66
473.73	176.38
473.94	179.46
474.15	165.94
474.37	185.19
474.58	163.89
474.79	202.60
475.00	206.90
475.21	179.46
475.42	200.75
475.63	204.44
475.84	196.45
476.06	217.75
476.27	206.08
476.48	201.37
476.69	224.31
476.90	216.93
477.11	221.85
477.32	221.03
477.53	221.23
477.74	245.60
477.96	240.48
478.17	234.75
478.38	226.76
478.59	241.30
478.80	256.05
479.01	252.16
479.22	258.10
479.43	275.10
479.64	259.74
479.85	259.53
480.06	278.58
480.28	252.77
480.49	277.76
480.70	268.75
480.91	264.65
481.12	285.95
481.33	277.14
481.54	266.70
481.75	292.91
481.96	267.52
482.17	302.95
482.38	294.96
482.59	294.76
482.81	290.66
483.02	301.31
483.23	323.22
483.44	316.05
483.65	327.73
483.86	314.62
484.07	317.28
484.28	336.13
484.49	342.88
484.70	316.87
484.91	331.21
485.12	337.97
485.33	329.98
485.54	336.13
485.75	354.97
485.96	368.89
486.17	358.86
486.38	361.52
486.60	337.76
486.81	346.98
487.02	373.60
487.23	381.39
487.44	385.69
487.65	377.70
487.86	374.63
488.07	357.42
488.28	413.33
488.49	363.36
488.70	408.21
488.91	386.51
489.12	389.99
489.33	393.47
489.54	402.07
489.75	428.08
489.96	395.31
490.17	419.68
490.38	435.45
490.59	413.33
490.80	444.05
491.01	398.18
491.22	436.07
491.43	419.27
491.64	473.54
491.85	402.68
492.06	428.49
492.27	439.96
492.48	441.19
492.69	452.86
492.90	426.65
493.11	460.03
493.32	440.57
493.53	468.63
493.74	472.72
493.95	462.48
494.16	472.72
494.37	452.45
494.58	472.93
494.79	497.71
495.00	497.10
495.21	480.51
495.42	511.84
495.63	510.20
495.84	485.22
496.05	496.48
496.26	485.42
496.47	513.89
496.68	487.88
496.89	511.02
497.10	531.50
497.31	521.26
497.52	542.77
497.73	523.92
497.94	535.80
498.15	535.19
498.36	527.00
498.57	538.67
498.78	511.02
498.99	533.34
499.19	547.89
499.40	557.72
499.61	566.73
499.82	542.36
500.03	536.83
500.24	602.36
500.45	559.97
500.66	545.84
500.87	566.32
501.08	555.46
501.29	598.67
501.50	576.97
501.71	618.54
501.92	574.10
502.13	596.01
502.34	593.55
502.55	614.65
502.76	618.74
502.96	603.38
503.17	615.47
503.38	615.88
503.59	594.17
503.80	637.79
504.01	616.90
504.22	621.82
504.43	641.07
504.64	631.65
504.85	659.70
505.06	658.27
505.27	651.51
505.47	654.17
505.68	664.00
505.89	651.51
506.10	636.77
506.31	653.15
506.52	619.56
506.73	653.97
506.94	667.28
507.15	661.14
507.36	699.84
507.56	651.10
507.77	664.21
507.98	698.21
508.19	691.24
508.40	718.89
508.61	694.93
508.82	716.84
509.03	686.53
509.24	710.29
509.44	711.93
509.65	710.29
509.86	713.16
510.07	710.90
510.28	722.37
510.49	746.54
510.70	739.17
510.91	756.37
511.11	727.90
511.32	765.99
511.53	724.62
511.74	755.55
511.95	766.81
512.16	761.08
512.37	786.88
512.58	770.29
512.78	753.71
512.99	774.19
513.20	784.22
513.41	770.50
513.62	797.53
513.83	805.93
514.04	784.43
514.24	790.98
514.45	780.33
514.66	794.87
514.87	811.87
515.08	818.22
515.29	814.94
515.49	829.69
515.70	806.75
515.91	828.87
516.12	833.17
516.33	859.79
516.54	841.97
516.74	852.83
516.95	838.49
517.16	874.74
517.37	872.90
517.58	891.94
517.79	845.05
517.99	869.21
518.20	893.38
518.41	894.20
518.62	892.76
518.83	898.50
519.03	893.99
519.24	897.88
519.45	898.09
519.66	882.73
519.87	893.99
520.07	915.50
520.28	905.87
520.49	913.65
520.70	904.64
520.91	900.55
521.12	904.64
521.32	937.20
521.53	916.52
521.74	915.50
521.95	925.94
522.15	932.08
522.36	955.02
522.57	954.61
522.78	957.48
522.99	957.27
523.19	943.55
523.40	954.61
523.61	964.65
523.82	963.21
524.03	970.38
524.23	977.96
524.44	956.05
524.65	998.85
524.86	975.09
525.06	996.59
525.27	979.80
525.48	1001.51
525.69	1018.51
525.89	1010.52
526.10	1026.50
526.31	1033.66
526.52	990.86
526.72	1035.10
526.93	988.81
527.14	1016.26
527.35	1024.04
527.56	1037.96
527.76	1076.06
527.97	1050.66
528.18	1037.96
528.38	1065.20
528.59	1038.17
528.80	1069.91
529.01	1029.57
529.21	1034.89
529.42	1039.19
529.63	1082.61
529.84	1057.21
530.04	1076.88
530.25	1053.32
530.46	1086.09
530.67	1054.35
530.87	1030.39
531.08	1079.13
531.29	1082.00
531.50	1078.10
531.70	1093.46
531.91	1114.56
532.12	1092.64
532.32	1119.27
532.53	1108.00
532.74	1106.37
532.95	1105.14
533.15	1123.16
533.36	1103.50
533.57	1127.05
533.77	1063.97
533.98	1120.29
534.19	1141.80
534.39	1158.79
534.60	1156.54
534.81	1142.21
535.02	1161.25
535.22	1156.34
535.43	1193.00
535.64	1169.24
535.84	1168.83
536.05	1151.01
536.26	1194.22
536.46	1186.65
536.67	1134.83
536.88	1200.78
537.08	1194.84
537.29	1191.15
537.50	1211.43
537.70	1214.70
537.91	1203.03
538.12	1197.71
538.33	1247.88
538.53	1204.05
538.74	1233.54
538.95	1199.96
539.15	1225.76
539.36	1227.61
539.57	1228.63
539.77	1221.26
539.98	1254.84
540.18	1253.41
540.39	1255.25
540.60	1247.06
540.80	1254.64
541.01	1286.59
541.22	1263.85
541.42	1267.13
541.63	1275.12
541.84	1275.53
542.04	1271.23
542.25	1310.55
542.46	1292.53
542.66	1297.03
542.87	1282.90
543.08	1316.49
543.28	1299.90
543.49	1302.97
543.69	1302.36
543.90	1320.58
544.11	1306.86
544.31	1356.42
544.52	1350.89
544.73	1359.90
544.93	1337.38
545.14	1354.17
545.34	1327.14
545.55	1339.42
545.76	1363.80
545.96	1342.70
546.17	1367.07
546.38	1390.62
546.58	1365.84
546.79	1352.33
546.99	1361.75
547.20	1395.13
547.41	1380.18
547.61	1380.18
547.82	1382.43
548.02	1430.35
548.23	1388.99
548.44	1386.94
548.64	1409.47
548.85	1386.32
549.05	1426.87
549.26	1437.73
549.47	1418.68
549.67	1434.86
549.88	1398.00
550.08	1434.45
550.29	1452.68
550.50	1427.69
550.70	1421.34
550.91	1411.31
551.11	1447.15
551.32	1451.04
551.52	1437.93
551.73	1471.72
551.94	1440.59
552.14	1474.59
552.35	1476.43
552.55	1451.86
552.76	1471.31
552.96	1511.25
553.17	1480.53
553.38	1474.39
553.58	1485.24
553.79	1485.04
553.99	1504.49
554.20	1493.23
554.40	1492.20
554.61	1508.59
554.81	1500.19
555.02	1490.16
555.23	1512.89
555.43	1535.83
555.64	1500.40
555.84	1519.85
556.05	1528.86
556.25	1546.88
556.46	1506.13
556.66	1511.45
556.87	1524.36
557.07	1542.99
557.28	1540.33
557.48	1587.64
557.69	1532.14
557.90	1553.44
558.10	1562.24
558.31	1585.18
558.51	1547.29
558.72	1557.53
558.92	1541.56
559.13	1570.03
559.33	1540.74
559.54	1565.73
559.74	1559.38
559.95	1601.97
560.15	1569.21
560.36	1553.44
560.56	1559.99
560.77	1574.53
560.97	1586.82
561.18	1617.95
561.38	1598.08
561.59	1558.56
561.79	1579.45
562.00	1584.57
562.20	1598.90
562.41	1573.92
562.61	1589.48
562.82	1585.18
563.02	1597.06
563.23	1619.59
563.43	1609.35
563.64	1603.41
563.84	1643.75
564.05	1603.82
564.25	1631.67
564.46	1584.36
564.66	1617.95
564.87	1635.15
565.07	1614.88
565.28	1626.75
565.48	1639.04
565.68	1614.26
565.89	1611.80
566.09	1636.18
566.30	1648.87
566.50	1637.61
566.71	1627.57
566.91	1614.06
567.12	1652.76
567.32	1625.94
567.53	1627.37
567.73	1627.16
567.94	1653.79
568.14	1630.85
568.34	1633.51
568.55	1661.57
568.75	1637.40
568.96	1653.17
569.16	1644.57
569.37	1646.01
569.57	1667.92
569.78	1656.45
569.98	1668.33
570.18	1631.06
570.39	1639.04
570.59	1656.45
570.80	1586.82
571.00	1627.37
571.21	1658.29
571.41	1635.56
571.61	1658.91
571.82	1630.44
572.02	1630.03
572.23	1658.91
572.43	1648.26
572.64	1651.13
572.84	1642.52
573.04	1635.36
573.25	1607.91
573.45	1624.50
573.66	1660.55
573.86	1614.47
574.06	1665.26
574.27	1656.45
574.47	1638.02
574.68	1627.16
574.88	1651.94
575.08	1642.52
575.29	1625.73
575.49	1605.46
575.70	1630.65
575.90	1634.95
576.10	1626.14
576.31	1620.82
576.51	1623.07
576.72	1607.50
576.92	1622.86
577.12	1570.85
577.33	1610.17
577.53	1621.23
577.73	1629.21
577.94	1575.76
578.14	1618.15
578.35	1593.78
578.55	1614.88
578.75	1614.67
578.96	1596.04
579.16	1595.83
579.36	1618.97
579.57	1606.89
579.77	1590.10
579.98	1557.74
580.18	1594.40
580.38	1616.72
580.59	1577.60
580.79	1583.54
580.99	1594.60
581.20	1546.27
581.40	1557.12
581.60	1553.85
581.81	1592.76
582.01	1536.85
582.21	1563.27
582.42	1568.39
582.62	1554.87
582.82	1539.92
583.03	1553.85
583.23	1519.85
583.43	1539.51
583.64	1510.64
583.84	1533.98
584.04	1537.26
584.25	1518.01
584.45	1492.00
584.65	1520.87
584.86	1467.42
585.06	1483.60
585.26	1485.24
585.47	1496.30
585.67	1490.16
585.87	1479.30
586.08	1446.12
586.28	1435.88
586.48	1463.12
586.69	1474.39
586.89	1431.38
587.09	1437.32
587.30	1436.70
587.50	1427.90
587.70	1412.13
587.90	1450.02
588.11	1444.69
588.31	1403.32
588.51	1411.51
588.72	1392.26
588.92	1408.65
589.12	1405.57
589.33	1373.42
589.53	1369.12
589.73	1375.06
589.93	1377.93
590.14	1351.51
590.34	1339.02
590.54	1353.97
590.75	1339.42
590.95	1352.94
591.15	1343.73
591.35	1379.57
591.56	1330.82
591.76	1292.53
591.96	1328.98
592.16	1320.17
592.37	1294.78
592.57	1311.78
592.77	1298.67
592.97	1315.26
593.18	1291.50
593.38	1249.52
593.58	1291.09
593.79	1264.67
593.99	1280.85
594.19	1259.55
594.39	1253.41
594.60	1252.18
594.80	1254.84
595.00	1234.77
595.20	1182.35
595.41	1214.91
595.61	1219.62
595.81	1179.48
596.01	1177.23
596.21	1196.48
596.42	1175.18
596.62	1176.00
596.82	1214.50
597.02	1171.90
597.23	1149.58
597.43	1141.80
597.63	1155.52
597.83	1110.67
598.04	1143.84
598.24	1145.28
598.44	1114.97
598.64	1124.18
598.84	1131.56
599.05	1134.01
599.25	1127.26
599.45	1101.86
599.65	1114.97
599.85	1096.13
600.06	1063.36
600.26	1079.33
600.46	1071.35
600.66	1077.49
600.87	1084.04
601.07	1063.36
601.27	1064.18
601.47	1037.76
601.67	1038.78
601.87	1072.78
602.08	1048.41
602.28	1024.04
602.48	1029.77
602.68	1031.82
602.88	1033.05
603.09	1003.97
603.29	1019.12
603.49	992.50
603.69	1011.14
603.89	974.48
604.10	990.25
604.30	1001.92
604.50	983.28
604.70	983.69
604.90	986.36
605.10	965.06
605.31	999.46
605.51	984.92
605.71	965.26
605.91	981.44
606.11	976.93
606.31	979.19
606.52	960.35
606.72	933.93
606.92	966.90
607.12	934.54
607.32	960.76
607.52	958.09
607.72	943.76
607.93	895.43
608.13	897.68
608.33	943.76
608.53	945.40
608.73	906.07
608.93	928.81
609.13	925.53
609.34	879.45
609.54	905.26
609.74	936.38
609.94	919.39
610.14	892.35
610.34	929.01
610.54	923.89
610.74	923.07
610.95	894.20
611.15	915.70
611.35	908.94
611.55	916.31
611.75	946.42
611.95	907.71
612.15	919.39
612.35	905.67
612.56	927.78
612.76	913.86
612.96	881.29
613.16	915.90
613.36	896.45
613.56	917.13
613.76	917.75
613.96	888.46
614.16	911.60
614.36	904.03
614.57	895.02
614.77	867.37
614.97	885.60
615.17	889.90
615.37	907.71
615.57	889.08
615.77	881.91
615.97	909.35
616.17	898.09
616.37	897.47
616.57	923.89
616.78	886.00
616.98	895.43
617.18	897.88
617.38	913.04
617.58	902.59
617.78	897.27
617.98	911.40
618.18	897.68
618.38	898.09
618.58	911.19
618.78	906.07
618.98	909.97
619.18	900.55
619.38	910.58
619.58	931.06
619.79	915.29
619.99	903.21
620.19	916.11
620.39	895.43
620.59	909.76
620.79	914.06
620.99	923.89
621.19	926.96
621.39	948.06
621.59	903.41
621.79	904.23
621.99	912.83
622.19	907.92
622.39	923.48
622.59	938.02
622.79	938.02
622.99	964.24
623.19	933.72
623.39	941.50
623.59	921.23
623.79	926.96
623.99	939.66
624.19	928.81
624.39	912.01
624.59	933.31
624.79	952.15
624.99	949.49
625.19	933.93
625.39	916.11
625.59	970.79
625.79	944.37
625.99	920.21
626.19	923.07
626.39	938.64
626.59	923.48
626.79	960.55
626.99	936.18
627.19	937.00
627.39	972.43
627.59	958.71
627.79	966.90
627.99	956.86
628.19	967.51
628.39	991.68
628.59	974.68
628.79	995.78
628.99	968.54
629.19	983.90
629.39	989.22
629.59	975.91
629.79	978.16
629.99	988.81
630.19	958.91
630.39	956.66
630.59	1007.65
630.79	985.74
630.99	990.66
631.19	1007.24
631.39	977.55
631.59	981.85
631.79	994.34
631.99	994.55
632.19	983.69
632.39	996.39
632.59	978.16
632.79	989.02
632.99	1026.50
633.19	1041.65
633.39	1020.56
633.58	976.93
633.78	1018.10
633.98	1013.18
634.18	1042.67
634.38	1035.10
634.58	1002.74
634.78	1010.52
634.98	1003.76
635.18	1016.87
635.38	1039.19
635.58	1005.20
635.78	1029.16
635.98	1020.15
636.18	1035.71
636.38	1043.70
636.57	1019.94
636.77	1014.21
636.97	1033.87
637.17	998.64
637.37	1031.00
637.57	1057.62
637.77	1048.82
637.97	1035.51
638.17	1038.78
638.37	1050.25
638.57	1042.06
638.76	1052.30
638.96	1047.79
639.16	1035.51
639.36	1045.54
639.56	1083.22
639.76	1053.73
639.96	1036.53
640.16	1058.03
640.36	1065.61
640.56	1033.66
640.75	1050.46
640.95	1077.28
641.15	1051.69
641.35	1068.68
641.55	1067.45
641.75	1054.76
641.95	1082.20
642.15	1069.91
642.34	1044.93
642.54	1064.59
642.74	1065.00
642.94	1098.17
643.14	1064.79
643.34	1024.04
643.54	1094.90
643.74	1088.75
643.93	1091.62
644.13	1114.35
644.33	1075.24
644.53	1076.26
644.73	1106.37
644.93	1071.96
645.13	1088.14
645.32	1072.17
645.52	1102.27
645.72	1115.58
645.92	1114.76
646.12	1114.15
646.32	1095.10
646.52	1094.90
646.71	1062.95
646.91	1146.92
647.11	1104.73
647.31	1104.11
647.51	1142.00
647.71	1145.89
647.90	1137.09
648.10	1125.41
648.30	1087.52
648.50	1148.55
648.70	1126.03
648.89	1125.00
649.09	1157.97
649.29	1136.47
649.49	1129.92
649.69	1159.41
649.89	1145.28
650.08	1142.00
650.28	1160.84
650.48	1161.87
650.68	1177.64
650.88	1152.45
651.07	1143.64
651.27	1168.01
651.47	1184.39
651.67	1177.64
651.87	1191.15
652.06	1174.15
652.26	1189.92
652.46	1215.93
652.66	1191.36
652.86	1211.22
653.05	1213.88
653.25	1220.44
653.45	1195.66
653.65	1248.70
653.85	1238.26
654.04	1272.25
654.24	1239.69
654.44	1257.71
654.64	1253.00
654.83	1248.50
655.03	1267.54
655.23	1282.90
655.43	1255.46
655.63	1256.28
655.82	1296.62
656.02	1276.55
656.22	1297.44
656.42	1314.85
656.61	1318.95
656.81	1337.38
657.01	1286.79
657.21	1318.54
657.40	1317.31
657.60	1366.05
657.80	1340.65
658.00	1368.30
658.19	1337.38
658.39	1373.42
658.59	1367.69
658.79	1407.01
658.98	1395.95
659.18	1402.30
659.38	1396.97
659.58	1426.26
659.77	1417.86
659.97	1440.80
660.17	1454.52
660.36	1486.67
660.56	1438.96
660.76	1472.13
660.96	1479.71
661.15	1476.02
661.35	1492.41
661.55	1521.69
661.75	1497.53
661.94	1489.95
662.14	1494.25
662.34	1537.87
662.53	1528.04
662.73	1563.06
662.93	1535.01
663.13	1563.68
663.32	1585.18
663.52	1582.93
663.72	1629.42
663.91	1604.43
664.11	1627.98
664.31	1641.30
664.50	1599.72
664.70	1631.06
664.90	1641.71
665.10	1688.60
665.29	1692.29
665.49	1696.39
665.69	1665.87
665.88	1701.92
666.08	1716.87
666.28	1708.88
666.47	1759.05
666.67	1740.01
666.87	1754.34
667.06	1775.03
667.26	1792.64
667.46	1786.29
667.65	1821.31
667.85	1804.93
668.05	1840.97
668.24	1863.30
668.44	1883.57
668.64	1876.81
668.83	1857.36
669.03	1867.80
669.23	1872.72
669.42	1913.06
669.62	1896.06
669.82	1956.89
670.01	1943.37
670.21	1959.96
670.41	1989.45
670.60	1973.27
670.80	2001.33
671.00	2008.29
671.19	2015.66
671.39	2015.05
671.58	2008.50
671.78	2071.37
671.98	2047.00
672.17	2079.97
672.37	2091.64
672.57	2099.22
672.76	2136.49
672.96	2148.37
673.15	2141.61
673.35	2185.85
673.55	2148.58
673.74	2201.21
673.94	2194.25
674.14	2206.94
674.33	2221.69
674.53	2233.16
674.72	2243.19
674.92	2260.60
675.12	2307.50
675.31	2285.38
675.51	2292.55
675.70	2343.13
675.90	2350.71
676.10	2375.70
676.29	2356.04
676.49	2340.06
676.68	2399.86
676.88	2375.70
677.08	2415.22
677.27	2455.98
677.47	2405.19
677.66	2437.55
677.86	2473.39
678.06	2494.48
678.25	2483.22
678.45	2528.48
678.64	2467.04
678.84	2575.78
679.03	2525.81
679.23	2575.17
679.43	2574.15
679.62	2597.90
679.82	2598.93
680.01	2630.26
680.21	2650.12
680.40	2654.43
680.60	2622.68
680.80	2715.86
680.99	2671.83
681.19	2673.27
681.38	2722.62
681.58	2717.30
681.77	2737.98
681.97	2759.28
682.16	2791.23
682.36	2774.64
682.56	2800.04
682.75	2787.54
682.95	2821.74
683.14	2822.15
683.34	2802.70
683.53	2809.25
683.73	2870.49
683.92	2880.11
684.12	2941.55
684.31	2937.86
684.51	2951.59
684.70	2933.97
684.90	2950.15
685.10	2989.68
685.29	2979.44
685.49	3018.55
685.68	3015.48
685.88	3050.30
686.07	3004.83
686.27	3015.07
686.46	3068.93
686.66	3010.77
686.85	3080.61
687.05	3085.52
687.24	3089.21
687.44	3141.64
687.63	3175.84
687.83	3159.05
688.02	3200.62
688.22	3176.66
688.41	3168.06
688.61	3146.76
688.80	3198.57
689.00	3203.08
689.19	3277.01
689.39	3282.74
689.58	3265.74
689.78	3307.93
689.97	3298.31
690.17	3283.15
690.36	3347.87
690.56	3318.38
690.75	3386.37
690.95	3332.51
691.14	3373.47
691.34	3418.73
691.53	3423.23
691.72	3387.60
691.92	3434.70
692.11	3434.09
692.31	3437.36
692.50	3467.26
692.70	3457.43
692.89	3471.57
693.09	3482.83
693.28	3472.79
693.48	3490.61
693.67	3506.18
693.87	3507.61
694.06	3525.84
694.25	3520.51
694.45	3576.22
694.64	3566.59
694.84	3639.50
695.03	3609.80
695.23	3614.51
695.42	3626.39
695.62	3684.35
695.81	3671.65
696.00	3624.14
696.20	3710.15
696.39	3708.72
696.59	3701.55
696.78	3687.83
696.98	3725.51
697.17	3723.67
697.36	3736.57
697.56	3787.36
697.75	3779.78
697.95	3759.30
698.14	3771.80
698.34	3799.04
698.53	3815.62
698.72	3854.74
698.92	3815.83
699.11	3849.01
699.31	3843.07
699.50	3854.94
699.69	3839.79
699.89	3904.30
700.08	3875.02
700.28	3887.10
700.47	3869.90
700.66	3950.79
700.86	3918.02
701.05	3964.72
701.25	3975.57
701.44	3930.92
701.63	3944.85
701.83	3959.39
702.02	3952.63
702.21	3999.33
702.41	4036.39
702.60	4034.76
702.80	3995.64
702.99	4011.41
703.18	4028.00
703.38	4041.31
703.57	4002.40
703.77	4069.78
703.96	3984.38
704.15	4039.26
704.35	4058.51
704.54	3977.62
704.73	4024.93
704.93	4048.07
705.12	4020.01
705.31	4021.24
705.51	4083.09
705.70	4117.49
705.89	4120.16
706.09	4058.51
706.28	4057.69
706.48	4127.12
706.67	4105.82
706.86	4097.42
707.06	4105.21
707.25	4049.09
707.44	4084.73
707.64	4137.77
707.83	4106.03
708.02	4089.23
708.22	4121.59
708.41	4118.52
708.60	4157.43
708.80	4159.89
708.99	4142.48
709.18	4138.18
709.38	4181.80
709.57	4200.03
709.76	4148.01
709.95	4196.55
710.15	4169.31
710.34	4177.50
710.53	4159.07
710.73	4176.27
710.92	4147.39
711.11	4183.85
711.31	4235.46
711.50	4139.82
711.69	4198.18
711.89	4172.79
712.08	4195.93
712.27	4153.95
712.46	4213.75
712.66	4177.70
712.85	4165.21
713.04	4235.46
713.24	4245.49
713.43	4153.54
713.62	4154.77
713.81	4169.51
714.01	4207.40
714.20	4220.30
714.39	4246.72
714.59	4198.39
714.78	4206.58
714.97	4171.97
715.16	4236.28
715.36	4191.22
715.55	4178.11
715.74	4154.97
715.93	4193.88
716.13	4169.51
716.32	4152.11
716.51	4199.00
716.71	4158.25
716.90	4162.35
717.09	4141.66
717.28	4202.69
717.48	4212.73
717.67	4135.31
717.86	4182.01
718.05	4175.04
718.25	4126.10
718.44	4137.36
718.63	4134.49
718.82	4137.16
719.02	4132.85
719.21	4099.27
719.40	4120.77
719.59	4099.06
719.78	4126.10
719.98	4151.29
720.17	4123.43
720.36	4142.89
720.55	4178.11
720.75	4097.63
720.94	4127.32
721.13	4080.63
721.32	4102.34
721.51	4092.30
721.71	4108.69
721.90	4102.95
722.09	4157.84
722.28	4129.58
722.48	4143.30
722.67	4127.12
722.86	4060.77
723.05	4077.56
723.24	4129.37
723.44	4102.75
723.63	4117.08
723.82	4099.06
724.01	4108.07
724.20	4144.32
724.40	4141.66
724.59	4144.32
724.78	4092.71
724.97	4090.67
725.16	4074.28
725.35	4113.40
725.55	4106.23
725.74	4123.84
725.93	4060.36
726.12	4181.80
726.31	4143.50
726.51	4160.50
726.70	4152.72
726.89	4173.81
727.08	4166.24
727.27	4171.77
727.46	4174.63
727.66	4152.92
727.85	4192.25
728.04	4077.15
728.23	4193.68
728.42	4184.26
728.61	4213.95
728.81	4222.35
729.00	4259.62
729.19	4315.33
729.38	4226.24
729.57	4267.00
729.76	4207.81
729.95	4301.20
730.15	4289.93
730.34	4288.50
730.53	4312.05
730.72	4295.87
730.91	4319.22
731.10	4273.96
731.29	4340.31
731.49	4302.02
731.68	4378.82
731.87	4329.66
732.06	4349.12
732.25	4360.79
732.44	4375.74
732.63	4439.84
732.82	4407.49
733.02	4427.35
733.21	4420.18
733.40	4456.64
733.59	4445.99
733.78	4447.42
733.97	4441.07
734.16	4440.05
734.35	4451.31
734.54	4455.00
734.74	4487.56
734.93	4520.74
735.12	4549.21
735.31	4508.66
735.50	4609.83
735.69	4609.83
735.88	4545.52
736.07	4592.01
736.26	4572.14
736.45	4574.60
736.64	4638.70
736.84	4622.73
737.03	4694.61
737.22	4629.49
737.41	4679.25
737.60	4655.50
737.79	4695.43
737.98	4683.55
738.17	4733.73
738.36	4747.45
738.55	4734.55
738.74	4783.49
738.93	4773.25
739.12	4754.21
739.32	4825.07
739.51	4844.32
739.70	4833.67
739.89	4823.84
740.08	4862.75
740.27	4892.24
740.46	4899.41
740.65	4913.54
740.84	4935.86
741.03	4955.93
741.22	4969.86
741.41	4951.63
741.60	4997.92
741.79	4989.11
741.98	5054.65
742.17	5054.85
742.36	5073.69
742.55	5050.75
742.74	5101.54
742.93	5075.94
743.12	5092.94
743.31	5141.89
743.51	5168.51
743.70	5186.74
743.89	5197.80
744.08	5183.05
744.27	5235.28
744.46	5205.38
744.65	5268.45
744.84	5329.69
745.03	5302.65
745.22	5284.22
745.41	5322.93
745.60	5347.30
745.79	5349.55
745.98	5310.64
746.17	5356.52
746.36	5421.03
746.55	5389.69
746.74	5405.46
746.93	5465.88
747.12	5447.65
747.31	5454.20
747.50	5470.59
747.69	5536.94
747.88	5536.12
748.07	5577.70
748.26	5604.32
748.45	5573.40
748.64	5613.54
748.83	5619.07
749.02	5622.14
749.21	5593.67
749.40	5638.73
749.59	5617.43
749.77	5673.13
749.96	5621.32
750.15	5720.44
750.34	5738.46
750.53	5705.49
750.72	5803.79
750.91	5727.61
751.10	5815.06
751.29	5756.69
751.48	5792.94
751.67	5792.12
751.86	5850.49
752.05	5875.27
752.24	5862.98
752.43	5929.33
752.62	5949.81
752.81	5917.66
753.00	5920.73
753.19	5939.16
753.38	5928.10
753.57	5928.51
753.76	5957.80
753.94	5946.95
754.13	5998.14
754.32	6024.15
754.51	6003.88
754.70	6013.09
754.89	6016.99
755.08	5989.95
755.27	6034.60
755.46	6065.93
755.65	6007.97
755.84	6071.26
756.03	6090.51
756.22	6147.85
756.40	6075.15
756.59	6180.62
756.78	6141.30
756.97	6208.68
757.16	6148.06
757.35	6227.31
757.54	6230.38
757.73	6247.38
757.92	6180.82
758.11	6289.16
758.29	6233.87
758.48	6341.18
758.67	6332.99
758.86	6315.17
759.05	6290.59
759.24	6320.70
759.43	6450.54
759.62	6286.70
759.81	6307.59
759.99	6337.90
760.18	6291.21
760.37	6369.65
760.56	6308.62
760.75	6413.88
760.94	6328.89
761.13	6368.01
761.32	6385.01
761.50	6400.37
761.69	6431.29
761.88	6392.79
762.07	6392.38
762.26	6420.64
762.45	6439.07
762.64	6470.82
762.82	6505.84
763.01	6517.51
763.20	6510.34
763.39	6432.11
763.58	6488.22
763.77	6473.07
763.96	6489.66
764.14	6488.43
764.33	6478.80
764.52	6523.04
764.71	6539.22
764.90	6578.33
765.09	6637.11
765.27	6597.99
765.46	6631.38
765.65	6637.52
765.84	6554.58
766.03	6709.40
766.22	6560.72
766.40	6609.67
766.59	6617.86
766.78	6693.02
766.97	6616.02
767.16	6655.34
767.35	6686.67
767.53	6619.09
767.72	6655.75
767.91	6625.85
768.10	6713.70
768.29	6749.34
768.47	6681.76
768.66	6697.53
768.85	6708.38
769.04	6718.01
769.23	6745.45
769.41	6701.62
769.60	6718.41
769.79	6734.59
769.98	6693.02
770.17	6780.47
770.35	6766.13
770.54	6737.26
770.73	6822.66
770.92	6812.62
771.10	6777.40
771.29	6804.02
771.48	6838.43
771.67	6866.48
771.86	6774.94
772.04	6821.22
772.23	6809.75
772.42	6793.37
772.61	6759.37
772.79	6837.81
772.98	6861.57
773.17	6903.55
773.36	6858.91
773.54	6940.41
773.73	6892.08
773.92	6875.70
774.11	6862.59
774.30	6853.99
774.48	6824.91
774.67	6806.68
774.86	6893.52
775.05	6946.15
775.23	6929.97
775.42	6857.27
775.61	6957.82
775.79	6974.62
775.98	6972.36
776.17	6928.13
776.36	6964.79
776.54	7041.38
776.73	7010.66
776.92	6999.60
777.11	6889.42
777.29	7009.23
777.48	6963.76
777.67	6946.35
777.85	7011.89
778.04	7025.61
778.23	7043.43
778.42	7026.02
778.60	7019.88
778.79	7048.96
778.98	7036.46
779.16	7038.51
779.35	7078.65
779.54	7029.30
779.73	7064.11
779.91	7057.35
780.10	7024.18
780.29	6983.22
780.47	7018.65
780.66	7079.06
780.85	6977.28
781.03	7054.69
781.22	7051.62
781.41	7007.59
781.60	7035.65
781.78	7090.53
781.97	7061.86
782.16	7077.63
782.34	7069.44
782.53	7102.20
782.72	7060.22
782.90	7072.51
783.09	7122.89
783.28	7186.38
783.46	7097.70
783.65	7131.69
783.84	7110.81
784.02	7124.73
784.21	7147.87
784.40	7126.58
784.58	7199.07
784.77	7196.00
784.96	7192.93
785.14	7144.60
785.33	7201.53
785.52	7159.34
785.70	7180.64
785.89	7181.87
786.08	7203.17
786.26	7300.65
786.45	7112.24
786.63	7227.13
786.82	7229.79
787.01	7220.99
787.19	7269.11
787.38	7329.12
787.57	7324.41
787.75	7352.88
787.94	7358.00
788.13	7370.90
788.31	7366.19
788.50	7329.53
788.68	7316.63
788.87	7383.60
789.06	7424.35
789.24	7484.97
789.43	7484.36
789.61	7496.03
789.80	7547.43
789.99	7561.97
790.17	7630.17
790.36	7597.61
790.55	7653.52
790.73	7636.11
790.92	7693.86
791.10	7638.16
791.29	7658.02
791.48	7691.20
791.66	7765.13
791.85	7691.20
792.03	7753.05
792.22	7851.56
792.40	7841.73
792.59	7762.67
792.78	7885.55
792.96	7906.44
793.15	8018.88
793.33	8007.41
793.52	8003.52
793.71	8115.74
793.89	8078.27
794.08	8115.13
794.26	8067.21
794.45	8112.47
794.63	8145.64
794.82	8098.75
795.01	8268.32
795.19	8194.18
795.38	8249.07
795.56	8278.56
795.75	8319.93
795.93	8341.02
796.12	8465.33
796.30	8416.18
796.49	8410.45
796.68	8409.22
796.86	8382.59
797.05	8506.09
797.23	8569.16
797.42	8553.19
797.60	8642.48
797.79	8628.76
797.97	8639.00
798.16	8716.82
798.34	8669.11
798.53	8769.46
798.71	8738.74
798.90	8805.91
799.08	8730.13
799.27	8928.58
799.46	8873.70
799.64	8865.30
799.83	8970.57
800.01	9018.90
800.20	8949.88
800.38	8935.75
800.57	9043.47
800.75	9037.33
800.94	9094.67
801.12	9117.61
801.31	9141.98
801.49	9124.37
801.68	9128.87
801.86	9144.03
802.05	9176.18
802.23	9204.24
802.42	9203.62
802.60	9295.37
802.79	9180.28
802.97	9209.97
803.16	9278.58
803.34	9323.64
803.53	9255.23
803.71	9370.53
803.90	9288.21
804.08	9422.14
804.27	9407.81
804.45	9318.31
804.63	9428.08
804.82	9361.11
805.00	9390.40
805.19	9460.85
805.37	9443.44
805.56	9525.57
805.74	9518.40
805.93	9455.93
806.11	9538.06
806.30	9530.48
806.48	9459.42
806.67	9579.02
806.85	9686.95
807.04	9489.11
807.22	9630.22
807.40	9592.94
807.59	9642.30
807.77	9638.82
807.96	9610.97
808.14	9657.05
808.33	9647.01
808.51	9691.45
808.69	9725.65
808.88	9801.22
809.06	9615.47
809.25	9729.54
809.43	9796.10
809.62	9725.86
809.80	9799.58
809.99	9838.70
810.17	9739.99
810.35	9816.79
810.54	9872.49
810.72	9818.63
810.91	9871.06
811.09	9947.45
811.27	9854.88
811.46	9866.35
811.64	9915.70
811.83	9960.35
812.01	9877.20
812.19	9848.74
812.38	9940.89
812.56	9912.02
812.75	9923.69
812.93	9924.51
813.11	9845.46
813.30	9930.86
813.48	9996.80
813.67	9870.85
813.85	9914.27
814.03	10010.12
814.22	9969.97
814.40	10000.08
814.59	9942.53
814.77	9983.49
814.95	9969.97
815.14	9941.51
815.32	10050.66
815.50	10015.23
815.69	9954.00
815.87	10118.86
816.06	9942.74
816.24	10112.51
816.42	10045.75
816.61	10045.95
816.79	10061.11
816.97	10098.79
817.16	10076.26
817.34	9977.96
817.52	10099.61
817.71	10086.30
817.89	10068.07
818.07	10178.05
818.26	10033.67
818.44	10010.52
818.63	10066.84
818.81	10055.58
818.99	10030.19
819.18	10091.62
819.36	10111.69
819.54	10052.30
819.73	10009.50
819.91	10115.18
820.09	10139.75
820.28	10110.88
820.46	10114.36
820.64	10071.76
820.83	10130.13
821.01	10059.88
821.19	10078.72
821.37	10054.35
821.56	10172.93
821.74	10175.18
821.92	10190.13
822.11	10204.88
822.29	10158.39
822.47	10208.15
822.66	10172.72
822.84	10237.85
823.02	10270.41
823.21	10235.80
823.39	10217.16
823.57	10222.69
823.75	10145.08
823.94	10294.58
824.12	10182.35
824.30	10259.56
824.49	10302.77
824.67	10198.94
824.85	10231.91
825.03	10273.07
825.22	10228.02
825.40	10282.09
825.58	10240.51
825.77	10297.04
825.95	10296.01
826.13	10315.47
826.31	10287.00
826.50	10316.08
826.68	10271.23
826.86	10303.38
827.04	10256.28
827.23	10349.26
827.41	10314.44
827.59	10303.79
827.78	10388.17
827.96	10354.38
828.14	10345.16
828.32	10331.24
828.51	10294.17
828.69	10299.49
828.87	10411.31
829.05	10340.04
829.23	10335.13
829.42	10412.13
829.60	10312.19
829.78	10326.32
829.96	10290.69
830.15	10310.14
830.33	10423.40
830.51	10412.54
830.69	10342.91
830.88	10323.45
831.06	10419.30
831.24	10382.85
831.42	10402.92
831.60	10373.02
831.79	10300.52
831.97	10475.82
832.15	10357.45
832.33	10461.69
832.52	10465.38
832.70	10559.79
832.88	10443.67
833.06	10501.22
833.24	10473.37
833.43	10464.97
833.61	10493.44
833.79	10437.53
833.97	10495.07
834.15	10552.42
834.34	10549.96
834.52	10464.97
834.70	10545.25
834.88	10503.27
835.06	10565.52
835.25	10497.74
835.43	10603.82
835.61	10582.73
835.79	10575.56
835.97	10713.18
836.15	10604.44
836.34	10572.08
836.52	10505.31
836.70	10625.73
836.88	10533.78
837.06	10562.04
837.24	10537.67
837.43	10602.18
837.61	10473.16
837.79	10611.81
837.97	10594.20
838.15	10549.75
838.33	10634.75
838.52	10555.49
838.70	10644.17
838.88	10586.82
839.06	10689.43
839.24	10646.42
839.42	10660.75
839.60	10643.35
839.79	10671.40
839.97	10708.27
840.15	10668.95
840.33	10704.99
840.51	10682.87
840.69	10644.99
840.87	10692.70
841.06	10540.95
841.24	10619.39
841.42	10651.33
841.60	10778.92
841.78	10775.24
841.96	10749.23
842.14	10694.96
842.32	10741.85
842.51	10760.08
842.69	10687.17
842.87	10709.09
843.05	10754.55
843.23	10730.59
843.41	10772.57
843.59	10733.25
843.77	10849.78
843.95	10797.56
844.14	10714.41
844.32	10722.19
844.50	10766.02
844.68	10817.22
844.86	10919.00
845.04	10844.05
845.22	10795.92
845.40	10847.12
845.58	10796.74
845.76	10736.94
845.94	10772.98
846.12	10728.13
846.31	10791.01
846.49	10878.66
846.67	10788.14
846.85	10862.89
847.03	10859.41
847.21	10882.14
847.39	10825.00
847.57	10804.32
847.75	10859.41
847.93	10834.01
848.11	10885.62
848.29	10854.08
848.47	10839.95
848.65	10846.10
848.83	10931.50
849.02	10936.21
849.20	10924.53
849.38	10943.17
849.56	10998.87
849.74	10853.67
849.92	10905.28
850.10	10951.98
850.28	10963.44
850.46	10917.98
850.64	10982.49
850.82	10956.48
851.00	10954.23
851.18	10940.10
851.36	10934.57
851.54	10927.81
851.72	10853.06
851.90	11057.45
852.08	10927.81
852.26	10954.02
852.44	10954.02
852.62	10975.32
852.80	11044.34
852.98	10975.73
853.16	11119.09
853.34	10958.73
853.52	10995.19
853.70	10938.46
853.88	11042.91
854.06	10937.64
854.24	11006.45
854.42	11033.49
854.60	10963.03
854.78	10928.01
854.96	11015.46
855.14	11033.28
855.32	10975.32
855.50	11064.20
855.68	11064.61
855.86	10985.77
856.04	10978.19
856.22	11003.18
856.40	11050.69
856.58	10991.30
856.76	10860.02
856.94	11013.62
857.12	11003.79
857.30	10918.18
857.48	10968.97
857.66	11115.40
857.84	10996.83
858.02	11022.02
858.20	11115.61
858.38	11036.97
858.56	11066.46
858.74	11084.68
858.92	11054.99
859.10	11089.80
859.28	11033.69
859.46	11109.26
859.64	11115.81
859.81	11052.53
859.99	10969.18
860.17	11032.87
860.35	10986.18
860.53	10954.43
860.71	11050.69
860.89	11034.10
861.07	11019.56
861.25	11022.02
861.43	11104.14
861.61	11161.48
861.79	11052.74
861.97	11068.51
862.15	11095.33
862.33	11144.08
862.50	11096.77
862.68	11113.56
862.86	11064.61
863.04	11152.27
863.22	11135.27
863.40	11185.24
863.58	11120.93
863.76	11050.89
863.94	11055.81
864.12	11002.15
864.30	11141.82
864.47	11142.64
864.65	11008.29
864.83	11086.32
865.01	11006.25
865.19	11099.63
865.37	11138.55
865.55	11067.48
865.73	11058.68
865.91	11096.97
866.09	11086.53
866.26	11055.60
866.44	11120.52
866.62	11122.98
866.80	11113.97
866.98	10977.58
867.16	11080.79
867.34	11088.98
867.52	11060.11
867.69	10973.89
867.87	11065.64
868.05	10981.88
868.23	10957.71
868.41	10986.18
868.59	11026.73
868.77	11096.77
868.94	10994.37
869.12	11031.03
869.30	10953.20
869.48	11010.55
869.66	11028.37
869.84	10993.14
870.02	10923.71
870.19	10959.14
870.37	10902.21
870.55	10895.86
870.73	10849.17
870.91	10959.35
871.09	10887.06
871.26	10823.77
871.44	10844.05
871.62	10803.91
871.80	10932.52
871.98	10838.72
872.16	10868.62
872.33	10740.83
872.51	10706.63
872.69	10848.76
872.87	10861.46
873.05	10836.06
873.22	10875.59
873.40	10744.11
873.58	10802.47
873.76	10660.55
873.94	10680.82
874.12	10629.01
874.29	10651.54
874.47	10644.17
874.65	10685.94
874.83	10651.13
875.01	10582.52
875.18	10643.35
875.36	10609.35
875.54	10599.73
875.72	10489.75
875.89	10616.11
876.07	10607.30
876.25	10602.59
876.43	10587.85
876.61	10607.51
876.78	10549.96
876.96	10617.75
877.14	10579.45
877.32	10681.44
877.49	10565.32
877.67	10733.66
877.85	10683.69
878.03	10709.70
878.21	10644.17
878.38	10692.29
878.56	10696.80
878.74	10707.45
878.92	10752.30
879.09	10741.44
879.27	10815.58
879.45	10787.52
879.63	10796.74
879.80	10907.33
879.98	10763.15
880.16	10815.79
880.34	10895.86
880.51	10869.24
880.69	10819.27
880.87	10880.09
881.05	10879.07
881.22	10988.84
881.40	10836.47
881.58	10917.98
881.75	10972.05
881.93	10941.94
882.11	10967.13
882.29	10919.21
882.46	10978.80
882.64	11021.20
882.82	11024.68
883.00	11049.66
883.17	11100.25
883.35	11044.95
883.53	11168.86
883.70	11198.76
883.88	11220.26
884.06	11148.17
884.23	11189.75
884.41	11209.00
884.59	11256.71
884.77	11288.46
884.94	11361.77
885.12	11339.66
885.30	11403.55
885.47	11369.15
885.65	11390.45
885.83	11441.24
886.00	11527.25
886.18	11424.85
886.36	11505.75
886.53	11383.69
886.71	11543.43
886.89	11480.56
887.07	11449.63
887.24	11649.92
887.42	11655.45
887.60	11625.14
887.77	11500.42
887.95	11740.85
888.13	11698.67
888.30	11612.65
888.48	11799.83
888.66	11820.52
888.83	11648.49
889.01	11701.12
889.18	11742.70
889.36	11834.24
889.54	11827.48
889.71	11888.10
889.89	11976.57
890.07	11976.98
890.24	12037.40
890.42	11996.03
890.60	11954.25
890.77	12014.67
890.95	12033.51
891.13	12005.04
891.30	12022.65
891.48	11925.99
891.65	12065.05
891.83	12133.86
892.01	12022.24
892.18	12171.54
892.36	12130.99
892.54	12099.86
892.71	12099.86
892.89	12137.54
893.06	12188.33
893.24	12166.63
893.42	12132.63
893.59	12194.27
893.77	12176.05
893.94	12271.89
894.12	12192.84
894.30	12260.22
894.47	12136.11
894.65	12278.45
894.82	12252.23
895.00	12266.57
895.18	12189.36
895.35	12247.32
895.53	12239.94
895.70	12305.68
895.88	12291.14
896.06	12218.64
896.23	12208.61
896.41	12229.09
896.58	12279.47
896.76	12237.08
896.93	12243.42
897.11	12343.78
897.29	12243.42
897.46	12311.62
897.64	12300.77
897.81	12307.53
897.99	12380.84
898.16	12389.65
898.34	12286.84
898.52	12227.45
898.69	12344.39
898.87	12332.92
899.04	12310.19
899.22	12308.76
899.39	12301.79
899.57	12157.62
899.74	12384.33
899.92	12270.87
900.10	12196.73
900.27	12263.50
900.45	12239.12
900.62	12244.65
900.80	12291.35
900.97	12313.26
901.15	12175.23
901.32	12266.77
901.50	12271.69
901.67	12175.02
901.85	12111.74
902.02	12239.94
902.20	12204.51
902.37	12306.71
902.55	12116.66
902.72	12168.26
902.90	12234.21
903.07	12082.45
903.25	12110.51
903.43	12057.06
903.60	12013.64
903.78	11997.87
903.95	12045.18
904.13	12024.09
904.30	11956.50
904.48	12041.50
904.65	12030.44
904.83	12097.20
905.00	12020.20
905.17	12020.20
905.35	11975.96
905.52	11933.98
905.70	11914.93
905.87	11944.83
906.05	11887.08
906.22	11797.99
906.40	11780.17
906.57	11758.88
906.75	11845.30
906.92	11736.14
907.10	11822.57
907.27	11689.24
907.45	11726.93
907.62	11803.93
907.80	11736.96
907.97	11683.72
908.15	11696.21
908.32	11714.64
908.49	11636.41
908.67	11630.06
908.84	11502.88
909.02	11524.38
909.19	11599.95
909.37	11525.00
909.54	11498.99
909.72	11543.84
909.89	11570.67
910.07	11506.57
910.24	11408.88
910.41	11399.66
910.59	11411.13
910.76	11417.48
910.94	11317.13
911.11	11303.41
911.29	11286.82
911.46	11292.96
911.63	11348.87
911.81	11307.50
911.98	11328.60
912.16	11224.56
912.33	11209.41
912.50	11179.71
912.68	11196.91
912.85	11036.76
913.03	11124.01
913.20	11094.10
913.38	10945.83
913.55	10974.30
913.72	10991.71
913.90	10961.60
914.07	10936.62
914.25	10951.77
914.42	10835.65
914.59	10889.72
914.77	10822.54
914.94	10840.36
915.11	10814.15
915.29	10856.54
915.46	10693.93
915.64	10716.87
915.81	10521.70
915.98	10686.56
916.16	10632.70
916.33	10577.81
916.51	10515.76
916.68	10358.68
916.85	10484.22
917.03	10461.69
917.20	10328.98
917.37	10431.38
917.55	10315.67
917.72	10395.13
917.89	10284.34
918.07	10365.03
918.24	10307.89
918.42	10282.70
918.59	10215.32
918.76	10165.15
918.94	10077.08
919.11	10210.20
919.28	10133.61
919.46	10044.11
919.63	10025.27
919.80	9967.72
919.98	10023.84
920.15	9957.28
920.32	9928.81
920.50	9874.95
920.67	9842.18
920.84	9861.84
921.02	9892.97
921.19	9809.62
921.36	9673.02
921.54	9753.30
921.71	9702.10
921.88	9693.29
922.06	9674.04
922.23	9639.43
922.40	9582.29
922.57	9578.81
922.75	9561.61
922.92	9553.42
923.09	9409.04
923.27	9448.56
923.44	9425.01
923.61	9365.00
923.79	9305.00
923.96	9267.52
924.13	9286.16
924.30	9194.20
924.48	9216.73
924.65	9211.41
924.82	9218.58
925.00	9152.43
925.17	9093.65
925.34	9103.48
925.51	9040.81
925.69	9006.41
925.86	8991.05
926.03	9001.70
926.21	8929.81
926.38	8876.77
926.55	8850.15
926.72	8724.20
926.90	8876.56
927.07	8788.71
927.24	8732.39
927.41	8689.18
927.59	8627.74
927.76	8712.93
927.93	8587.60
928.10	8585.96
928.28	8673.82
928.45	8562.82
928.62	8543.77
928.79	8447.51
928.97	8494.82
929.14	8444.03
929.31	8428.26
929.48	8390.58
929.66	8362.73
929.83	8243.74
930.00	8355.56
930.17	8271.39
930.34	8279.58
930.52	8193.57
930.69	8173.09
930.86	8096.49
931.03	8127.42
931.21	8016.01
931.38	8045.70
931.55	8038.95
931.72	7889.24
931.89	7944.94
932.07	7938.80
932.24	7869.37
932.41	7845.62
932.58	7786.84
932.75	7729.09
932.93	7682.39
933.10	7605.59
933.27	7606.21
933.44	7596.38
933.61	7573.03
933.79	7510.98
933.96	7433.16
934.13	7446.26
934.30	7379.29
934.47	7321.75
934.65	7278.74
934.82	7210.75
934.99	7227.54
935.16	7108.35
935.33	7074.76
935.50	7046.70
935.68	7011.27
935.85	6901.50
936.02	6853.58
936.19	6800.13
936.36	6723.74
936.53	6667.01
936.71	6684.42
936.88	6631.38
937.05	6510.75
937.22	6420.23
937.39	6415.32
937.56	6395.25
937.74	6344.25
937.91	6229.36
938.08	6201.51
938.25	6237.96
938.42	6098.49
938.59	6035.62
938.76	6022.31
938.94	5921.76
939.11	5949.40
939.28	5868.71
939.45	5881.21
939.62	5752.18
939.79	5749.11
939.96	5691.15
940.13	5654.90
940.31	5640.98
940.48	5558.24
940.65	5455.02
940.82	5440.07
940.99	5442.12
941.16	5369.62
941.33	5375.97
941.50	5312.48
941.67	5260.47
941.85	5297.33
942.02	5283.20
942.19	5257.80
942.36	5202.71
942.53	5227.08
942.70	5209.27
942.87	5096.01
943.04	5095.19
943.21	5097.24
943.38	5064.07
943.56	5083.32
943.73	5042.56
943.90	4994.64
944.07	5002.01
944.24	5020.03
944.41	5026.59
944.58	4977.44
944.75	4969.04
944.92	4928.08
945.09	4934.63
945.26	4884.46
945.43	4943.44
945.60	4932.38
945.78	4892.45
945.95	4896.34
946.12	4877.70
946.29	4879.34
946.46	4812.17
946.63	4825.07
946.80	4894.49
946.97	4865.82
947.14	4835.31
947.31	4857.02
947.48	4860.50
947.65	4853.53
947.82	4909.85
947.99	4857.22
948.16	4855.99
948.33	4852.51
948.50	4877.50
948.67	4842.89
948.84	4845.96
949.01	4863.77
949.18	4780.22
949.35	4861.52
949.52	4814.62
949.69	4837.56
949.86	4825.68
950.03	4782.27
950.20	4801.72
950.38	4879.34
950.55	4814.42
950.72	4821.79
950.89	4737.01
951.06	4805.00
951.23	4804.18
951.40	4796.19
951.57	4865.41
951.74	4751.96
951.91	4773.25
952.08	4785.34
952.25	4780.22
952.42	4754.41
952.59	4711.61
952.76	4732.70
952.92	4805.20
953.09	4780.22
953.26	4779.81
953.43	4756.87
953.60	4686.42
953.77	4692.97
953.94	4697.07
954.11	4661.23
954.28	4719.19
954.45	4690.11
954.62	4700.96
954.79	4672.90
954.96	4698.30
955.13	4682.53
955.30	4737.21
955.47	4643.00
955.64	4659.18
955.81	4685.60
955.98	4700.96
956.15	4649.56
956.32	4688.67
956.49	4692.36
956.66	4651.20
956.83	4642.59
957.00	4707.51
957.17	4611.26
957.33	4592.21
957.50	4621.70
957.67	4650.99
957.84	4601.22
958.01	4623.75
958.18	4566.20
958.35	4577.88
958.52	4578.29
958.69	4569.69
958.86	4584.23
959.03	4581.36
959.20	4579.11
959.37	4533.64
959.53	4552.28
959.70	4591.80
959.87	4524.22
960.04	4577.47
960.21	4550.03
960.38	4539.38
960.55	4530.57
960.72	4472.61
960.89	4530.57
961.06	4505.79
961.23	4484.49
961.39	4515.82
961.56	4449.27
961.73	4470.77
961.90	4475.89
962.07	4405.85
962.24	4383.73
962.41	4337.45
962.58	4413.43
962.75	4327.62
962.91	4301.61
963.08	4350.55
963.25	4348.30
963.42	4316.97
963.59	4312.46
963.76	4311.03
963.93	4273.96
964.09	4279.28
964.26	4266.38
964.43	4290.55
964.60	4228.29
964.77	4218.25
964.94	4223.37
965.11	4208.83
965.27	4171.77
965.44	4159.89
965.61	4167.87
965.78	4186.31
965.95	4180.16
966.12	4155.59
966.29	4154.36
966.45	4162.35
966.62	4091.89
966.79	4126.71
966.96	4115.86
967.13	4156.61
967.30	4123.02
967.46	4095.99
967.63	4057.49
967.80	4038.65
967.97	4047.25
968.14	4029.02
968.30	4004.86
968.47	4017.55
968.64	4030.25
968.81	4022.26
968.98	3980.08
969.15	3928.88
969.31	3962.46
969.48	3947.92
969.65	4019.60
969.82	3866.82
969.99	3909.83
970.15	3853.72
970.32	3816.85
970.49	3837.95
970.66	3806.00
970.82	3775.28
970.99	3791.87
971.16	3779.99
971.33	3764.83
971.50	3774.87
971.66	3737.39
971.83	3747.22
972.00	3726.13
972.17	3693.57
972.34	3732.68
972.50	3719.57
972.67	3666.94
972.84	3653.02
973.01	3642.78
973.17	3626.80
973.34	3633.97
973.51	3590.96
973.68	3592.80
973.84	3586.25
974.01	3541.61
974.18	3540.79
974.35	3549.39
974.51	3532.59
974.68	3464.60
974.85	3456.21
975.02	3460.71
975.18	3473.82
975.35	3450.47
975.52	3442.69
975.69	3416.07
975.85	3392.51
976.02	3381.86
976.19	3411.56
976.36	3429.58
976.52	3373.26
976.69	3368.76
976.86	3298.31
977.02	3335.17
977.19	3329.64
977.36	3345.21
977.53	3288.07
977.69	3274.35
977.86	3318.38
978.03	3282.74
978.19	3273.94
978.36	3273.94
978.53	3295.44
978.70	3273.32
978.86	3167.85
979.03	3209.63
979.20	3211.88
979.36	3155.15
979.53	3146.55
979.70	3161.09
979.86	3168.47
980.03	3134.47
980.20	3140.41
980.36	3111.12
980.53	3105.59
980.70	3068.93
980.86	3070.78
981.03	3078.15
981.20	3061.56
981.36	3043.54
981.53	3038.22
981.70	3009.54
981.86	3055.83
982.03	2994.80
982.20	2990.50
982.36	3011.59
982.53	2983.12
982.70	2949.74
982.86	2955.68
983.03	2954.86
983.20	2900.39
983.36	2922.91
983.53	2930.49
983.70	2892.81
983.86	2861.88
984.03	2908.78
984.20	2847.55
984.36	2843.04
984.53	2859.02
984.70	2838.95
984.86	2822.36
985.03	2815.19
985.19	2757.03
985.36	2806.79
985.53	2795.94
985.69	2778.33
985.86	2761.12
986.03	2778.53
986.19	2757.85
986.36	2778.33
986.52	2696.00
986.69	2707.47
986.86	2651.35
987.02	2706.03
987.19	2656.88
987.35	2639.27
987.52	2620.43
987.69	2584.39
987.85	2588.28
988.02	2606.71
988.18	2593.81
988.35	2563.70
988.52	2538.10
988.68	2578.65
988.85	2505.13
989.01	2531.75
989.18	2506.77
989.35	2501.85
989.51	2454.13
989.68	2486.49
989.84	2499.60
990.01	2466.63
990.17	2457.21
990.34	2426.08
990.51	2423.41
990.67	2433.25
990.84	2427.31
991.00	2387.78
991.17	2403.14
991.33	2398.84
991.50	2377.13
991.66	2362.39
991.83	2332.28
992.00	2311.39
992.16	2322.65
992.33	2326.14
992.49	2303.20
992.66	2316.10
992.82	2251.59
992.99	2253.84
993.15	2257.73
993.32	2265.31
993.48	2212.68
993.65	2232.95
993.82	2188.31
993.98	2215.14
994.15	2213.29
994.31	2172.33
994.48	2195.07
994.64	2131.99
994.81	2166.60
994.97	2151.03
995.14	2109.46
995.30	2105.57
995.47	2111.71
995.63	2119.09
995.80	2112.33
995.96	2094.31
996.13	2066.25
996.29	2065.02
996.46	2036.55
996.62	2041.47
996.79	2007.47
996.95	2010.75
997.12	2004.61
997.28	2036.76
997.45	2000.10
997.61	1980.23
997.78	1950.74
997.94	1985.56
998.11	1947.88
998.27	1951.77
998.44	1943.37
998.60	1919.00
998.77	1925.35
998.93	1927.60
999.10	1883.37
999.26	1898.73
999.43	1884.39
999.59	1874.76
999.75	1870.67
999.92	1829.50
1000.08	1850.80
1000.25	1810.66
1000.41	1848.96
1000.58	1774.62
1000.74	1801.65
1000.91	1773.80
1001.07	1783.22
1001.24	1796.53
1001.40	1789.57
1001.56	1772.16
1001.73	1779.94
1001.89	1750.66
1002.06	1733.45
1002.22	1729.56
1002.39	1691.47
1002.55	1732.43
1002.71	1722.19
1002.88	1695.16
1003.04	1721.37
1003.21	1685.94
1003.37	1684.92
1003.54	1684.51
1003.70	1648.67
1003.86	1669.56
1004.03	1653.58
1004.19	1622.25
1004.36	1626.75
1004.52	1614.06
1004.68	1624.91
1004.85	1592.35
1005.01	1558.97
1005.18	1578.22
1005.34	1552.62
1005.50	1540.13
1005.67	1540.13
1005.83	1578.01
1006.00	1525.18
1006.16	1529.89
1006.32	1467.83
1006.49	1469.06
1006.65	1487.70
1006.82	1460.46
1006.98	1491.79
1007.14	1484.63
1007.31	1475.00
1007.47	1449.20
1007.63	1415.81
1007.80	1411.72
1007.96	1412.13
1008.13	1418.48
1008.29	1386.12
1008.45	1474.18
1008.62	1389.19
1008.78	1370.35
1008.94	1381.61
1009.11	1348.03
1009.27	1347.62
1009.43	1363.39
1009.60	1340.65
1009.76	1336.56
1009.92	1298.47
1010.09	1341.88
1010.25	1296.42
1010.42	1303.79
1010.58	1300.10
1010.74	1293.35
1010.91	1279.01
1011.07	1296.42
1011.23	1259.55
1011.40	1287.20
1011.56	1252.18
1011.72	1284.74
1011.89	1210.20
1012.05	1269.79
1012.21	1213.68
1012.37	1215.32
1012.54	1199.75
1012.70	1211.02
1012.86	1205.08
1013.03	1177.23
1013.19	1174.97
1013.35	1186.85
1013.52	1189.72
1013.68	1157.77
1013.84	1158.18
1014.01	1123.77
1014.17	1140.98
1014.33	1154.70
1014.49	1110.67
1014.66	1140.98
1014.82	1126.64
1014.98	1104.11
1015.15	1106.37
1015.31	1114.56
1015.47	1069.91
1015.63	1098.38
1015.80	1074.21
1015.96	1100.43
1016.12	1065.00
1016.29	1067.86
1016.45	1036.94
1016.61	1045.13
1016.77	1033.46
1016.94	1016.87
1017.10	1042.88
1017.26	1015.44
1017.42	1053.12
1017.59	1036.33
1017.75	1010.11
1017.91	1017.28
1018.07	974.07
1018.24	976.32
1018.40	960.35
1018.56	1001.10
1018.72	977.96
1018.89	961.37
1019.05	901.98
1019.21	961.98
1019.37	940.07
1019.54	952.97
1019.70	934.34
1019.86	930.45
1020.02	904.03
1020.19	904.44
1020.35	927.78
1020.51	936.59
1020.67	894.61
1020.83	894.61
1021.00	896.45
1021.16	889.49
1021.32	859.38
1021.48	862.04
1021.64	833.58
1021.81	839.52
1021.97	836.44
1022.13	820.47
1022.29	842.18
1022.45	822.11
1022.62	802.86
1022.78	835.01
1022.94	812.89
1023.10	798.15
1023.26	794.67
1023.43	789.55
1023.59	768.04
1023.75	783.20
1023.91	772.14
1024.07	774.19
1024.24	779.51
1024.40	754.73
1024.56	753.71
1024.72	747.77
1024.88	772.96
1025.04	740.60
1025.21	706.19
1025.37	732.61
1025.53	725.24
1025.69	736.91
1025.85	709.67
1026.01	715.00
1026.18	675.27
1026.34	683.05
1026.50	678.75
1026.66	681.82
1026.82	684.89
1026.98	680.80
1027.14	674.04
1027.31	653.36
1027.47	637.18
1027.63	676.29
1027.79	619.56
1027.95	628.78
1028.11	632.06
1028.27	644.75
1028.44	631.44
1028.60	641.07
1028.76	615.88
1028.92	612.60
1029.08	626.32
1029.24	591.92
1029.40	597.86
1029.56	602.16
1029.73	607.48
1029.89	608.10
1030.05	558.12
1030.21	568.77
1030.37	581.88
1030.53	580.65
1030.69	571.23
1030.85	564.47
1031.01	544.20
1031.17	601.75
1031.34	538.46
1031.50	545.84
1031.66	547.27
1031.82	541.74
1031.98	537.65
1032.14	544.20
1032.30	554.23
1032.46	564.68
1032.62	511.84
1032.78	517.37
1032.94	514.30
1033.10	530.07
1033.27	501.81
1033.43	515.12
1033.59	494.64
1033.75	505.08
1033.91	491.57
1034.07	497.71
1034.23	478.66
1034.39	495.66
1034.55	477.64
1034.71	480.92
1034.87	484.60
1035.03	465.35
1035.19	461.87
1035.35	448.97
1035.51	445.08
1035.67	458.80
1035.83	446.92
1035.99	430.54
1036.16	447.33
1036.32	462.69
1036.48	445.49
1036.64	440.16
1036.80	453.88
1036.96	419.68
1037.12	440.16
1037.28	431.15
1037.44	417.63
1037.60	421.12
1037.76	404.53
1037.92	411.70
1038.08	377.49
1038.24	421.12
1038.40	400.02
1038.56	402.89
1038.72	386.10
1038.88	386.71
1039.04	387.94
1039.20	368.48
1039.36	368.28
1039.52	361.72
1039.68	349.64
1039.84	366.23
1040.00	365.21
1040.16	361.52
1040.32	364.18
1040.48	335.92
1040.64	332.44
1040.80	372.58
1040.96	362.95
1041.12	354.97
1041.28	340.22
1041.44	323.63
1041.60	302.74
1041.76	338.38
1041.92	344.73
1042.08	331.41
1042.24	305.61
1042.39	315.24
1042.55	326.29
1042.71	314.42
1042.87	339.61
1043.03	327.73
1043.19	314.83
