345.44	0.689
345.66	0.694
345.88	0.698
346.10	-0.373
346.31	1.670
346.53	0.955
346.75	-4.243
346.97	4.627
347.19	3.156
347.41	4.600
347.63	0.190
347.85	3.422
348.07	3.634
348.29	-6.567
348.51	1.865
348.73	1.851
348.95	1.680
349.17	0.908
349.39	-1.369
349.61	0.322
349.83	0.346
350.05	0.122
350.27	-0.599
350.49	0.252
350.71	-0.016
350.93	0.702
351.15	1.364
351.37	0.827
351.59	-0.115
351.80	-0.799
352.02	-0.187
352.24	-0.115
352.46	0.539
352.68	0.197
352.90	-0.233
353.12	-0.153
353.34	0.698
353.56	0.714
353.78	0.247
354.00	0.674
354.22	0.413
354.44	0.696
354.66	1.444
354.88	0.854
355.09	0.569
355.31	51.591
355.53	-0.027
355.75	-0.041
355.97	0.789
356.19	0.734
356.41	1.206
356.63	0.476
356.85	-1.841
357.07	1.029
357.29	0.788
357.50	-0.868
357.72	0.604
357.94	0.861
358.16	0.366
358.38	0.343
358.60	0.920
358.82	-1.168
359.04	1.387
359.26	1.417
359.48	0.461
359.69	0.787
359.91	0.361
360.13	1.085
360.35	-0.308
360.57	0.587
360.79	-0.460
361.01	-0.301
361.23	-2.924
361.45	1.047
361.66	0.475
361.88	0.677
362.10	1.075
362.32	1.339
362.54	0.065
362.76	-0.102
362.98	0.091
363.20	-1.379
363.41	-1.847
363.63	0.556
363.85	1.993
364.07	0.984
364.29	0.498
364.51	1.136
364.73	-1.573
364.94	1.308
365.16	0.643
365.38	-0.363
365.60	0.068
365.82	-1.008
366.04	0.043
366.26	-0.447
366.47	-0.345
366.69	0.129
366.91	-0.888
367.13	-0.906
367.35	0.092
367.57	0.425
367.79	2.510
368.00	-0.383
368.22	1.491
368.44	0.252
368.66	1.271
368.88	-0.355
369.10	1.236
369.31	0.333
369.53	1.773
369.75	0.677
369.97	-1.057
370.19	2.277
370.41	0.907
370.62	0.890
370.84	-0.431
371.06	0.386
371.28	0.706
371.50	0.555
371.71	1.152
371.93	1.280
372.15	0.837
372.37	-0.538
372.59	0.420
372.80	1.450
373.02	-1.900
373.24	-0.518
373.46	0.836
373.68	0.806
373.90	0.452
374.11	1.204
374.33	0.673
374.55	1.267
374.77	0.803
374.98	-0.906
375.20	1.731
375.42	-1.040
375.64	1.396
375.86	0.742
376.07	0.378
376.29	0.804
376.51	-2.421
376.73	2.465
376.95	0.277
377.16	0.596
377.38	0.739
377.60	0.839
377.82	0.309
378.03	-0.087
378.25	0.941
378.47	0.273
378.69	0.987
378.91	1.839
379.12	0.572
379.34	2.724
379.56	1.544
379.78	2.244
379.99	0.596
380.21	-0.065
380.43	-1.564
380.65	1.320
380.86	0.695
381.08	-1.267
381.30	0.817
381.52	2.707
381.73	1.306
381.95	0.056
382.17	0.885
382.39	0.529
382.60	0.882
382.82	0.654
383.04	1.658
383.26	1.133
383.47	2.032
383.69	0.060
383.91	1.423
384.13	-0.052
384.34	0.688
384.56	1.044
384.78	-0.325
385.00	0.583
385.21	-0.675
385.43	-1.518
385.65	-1.684
385.86	0.559
386.08	0.982
386.30	1.714
386.52	2.202
386.73	-1.356
386.95	0.043
387.17	-0.621
387.38	0.405
387.60	1.406
387.82	0.391
388.04	0.531
388.25	1.892
388.47	-2.927
388.69	-1.350
388.90	1.461
389.12	1.025
389.34	-0.348
389.56	1.247
389.77	0.371
389.99	0.848
390.21	1.010
390.42	1.445
390.64	0.662
390.86	1.546
391.07	1.624
391.29	0.650
391.51	0.620
391.72	0.851
391.94	-1.266
392.16	1.399
392.38	1.198
392.59	1.476
392.81	-0.321
393.03	1.985
393.24	1.399
393.46	0.897
393.68	0.393
393.89	1.585
394.11	1.817
394.33	0.517
394.54	1.017
394.76	1.271
394.98	1.934
395.19	-0.787
395.41	1.191
395.63	-0.067
395.84	1.580
396.06	2.174
396.28	1.790
396.49	0.486
396.71	0.441
396.93	1.753
397.14	1.935
397.36	2.050
397.57	0.181
397.79	1.753
398.01	1.804
398.22	0.971
398.44	0.590
398.66	0.829
398.87	-0.610
399.09	0.532
399.31	1.741
399.52	2.365
399.74	2.150
399.96	1.470
400.17	1.271
400.39	1.171
400.60	2.046
400.82	1.808
401.04	0.605
401.25	1.071
401.47	2.021
401.69	0.573
401.90	1.314
402.12	0.060
402.33	1.664
402.55	2.055
402.77	0.973
402.98	0.671
403.20	0.793
403.41	1.683
403.63	1.907
403.85	0.727
404.06	3.287
404.28	2.096
404.49	0.148
404.71	1.185
404.93	1.244
405.14	0.790
405.36	1.133
405.57	0.876
405.79	0.370
406.01	1.932
406.22	-0.294
406.44	1.811
406.65	1.083
406.87	0.701
407.09	0.914
407.30	1.231
407.52	1.150
407.73	1.090
407.95	0.457
408.17	2.090
408.38	0.604
408.60	1.221
408.81	1.521
409.03	1.875
409.24	1.375
409.46	0.875
409.68	1.372
409.89	2.076
410.11	0.995
410.32	1.829
410.54	1.854
410.75	0.762
410.97	1.079
411.18	1.568
411.40	1.255
411.62	0.248
411.83	1.964
412.05	1.542
412.26	2.129
412.48	1.425
412.69	1.985
412.91	1.432
413.12	0.959
413.34	1.364
413.56	2.690
413.77	1.914
413.99	1.183
414.20	1.035
414.42	2.202
414.63	2.296
414.85	1.832
415.06	1.821
415.28	2.484
415.49	1.257
415.71	2.168
415.92	2.737
416.14	2.413
416.35	2.437
416.57	2.235
416.79	1.289
417.00	1.068
417.22	1.216
417.43	2.070
417.65	2.019
417.86	1.499
418.08	2.747
418.29	2.329
418.51	1.337
418.72	2.725
418.94	2.321
419.15	2.616
419.37	1.225
419.58	1.801
419.80	1.617
420.01	2.516
420.23	2.498
420.44	1.172
420.66	3.126
420.87	1.989
421.09	1.940
421.30	2.223
421.52	2.469
421.73	1.709
421.95	0.959
422.16	1.902
422.38	2.108
422.59	2.500
422.81	3.145
423.02	2.183
423.23	1.981
423.45	1.643
423.66	1.660
423.88	0.762
424.09	2.849
424.31	2.746
424.52	2.798
424.74	3.425
424.95	1.630
425.17	2.586
425.38	2.747
425.60	2.408
425.81	2.402
426.03	1.984
426.24	1.952
426.45	2.159
426.67	2.321
426.88	2.449
427.10	2.241
427.31	2.281
427.53	2.465
427.74	3.107
427.96	2.646
428.17	2.463
428.39	2.194
428.60	2.114
428.81	3.025
429.03	3.030
429.24	1.803
429.46	3.019
429.67	2.867
429.89	2.815
430.10	3.212
430.31	1.921
430.53	2.174
430.74	2.345
430.96	2.298
431.17	3.679
431.39	3.126
431.60	2.793
431.81	3.112
432.03	3.237
432.24	2.941
432.46	2.242
432.67	3.281
432.89	2.866
433.10	3.099
433.31	3.349
433.53	3.053
433.74	2.995
433.96	2.469
434.17	3.582
434.38	2.859
434.60	3.183
434.81	3.144
435.03	3.421
435.24	2.675
435.45	3.631
435.67	3.657
435.88	3.520
436.10	3.519
436.31	3.442
436.52	3.714
436.74	3.258
436.95	3.485
437.17	2.536
437.38	3.805
437.59	3.613
437.81	3.196
438.02	2.744
438.23	3.314
438.45	4.277
438.66	3.628
438.88	2.729
439.09	3.475
439.30	3.770
439.52	3.788
439.73	3.338
439.94	4.066
440.16	3.852
440.37	3.641
440.58	3.654
440.80	4.142
441.01	3.920
441.23	3.733
441.44	4.137
441.65	4.500
441.87	3.628
442.08	4.224
442.29	4.013
442.51	3.637
442.72	3.465
442.93	4.097
443.15	4.261
443.36	3.966
443.57	4.137
443.79	3.793
444.00	5.082
444.21	4.704
444.43	4.408
444.64	4.431
444.85	4.611
445.07	5.189
445.28	4.582
445.49	4.137
445.71	4.982
445.92	4.296
446.13	4.548
446.35	4.033
446.56	3.998
446.77	4.449
446.99	4.618
447.20	4.339
447.41	4.738
447.63	4.720
447.84	4.789
448.05	5.170
448.27	5.251
448.48	5.025
448.69	4.158
448.90	5.063
449.12	5.404
449.33	4.885
449.54	5.104
449.76	4.991
449.97	5.193
450.18	4.968
450.40	5.164
450.61	5.319
450.82	5.508
451.03	5.977
451.25	4.848
451.46	5.445
451.67	5.461
451.89	4.900
452.10	5.623
452.31	5.761
452.52	5.518
452.74	5.538
452.95	4.808
453.16	5.156
453.38	5.758
453.59	5.737
453.80	5.956
454.01	5.638
454.23	5.820
454.44	5.939
454.65	6.586
454.86	5.974
455.08	5.533
455.29	6.279
455.50	6.459
455.71	6.649
455.93	5.859
456.14	5.909
456.35	6.252
456.56	6.240
456.78	6.537
456.99	6.588
457.20	6.359
457.41	6.521
457.63	6.260
457.84	6.646
458.05	6.190
458.26	6.422
458.48	6.473
458.69	6.849
458.90	7.341
459.11	6.571
459.33	6.662
459.54	7.075
459.75	6.319
459.96	7.480
460.18	7.333
460.39	7.174
460.60	7.077
460.81	7.092
461.02	7.052
461.24	7.184
461.45	7.504
461.66	7.761
461.87	7.847
462.09	7.443
462.30	7.979
462.51	7.857
462.72	7.593
462.93	7.423
463.15	7.131
463.36	7.704
463.57	8.150
463.78	8.222
463.99	8.091
464.21	7.651
464.42	7.950
464.63	7.688
464.84	8.347
465.05	8.210
465.27	8.210
465.48	7.955
465.69	8.882
465.90	8.332
466.11	8.706
466.33	8.249
466.54	8.426
466.75	8.442
466.96	8.680
467.17	8.663
467.38	8.305
467.60	8.962
467.81	9.000
468.02	8.699
468.23	9.084
468.44	8.917
468.65	9.062
468.87	8.561
469.08	8.885
469.29	8.643
469.50	8.787
469.71	8.865
469.92	9.115
470.14	9.139
470.35	9.561
470.56	9.219
470.77	9.065
470.98	9.300
471.19	9.299
471.41	8.932
471.62	9.780
471.83	9.590
472.04	9.824
472.25	9.799
472.46	9.615
472.67	9.837
472.89	9.808
473.10	9.879
473.31	9.732
473.52	9.944
473.73	10.012
473.94	10.415
474.15	10.447
474.37	10.356
474.58	10.272
474.79	10.145
475.00	10.167
475.21	9.838
475.42	10.406
475.63	10.558
475.84	10.601
476.06	10.675
476.27	10.283
476.48	10.576
476.69	10.314
476.90	10.386
477.11	10.805
477.32	10.972
477.53	11.030
477.74	10.475
477.96	10.906
478.17	10.702
478.38	11.074
478.59	10.871
478.80	11.088
479.01	11.250
479.22	10.764
479.43	11.044
479.64	11.118
479.85	11.169
480.06	11.119
480.28	11.442
480.49	11.294
480.70	11.335
480.91	11.286
481.12	11.357
481.33	11.482
481.54	11.597
481.75	11.456
481.96	11.842
482.17	11.711
482.38	11.566
482.59	11.824
482.81	11.922
483.02	12.425
483.23	11.731
483.44	11.686
483.65	12.383
483.86	12.235
484.07	12.200
484.28	12.218
484.49	12.318
484.70	12.308
484.91	12.608
485.12	12.066
485.33	12.442
485.54	12.763
485.75	12.652
485.96	12.582
486.17	12.659
486.38	12.500
486.60	12.922
486.81	12.798
487.02	12.674
487.23	13.003
487.44	12.904
487.65	13.061
487.86	12.860
488.07	13.164
488.28	12.994
488.49	12.999
488.70	13.142
488.91	13.035
489.12	12.995
489.33	13.103
489.54	13.229
489.75	13.396
489.96	13.327
490.17	13.483
490.38	13.818
490.59	13.499
490.80	13.403
491.01	13.659
491.22	13.384
491.43	13.251
491.64	13.556
491.85	13.835
492.06	13.877
492.27	13.870
492.48	13.842
492.69	14.041
492.90	14.000
493.11	13.893
493.32	13.802
493.53	14.027
493.74	14.218
493.95	13.883
494.16	13.985
494.37	14.035
494.58	14.015
494.79	14.327
495.00	14.416
495.21	14.334
495.42	14.307
495.63	14.320
495.84	14.425
496.05	14.469
496.26	14.488
496.47	14.287
496.68	14.465
496.89	14.623
497.10	14.696
497.31	14.865
497.52	14.733
497.73	14.541
497.94	14.867
498.15	14.945
498.36	14.783
498.57	14.867
498.78	14.815
498.99	14.911
499.19	14.781
499.40	14.963
499.61	15.152
499.82	15.096
500.03	15.082
500.24	15.254
500.45	15.272
500.66	15.465
500.87	15.495
501.08	15.231
501.29	15.266
501.50	15.250
501.71	15.614
501.92	15.456
502.13	15.684
502.34	15.662
502.55	15.421
502.76	15.504
502.96	15.549
503.17	15.768
503.38	15.581
503.59	15.802
503.80	15.977
504.01	15.689
504.22	15.887
504.43	15.829
504.64	15.732
504.85	15.910
505.06	15.888
505.27	16.039
505.47	15.899
505.68	16.225
505.89	16.029
506.10	16.111
506.31	16.043
506.52	16.041
506.73	16.090
506.94	16.230
507.15	16.425
507.36	16.425
507.56	16.324
507.77	16.402
507.98	16.431
508.19	16.307
508.40	16.576
508.61	16.257
508.82	16.431
509.03	16.793
509.24	16.705
509.44	16.640
509.65	16.769
509.86	16.820
510.07	16.915
510.28	16.622
510.49	16.731
510.70	16.809
510.91	16.899
511.11	16.916
511.32	16.736
511.53	17.002
511.74	16.924
511.95	17.013
512.16	17.229
512.37	17.001
512.58	17.145
512.78	16.885
512.99	17.276
513.20	17.038
513.41	17.283
513.62	17.075
513.83	17.096
514.04	17.343
514.24	17.328
514.45	17.392
514.66	17.343
514.87	17.464
515.08	17.644
515.29	17.512
515.49	17.427
515.70	17.534
515.91	17.730
516.12	17.495
516.33	17.746
516.54	17.749
516.74	17.544
516.95	17.829
517.16	17.810
517.37	17.824
517.58	17.910
517.79	17.959
517.99	17.838
518.20	18.078
518.41	18.034
518.62	18.129
518.83	17.864
519.03	17.964
519.24	17.903
519.45	18.075
519.66	18.016
519.87	18.148
520.07	18.243
520.28	18.437
520.49	18.505
520.70	18.264
520.91	18.295
521.12	18.396
521.32	18.402
521.53	18.309
521.74	18.607
521.95	18.312
522.15	18.385
522.36	18.421
522.57	18.551
522.78	18.484
522.99	18.528
523.19	18.710
523.40	18.817
523.61	18.781
523.82	18.821
524.03	18.521
524.23	18.656
524.44	18.615
524.65	18.741
524.86	18.811
525.06	18.740
525.27	18.811
525.48	19.085
525.69	19.051
525.89	19.087
526.10	18.999
526.31	18.635
526.52	18.996
526.72	19.226
526.93	18.955
527.14	19.495
527.35	19.196
527.56	19.323
527.76	19.253
527.97	19.052
528.18	19.154
528.38	19.407
528.59	19.291
528.80	19.184
529.01	19.125
529.21	19.427
529.42	19.511
529.63	19.529
529.84	19.361
530.04	19.422
530.25	19.526
530.46	19.697
530.67	19.494
530.87	19.573
531.08	19.471
531.29	19.482
531.50	19.656
531.70	19.614
531.91	19.690
532.12	19.613
532.32	19.796
532.53	19.736
532.74	19.863
532.95	19.998
533.15	19.866
533.36	19.846
533.57	19.758
533.77	19.748
533.98	19.930
534.19	20.035
534.39	19.760
534.60	19.980
534.81	19.907
535.02	20.036
535.22	19.897
535.43	19.971
535.64	20.229
535.84	20.107
536.05	20.270
536.26	20.216
536.46	20.274
536.67	20.355
536.88	20.195
537.08	20.156
537.29	20.222
537.50	20.328
537.70	20.322
537.91	20.176
538.12	20.479
538.33	20.309
538.53	20.352
538.74	20.656
538.95	20.340
539.15	20.547
539.36	20.197
539.57	20.456
539.77	20.507
539.98	20.555
540.18	20.284
540.39	20.560
540.60	20.629
540.80	20.611
541.01	20.445
541.22	20.623
541.42	20.698
541.63	20.673
541.84	20.661
542.04	20.613
542.25	20.729
542.46	20.648
542.66	20.781
542.87	20.629
543.08	20.723
543.28	20.850
543.49	20.779
543.69	20.742
543.90	20.826
544.11	20.811
544.31	20.877
544.52	20.898
544.73	20.887
544.93	20.906
545.14	21.047
545.34	21.032
545.55	20.843
545.76	20.849
545.96	20.872
546.17	20.954
546.38	20.879
546.58	20.993
546.79	20.791
546.99	20.936
547.20	21.008
547.41	20.954
547.61	20.842
547.82	21.064
548.02	21.037
548.23	21.019
548.44	20.856
548.64	21.053
548.85	20.874
549.05	21.108
549.26	21.313
549.47	20.949
549.67	20.899
549.88	21.099
550.08	20.917
550.29	20.963
550.50	21.141
550.70	21.067
550.91	21.053
551.11	21.160
551.32	21.171
551.52	21.183
551.73	21.190
551.94	21.156
552.14	21.050
552.35	21.248
552.55	21.080
552.76	21.009
552.96	21.099
553.17	21.234
553.38	21.200
553.58	21.315
553.79	21.103
553.99	21.017
554.20	21.262
554.40	21.071
554.61	21.186
554.81	21.065
555.02	21.292
555.23	21.053
555.43	21.076
555.64	21.139
555.84	21.103
556.05	21.302
556.25	21.132
556.46	21.059
556.66	20.843
556.87	21.188
557.07	21.162
557.28	21.092
557.48	20.995
557.69	21.183
557.90	21.000
558.10	21.099
558.31	21.179
558.51	21.106
558.72	20.975
558.92	21.183
559.13	20.989
559.33	21.026
559.54	21.124
559.74	21.084
559.95	20.770
560.15	20.841
560.36	20.876
560.56	20.984
560.77	21.161
560.97	21.028
561.18	20.949
561.38	20.947
561.59	20.815
561.79	20.929
562.00	20.863
562.20	20.797
562.41	20.929
562.61	20.946
562.82	20.791
563.02	20.703
563.23	20.820
563.43	20.817
563.64	20.756
563.84	20.854
564.05	20.855
564.25	20.755
564.46	20.843
564.66	20.680
564.87	20.764
565.07	20.517
565.28	20.569
565.48	20.854
565.68	20.628
565.89	20.487
566.09	20.504
566.30	20.513
566.50	20.530
566.71	20.693
566.91	20.392
567.12	20.652
567.32	20.601
567.53	20.396
567.73	20.269
567.94	20.349
568.14	20.244
568.34	20.341
568.55	20.365
568.75	20.374
568.96	20.213
569.16	20.298
569.37	20.076
569.57	20.243
569.78	20.076
569.98	20.065
570.18	20.110
570.39	20.040
570.59	20.075
570.80	19.922
571.00	20.093
571.21	19.858
571.41	19.900
571.61	20.000
571.82	20.020
572.02	19.855
572.23	19.756
572.43	19.489
572.64	19.740
572.84	19.553
573.04	19.595
573.25	19.592
573.45	19.466
573.66	19.590
573.86	19.473
574.06	19.273
574.27	19.204
574.47	19.431
574.68	19.359
574.88	19.254
575.08	19.119
575.29	19.110
575.49	19.228
575.70	19.136
575.90	19.042
576.10	19.062
576.31	19.023
576.51	18.879
576.72	18.631
576.92	18.748
577.12	18.585
577.33	18.812
577.53	18.879
577.73	18.577
577.94	18.578
578.14	18.599
578.35	18.534
578.55	18.468
578.75	18.430
578.96	18.297
579.16	18.411
579.36	18.347
579.57	18.227
579.77	18.071
579.98	17.945
580.18	18.033
580.38	17.951
580.59	18.012
580.79	17.712
580.99	17.863
581.20	17.607
581.40	17.629
581.60	17.469
581.81	17.472
582.01	17.354
582.21	17.428
582.42	17.511
582.62	17.373
582.82	17.119
583.03	17.123
583.23	17.143
583.43	17.034
583.64	16.899
583.84	16.759
584.04	16.869
584.25	16.635
584.45	16.576
584.65	16.459
584.86	16.511
585.06	16.369
585.26	16.454
585.47	16.373
585.67	16.243
585.87	16.160
586.08	16.080
586.28	15.958
586.48	15.933
586.69	15.802
586.89	15.778
587.09	15.528
587.30	15.539
587.50	15.386
587.70	15.489
587.90	15.490
588.11	15.271
588.31	15.188
588.51	14.951
588.72	15.023
588.92	14.980
589.12	14.830
589.33	14.737
589.53	14.601
589.73	14.608
589.93	14.412
590.14	14.331
590.34	14.208
590.54	14.154
590.75	14.033
590.95	14.016
591.15	13.904
591.35	13.653
591.56	13.631
591.76	13.597
591.96	13.470
592.16	13.353
592.37	13.301
592.57	13.192
592.77	13.163
592.97	13.007
593.18	12.904
593.38	12.871
593.58	12.741
593.79	12.660
593.99	12.648
594.19	12.418
594.39	12.447
594.60	12.307
594.80	12.228
595.00	12.058
595.20	11.999
595.41	11.914
595.61	11.853
595.81	11.787
596.01	11.589
596.21	11.606
596.42	11.373
596.62	11.359
596.82	11.201
597.02	11.183
597.23	11.039
597.43	10.891
597.63	10.924
597.83	10.818
598.04	10.711
598.24	10.702
598.44	10.561
598.64	10.612
598.84	10.469
599.05	10.366
599.25	10.210
599.45	10.087
599.65	10.051
599.85	10.029
600.06	9.992
600.26	9.927
600.46	9.874
600.66	9.693
600.87	9.549
601.07	9.506
601.27	9.420
601.47	9.419
601.67	9.277
601.87	9.224
602.08	9.211
602.28	9.091
602.48	8.954
602.68	8.946
602.88	8.859
603.09	8.869
603.29	8.693
603.49	8.616
603.69	8.604
603.89	8.634
604.10	8.468
604.30	8.470
604.50	8.336
604.70	8.268
604.90	8.335
605.10	8.191
605.31	8.094
605.51	8.106
605.71	8.009
605.91	7.952
606.11	7.871
606.31	7.848
606.52	7.821
606.72	7.768
606.92	7.680
607.12	7.737
607.32	7.664
607.52	7.555
607.72	7.499
607.93	7.482
608.13	7.459
608.33	7.392
608.53	7.369
608.73	7.401
608.93	7.312
609.13	7.255
609.34	7.203
609.54	7.207
609.74	7.137
609.94	7.113
610.14	7.105
610.34	7.020
610.54	7.072
610.74	6.983
610.95	7.014
611.15	6.935
611.35	6.869
611.55	6.781
611.75	6.878
611.95	6.765
612.15	6.865
612.35	6.777
612.56	6.720
612.76	6.664
612.96	6.725
613.16	6.694
613.36	6.541
613.56	6.572
613.76	6.591
613.96	6.583
614.16	6.512
614.36	6.531
614.57	6.509
614.77	6.507
614.97	6.521
615.17	6.379
615.37	6.504
615.57	6.469
615.77	6.400
615.97	6.430
616.17	6.365
616.37	6.386
616.57	6.378
616.78	6.435
616.98	6.331
617.18	6.359
617.38	6.270
617.58	6.214
617.78	6.313
617.98	6.347
618.18	6.219
618.38	6.381
618.58	6.324
618.78	6.372
618.98	6.246
619.18	6.370
619.38	6.278
619.58	6.320
619.79	6.319
619.99	6.264
620.19	6.284
620.39	6.265
620.59	6.214
620.79	6.232
620.99	6.195
621.19	6.185
621.39	6.263
621.59	6.120
621.79	6.213
621.99	6.213
622.19	6.190
622.39	6.254
622.59	6.243
622.79	6.191
622.99	6.173
623.19	6.203
623.39	6.177
623.59	6.194
623.79	6.240
623.99	6.177
624.19	6.212
624.39	6.217
624.59	6.202
624.79	6.217
624.99	6.176
625.19	6.249
625.39	6.234
625.59	6.218
625.79	6.241
625.99	6.148
626.19	6.247
626.39	6.208
626.59	6.257
626.79	6.228
626.99	6.213
627.19	6.226
627.39	6.295
627.59	6.285
627.79	6.231
627.99	6.218
628.19	6.262
628.39	6.126
628.59	6.225
628.79	6.174
628.99	6.309
629.19	6.231
629.39	6.361
629.59	6.213
629.79	6.319
629.99	6.283
630.19	6.252
630.39	6.254
630.59	6.193
630.79	6.265
630.99	6.338
631.19	6.310
631.39	6.299
631.59	6.381
631.79	6.280
631.99	6.311
632.19	6.322
632.39	6.314
632.59	6.376
632.79	6.439
632.99	6.334
633.19	6.299
633.39	6.316
633.58	6.329
633.78	6.373
633.98	6.249
634.18	6.324
634.38	6.290
634.58	6.330
634.78	6.323
634.98	6.375
635.18	6.399
635.38	6.410
635.58	6.343
635.78	6.296
635.98	6.407
636.18	6.293
636.38	6.444
636.57	6.368
636.77	6.325
636.97	6.282
637.17	6.363
637.37	6.351
637.57	6.360
637.77	6.338
637.97	6.345
638.17	6.393
638.37	6.440
638.57	6.357
638.76	6.324
638.96	6.302
639.16	6.386
639.36	6.321
639.56	6.313
639.76	6.360
639.96	6.411
640.16	6.372
640.36	6.387
640.56	6.317
640.75	6.364
640.95	6.431
641.15	6.315
641.35	6.425
641.55	6.393
641.75	6.410
641.95	6.424
642.15	6.391
642.34	6.380
642.54	6.439
642.74	6.423
642.94	6.363
643.14	6.525
643.34	6.500
643.54	6.329
643.74	6.452
643.93	6.488
644.13	6.411
644.33	6.406
644.53	6.508
644.73	6.485
644.93	6.354
645.13	6.421
645.32	6.498
645.52	6.464
645.72	6.527
645.92	6.480
646.12	6.477
646.32	6.436
646.52	6.437
646.71	6.519
646.91	6.493
647.11	6.519
647.31	6.638
647.51	6.561
647.71	6.646
647.90	6.698
648.10	6.628
648.30	6.622
648.50	6.670
648.70	6.602
648.89	6.602
649.09	6.734
649.29	6.719
649.49	6.688
649.69	6.754
649.89	6.709
650.08	6.793
650.28	6.768
650.48	6.819
650.68	6.778
650.88	6.771
651.07	6.924
651.27	6.882
651.47	6.974
651.67	6.925
651.87	6.931
652.06	6.894
652.26	7.017
652.46	6.967
652.66	6.999
652.86	7.060
653.05	7.009
653.25	7.140
653.45	7.089
653.65	7.147
653.85	7.195
654.04	7.219
654.24	7.306
654.44	7.316
654.64	7.307
654.83	7.281
655.03	7.363
655.23	7.382
655.43	7.414
655.63	7.482
655.82	7.512
656.02	7.555
656.22	7.610
656.42	7.595
656.61	7.654
656.81	7.651
657.01	7.813
657.21	7.787
657.40	7.880
657.60	7.859
657.80	7.898
658.00	7.905
658.19	7.918
658.39	8.093
658.59	8.093
658.79	8.070
658.98	8.111
659.18	8.178
659.38	8.234
659.58	8.275
659.77	8.261
659.97	8.361
660.17	8.353
660.36	8.379
660.56	8.578
660.76	8.600
660.96	8.617
661.15	8.700
661.35	8.694
661.55	8.751
661.75	8.860
661.94	8.879
662.14	8.935
662.34	8.966
662.53	9.025
662.73	9.125
662.93	9.156
663.13	9.310
663.32	9.342
663.52	9.355
663.72	9.504
663.91	9.433
664.11	9.547
664.31	9.621
664.50	9.682
664.70	9.715
664.90	9.710
665.10	9.879
665.29	9.874
665.49	10.000
665.69	10.028
665.88	10.155
666.08	10.118
666.28	10.242
666.47	10.304
666.67	10.369
666.87	10.514
667.06	10.555
667.26	10.573
667.46	10.630
667.65	10.722
667.85	10.735
668.05	10.845
668.24	10.913
668.44	10.992
668.64	11.070
668.83	11.093
669.03	11.178
669.23	11.186
669.42	11.344
669.62	11.473
669.82	11.608
670.01	11.544
670.21	11.550
670.41	11.622
670.60	11.769
670.80	11.864
671.00	12.054
671.19	12.040
671.39	12.102
671.58	12.115
671.78	12.196
671.98	12.231
672.17	12.321
672.37	12.455
672.57	12.566
672.76	12.646
672.96	12.739
673.15	12.766
673.35	12.929
673.55	12.999
673.74	12.990
673.94	13.022
674.14	13.222
674.33	13.180
674.53	13.420
674.72	13.395
674.92	13.477
675.12	13.567
675.31	13.606
675.51	13.797
675.70	13.758
675.90	13.808
676.10	13.962
676.29	14.002
676.49	14.058
676.68	14.212
676.88	14.226
677.08	14.414
677.27	14.440
677.47	14.388
677.66	14.527
677.86	14.714
678.06	14.713
678.25	14.791
678.45	14.821
678.64	14.863
678.84	14.991
679.03	15.080
679.23	15.151
679.43	15.309
679.62	15.280
679.82	15.458
680.01	15.541
680.21	15.597
680.40	15.650
680.60	15.721
680.80	15.927
680.99	16.001
681.19	16.012
681.38	16.012
681.58	16.151
681.77	16.234
681.97	16.302
682.16	16.379
682.36	16.438
682.56	16.412
682.75	16.559
682.95	16.757
683.14	16.711
683.34	16.780
683.53	16.756
683.73	17.084
683.92	17.042
684.12	17.172
684.31	17.207
684.51	17.310
684.70	17.392
684.90	17.466
685.10	17.515
685.29	17.634
685.49	17.675
685.68	17.810
685.88	17.734
686.07	17.944
686.27	18.066
686.46	18.122
686.66	18.145
686.85	18.292
687.05	18.359
687.24	18.430
687.44	18.467
687.63	18.465
687.83	18.563
688.02	18.700
688.22	18.678
688.41	18.738
688.61	18.891
688.80	18.891
689.00	18.945
689.19	19.021
689.39	19.138
689.58	19.265
689.78	19.311
689.97	19.386
690.17	19.517
690.36	19.495
690.56	19.518
690.75	19.588
690.95	19.602
691.14	19.644
691.34	19.832
691.53	19.776
691.72	19.822
691.92	19.932
692.11	20.043
692.31	20.083
692.50	20.207
692.70	20.235
692.89	20.314
693.09	20.505
693.28	20.523
693.48	20.615
693.67	20.687
693.87	20.823
694.06	20.812
694.25	20.767
694.45	20.818
694.64	20.971
694.84	21.033
695.03	21.140
695.23	20.997
695.42	21.271
695.62	21.272
695.81	21.274
696.00	21.418
696.20	21.434
696.39	21.542
696.59	21.591
696.78	21.645
696.98	21.629
697.17	21.704
697.36	21.767
697.56	21.819
697.75	21.918
697.95	21.933
698.14	21.997
698.34	21.977
698.53	21.980
698.72	22.031
698.92	22.138
699.11	22.176
699.31	22.145
699.50	22.397
699.69	22.227
699.89	22.294
700.08	22.418
700.28	22.339
700.47	22.487
700.66	22.491
700.86	22.538
701.05	22.732
701.25	22.719
701.44	22.771
701.63	22.786
701.83	22.835
702.02	22.808
702.21	23.032
702.41	22.972
702.60	22.917
702.80	23.019
702.99	23.032
703.18	23.074
703.38	23.123
703.57	23.069
703.77	23.168
703.96	23.068
704.15	23.223
704.35	23.173
704.54	23.263
704.73	23.349
704.93	23.276
705.12	23.440
705.31	23.319
705.51	23.339
705.70	23.467
705.89	23.426
706.09	23.547
706.28	23.546
706.48	23.520
706.67	23.544
706.86	23.591
707.06	23.693
707.25	23.600
707.44	23.754
707.64	23.691
707.83	23.712
708.02	23.708
708.22	23.701
708.41	23.694
708.60	23.752
708.80	23.710
708.99	23.787
709.18	23.675
709.38	23.653
709.57	23.812
709.76	23.797
709.95	23.720
710.15	23.727
710.34	23.745
710.53	23.856
710.73	23.757
710.92	23.762
711.11	23.881
711.31	23.722
711.50	23.900
711.69	23.816
711.89	23.796
712.08	23.822
712.27	23.887
712.46	23.914
712.66	23.879
712.85	23.736
713.04	23.873
713.24	23.844
713.43	23.831
713.62	23.976
713.81	23.819
714.01	23.934
714.20	23.790
714.39	23.694
714.59	23.788
714.78	23.766
714.97	23.834
715.16	23.652
715.36	23.695
715.55	23.789
715.74	23.761
715.93	23.644
716.13	23.712
716.32	23.720
716.51	23.630
716.71	23.756
716.90	23.803
717.09	23.709
717.28	23.694
717.48	23.674
717.67	23.590
717.86	23.539
718.05	23.498
718.25	23.575
718.44	23.506
718.63	23.540
718.82	23.465
719.02	23.509
719.21	23.554
719.40	23.460
719.59	23.560
719.78	23.381
719.98	23.502
720.17	23.480
720.36	23.419
720.55	23.462
720.75	23.505
720.94	23.526
721.13	23.396
721.32	23.402
721.51	23.438
721.71	23.392
721.90	23.519
722.09	23.467
722.28	23.432
722.48	23.427
722.67	23.402
722.86	23.297
723.05	23.501
723.24	23.337
723.44	23.488
723.63	23.519
723.82	23.532
724.01	23.546
724.20	23.459
724.40	23.445
724.59	23.572
724.78	23.409
724.97	23.538
725.16	23.428
725.35	23.552
725.55	23.583
725.74	23.686
725.93	23.616
726.12	23.662
726.31	23.662
726.51	23.660
726.70	23.870
726.89	23.870
727.08	23.729
727.27	23.719
727.46	23.836
727.66	23.773
727.85	23.904
728.04	23.894
728.23	23.858
728.42	23.885
728.61	23.958
728.81	24.046
729.00	23.894
729.19	24.144
729.38	24.139
729.57	24.275
729.76	24.246
729.95	24.291
730.15	24.373
730.34	24.220
730.53	24.307
730.72	24.454
730.91	24.398
731.10	24.525
731.29	24.460
731.49	24.742
731.68	24.676
731.87	24.715
732.06	24.705
732.25	24.825
732.44	25.034
732.63	24.831
732.82	24.866
733.02	24.968
733.21	24.965
733.40	25.135
733.59	25.113
733.78	25.235
733.97	25.208
734.16	25.382
734.35	25.416
734.54	25.515
734.74	25.553
734.93	25.612
735.12	25.729
735.31	25.811
735.50	25.915
735.69	26.129
735.88	25.985
736.07	26.120
736.26	26.321
736.45	26.281
736.64	26.351
736.84	26.418
737.03	26.496
737.22	26.432
737.41	26.606
737.60	26.762
737.79	26.951
737.98	26.906
738.17	26.947
738.36	27.117
738.55	27.180
738.74	27.120
738.93	27.065
739.12	27.265
739.32	27.314
739.51	27.516
739.70	27.637
739.89	27.691
740.08	27.824
740.27	27.861
740.46	27.944
740.65	28.072
740.84	28.201
741.03	28.119
741.22	28.350
741.41	28.385
741.60	28.395
741.79	28.578
741.98	28.614
742.17	28.873
742.36	28.826
742.55	29.043
742.74	28.994
742.93	29.149
743.12	29.259
743.31	29.398
743.51	29.460
743.70	29.527
743.89	29.755
744.08	29.679
744.27	29.723
744.46	29.675
744.65	29.904
744.84	29.956
745.03	30.098
745.22	30.230
745.41	30.313
745.60	30.464
745.79	30.448
745.98	30.639
746.17	30.676
746.36	30.679
746.55	30.645
746.74	30.877
746.93	30.951
747.12	31.110
747.31	31.265
747.50	31.381
747.69	31.210
747.88	31.589
748.07	31.644
748.26	31.727
748.45	31.746
748.64	31.815
748.83	31.956
749.02	31.929
749.21	31.906
749.40	32.110
749.59	32.447
749.77	32.374
749.96	32.508
750.15	32.689
750.34	32.630
750.53	32.756
750.72	32.852
750.91	32.882
751.10	33.139
751.29	32.977
751.48	33.218
751.67	33.116
751.86	33.324
752.05	33.433
752.24	33.430
752.43	33.469
752.62	33.776
752.81	33.701
753.00	33.825
753.19	33.813
753.38	33.873
753.57	33.851
753.76	34.035
753.94	34.125
754.13	34.198
754.32	34.221
754.51	34.671
754.70	34.523
754.89	34.482
755.08	34.614
755.27	34.834
755.46	34.847
755.65	34.942
755.84	35.041
756.03	35.048
756.22	35.115
756.40	35.319
756.59	35.096
756.78	35.048
756.97	35.492
757.16	35.485
757.35	35.637
757.54	35.587
757.73	35.618
757.92	35.677
758.11	36.014
758.29	35.979
758.48	35.976
758.67	35.964
758.86	36.081
759.05	36.121
759.24	36.128
759.43	36.069
759.62	36.262
759.81	36.250
759.99	36.237
760.18	36.410
760.37	36.375
760.56	36.497
760.75	36.411
760.94	36.662
761.13	36.723
761.32	36.740
761.50	36.820
761.69	36.987
761.88	36.886
762.07	37.165
762.26	36.989
762.45	36.962
762.64	37.014
762.82	37.151
763.01	37.105
763.20	37.116
763.39	37.344
763.58	37.409
763.77	37.477
763.96	37.476
764.14	37.536
764.33	37.523
764.52	37.601
764.71	37.678
764.90	37.722
765.09	37.757
765.27	37.842
765.46	37.706
765.65	37.826
765.84	37.814
766.03	37.893
766.22	38.021
766.40	38.187
766.59	38.108
766.78	37.971
766.97	38.183
767.16	38.121
767.35	38.279
767.53	38.311
767.72	38.181
767.91	38.271
768.10	38.512
768.29	38.570
768.47	38.466
768.66	38.380
768.85	38.459
769.04	38.711
769.23	38.446
769.41	38.738
769.60	38.685
769.79	38.751
769.98	38.527
770.17	38.806
770.35	38.727
770.54	38.741
770.73	38.907
770.92	39.089
771.10	38.925
771.29	39.060
771.48	39.157
771.67	38.947
771.86	38.814
772.04	39.140
772.23	39.013
772.42	39.093
772.61	39.078
772.79	39.086
772.98	39.268
773.17	39.108
773.36	39.146
773.54	39.385
773.73	39.386
773.92	39.397
774.11	39.393
774.30	39.273
774.48	39.415
774.67	39.303
774.86	39.545
775.05	39.457
775.23	39.480
775.42	39.725
775.61	39.716
775.79	39.673
775.98	39.654
776.17	39.681
776.36	39.728
776.54	39.867
776.73	39.743
776.92	39.569
777.11	39.657
777.29	39.744
777.48	39.951
777.67	39.861
777.85	39.719
778.04	40.007
778.23	39.829
778.42	39.841
778.60	39.889
778.79	40.035
778.98	40.116
779.16	40.008
779.35	39.958
779.54	40.020
779.73	40.043
779.91	40.061
780.10	40.077
780.29	40.200
780.47	40.477
780.66	40.225
780.85	40.397
781.03	40.474
781.22	40.395
781.41	40.653
781.60	40.346
781.78	40.270
781.97	40.414
782.16	40.620
782.34	40.573
782.53	40.634
782.72	40.748
782.90	40.789
783.09	40.587
783.28	40.623
783.46	40.948
783.65	40.728
783.84	40.663
784.02	40.822
784.21	40.798
784.40	40.720
784.58	40.795
784.77	40.640
784.96	40.936
785.14	41.109
785.33	40.871
785.52	41.057
785.70	40.971
785.89	41.228
786.08	41.277
786.26	41.430
786.45	41.448
786.63	41.282
786.82	41.606
787.01	41.636
787.19	41.548
787.38	41.686
787.57	41.764
787.75	41.640
787.94	41.755
788.13	41.510
788.31	41.838
788.50	41.881
788.68	41.791
788.87	41.852
789.06	42.026
789.24	42.047
789.43	42.159
789.61	42.218
789.80	42.383
789.99	42.449
790.17	42.428
790.36	42.513
790.55	42.567
790.73	42.551
790.92	42.427
791.10	42.510
791.29	42.466
791.48	42.677
791.66	42.899
791.85	42.557
792.03	42.684
792.22	43.084
792.40	42.861
792.59	43.077
792.78	43.134
792.96	43.110
793.15	43.173
793.33	43.323
793.52	43.357
793.71	43.254
793.89	43.403
794.08	43.548
794.26	43.601
794.45	43.618
794.63	43.714
794.82	43.748
795.01	43.873
795.19	44.065
795.38	44.088
795.56	44.155
795.75	44.219
795.93	44.399
796.12	44.468
796.30	44.430
796.49	44.468
796.68	44.164
796.86	44.360
797.05	44.503
797.23	44.396
797.42	44.696
797.60	44.715
797.79	44.903
797.97	45.117
798.16	45.185
798.34	45.114
798.53	45.117
798.71	45.118
798.90	45.183
799.08	45.362
799.27	45.485
799.46	45.408
799.64	45.694
799.83	45.844
800.01	45.862
800.20	45.801
800.38	45.982
800.57	45.909
800.75	46.085
800.94	46.062
801.12	46.319
801.31	46.335
801.49	46.359
801.68	46.288
801.86	46.527
802.05	46.631
802.23	46.559
802.42	46.848
802.60	46.888
802.79	46.746
802.97	46.955
803.16	46.878
803.34	47.203
803.53	47.008
803.71	47.310
803.90	47.345
804.08	47.301
804.27	47.386
804.45	47.269
804.63	47.429
804.82	47.854
805.00	47.624
805.19	47.599
805.37	47.557
805.56	47.904
805.74	47.901
805.93	47.999
806.11	47.977
806.30	48.231
806.48	48.072
806.67	48.167
806.85	48.383
807.04	48.607
807.22	48.492
807.40	48.528
807.59	48.394
807.77	48.669
807.96	48.735
808.14	48.692
808.33	48.927
808.51	48.803
808.69	49.103
808.88	48.978
809.06	49.107
809.25	49.203
809.43	48.946
809.62	49.155
809.80	49.289
809.99	49.660
810.17	49.702
810.35	49.655
810.54	49.772
810.72	49.812
810.91	49.695
811.09	49.943
811.27	49.956
811.46	50.015
811.64	50.055
811.83	50.104
812.01	50.000
812.19	49.936
812.38	50.261
812.56	50.321
812.75	50.319
812.93	50.610
813.11	50.612
813.30	50.616
813.48	50.586
813.67	50.503
813.85	50.662
814.03	50.934
814.22	50.725
814.40	50.809
814.59	51.120
814.77	51.051
814.95	51.059
815.14	51.017
815.32	50.971
815.50	51.171
815.69	51.335
815.87	51.260
816.06	51.674
816.24	51.357
816.42	51.587
816.61	51.400
816.79	51.708
816.97	51.485
817.16	51.723
817.34	51.585
817.52	51.815
817.71	51.612
817.89	51.887
818.07	51.837
818.26	52.139
818.44	52.372
818.63	52.083
818.81	52.324
818.99	52.253
819.18	52.269
819.36	52.239
819.54	52.252
819.73	52.392
819.91	52.326
820.09	52.676
820.28	52.640
820.46	52.870
820.64	52.880
820.83	52.962
821.01	53.059
821.19	53.100
821.37	52.932
821.56	53.126
821.74	53.183
821.92	53.271
822.11	53.063
822.29	53.299
822.47	53.440
822.66	53.266
822.84	53.432
823.02	53.663
823.21	53.572
823.39	53.548
823.57	53.686
823.75	53.525
823.94	53.861
824.12	53.689
824.30	53.530
824.49	53.914
824.67	53.756
824.85	53.946
825.03	53.968
825.22	53.662
825.40	54.224
825.58	54.073
825.77	54.150
825.95	54.389
826.13	54.016
826.31	54.272
826.50	54.165
826.68	54.048
826.86	54.388
827.04	54.707
827.23	54.577
827.41	54.658
827.59	54.397
827.78	54.633
827.96	54.423
828.14	54.556
828.32	54.739
828.51	54.630
828.69	54.696
828.87	54.924
829.05	54.793
829.23	54.789
829.42	55.030
829.60	54.837
829.78	54.995
829.96	55.242
830.15	55.170
830.33	55.474
830.51	55.338
830.69	55.179
830.88	55.683
831.06	55.258
831.24	55.482
831.42	55.200
831.60	55.571
831.79	55.607
831.97	55.659
832.15	55.583
832.33	55.547
832.52	55.385
832.70	55.549
832.88	55.685
833.06	55.439
833.24	55.709
833.43	55.847
833.61	56.056
833.79	55.935
833.97	55.975
834.15	55.888
834.34	56.051
834.52	56.057
834.70	56.228
834.88	56.027
835.06	56.458
835.25	56.637
835.43	56.523
835.61	56.224
835.79	56.441
835.97	56.382
836.15	56.442
836.34	56.438
836.52	56.637
836.70	56.753
836.88	56.768
837.06	56.569
837.24	56.701
837.43	56.993
837.61	56.974
837.79	56.983
837.97	56.932
838.15	56.786
838.33	56.975
838.52	57.092
838.70	56.886
838.88	56.861
839.06	57.034
839.24	56.766
839.42	56.985
839.60	57.093
839.79	57.223
839.97	57.144
840.15	57.119
840.33	57.184
840.51	57.517
840.69	57.246
840.87	57.215
841.06	57.439
841.24	57.718
841.42	57.586
841.60	57.588
841.78	57.499
841.96	57.510
842.14	57.754
842.32	57.386
842.51	57.456
842.69	57.773
842.87	57.560
843.05	57.894
843.23	57.614
843.41	57.891
843.59	57.789
843.77	57.842
843.95	57.865
844.14	57.926
844.32	58.326
844.50	58.215
844.68	58.094
844.86	58.111
845.04	57.965
845.22	58.161
845.40	57.972
845.58	58.408
845.76	58.150
845.94	58.194
846.12	58.381
846.31	58.319
846.49	58.069
846.67	58.165
846.85	58.336
847.03	58.264
847.21	58.278
847.39	58.199
847.57	58.740
847.75	58.493
847.93	58.022
848.11	58.110
848.29	58.310
848.47	58.366
848.65	58.473
848.83	58.522
849.02	58.565
849.20	58.423
849.38	58.886
849.56	58.986
849.74	58.604
849.92	58.924
850.10	58.911
850.28	58.778
850.46	58.944
850.64	58.673
850.82	59.148
851.00	58.929
851.18	58.746
851.36	59.118
851.54	58.953
851.72	58.968
851.90	59.326
852.08	59.110
852.26	58.909
852.44	58.882
852.62	59.006
852.80	58.930
852.98	59.284
853.16	59.189
853.34	59.211
853.52	59.043
853.70	58.888
853.88	59.154
854.06	59.095
854.24	59.086
854.42	59.280
854.60	59.315
854.78	59.402
854.96	59.724
855.14	59.194
855.32	59.376
855.50	59.667
855.68	59.661
855.86	59.712
856.04	59.670
856.22	59.665
856.40	59.686
856.58	59.563
856.76	59.751
856.94	59.447
857.12	59.687
857.30	59.745
857.48	59.700
857.66	59.257
857.84	59.642
858.02	59.626
858.20	59.596
858.38	59.575
858.56	59.686
858.74	59.709
858.92	59.862
859.10	59.860
859.28	59.814
859.46	59.844
859.64	59.928
859.81	59.776
859.99	59.681
860.17	59.950
860.35	60.049
860.53	60.268
860.71	60.177
860.89	60.191
861.07	59.890
861.25	59.896
861.43	60.089
861.61	59.942
861.79	60.352
861.97	60.341
862.15	60.367
862.33	60.376
862.50	60.253
862.68	60.312
862.86	60.553
863.04	60.468
863.22	60.159
863.40	60.220
863.58	60.271
863.76	60.283
863.94	60.328
864.12	60.505
864.30	60.244
864.47	60.340
864.65	60.484
864.83	60.344
865.01	60.455
865.19	60.259
865.37	60.469
865.55	60.565
865.73	60.500
865.91	60.729
866.09	60.566
866.26	60.741
866.44	60.774
866.62	60.550
866.80	60.657
866.98	60.503
867.16	60.554
867.34	60.714
867.52	60.523
867.69	60.719
867.87	60.862
868.05	60.397
868.23	60.604
868.41	60.535
868.59	60.486
868.77	61.074
868.94	60.923
869.12	60.858
869.30	60.794
869.48	61.054
869.66	60.784
869.84	60.735
870.02	60.633
870.19	60.878
870.37	61.032
870.55	61.021
870.73	60.860
870.91	60.786
871.09	60.734
871.26	61.126
871.44	60.975
871.62	60.906
871.80	60.929
871.98	61.083
872.16	61.463
872.33	61.000
872.51	61.211
872.69	60.984
872.87	60.982
873.05	61.063
873.22	61.411
873.40	61.168
873.58	61.272
873.76	61.178
873.94	61.230
874.12	61.297
874.29	61.058
874.47	61.206
874.65	61.132
874.83	60.688
875.01	61.106
875.18	60.849
875.36	61.342
875.54	61.426
875.72	61.453
875.89	61.423
876.07	61.010
876.25	61.326
876.43	61.478
876.61	61.763
876.78	61.515
876.96	61.607
877.14	61.029
877.32	61.108
877.49	61.392
877.67	61.376
877.85	61.462
878.03	61.706
878.21	61.298
878.38	61.344
878.56	61.308
878.74	61.187
878.92	61.136
879.09	61.561
879.27	61.798
879.45	61.633
879.63	61.765
879.80	61.413
879.98	61.507
880.16	61.698
880.34	61.760
880.51	61.606
880.69	61.662
880.87	61.157
881.05	61.485
881.22	61.169
881.40	61.390
881.58	61.437
881.75	61.493
881.93	61.453
882.11	61.833
882.29	61.627
882.46	61.955
882.64	61.776
882.82	61.676
883.00	61.637
883.17	61.590
883.35	61.853
883.53	61.678
883.70	61.726
883.88	61.610
884.06	61.957
884.23	61.917
884.41	61.676
884.59	61.954
884.77	62.230
884.94	62.499
885.12	62.163
885.30	62.001
885.47	62.293
885.65	62.146
885.83	62.127
886.00	61.723
886.18	62.214
886.36	62.433
886.53	62.041
886.71	62.075
886.89	61.737
887.07	61.994
887.24	61.830
887.42	62.089
887.60	62.409
887.77	62.446
887.95	62.159
888.13	62.025
888.30	62.124
888.48	62.047
888.66	62.240
888.83	62.266
889.01	62.231
889.18	62.295
889.36	62.331
889.54	62.068
889.71	62.295
889.89	62.484
890.07	62.352
890.24	62.543
890.42	62.374
890.60	62.690
890.77	62.174
890.95	62.271
891.13	62.348
891.30	62.555
891.48	62.018
891.65	62.685
891.83	62.583
892.01	62.199
892.18	62.185
892.36	62.559
892.54	62.521
892.71	62.779
892.89	62.409
893.06	62.414
893.24	62.342
893.42	62.382
893.59	62.441
893.77	62.640
893.94	62.349
894.12	62.687
894.30	62.317
894.47	62.536
894.65	62.403
894.82	62.522
895.00	62.713
895.18	62.875
895.35	62.531
895.53	62.972
895.70	62.979
895.88	62.561
896.06	62.672
896.23	62.813
896.41	62.632
896.58	62.381
896.76	62.591
896.93	62.538
897.11	62.337
897.29	62.261
897.46	62.532
897.64	62.831
897.81	62.592
897.99	62.489
898.16	62.501
898.34	62.714
898.52	62.648
898.69	62.526
898.87	62.272
899.04	62.688
899.22	62.675
899.39	62.506
899.57	62.457
899.74	62.661
899.92	62.606
900.10	62.706
900.27	63.017
900.45	62.944
900.62	63.022
900.80	62.841
900.97	62.996
901.15	63.035
901.32	63.059
901.50	62.938
901.67	62.595
901.85	63.219
902.02	62.761
902.20	63.021
902.37	62.854
902.55	63.098
902.72	62.835
902.90	63.135
903.07	62.715
903.25	62.693
903.43	62.860
903.60	62.877
903.78	62.945
903.95	62.790
904.13	63.012
904.30	62.665
904.48	62.926
904.65	62.834
904.83	63.016
905.00	62.677
905.17	62.709
905.35	62.765
905.52	62.829
905.70	62.639
905.87	62.809
906.05	62.626
906.22	62.465
906.40	62.763
906.57	62.621
906.75	63.095
906.92	62.744
907.10	62.559
907.27	63.149
907.45	62.728
907.62	62.858
907.80	62.750
907.97	63.175
908.15	62.799
908.32	62.705
908.49	62.696
908.67	62.758
908.84	63.010
909.02	63.124
909.19	62.840
909.37	62.971
909.54	63.150
909.72	62.821
909.89	62.881
910.07	63.182
910.24	62.868
910.41	63.051
910.59	62.954
910.76	62.843
910.94	62.822
911.11	63.169
911.29	63.127
911.46	62.931
911.63	63.205
911.81	63.181
911.98	62.967
912.16	63.139
912.33	63.238
912.50	63.213
912.68	63.204
912.85	63.200
913.03	62.900
913.20	63.044
913.38	63.336
913.55	63.198
913.72	62.865
913.90	63.328
914.07	63.198
914.25	63.606
914.42	63.387
914.59	63.243
914.77	63.064
914.94	63.053
915.11	63.000
915.29	63.264
915.46	63.047
915.64	63.643
915.81	62.949
915.98	63.175
916.16	63.221
916.33	63.239
916.51	63.564
916.68	63.425
916.85	63.725
917.03	63.478
917.20	63.175
917.37	63.419
917.55	63.274
917.72	63.269
917.89	62.835
918.07	63.356
918.24	63.077
918.42	63.331
918.59	63.450
918.76	63.147
918.94	62.971
919.11	63.272
919.28	63.061
919.46	63.177
919.63	63.119
919.80	63.203
919.98	63.258
920.15	62.991
920.32	63.224
920.50	63.233
920.67	63.593
920.84	62.982
921.02	63.232
921.19	63.791
921.36	63.374
921.54	63.135
921.71	63.205
921.88	62.769
922.06	63.090
922.23	63.116
922.40	63.091
922.57	62.920
922.75	63.165
922.92	63.442
923.09	63.161
923.27	63.416
923.44	63.506
923.61	63.430
923.79	63.441
923.96	63.596
924.13	63.372
924.30	63.546
924.48	63.392
924.65	63.530
924.82	63.389
925.00	63.638
925.17	63.812
925.34	63.829
925.51	63.638
925.69	63.354
925.86	63.770
926.03	63.630
926.21	63.733
926.38	63.547
926.55	63.701
926.72	63.373
926.90	63.857
927.07	63.876
927.24	63.659
927.41	63.728
927.59	63.330
927.76	63.381
927.93	63.135
928.10	63.734
928.28	63.381
928.45	63.544
928.62	63.412
928.79	63.347
928.97	63.511
929.14	63.183
929.31	63.078
929.48	63.499
929.66	63.698
929.83	63.207
930.00	63.663
930.17	63.536
930.34	63.329
930.52	63.557
930.69	63.764
930.86	63.433
931.03	63.701
931.21	63.504
931.38	64.005
931.55	63.666
931.72	63.445
931.89	63.949
932.07	63.838
932.24	63.879
932.41	63.674
932.58	63.678
932.75	63.802
932.93	64.019
933.10	63.879
933.27	63.659
933.44	63.937
933.61	63.751
933.79	63.876
933.96	63.888
934.13	63.670
934.30	63.904
934.47	63.853
934.65	63.806
934.82	63.773
934.99	63.668
935.16	63.985
935.33	63.894
935.50	63.847
935.68	63.988
935.85	63.825
936.02	63.599
936.19	63.896
936.36	63.542
936.53	63.898
936.71	63.463
936.88	64.054
937.05	63.749
937.22	63.457
937.39	63.925
937.56	63.956
937.74	63.667
937.91	63.613
938.08	64.067
938.25	63.727
938.42	63.839
938.59	63.606
938.76	63.951
938.94	63.896
939.11	64.492
939.28	64.385
939.45	63.978
939.62	63.484
939.79	63.938
939.96	63.906
940.13	63.985
940.31	63.820
940.48	63.972
940.65	63.985
940.82	63.821
940.99	63.935
941.16	63.535
941.33	63.856
941.50	63.640
941.67	63.777
941.85	63.540
942.02	63.860
942.19	64.310
942.36	64.215
942.53	64.035
942.70	63.995
942.87	64.028
943.04	63.835
943.21	63.736
943.38	63.883
943.56	64.079
943.73	63.760
943.90	63.843
944.07	63.652
944.24	63.664
944.41	64.273
944.58	63.865
944.75	64.086
944.92	64.542
945.09	64.737
945.26	63.797
945.43	64.235
945.60	64.278
945.78	64.392
945.95	63.847
946.12	64.490
946.29	64.205
946.46	63.983
946.63	64.639
946.80	63.622
946.97	64.272
947.14	64.429
947.31	64.415
947.48	64.561
947.65	64.135
947.82	63.454
947.99	63.990
948.16	63.831
948.33	63.897
948.50	64.374
948.67	63.672
948.84	63.959
949.01	63.657
949.18	63.960
949.35	63.776
949.52	64.352
949.69	64.589
949.86	64.505
950.03	64.061
950.20	64.317
950.38	64.553
950.55	64.654
950.72	64.397
950.89	64.159
951.06	64.726
951.23	64.062
951.40	64.139
951.57	64.580
951.74	64.555
951.91	64.370
952.08	64.208
952.25	63.947
952.42	64.197
952.59	64.225
952.76	63.831
952.92	64.400
953.09	63.923
953.26	63.861
953.43	64.310
953.60	64.197
953.77	63.950
953.94	64.216
954.11	64.160
954.28	64.281
954.45	64.578
954.62	64.512
954.79	64.635
954.96	64.140
955.13	64.137
955.30	64.330
955.47	63.992
955.64	64.399
955.81	64.283
955.98	64.251
956.15	64.396
956.32	64.465
956.49	64.389
956.66	64.186
956.83	64.653
957.00	64.905
957.17	64.610
957.33	64.623
957.50	64.134
957.67	64.591
957.84	64.386
958.01	64.367
958.18	64.643
958.35	64.544
958.52	64.601
958.69	64.225
958.86	64.555
959.03	64.722
959.20	64.754
959.37	64.106
959.53	64.493
959.70	63.986
959.87	64.617
960.04	64.175
960.21	64.580
960.38	64.273
960.55	64.425
960.72	64.859
960.89	64.026
961.06	64.160
961.23	64.503
961.39	64.396
961.56	64.299
961.73	64.592
961.90	64.639
962.07	64.149
962.24	64.446
962.41	64.222
962.58	64.384
962.75	64.035
962.91	64.331
963.08	64.960
963.25	64.330
963.42	64.123
963.59	64.359
963.76	64.075
963.93	64.404
964.09	64.105
964.26	64.656
964.43	64.376
964.60	64.301
964.77	64.313
964.94	64.445
965.11	64.720
965.27	64.521
965.44	64.570
965.61	64.195
965.78	64.438
965.95	64.499
966.12	64.420
966.29	64.097
966.45	64.785
966.62	64.386
966.79	64.091
966.96	64.237
967.13	64.506
967.30	64.081
967.46	64.269
967.63	64.223
967.80	64.934
967.97	64.179
968.14	64.915
968.30	64.391
968.47	64.455
968.64	63.645
968.81	64.203
968.98	65.009
969.15	64.656
969.31	64.476
969.48	64.906
969.65	64.122
969.82	64.591
969.99	64.871
970.15	64.954
970.32	64.342
970.49	64.887
970.66	64.630
970.82	64.903
970.99	64.747
971.16	64.417
971.33	64.997
971.50	64.431
971.66	64.518
971.83	64.977
972.00	64.625
972.17	65.015
972.34	64.778
972.50	64.845
972.67	64.579
972.84	64.470
973.01	64.324
973.17	65.044
973.34	64.530
973.51	64.414
973.68	64.984
973.84	65.359
974.01	64.555
974.18	64.854
974.35	64.761
974.51	64.441
974.68	64.504
974.85	64.362
975.02	64.793
975.18	64.583
975.35	64.739
975.52	65.354
975.69	64.436
975.85	64.507
976.02	65.005
976.19	64.719
976.36	64.719
976.52	64.736
976.69	64.625
976.86	64.656
977.02	65.064
977.19	64.586
977.36	64.642
977.53	65.033
977.69	65.347
977.86	64.467
978.03	65.041
978.19	65.097
978.36	64.751
978.53	64.984
978.70	64.776
978.86	64.885
979.03	65.099
979.20	64.838
979.36	65.117
979.53	65.267
979.70	65.196
979.86	64.627
980.03	64.665
980.20	64.508
980.36	65.265
980.53	64.851
980.70	64.646
980.86	65.223
981.03	64.718
981.20	65.041
981.36	63.985
981.53	64.806
981.70	65.382
981.86	65.021
982.03	64.512
982.20	63.909
982.36	64.705
982.53	64.893
982.70	64.379
982.86	64.678
983.03	65.041
983.20	65.405
983.36	64.150
983.53	64.751
983.70	65.099
983.86	65.598
984.03	65.755
984.20	65.257
984.36	64.718
984.53	64.625
984.70	64.823
984.86	65.053
985.03	65.281
985.19	64.744
985.36	65.434
985.53	64.342
985.69	64.924
985.86	64.781
986.03	65.434
986.19	64.991
986.36	64.745
986.52	64.688
986.69	64.993
986.86	64.569
987.02	63.843
987.19	64.371
987.35	64.700
987.52	64.940
987.69	64.680
987.85	64.680
988.02	64.343
988.18	64.853
988.35	65.368
988.52	65.044
988.68	64.328
988.85	64.295
989.01	64.400
989.18	64.572
989.35	64.234
989.51	64.856
989.68	64.105
989.84	64.947
990.01	64.431
990.17	64.607
990.34	64.207
990.51	64.806
990.67	64.886
990.84	63.752
991.00	64.343
991.17	65.012
991.33	64.455
991.50	64.898
991.66	64.064
991.83	64.352
992.00	64.705
992.16	64.149
992.33	64.375
992.49	64.591
992.66	65.108
992.82	64.246
992.99	63.770
993.15	65.074
993.32	63.373
993.48	64.743
993.65	64.781
993.82	64.617
993.98	65.373
994.15	65.815
994.31	64.467
994.48	64.370
994.64	64.827
994.81	64.577
994.97	64.574
995.14	64.596
995.30	65.445
995.47	64.258
995.63	64.774
995.80	64.255
995.96	64.518
996.13	64.804
996.29	64.890
996.46	64.431
996.62	64.642
996.79	65.876
996.95	63.964
997.12	64.880
997.28	64.419
997.45	65.202
997.61	64.886
997.78	64.953
997.94	64.831
998.11	65.809
998.27	65.331
998.44	65.373
998.60	64.537
998.77	65.207
998.93	63.873
999.10	64.867
999.26	64.687
999.43	65.613
999.59	64.256
999.75	63.921
999.92	63.926
1000.08	65.754
1000.25	65.446
1000.41	64.351
1000.58	64.723
1000.74	64.547
1000.91	64.323
1001.07	65.180
1001.24	64.862
1001.40	65.218
1001.56	65.121
1001.73	64.332
1001.89	65.164
1002.06	65.251
1002.22	64.346
1002.39	64.432
1002.55	64.729
1002.71	64.536
1002.88	64.907
1003.04	64.384
1003.21	64.239
1003.37	65.751
1003.54	65.118
1003.70	64.655
1003.86	64.622
1004.03	65.546
1004.19	64.383
1004.36	64.610
1004.52	64.293
1004.68	64.431
1004.85	64.787
1005.01	65.035
1005.18	65.127
1005.34	65.061
1005.50	65.628
1005.67	63.764
1005.83	65.878
1006.00	64.776
1006.16	64.803
1006.32	65.390
1006.49	64.919
1006.65	64.965
1006.82	64.656
1006.98	64.624
1007.14	65.416
1007.31	64.869
1007.47	63.916
1007.63	63.570
1007.80	64.260
1007.96	64.481
1008.13	63.519
1008.29	65.461
1008.45	64.610
1008.62	64.940
1008.78	65.032
1008.94	64.396
1009.11	63.785
1009.27	64.754
1009.43	64.098
1009.60	64.170
1009.76	64.879
1009.92	63.729
1010.09	65.198
1010.25	63.420
1010.42	64.453
1010.58	63.984
1010.74	63.736
1010.91	63.704
1011.07	64.923
1011.23	65.047
1011.40	62.956
1011.56	64.384
1011.72	64.777
1011.89	64.347
1012.05	63.523
1012.21	66.041
1012.37	64.134
1012.54	64.323
1012.70	64.375
1012.86	65.587
1013.03	65.314
1013.19	65.163
1013.35	63.437
1013.52	63.774
1013.68	64.397
1013.84	63.392
1014.01	64.966
1014.17	64.213
1014.33	64.690
1014.49	63.875
1014.66	65.666
1014.82	64.330
1014.98	65.358
1015.15	64.435
1015.31	64.312
1015.47	64.624
1015.63	63.903
1015.80	65.729
1015.96	64.505
1016.12	64.172
1016.29	64.820
1016.45	64.443
1016.61	64.569
1016.77	64.095
1016.94	65.607
1017.10	64.187
1017.26	64.600
1017.42	63.411
1017.59	64.522
1017.75	63.520
1017.91	63.938
1018.07	64.048
1018.24	64.581
1018.40	65.332
1018.56	66.049
1018.72	63.478
1018.89	66.040
1019.05	64.362
1019.21	65.189
1019.37	64.998
1019.54	65.414
1019.70	64.216
1019.86	64.711
1020.02	65.013
1020.19	63.790
1020.35	64.199
1020.51	65.473
1020.67	63.887
1020.83	65.800
1021.00	63.671
1021.16	64.581
1021.32	63.631
1021.48	64.458
1021.64	64.352
1021.81	63.017
1021.97	64.125
1022.13	64.189
1022.29	63.670
1022.45	64.989
1022.62	63.886
1022.78	63.277
1022.94	64.634
1023.10	65.347
1023.26	67.059
1023.43	64.634
1023.59	66.074
1023.75	64.992
1023.91	64.995
1024.07	64.894
1024.24	65.165
1024.40	63.257
1024.56	64.942
1024.72	63.935
1024.88	65.730
1025.04	64.884
1025.21	64.681
1025.37	65.546
1025.53	63.507
1025.69	63.659
1025.85	64.164
1026.01	63.692
1026.18	64.691
1026.34	64.021
1026.50	62.893
1026.66	64.373
1026.82	63.127
1026.98	65.164
1027.14	64.693
1027.31	64.981
1027.47	65.666
1027.63	61.764
1027.79	63.802
1027.95	65.362
1028.11	65.933
1028.27	63.523
1028.44	62.771
1028.60	64.282
1028.76	63.615
1028.92	65.603
1029.08	64.380
1029.24	65.060
1029.40	64.246
1029.56	64.275
1029.73	65.253
1029.89	64.365
1030.05	65.133
1030.21	64.887
1030.37	64.225
1030.53	63.430
1030.69	63.328
1030.85	63.854
1031.01	64.605
1031.17	63.430
1031.34	62.713
1031.50	62.421
1031.66	63.200
1031.82	64.748
1031.98	66.656
1032.14	63.576
1032.30	63.215
1032.46	63.463
1032.62	65.093
1032.78	64.228
1032.94	63.934
1033.10	64.866
1033.27	62.958
1033.43	63.264
1033.59	63.368
1033.75	62.913
1033.91	64.289
1034.07	63.889
1034.23	61.835
1034.39	66.086
1034.55	64.617
1034.71	60.798
1034.87	63.074
1035.03	63.724
1035.19	64.398
1035.35	65.423
1035.51	64.728
1035.67	63.354
1035.83	64.170
1035.99	62.953
1036.16	61.694
1036.32	63.796
1036.48	61.385
1036.64	65.495
1036.80	63.917
1036.96	63.195
1037.12	63.031
1037.28	66.643
1037.44	63.897
1037.60	63.070
1037.76	64.382
1037.92	62.308
1038.08	64.605
1038.24	63.619
1038.40	63.393
1038.56	62.888
1038.72	63.155
1038.88	66.652
1039.04	61.267
1039.20	62.918
1039.36	62.516
1039.52	64.276
1039.68	63.523
1039.84	61.678
1040.00	61.677
1040.16	61.045
1040.32	63.909
1040.48	62.436
1040.64	62.712
1040.80	62.158
1040.96	65.327
1041.12	66.438
1041.28	61.019
1041.44	61.343
1041.60	63.343
1041.76	63.439
1041.92	62.954
1042.08	65.037
1042.24	64.251
1042.39	60.935
1042.55	63.913
1042.71	63.729
1042.87	61.108
1043.03	63.024
1043.19	63.261
