345.44	-2.55
345.66	-2.55
345.88	-2.55
346.10	-32.65
346.31	-0.09
346.53	-21.19
346.75	11.38
346.97	-3.78
347.19	3.80
347.41	-3.37
347.63	24.69
347.85	43.94
348.07	8.92
348.29	4.00
348.51	-2.96
348.73	10.15
348.95	11.58
349.17	-16.07
349.39	21.82
349.61	-3.57
349.83	23.46
350.05	11.38
350.27	3.39
350.49	19.98
350.71	-0.09
350.93	29.81
351.15	22.64
351.37	-7.87
351.59	7.69
351.80	-5.42
352.02	-1.12
352.24	16.29
352.46	35.13
352.68	-3.57
352.90	19.16
353.12	8.71
353.34	33.29
353.56	23.25
353.78	1.96
354.00	-11.77
354.22	27.15
354.44	-7.26
354.66	9.53
354.88	21.82
355.09	25.10
355.31	-1.53
355.53	23.05
355.75	10.97
355.97	7.90
356.19	5.85
356.41	24.89
356.63	-2.34
356.85	-4.80
357.07	17.11
357.29	13.42
357.50	2.37
357.72	36.36
357.94	19.57
358.16	29.81
358.38	4.82
358.60	25.10
358.82	12.61
359.04	7.69
359.26	0.73
359.48	10.15
359.69	10.76
359.91	12.20
360.13	24.48
360.35	35.75
360.57	-1.53
360.79	11.58
361.01	4.00
361.23	104.56
361.45	28.58
361.66	36.57
361.88	17.32
362.10	44.96
362.32	-2.55
362.54	25.92
362.76	20.18
362.98	16.70
363.20	27.15
363.41	33.09
363.63	22.23
363.85	35.95
364.07	16.70
364.29	3.80
364.51	12.20
364.73	44.55
364.94	6.67
365.16	15.88
365.38	32.06
365.60	29.19
365.82	24.48
366.04	26.33
366.26	-0.91
366.47	12.61
366.69	4.82
366.91	24.48
367.13	28.17
367.35	17.32
367.57	14.24
367.79	29.19
368.00	8.92
368.22	16.91
368.44	38.00
368.66	1.55
368.88	9.53
369.10	15.47
369.31	15.47
369.53	2.98
369.75	16.50
369.97	17.93
370.19	-5.83
370.41	5.85
370.62	5.03
370.84	23.46
371.06	8.71
371.28	14.86
371.50	23.66
371.71	16.70
371.93	20.39
372.15	22.23
372.37	2.16
372.59	20.80
372.80	22.23
373.02	25.92
373.24	3.59
373.46	18.14
373.68	23.25
373.90	5.64
374.11	9.12
374.33	51.52
374.55	15.47
374.77	26.33
374.98	9.94
375.20	35.75
375.42	35.75
375.64	29.40
375.86	20.18
376.07	39.64
376.29	20.39
376.51	31.24
376.73	22.23
376.95	30.63
377.16	10.76
377.38	15.88
377.60	21.21
377.82	29.60
378.03	10.56
378.25	40.66
378.47	6.26
378.69	22.64
378.91	16.09
379.12	22.85
379.34	14.65
379.56	31.86
379.78	7.28
379.99	42.30
380.21	2.98
380.43	30.01
380.65	-2.14
380.86	23.25
381.08	0.93
381.30	19.98
381.52	-5.83
381.73	18.54
381.95	10.15
382.17	19.98
382.39	-19.75
382.60	20.18
382.82	16.50
383.04	23.46
383.26	19.98
383.47	-6.85
383.69	22.64
383.91	-1.12
384.13	14.04
384.34	19.98
384.56	22.44
384.78	19.57
385.00	9.94
385.21	32.68
385.43	31.24
385.65	41.48
385.86	11.58
386.08	39.84
386.30	25.92
386.52	31.24
386.73	19.98
386.95	6.67
387.17	2.57
387.38	24.07
387.60	17.11
387.82	27.35
388.04	14.65
388.25	11.58
388.47	13.83
388.69	22.64
388.90	35.54
389.12	23.46
389.34	19.98
389.56	18.75
389.77	13.02
389.99	21.21
390.21	18.75
390.42	32.68
390.64	12.40
390.86	29.60
391.07	-1.12
391.29	15.27
391.51	-19.14
391.72	16.29
391.94	5.03
392.16	-2.96
392.38	30.83
392.59	9.12
392.81	8.30
393.03	37.39
393.24	18.75
393.46	22.03
393.68	5.64
393.89	29.81
394.11	16.70
394.33	21.62
394.54	26.53
394.76	0.52
394.98	21.41
395.19	8.51
395.41	18.75
395.63	26.53
395.84	-10.95
396.06	35.13
396.28	28.58
396.49	35.75
396.71	51.72
396.93	32.06
397.14	10.76
397.36	23.05
397.57	4.62
397.79	20.59
398.01	-11.77
398.22	44.76
398.44	39.02
398.66	23.66
398.87	18.75
399.09	9.33
399.31	20.59
399.52	19.16
399.74	21.21
399.96	26.53
400.17	1.14
400.39	23.25
400.60	12.40
400.82	32.27
401.04	16.70
401.25	17.93
401.47	32.47
401.69	40.46
401.90	26.74
402.12	18.34
402.33	14.65
402.55	22.44
402.77	-7.87
402.98	33.90
403.20	26.74
403.41	14.04
403.63	9.12
403.85	3.39
404.06	31.65
404.28	17.52
404.49	26.94
404.71	18.54
404.93	16.91
405.14	37.80
405.36	35.54
405.57	16.50
405.79	31.65
406.01	20.18
406.22	23.25
406.44	12.81
406.65	18.95
406.87	28.78
407.09	27.56
407.30	-8.28
407.52	14.65
407.73	18.75
407.95	2.98
408.17	14.24
408.38	14.45
408.60	45.58
408.81	12.81
409.03	21.41
409.24	14.04
409.46	24.48
409.68	32.68
409.89	21.41
410.11	16.91
410.32	16.29
410.54	24.48
410.75	34.72
410.97	34.11
411.18	21.21
411.40	39.64
411.62	36.57
411.83	-15.45
412.05	21.00
412.26	20.39
412.48	5.03
412.69	30.83
412.91	46.81
413.12	12.81
413.34	34.93
413.56	22.64
413.77	28.58
413.99	18.75
414.20	35.34
414.42	23.46
414.63	15.06
414.85	-0.91
415.06	44.35
415.28	22.44
415.49	21.62
415.71	34.72
415.92	31.86
416.14	31.45
416.35	30.22
416.57	35.34
416.79	26.12
417.00	17.93
417.22	25.51
417.43	32.88
417.65	23.46
417.86	43.12
418.08	16.70
418.29	14.45
418.51	17.32
418.72	26.94
418.94	24.69
419.15	20.80
419.37	25.51
419.58	8.92
419.80	34.93
420.01	33.70
420.23	18.54
420.44	42.51
420.66	24.07
420.87	27.76
421.09	13.63
421.30	22.23
421.52	4.41
421.73	6.26
421.95	11.17
422.16	22.64
422.38	15.47
422.59	17.52
422.81	32.68
423.02	35.95
423.23	22.85
423.45	9.53
423.66	18.54
423.88	9.74
424.09	34.72
424.31	18.14
424.52	18.75
424.74	44.14
424.95	32.06
425.17	30.22
425.38	36.77
425.60	49.67
425.81	27.15
426.03	30.01
426.24	28.58
426.45	21.41
426.67	57.46
426.88	8.51
427.10	27.76
427.31	21.82
427.53	35.95
427.74	21.41
427.96	19.57
428.17	40.46
428.39	36.77
428.60	17.93
428.81	34.52
429.03	18.14
429.24	37.59
429.46	24.48
429.67	22.64
429.89	26.12
430.10	58.89
430.31	39.23
430.53	43.12
430.74	54.38
430.96	29.19
431.17	34.31
431.39	39.02
431.60	36.77
431.81	54.18
432.03	17.11
432.24	29.60
432.46	29.81
432.67	17.73
432.89	46.19
433.10	33.09
433.31	41.28
433.53	21.62
433.74	29.40
433.96	44.76
434.17	24.69
434.38	27.15
434.60	8.30
434.81	48.45
435.03	47.63
435.24	44.35
435.45	13.42
435.67	30.83
435.88	29.40
436.10	25.51
436.31	8.71
436.52	31.45
436.74	25.92
436.95	31.65
437.17	53.77
437.38	18.54
437.59	30.22
437.81	44.76
438.02	52.34
438.23	31.65
438.45	44.14
438.66	46.40
438.88	23.87
439.09	31.24
439.30	28.78
439.52	33.29
439.73	34.31
439.94	30.63
440.16	2.78
440.37	34.93
440.58	23.87
440.80	33.29
441.01	48.65
441.23	35.95
441.44	35.75
441.65	64.83
441.87	68.92
442.08	25.10
442.29	53.77
442.51	23.46
442.72	48.65
442.93	45.78
443.15	42.92
443.36	31.24
443.57	69.95
443.79	52.54
444.00	42.92
444.21	42.71
444.43	26.94
444.64	56.02
444.85	50.90
445.07	53.16
445.28	53.97
445.49	52.75
445.71	39.64
445.92	57.25
446.13	39.64
446.35	72.20
446.56	50.49
446.77	54.18
446.99	65.24
447.20	58.68
447.41	57.66
447.63	84.28
447.84	66.67
448.05	51.52
448.27	58.28
448.48	64.01
448.69	54.79
448.90	57.87
449.12	47.22
449.33	44.96
449.54	51.52
449.76	62.99
449.97	44.76
450.18	84.49
450.40	46.19
450.61	48.04
450.82	53.16
451.03	70.36
451.25	52.95
451.46	72.20
451.67	52.13
451.89	65.85
452.10	59.91
452.31	50.29
452.52	92.68
452.74	57.87
452.95	58.89
453.16	76.30
453.38	76.09
453.59	98.42
453.80	58.07
454.01	67.90
454.23	67.90
454.44	61.76
454.65	46.19
454.86	77.94
455.08	62.17
455.29	79.98
455.50	58.28
455.71	70.36
455.93	100.26
456.14	87.15
456.35	49.26
456.56	83.47
456.78	62.17
456.99	84.49
457.20	70.97
457.41	56.64
457.63	81.21
457.84	83.87
458.05	83.47
458.26	93.09
458.48	74.86
458.69	64.01
458.90	81.62
459.11	86.74
459.33	84.49
459.54	93.91
459.75	74.45
459.96	83.06
460.18	76.30
460.39	84.08
460.60	74.45
460.81	84.28
461.02	72.61
461.24	91.04
461.45	98.62
461.66	91.04
461.87	80.80
462.09	88.59
462.30	61.96
462.51	111.73
462.72	93.91
462.93	98.21
463.15	98.42
463.36	102.72
463.57	95.75
463.78	127.91
463.99	111.73
464.21	131.39
464.42	110.50
464.63	94.52
464.84	111.73
465.05	127.70
465.27	113.37
465.48	100.26
465.69	120.33
465.90	122.38
466.11	107.84
466.33	131.59
466.54	108.66
466.75	117.46
466.96	127.70
467.17	125.45
467.38	100.67
467.60	112.96
467.81	154.73
468.02	128.32
468.23	119.92
468.44	137.53
468.65	115.82
468.87	153.71
469.08	134.46
469.29	150.84
469.50	147.57
469.71	152.07
469.92	113.37
470.14	135.07
470.35	146.34
470.56	143.47
470.77	155.14
470.98	136.10
471.19	147.36
471.41	155.76
471.62	114.80
471.83	155.55
472.04	159.44
472.25	173.37
472.46	182.38
472.67	175.62
472.89	167.84
473.10	192.21
473.31	158.42
473.52	157.81
473.73	192.62
473.94	155.76
474.15	169.48
474.37	193.44
474.58	153.51
474.79	169.28
475.00	185.25
475.21	199.38
475.42	198.77
475.63	193.24
475.84	198.56
476.06	184.02
476.27	178.08
476.48	224.37
476.69	202.66
476.90	201.43
477.11	221.70
477.32	189.75
477.53	213.10
477.74	226.41
477.96	210.03
478.17	229.49
478.38	219.25
478.59	226.41
478.80	227.23
479.01	223.75
479.22	240.75
479.43	243.21
479.64	232.35
479.85	257.13
480.06	246.07
480.28	249.56
480.49	238.50
480.70	255.49
480.91	248.12
481.12	269.22
481.33	254.88
481.54	232.56
481.75	278.84
481.96	257.75
482.17	253.04
482.38	282.73
482.59	285.60
482.81	284.17
483.02	288.47
483.23	283.14
483.44	310.38
483.65	284.99
483.86	292.36
484.07	281.09
484.28	302.19
484.49	309.77
484.70	300.96
484.91	316.73
485.12	307.92
485.33	330.45
485.54	318.78
485.75	341.51
485.96	322.67
486.17	308.33
486.38	345.40
486.60	326.97
486.81	320.42
487.02	332.91
487.23	348.47
487.44	315.70
487.65	349.09
487.86	375.10
488.07	331.47
488.28	362.60
488.49	348.68
488.70	332.09
488.91	375.71
489.12	389.64
489.33	375.30
489.54	388.61
489.75	386.16
489.96	375.30
490.17	365.68
490.38	395.58
490.59	393.12
490.80	415.85
491.01	391.07
491.22	391.89
491.43	415.85
491.64	400.70
491.85	410.32
492.06	399.88
492.27	431.42
492.48	417.08
492.69	432.23
492.90	404.38
493.11	433.87
493.32	437.97
493.53	431.42
493.74	461.11
493.95	421.58
494.16	419.95
494.37	436.54
494.58	476.27
494.79	454.76
495.00	443.09
495.21	459.06
495.42	473.19
495.63	448.21
495.84	468.89
496.05	480.98
496.26	460.09
496.47	462.95
496.68	450.67
496.89	476.88
497.10	468.07
497.31	471.76
497.52	470.74
497.73	483.84
497.94	500.23
498.15	487.32
498.36	504.73
498.57	510.88
498.78	486.71
498.99	510.88
499.19	504.53
499.40	501.46
499.61	519.07
499.82	525.21
500.03	518.45
500.24	569.86
500.45	514.77
500.66	537.30
500.87	544.87
501.08	526.03
501.29	527.87
501.50	520.71
501.71	561.87
501.92	546.92
502.13	519.89
502.34	540.78
502.55	581.33
502.76	570.68
502.96	551.22
503.17	556.96
503.38	542.82
503.59	582.96
503.80	568.83
504.01	583.17
504.22	582.15
504.43	565.76
504.64	589.93
504.85	603.24
505.06	594.02
505.27	599.55
505.47	600.58
505.68	586.86
505.89	613.68
506.10	591.77
506.31	584.19
506.52	599.35
506.73	632.32
506.94	633.14
507.15	611.43
507.36	623.11
507.56	619.62
507.77	630.89
507.98	653.01
508.19	619.62
508.40	649.93
508.61	620.03
508.82	666.32
509.03	654.64
509.24	641.74
509.44	676.15
509.65	652.80
509.86	660.58
510.07	667.96
510.28	662.84
510.49	683.32
510.70	650.75
510.91	680.45
511.11	664.06
511.32	668.98
511.53	698.47
511.74	691.10
511.95	704.61
512.16	687.21
512.37	704.82
512.58	736.36
512.78	715.26
512.99	680.24
513.20	718.54
513.41	736.77
513.62	730.42
513.83	739.22
514.04	741.89
514.24	700.93
514.45	727.55
514.66	724.07
514.87	738.82
515.08	737.79
515.29	716.49
515.49	753.15
515.70	753.97
515.91	765.64
516.12	760.11
516.33	781.41
516.54	773.43
516.74	789.60
516.95	743.73
517.16	787.15
517.37	784.08
517.58	782.44
517.79	785.10
517.99	791.86
518.20	798.41
518.41	822.37
518.62	819.51
518.83	821.76
519.03	823.60
519.24	813.36
519.45	801.69
519.66	807.83
519.87	819.91
520.07	812.54
520.28	813.36
520.49	843.06
520.70	810.08
520.91	841.21
521.12	820.94
521.32	862.31
521.53	837.94
521.74	848.38
521.95	846.54
522.15	836.50
522.36	847.15
522.57	848.18
522.78	881.76
522.99	886.27
523.19	889.96
523.40	878.90
523.61	868.66
523.82	909.62
524.03	866.20
524.23	893.03
524.44	885.86
524.65	903.06
524.86	869.68
525.06	919.65
525.27	891.80
525.48	888.73
525.69	923.54
525.89	915.35
526.10	914.94
526.31	934.60
526.52	915.76
526.72	961.43
526.93	908.39
527.14	930.30
527.35	919.65
527.56	940.54
527.76	951.39
527.97	964.71
528.18	931.73
528.38	956.72
528.59	920.88
528.80	931.94
529.01	929.07
529.21	963.68
529.42	972.49
529.63	962.04
529.84	969.21
530.04	966.14
530.25	980.48
530.46	993.58
530.67	967.57
530.87	965.94
531.08	986.21
531.29	1008.53
531.50	993.17
531.70	1017.34
531.91	981.50
532.12	1005.87
532.32	997.47
532.53	1020.82
532.74	1017.54
532.95	991.33
533.15	1034.95
533.36	993.79
533.57	1044.58
533.77	945.66
533.98	1034.34
534.19	1031.27
534.39	1043.35
534.60	1031.67
534.81	1063.01
535.02	1036.59
535.22	1046.22
535.43	1064.65
535.64	1071.00
535.84	1062.80
536.05	1055.64
536.26	1086.97
536.46	1067.51
536.67	1065.88
536.88	1074.68
537.08	1066.70
537.29	1094.75
537.50	1074.68
537.70	1089.84
537.91	1102.94
538.12	1093.73
538.33	1116.87
538.53	1092.70
538.74	1140.01
538.95	1126.91
539.15	1120.56
539.36	1083.69
539.57	1105.61
539.77	1119.33
539.98	1134.69
540.18	1106.02
540.39	1122.40
540.60	1128.34
540.80	1152.10
541.01	1145.13
541.22	1154.96
541.42	1131.21
541.63	1132.64
541.84	1169.09
542.04	1148.41
542.25	1147.59
542.46	1182.81
542.66	1153.32
542.87	1173.19
543.08	1186.30
543.28	1174.42
543.49	1173.60
543.69	1194.69
543.90	1186.30
544.11	1190.80
544.31	1192.03
544.52	1187.12
544.73	1207.39
544.93	1201.25
545.14	1216.20
545.34	1215.79
545.55	1226.03
545.76	1255.72
545.96	1226.64
546.17	1252.45
546.38	1225.82
546.58	1243.64
546.79	1198.17
546.99	1212.51
547.20	1251.42
547.41	1236.27
547.61	1253.88
547.82	1252.86
548.02	1248.15
548.23	1237.29
548.44	1267.40
548.64	1259.82
548.85	1266.78
549.05	1265.55
549.26	1255.72
549.47	1281.12
549.67	1286.44
549.88	1290.54
550.08	1254.49
550.29	1305.90
550.50	1264.73
550.70	1278.46
550.91	1304.87
551.11	1310.81
551.32	1273.54
551.52	1302.21
551.73	1311.84
551.94	1295.04
552.14	1308.15
552.35	1302.62
552.55	1315.93
552.76	1358.94
552.96	1324.94
553.17	1310.40
553.38	1323.92
553.58	1335.39
553.79	1319.21
553.99	1360.78
554.20	1349.31
554.40	1342.56
554.61	1337.64
554.81	1340.51
555.02	1338.67
555.23	1353.21
555.43	1361.40
555.64	1328.43
555.84	1331.50
556.05	1361.19
556.25	1348.09
556.46	1341.53
556.66	1350.54
556.87	1385.77
557.07	1383.52
557.28	1396.42
557.48	1374.10
557.69	1381.88
557.90	1366.52
558.10	1392.53
558.31	1408.91
558.51	1381.47
558.72	1400.51
558.92	1371.64
559.13	1395.39
559.33	1431.44
559.54	1391.71
559.74	1409.93
559.95	1409.12
560.15	1365.90
560.36	1392.12
560.56	1404.00
560.77	1400.10
560.97	1414.03
561.18	1403.59
561.38	1418.13
561.59	1439.63
561.79	1433.90
562.00	1437.79
562.20	1429.60
562.41	1428.16
562.61	1425.09
562.82	1416.90
563.02	1462.77
563.23	1437.79
563.43	1433.69
563.64	1416.90
563.84	1460.31
564.05	1411.98
564.25	1457.04
564.46	1442.70
564.66	1437.99
564.87	1441.68
565.07	1449.05
565.28	1465.02
565.48	1467.48
565.68	1448.23
565.89	1440.65
566.09	1461.95
566.30	1459.70
566.50	1452.12
566.71	1439.02
566.91	1431.44
567.12	1445.98
567.32	1437.38
567.53	1440.04
567.73	1425.29
567.94	1466.66
568.14	1472.81
568.34	1448.85
568.55	1449.87
568.75	1448.23
568.96	1447.00
569.16	1452.53
569.37	1473.63
569.57	1467.07
569.78	1475.67
569.98	1459.91
570.18	1440.04
570.39	1462.36
570.59	1422.63
570.80	1436.56
571.00	1423.04
571.21	1429.39
571.41	1433.69
571.61	1442.91
571.82	1462.16
572.02	1466.87
572.23	1454.99
572.43	1466.25
572.64	1451.92
572.84	1464.41
573.04	1450.89
573.25	1484.69
573.45	1464.82
573.66	1477.11
573.86	1462.16
574.06	1473.63
574.27	1456.83
574.47	1486.73
574.68	1448.64
574.88	1484.07
575.08	1474.24
575.29	1452.53
575.49	1455.19
575.70	1458.68
575.90	1449.05
576.10	1443.11
576.31	1416.49
576.51	1408.71
576.72	1469.94
576.92	1454.79
577.12	1435.74
577.33	1434.72
577.53	1411.78
577.73	1428.57
577.94	1421.81
578.14	1406.86
578.35	1414.85
578.55	1417.92
578.75	1417.31
578.96	1420.38
579.16	1415.67
579.36	1431.85
579.57	1418.95
579.77	1411.37
579.98	1378.81
580.18	1385.97
580.38	1392.73
580.59	1411.37
580.79	1449.87
580.99	1397.24
581.20	1379.62
581.40	1391.91
581.60	1375.94
581.81	1407.68
582.01	1376.35
582.21	1376.76
582.42	1370.61
582.62	1367.75
582.82	1367.13
583.03	1349.72
583.23	1356.48
583.43	1366.93
583.64	1353.41
583.84	1349.31
584.04	1341.94
584.25	1357.10
584.45	1344.81
584.65	1353.41
584.86	1304.26
585.06	1367.54
585.26	1337.64
585.47	1319.62
585.67	1312.25
585.87	1324.33
586.08	1272.31
586.28	1286.44
586.48	1311.02
586.69	1293.00
586.89	1280.09
587.09	1298.53
587.30	1270.67
587.50	1276.00
587.70	1288.08
587.90	1259.00
588.11	1253.67
588.31	1283.37
588.51	1225.82
588.72	1256.95
588.92	1253.67
589.12	1245.28
589.33	1246.92
589.53	1213.33
589.73	1223.16
589.93	1210.26
590.14	1211.08
590.34	1206.98
590.54	1205.96
590.75	1213.12
590.95	1193.46
591.15	1204.73
591.35	1227.67
591.56	1187.73
591.76	1178.31
591.96	1172.37
592.16	1179.74
592.37	1152.91
592.57	1139.19
592.77	1143.70
592.97	1141.04
593.18	1150.05
593.38	1138.99
593.58	1136.12
593.79	1083.69
593.99	1138.78
594.19	1112.98
594.39	1106.02
594.60	1089.43
594.80	1072.63
595.00	1054.20
595.20	1075.71
595.41	1068.13
595.61	1089.22
595.81	1049.90
596.01	1035.16
596.21	1050.11
596.42	1052.97
596.62	1027.78
596.82	1049.08
597.02	992.56
597.23	1030.65
597.43	1028.40
597.63	1001.77
597.83	995.63
598.04	1000.55
598.24	978.22
598.44	1001.77
598.64	977.81
598.84	968.60
599.05	976.99
599.25	960.82
599.45	994.20
599.65	964.09
599.85	924.36
600.06	933.37
600.26	950.98
600.46	988.05
600.66	938.90
600.87	952.42
601.07	925.79
601.27	917.60
601.47	915.55
601.67	916.17
601.87	933.78
602.08	915.35
602.28	919.65
602.48	901.22
602.68	878.49
602.88	875.21
603.09	860.67
603.29	869.89
603.49	874.80
603.69	862.92
603.89	880.53
604.10	853.30
604.30	862.72
604.50	865.17
604.70	851.25
604.90	832.82
605.10	849.00
605.31	856.57
605.51	853.91
605.71	846.33
605.91	811.72
606.11	825.65
606.31	839.98
606.52	816.84
606.72	834.46
606.92	802.10
607.12	799.64
607.32	792.47
607.52	794.52
607.72	813.36
607.93	815.20
608.13	757.45
608.33	779.37
608.53	768.92
608.73	772.81
608.93	778.55
609.13	805.99
609.34	751.31
609.54	777.52
609.74	782.23
609.94	749.26
610.14	754.58
610.34	770.15
610.54	772.61
610.74	739.63
610.95	782.64
611.15	775.06
611.35	749.67
611.55	755.20
611.75	773.02
611.95	749.67
612.15	741.07
612.35	753.36
612.56	778.14
612.76	741.48
612.96	752.13
613.16	734.72
613.36	741.48
613.56	762.78
613.76	748.03
613.96	730.62
614.16	751.51
614.36	723.46
614.57	730.42
614.77	734.51
614.97	737.38
615.17	753.36
615.37	765.44
615.57	718.34
615.77	732.47
615.97	740.04
616.17	726.32
616.37	728.58
616.57	745.78
616.78	723.05
616.98	742.91
617.18	727.96
617.38	747.21
617.58	720.38
617.78	699.90
617.98	745.16
618.18	732.06
618.38	739.63
618.58	709.73
618.78	719.56
618.98	738.00
619.18	750.28
619.38	726.53
619.58	739.43
619.79	748.44
619.99	756.22
620.19	731.44
620.39	709.32
620.59	734.10
620.79	721.41
620.99	758.27
621.19	741.68
621.39	742.50
621.59	744.75
621.79	721.20
621.99	758.89
622.19	732.47
622.39	736.97
622.59	760.52
622.79	750.69
622.99	745.78
623.19	736.15
623.39	757.04
623.59	733.29
623.79	748.85
623.99	740.86
624.19	778.34
624.39	767.49
624.59	747.83
624.79	750.28
624.99	769.94
625.19	731.44
625.39	745.16
625.59	754.79
625.79	739.63
625.99	749.87
626.19	764.82
626.39	747.01
626.59	781.00
626.79	748.85
626.99	772.20
627.19	770.97
627.39	769.13
627.59	751.51
627.79	769.33
627.99	757.45
628.19	734.10
628.39	795.54
628.59	773.43
628.79	771.17
628.99	752.13
629.19	754.38
629.39	780.59
629.59	753.36
629.79	780.39
629.99	791.45
630.19	793.09
630.39	776.50
630.59	785.51
630.79	794.72
630.99	771.58
631.19	781.62
631.39	802.30
631.59	786.74
631.79	782.44
631.99	777.32
632.19	775.27
632.39	797.59
632.59	804.76
632.79	792.06
632.99	769.13
633.19	774.04
633.39	787.97
633.58	791.65
633.78	824.63
633.98	778.75
634.18	780.39
634.38	791.45
634.58	813.16
634.78	749.06
634.98	810.70
635.18	802.30
635.38	797.18
635.58	793.09
635.78	792.47
635.98	784.89
636.18	817.05
636.38	799.64
636.57	794.32
636.77	781.00
636.97	822.17
637.17	800.25
637.37	821.14
637.57	810.08
637.77	833.43
637.97	806.60
638.17	833.23
638.37	795.75
638.57	805.17
638.76	784.48
638.96	815.00
639.16	778.55
639.36	842.24
639.56	811.93
639.76	834.05
639.96	801.48
640.16	830.15
640.36	855.96
640.56	820.32
640.75	814.79
640.95	795.34
641.15	814.18
641.35	827.29
641.55	829.54
641.75	825.44
641.95	836.91
642.15	853.71
642.34	781.41
642.54	819.91
642.74	819.71
642.94	868.25
643.14	825.85
643.34	819.91
643.54	816.43
643.74	848.18
643.93	810.49
644.13	861.49
644.33	846.74
644.53	849.20
644.73	871.11
644.93	846.33
645.13	830.36
645.32	858.83
645.52	854.53
645.72	858.42
645.92	845.92
646.12	871.52
646.32	871.32
646.52	891.59
646.71	847.77
646.91	872.14
647.11	850.63
647.31	858.42
647.51	880.13
647.71	863.95
647.90	876.23
648.10	870.50
648.30	874.60
648.50	880.33
648.70	859.85
648.89	892.62
649.09	872.14
649.29	880.53
649.49	885.04
649.69	886.88
649.89	903.47
650.08	918.63
650.28	906.54
650.48	905.52
650.68	935.01
650.88	903.47
651.07	908.39
651.27	882.99
651.47	920.88
651.67	915.76
651.87	938.29
652.06	926.20
652.26	928.46
652.46	969.62
652.66	922.93
652.86	926.82
653.05	950.98
653.25	936.65
653.45	931.94
653.65	963.27
653.85	931.94
654.04	970.44
654.24	958.56
654.44	972.49
654.64	984.37
654.83	1002.39
655.03	982.93
655.23	1013.24
655.43	992.97
655.63	991.53
655.82	997.88
656.02	1012.63
656.22	987.85
656.42	1022.87
656.61	1048.06
656.81	1029.22
657.01	1050.31
657.21	1052.77
657.40	1043.35
657.60	1081.65
657.80	1043.35
658.00	1063.21
658.19	1061.58
658.39	1097.41
658.59	1081.24
658.79	1107.86
658.98	1092.09
659.18	1099.67
659.38	1084.92
659.58	1111.55
659.77	1101.92
659.97	1110.52
660.17	1136.74
660.36	1165.00
660.56	1154.35
660.76	1165.61
660.96	1173.80
661.15	1165.00
661.35	1163.56
661.55	1189.16
661.75	1237.29
661.94	1198.99
662.14	1198.17
662.34	1238.72
662.53	1232.58
662.73	1257.36
662.93	1220.91
663.13	1251.63
663.32	1261.46
663.52	1284.60
663.72	1308.76
663.91	1293.81
664.11	1270.06
664.31	1271.08
664.50	1321.87
664.70	1312.04
664.90	1325.15
665.10	1360.17
665.29	1350.34
665.49	1342.76
665.69	1374.71
665.88	1387.00
666.08	1397.85
666.28	1379.22
666.47	1397.65
666.67	1416.28
666.87	1399.90
667.06	1437.99
667.26	1439.43
667.46	1475.26
667.65	1453.97
667.85	1477.93
668.05	1481.20
668.24	1498.61
668.44	1490.22
668.64	1504.96
668.83	1538.55
669.03	1511.72
669.23	1541.62
669.42	1573.16
669.62	1538.34
669.82	1587.70
670.01	1586.26
670.21	1580.94
670.41	1593.02
670.60	1624.36
670.80	1611.66
671.00	1630.71
671.19	1674.74
671.39	1661.63
671.58	1652.62
671.78	1687.64
671.98	1653.23
672.17	1725.32
672.37	1720.41
672.57	1732.69
672.76	1705.66
672.96	1770.79
673.15	1768.12
673.35	1758.70
673.55	1785.33
673.74	1807.45
673.94	1810.31
674.14	1797.82
674.33	1821.99
674.53	1860.90
674.72	1830.18
674.92	1861.31
675.12	1879.94
675.31	1890.80
675.51	1893.46
675.70	1936.06
675.90	1924.18
676.10	1947.53
676.29	1969.64
676.49	1957.77
676.68	1972.72
676.88	1981.11
677.08	1980.29
677.27	2024.94
677.47	2039.89
677.66	2011.01
677.86	2016.13
678.06	2058.53
678.25	2036.41
678.45	2072.45
678.64	2065.69
678.84	2103.17
679.03	2109.52
679.23	2149.46
679.43	2133.48
679.62	2139.83
679.82	2138.81
680.01	2195.74
680.21	2174.65
680.40	2202.09
680.60	2218.68
680.80	2211.10
680.99	2195.74
681.19	2216.83
681.38	2227.28
681.58	2234.45
681.77	2280.32
681.97	2271.11
682.16	2251.85
682.36	2304.08
682.56	2302.85
682.75	2330.09
682.95	2333.98
683.14	2356.10
683.34	2338.69
683.53	2335.41
683.73	2344.42
683.92	2349.95
684.12	2388.66
684.31	2424.29
684.51	2428.39
684.70	2409.55
684.90	2447.64
685.10	2469.14
685.29	2467.51
685.49	2484.09
685.68	2478.77
685.88	2500.89
686.07	2529.56
686.27	2518.30
686.46	2500.07
686.66	2501.50
686.85	2543.49
687.05	2535.09
687.24	2584.85
687.44	2620.90
687.63	2587.11
687.83	2632.16
688.02	2605.54
688.22	2638.72
688.41	2665.95
688.61	2607.18
688.80	2643.84
689.00	2700.56
689.19	2705.07
689.39	2695.44
689.58	2712.24
689.78	2748.69
689.97	2752.17
690.17	2711.62
690.36	2758.73
690.56	2757.70
690.75	2751.15
690.95	2782.69
691.14	2808.70
691.34	2855.80
691.53	2804.81
691.72	2846.38
691.92	2839.62
692.11	2856.41
692.31	2902.70
692.50	2849.45
692.70	2900.04
692.89	2862.76
693.09	2862.56
693.28	2895.74
693.48	2916.22
693.67	2853.75
693.87	2904.54
694.06	2944.27
694.25	2926.87
694.45	3002.64
694.64	2941.00
694.84	3008.78
695.03	2999.77
695.23	2999.98
695.42	3001.62
695.62	3046.88
695.81	3028.65
696.00	3049.95
696.20	3039.71
696.39	3030.90
696.59	2995.68
696.78	3049.54
696.98	3038.68
697.17	3101.15
697.36	3091.32
697.56	3093.98
697.75	3090.91
697.95	3153.98
698.14	3126.95
698.34	3118.15
698.53	3153.17
698.72	3168.73
698.92	3152.35
699.11	3190.44
699.31	3191.05
699.50	3209.48
699.69	3227.92
699.89	3171.39
700.08	3238.77
700.28	3203.55
700.47	3245.12
700.66	3225.05
700.86	3218.91
701.05	3267.85
701.25	3259.05
701.44	3232.42
701.63	3242.87
701.83	3298.78
702.02	3261.71
702.21	3279.32
702.41	3331.13
702.60	3321.71
702.80	3295.50
702.99	3330.11
703.18	3315.16
703.38	3383.77
703.57	3333.80
703.77	3357.55
703.96	3301.64
704.15	3332.36
704.35	3299.80
704.54	3323.97
704.73	3368.20
704.93	3361.44
705.12	3341.37
705.31	3380.69
705.51	3371.07
705.70	3357.76
705.89	3328.06
706.09	3333.80
706.28	3376.39
706.48	3402.61
706.67	3417.76
706.86	3357.76
707.06	3340.55
707.25	3388.27
707.44	3334.21
707.64	3429.23
707.83	3407.52
708.02	3388.68
708.22	3472.85
708.41	3412.23
708.60	3363.29
708.80	3394.01
708.99	3439.88
709.18	3383.36
709.38	3432.71
709.57	3447.25
709.76	3414.49
709.95	3453.60
710.15	3449.30
710.34	3466.50
710.53	3412.23
710.73	3435.58
710.92	3426.36
711.11	3409.37
711.31	3417.56
711.50	3419.40
711.69	3442.75
711.89	3432.10
712.08	3444.39
712.27	3437.63
712.46	3477.36
712.66	3414.08
712.85	3438.65
713.04	3493.33
713.24	3430.46
713.43	3438.45
713.62	3422.06
713.81	3426.98
714.01	3469.17
714.20	3432.30
714.39	3465.69
714.59	3433.74
714.78	3467.32
714.97	3457.70
715.16	3436.19
715.36	3479.82
715.55	3465.89
715.74	3473.67
715.93	3463.64
716.13	3409.78
716.32	3441.52
716.51	3426.16
716.71	3448.69
716.90	3403.84
717.09	3395.44
717.28	3450.74
717.48	3394.42
717.67	3426.36
717.86	3461.38
718.05	3427.80
718.25	3369.84
718.44	3437.83
718.63	3412.44
718.82	3457.08
719.02	3427.80
719.21	3397.90
719.40	3401.79
719.59	3411.21
719.78	3375.37
719.98	3396.87
720.17	3406.29
720.36	3404.04
720.55	3408.14
720.75	3383.36
720.94	3374.35
721.13	3341.58
721.32	3362.88
721.51	3404.66
721.71	3386.02
721.90	3332.57
722.09	3392.57
722.28	3380.69
722.48	3383.56
722.67	3386.02
722.86	3401.99
723.05	3350.18
723.24	3377.21
723.44	3410.80
723.63	3355.91
723.82	3376.19
724.01	3382.13
724.20	3392.16
724.40	3378.65
724.59	3399.13
724.78	3343.83
724.97	3395.24
725.16	3349.77
725.35	3391.96
725.55	3423.50
725.74	3412.44
725.93	3371.68
726.12	3369.43
726.31	3342.19
726.51	3401.79
726.70	3425.14
726.89	3382.33
727.08	3391.34
727.27	3384.79
727.46	3439.88
727.66	3430.46
727.85	3477.77
728.04	3368.61
728.23	3448.28
728.42	3445.82
728.61	3397.49
728.81	3472.85
729.00	3440.70
729.19	3492.92
729.38	3454.63
729.57	3428.00
729.76	3426.16
729.95	3450.94
730.15	3482.68
730.34	3486.78
730.53	3514.22
730.72	3521.80
730.91	3559.48
731.10	3518.52
731.29	3513.20
731.49	3523.23
731.68	3593.89
731.87	3546.99
732.06	3540.23
732.25	3592.45
732.44	3496.00
732.63	3585.49
732.82	3603.51
733.02	3619.28
733.21	3578.53
733.40	3613.55
733.59	3670.28
733.78	3647.95
733.97	3652.05
734.16	3666.18
734.35	3617.64
734.54	3643.86
734.74	3680.11
734.93	3625.22
735.12	3710.21
735.31	3721.48
735.50	3750.56
735.69	3662.29
735.88	3709.80
736.07	3761.62
736.26	3723.32
736.45	3766.33
736.64	3732.33
736.84	3776.57
737.03	3836.57
737.22	3772.88
737.41	3817.12
737.60	3847.22
737.79	3837.60
737.98	3839.64
738.17	3836.16
738.36	3848.86
738.55	3900.88
738.74	3863.20
738.93	3852.55
739.12	3908.46
739.32	3861.76
739.51	3924.84
739.70	3927.91
739.89	3949.42
740.08	3971.53
740.27	3970.51
740.46	3953.51
740.65	4000.82
740.84	4022.94
741.03	3995.29
741.22	4043.01
741.41	4055.30
741.60	4078.85
741.79	4080.69
741.98	4113.25
742.17	4058.98
742.36	4063.28
742.55	4108.34
742.74	4133.32
742.93	4135.99
743.12	4149.30
743.31	4140.29
743.51	4216.06
743.70	4171.42
743.89	4259.68
744.08	4166.91
744.27	4237.16
744.46	4257.43
744.65	4223.02
744.84	4250.06
745.03	4238.79
745.22	4213.40
745.41	4296.96
745.60	4292.66
745.79	4288.76
745.98	4296.34
746.17	4303.10
746.36	4357.17
746.55	4270.33
746.74	4409.39
746.93	4349.18
747.12	4386.66
747.31	4376.01
747.50	4391.37
747.69	4430.07
747.88	4472.88
748.07	4419.63
748.26	4476.56
748.45	4418.61
748.64	4509.54
748.83	4478.20
749.02	4469.19
749.21	4517.32
749.40	4543.94
749.59	4497.04
749.77	4568.72
749.96	4585.51
750.15	4555.41
750.34	4602.51
750.53	4531.65
750.72	4596.78
750.91	4591.04
751.10	4630.37
751.29	4596.78
751.48	4628.32
751.67	4654.94
751.86	4628.73
752.05	4672.76
752.24	4673.37
752.43	4703.89
752.62	4746.28
752.81	4715.56
753.00	4722.11
753.19	4768.40
753.38	4747.92
753.57	4715.97
753.76	4724.57
753.94	4752.22
754.13	4798.30
754.32	4794.00
754.51	4761.44
754.70	4856.46
754.89	4838.03
755.08	4781.51
755.27	4799.32
755.46	4850.93
755.65	4807.51
755.84	4800.35
756.03	4879.40
756.22	4844.79
756.40	4865.68
756.59	4886.16
756.78	4897.42
756.97	4916.67
757.16	4893.12
757.35	5012.93
757.54	4932.24
757.73	4994.49
757.92	4906.84
758.11	4964.39
758.29	4998.39
758.48	5075.18
758.67	4990.40
758.86	4982.41
759.05	5049.18
759.24	5037.91
759.43	5044.06
759.62	4973.40
759.81	5063.31
759.99	5033.00
760.18	5041.39
760.37	5092.39
760.56	5106.93
760.75	5055.93
760.94	5038.12
761.13	5072.93
761.32	5102.22
761.50	5101.19
761.69	5132.32
761.88	5101.81
762.07	5084.60
762.26	5136.83
762.45	5104.27
762.64	5147.48
762.82	5186.39
763.01	5177.17
763.20	5197.65
763.39	5125.56
763.58	5124.13
763.77	5147.48
763.96	5172.26
764.14	5178.20
764.33	5175.13
764.52	5207.48
764.71	5230.42
764.90	5242.50
765.09	5213.63
765.27	5207.07
765.46	5215.06
765.65	5237.79
765.84	5219.36
766.03	5268.31
766.22	5216.29
766.40	5290.02
766.59	5246.19
766.78	5288.17
766.97	5312.34
767.16	5316.23
767.35	5264.83
767.53	5288.38
767.72	5256.63
767.91	5296.36
768.10	5364.77
768.29	5323.40
768.47	5324.22
768.66	5344.29
768.85	5310.50
769.04	5327.29
769.23	5359.85
769.41	5315.82
769.60	5310.09
769.79	5369.07
769.98	5324.01
770.17	5363.13
770.35	5396.72
770.54	5304.15
770.73	5393.64
770.92	5364.36
771.10	5380.33
771.29	5371.73
771.48	5375.62
771.67	5400.81
771.86	5394.05
772.04	5380.33
772.23	5395.28
772.42	5371.53
772.61	5348.59
772.79	5343.47
772.98	5403.06
773.17	5431.12
773.36	5418.42
773.54	5494.40
773.73	5377.05
773.92	5394.87
774.11	5426.82
774.30	5392.62
774.48	5399.17
774.67	5420.47
774.86	5453.44
775.05	5506.28
775.23	5476.18
775.42	5402.86
775.61	5517.75
775.79	5485.60
775.98	5492.97
776.17	5498.29
776.36	5498.50
776.54	5594.55
776.73	5527.58
776.92	5517.55
777.11	5465.32
777.29	5504.23
777.48	5479.04
777.67	5500.14
777.85	5516.52
778.04	5531.47
778.23	5532.50
778.42	5591.89
778.60	5508.33
778.79	5563.01
778.98	5525.74
779.16	5580.62
779.35	5559.94
779.54	5602.95
779.73	5589.43
779.91	5558.91
780.10	5560.96
780.29	5582.06
780.47	5663.16
780.66	5695.51
780.85	5551.13
781.03	5603.56
781.22	5552.98
781.41	5577.55
781.60	5546.63
781.78	5649.64
781.97	5628.75
782.16	5572.43
782.34	5628.14
782.53	5671.76
782.72	5625.27
782.90	5610.32
783.09	5608.68
783.28	5713.13
783.46	5653.53
783.65	5684.05
783.84	5614.41
784.02	5683.43
784.21	5691.83
784.40	5701.45
784.58	5714.15
784.77	5701.66
784.96	5652.92
785.14	5757.36
785.33	5728.08
785.52	5709.85
785.70	5695.10
785.89	5674.83
786.08	5718.45
786.26	5746.10
786.45	5643.09
786.63	5676.47
786.82	5746.51
787.01	5768.63
787.19	5722.96
787.38	5821.67
787.57	5783.78
787.75	5804.67
787.94	5816.34
788.13	5800.37
788.31	5817.37
788.50	5811.43
788.68	5800.98
788.87	5849.11
789.06	5883.52
789.24	5845.63
789.43	5939.63
789.61	5900.11
789.80	5924.89
789.99	5898.06
790.17	5922.84
790.36	5958.06
790.55	5966.05
790.73	5968.30
790.92	5915.88
791.10	5996.77
791.29	5912.80
791.48	5980.59
791.66	6077.05
791.85	6035.27
792.03	6049.40
792.22	6114.73
792.40	6146.07
792.59	6159.38
792.78	6172.08
792.96	6115.14
793.15	6104.90
793.33	6224.71
793.52	6253.59
793.71	6221.43
793.89	6239.86
794.08	6314.61
794.26	6236.59
794.45	6250.72
794.63	6229.42
794.82	6291.06
795.01	6324.45
795.19	6268.95
795.38	6293.73
795.56	6316.87
795.75	6427.87
795.93	6422.95
796.12	6449.37
796.30	6446.50
796.49	6387.52
796.68	6436.67
796.86	6461.45
797.05	6460.23
797.23	6524.53
797.42	6488.69
797.60	6549.31
797.79	6603.38
797.97	6559.14
798.16	6583.31
798.34	6586.79
798.53	6630.62
798.71	6653.35
798.90	6652.94
799.08	6615.67
799.27	6763.94
799.46	6724.21
799.64	6746.53
799.83	6778.68
800.01	6758.21
800.20	6794.66
800.38	6739.77
800.57	6809.81
800.75	6808.38
800.94	6920.61
801.12	6807.36
801.31	6891.32
801.49	7000.07
801.68	6930.44
801.86	6966.07
802.05	6988.40
802.23	6908.12
802.42	6975.29
802.60	7017.07
802.79	7009.70
802.97	7094.48
803.16	7028.54
803.34	7137.28
803.53	7060.28
803.71	7153.67
803.90	7093.87
804.08	7119.88
804.27	7162.88
804.45	7098.37
804.63	7119.88
804.82	7103.29
805.00	7206.10
805.19	7231.49
805.37	7172.10
805.56	7241.32
805.74	7250.13
805.93	7194.01
806.11	7265.49
806.30	7303.37
806.48	7251.97
806.67	7275.52
806.85	7403.11
807.04	7335.32
807.22	7381.40
807.40	7441.00
807.59	7410.48
807.77	7440.59
807.96	7446.53
808.14	7388.57
808.33	7412.74
808.51	7463.94
808.69	7488.51
808.88	7538.69
809.06	7445.50
809.25	7520.87
809.43	7461.48
809.62	7430.14
809.80	7503.26
809.99	7499.77
810.17	7488.31
810.35	7597.05
810.54	7572.48
810.72	7607.70
810.91	7626.95
811.09	7646.20
811.27	7623.47
811.46	7696.58
811.64	7662.79
811.83	7673.65
812.01	7699.45
812.19	7676.92
812.38	7721.57
812.56	7746.15
812.75	7764.37
812.93	7741.43
813.11	7749.63
813.30	7800.42
813.48	7836.87
813.67	7752.49
813.85	7812.70
814.03	7883.77
814.22	7803.69
814.40	7833.39
814.59	7769.70
814.77	7880.29
814.95	7845.27
815.14	7857.76
815.32	7852.43
815.50	7939.88
815.69	7858.37
815.87	7937.63
816.06	7852.43
816.24	7979.20
816.42	7950.74
816.61	7945.82
816.79	7973.88
816.97	7946.23
817.16	8006.44
817.34	7932.10
817.52	7993.95
817.71	8007.67
817.89	8018.73
818.07	8077.51
818.26	8003.17
818.44	8002.76
818.63	7974.29
818.81	8001.32
818.99	8028.97
819.18	8151.85
819.36	8026.31
819.54	8058.87
819.73	8093.69
819.91	8138.95
820.09	8143.66
820.28	8096.55
820.46	8129.93
820.64	8099.21
820.83	8174.79
821.01	8161.06
821.19	8164.34
821.37	8222.09
821.56	8264.08
821.74	8209.81
821.92	8201.00
822.11	8284.35
822.29	8265.10
822.47	8292.75
822.66	8320.40
822.84	8269.81
823.02	8293.98
823.21	8341.90
823.39	8321.01
823.57	8391.87
823.75	8347.43
823.94	8373.23
824.12	8345.38
824.30	8378.56
824.49	8373.03
824.67	8339.03
824.85	8404.77
825.03	8388.59
825.22	8402.31
825.40	8388.80
825.58	8468.05
825.77	8444.91
825.95	8409.07
826.13	8501.44
826.31	8460.89
826.50	8501.85
826.68	8479.93
826.86	8468.67
827.04	8458.22
827.23	8548.54
827.41	8599.74
827.59	8593.59
827.78	8571.68
827.96	8558.98
828.14	8577.62
828.32	8664.86
828.51	8555.91
828.69	8632.92
828.87	8594.62
829.05	8594.21
829.23	8692.10
829.42	8667.12
829.60	8626.16
829.78	8672.44
829.96	8613.26
830.15	8619.40
830.33	8694.15
830.51	8704.18
830.69	8664.04
830.88	8686.57
831.06	8778.32
831.24	8676.95
831.42	8645.00
831.60	8718.73
831.79	8651.14
831.97	8791.63
832.15	8794.91
832.33	8832.39
832.52	8859.42
832.70	8890.35
832.88	8874.58
833.06	8899.56
833.24	8872.32
833.43	8817.44
833.61	8846.11
833.79	8856.76
833.97	8871.09
834.15	8884.41
834.34	8994.38
834.52	8844.27
834.70	8921.68
834.88	9002.78
835.06	8988.03
835.25	8955.88
835.43	8968.99
835.61	9069.13
835.79	8999.91
835.97	9007.90
836.15	9065.04
836.34	9077.73
836.52	9076.10
836.70	9108.66
836.88	9036.98
837.06	9039.44
837.24	9151.67
837.43	9132.62
837.61	9065.65
837.79	9133.64
837.97	9059.71
838.15	9089.61
838.33	9107.02
838.52	9108.04
838.70	9130.16
838.88	9109.48
839.06	9172.96
839.24	9147.98
839.42	9235.22
839.60	9222.32
839.79	9190.37
839.97	9231.54
840.15	9312.23
840.33	9276.18
840.51	9276.80
840.69	9246.08
840.87	9327.59
841.06	9206.55
841.24	9256.32
841.42	9237.89
841.60	9357.90
841.78	9361.99
841.96	9379.20
842.14	9348.27
842.32	9349.70
842.51	9427.53
842.69	9390.87
842.87	9354.01
843.05	9422.20
843.23	9419.34
843.41	9381.24
843.59	9372.64
843.77	9511.08
843.95	9372.85
844.14	9399.88
844.32	9453.13
844.50	9471.15
844.68	9511.90
844.86	9575.80
845.04	9510.68
845.22	9530.13
845.40	9473.40
845.58	9511.70
845.76	9547.95
845.94	9499.21
846.12	9547.74
846.31	9529.11
846.49	9588.70
846.67	9555.12
846.85	9592.59
847.03	9640.11
847.21	9676.97
847.39	9514.16
847.57	9570.48
847.75	9653.62
847.93	9668.37
848.11	9681.89
848.29	9660.79
848.47	9699.29
848.65	9660.59
848.83	9643.79
849.02	9762.98
849.20	9684.55
849.38	9683.11
849.56	9787.36
849.74	9662.63
849.92	9687.82
850.10	9738.00
850.28	9759.30
850.46	9762.37
850.64	9839.58
850.82	9735.75
851.00	9747.22
851.18	9800.87
851.36	9772.00
851.54	9736.16
851.72	9766.47
851.90	9844.29
852.08	9818.28
852.26	9814.59
852.44	9862.52
852.62	9838.15
852.80	9898.97
852.98	9889.96
853.16	9980.68
853.34	9882.38
853.52	9869.27
853.70	9830.16
853.88	9912.08
854.06	9865.18
854.24	9898.36
854.42	9899.99
854.60	9895.28
854.78	9873.58
854.96	9879.51
855.14	10003.21
855.32	9820.94
855.50	9927.03
855.68	9927.85
855.86	9947.10
856.04	9948.74
856.22	9980.27
856.40	9946.48
856.58	9916.17
856.76	9966.55
856.94	9997.89
857.12	10075.91
857.30	9983.55
857.48	9929.28
857.66	10104.79
857.84	10014.07
858.02	9963.28
858.20	10037.00
858.38	10070.18
858.56	10103.36
858.74	10116.26
858.92	10084.93
859.10	10003.83
859.28	10099.26
859.46	10099.06
859.64	10094.76
859.81	10122.40
859.99	10004.44
860.17	10131.82
860.35	10112.98
860.53	10071.00
860.71	10064.65
860.89	10041.10
861.07	10035.57
861.25	10136.53
861.43	10139.61
861.61	10227.26
861.79	10130.60
861.97	10167.05
862.15	10160.09
862.33	10311.02
862.50	10175.24
862.68	10175.86
862.86	10143.09
863.04	10237.09
863.22	10279.48
863.40	10204.94
863.58	10213.95
863.76	10278.66
863.94	10141.45
864.12	10153.94
864.30	10267.60
864.47	10209.65
864.65	10201.86
864.83	10240.37
865.01	10172.99
865.19	10200.43
865.37	10297.71
865.55	10201.45
865.73	10213.13
865.91	10247.53
866.09	10221.12
866.26	10206.57
866.44	10244.87
866.62	10242.62
866.80	10271.50
866.98	10214.97
867.16	10216.00
867.34	10302.62
867.52	10246.10
867.69	10178.31
867.87	10206.37
868.05	10108.07
868.23	10219.27
868.41	10197.56
868.59	10225.42
868.77	10268.22
868.94	10259.62
869.12	10268.63
869.30	10256.34
869.48	10285.22
869.66	10231.56
869.84	10226.85
870.02	10186.10
870.19	10222.14
870.37	10109.30
870.55	10158.04
870.73	10139.40
870.91	10270.68
871.09	10173.60
871.26	10112.57
871.44	10173.60
871.62	10094.35
871.80	10153.33
871.98	10150.87
872.16	10169.92
872.33	10082.47
872.51	10046.22
872.69	10106.43
872.87	10154.56
873.05	10152.30
873.22	10156.19
873.40	10116.26
873.58	10124.45
873.76	10011.40
873.94	10041.51
874.12	10106.63
874.29	10049.70
874.47	10023.08
874.65	10052.16
874.83	10009.15
875.01	10001.98
875.18	9967.17
875.36	9985.60
875.54	10047.04
875.72	9942.59
875.89	10037.21
876.07	9949.15
876.25	9995.84
876.43	10003.42
876.61	9929.08
876.78	9975.15
876.96	10041.51
877.14	9979.46
877.32	10073.66
877.49	10084.31
877.67	10124.04
877.85	10007.92
878.03	10135.10
878.21	10079.60
878.38	10106.02
878.56	10152.92
878.74	10076.53
878.92	10171.14
879.09	10182.20
879.27	10226.03
879.45	10230.13
879.63	10241.60
879.80	10337.03
879.98	10242.62
880.16	10256.55
880.34	10271.91
880.51	10265.76
880.69	10200.02
880.87	10284.60
881.05	10328.63
881.22	10401.75
881.40	10294.43
881.58	10260.64
881.75	10315.12
881.93	10285.63
882.11	10345.22
882.29	10362.02
882.46	10417.11
882.64	10434.72
882.82	10433.49
883.00	10431.03
883.17	10506.19
883.35	10491.24
883.53	10436.77
883.70	10626.00
883.88	10594.87
884.06	10569.88
884.23	10600.19
884.41	10699.11
884.59	10707.71
884.77	10700.75
884.94	10711.19
885.12	10746.62
885.30	10770.79
885.47	10710.99
885.65	10767.51
885.83	10810.93
886.00	10848.82
886.18	10816.26
886.36	10856.40
886.53	10824.24
886.71	10914.97
886.89	10861.92
887.07	10959.41
887.24	11063.04
887.42	10980.91
887.60	10966.78
887.77	10927.05
887.95	10972.11
888.13	11103.59
888.30	10970.88
888.48	11087.82
888.66	11114.44
888.83	11063.85
889.01	11082.49
889.18	11172.19
889.36	11235.68
889.54	11207.21
889.71	11205.98
889.89	11408.32
890.07	11336.85
890.24	11361.83
890.42	11342.79
890.60	11277.25
890.77	11374.94
890.95	11266.81
891.13	11390.30
891.30	11348.52
891.48	11296.91
891.65	11446.01
891.83	11450.31
892.01	11407.71
892.18	11400.54
892.36	11459.52
892.54	11460.14
892.71	11448.67
892.89	11436.18
893.06	11557.41
893.24	11527.72
893.42	11536.32
893.59	11570.73
893.77	11554.34
893.94	11619.88
894.12	11563.15
894.30	11526.90
894.47	11528.74
894.65	11675.17
894.82	11616.40
895.00	11591.41
895.18	11641.79
895.35	11652.85
895.53	11668.21
895.70	11625.41
895.88	11678.04
896.06	11707.74
896.23	11635.03
896.41	11698.93
896.58	11728.01
896.76	11648.96
896.93	11637.70
897.11	11765.08
897.29	11661.45
897.46	11764.67
897.64	11727.81
897.81	11728.63
897.99	11772.04
898.16	11723.10
898.34	11607.80
898.52	11721.25
898.69	11739.68
898.87	11696.47
899.04	11708.35
899.22	11730.67
899.39	11768.97
899.57	11671.08
899.74	11844.34
899.92	11719.82
900.10	11734.15
900.27	11740.09
900.45	11692.38
900.62	11766.51
900.80	11691.56
900.97	11680.29
901.15	11626.23
901.32	11661.66
901.50	11678.25
901.67	11621.93
901.85	11525.26
902.02	11658.18
902.20	11643.43
902.37	11729.44
902.55	11643.22
902.72	11665.75
902.90	11736.20
903.07	11605.34
903.25	11650.80
903.43	11642.61
903.60	11544.72
903.78	11521.99
903.95	11501.30
904.13	11583.42
904.30	11405.25
904.48	11520.55
904.65	11580.97
904.83	11615.37
905.00	11515.84
905.17	11382.72
905.35	11441.50
905.52	11432.90
905.70	11374.53
905.87	11424.71
906.05	11440.68
906.22	11314.32
906.40	11355.28
906.57	11314.32
906.75	11423.89
906.92	11316.98
907.10	11324.97
907.27	11216.22
907.45	11295.48
907.62	11276.43
907.80	11230.15
907.97	11250.22
908.15	11181.61
908.32	11190.83
908.49	11167.48
908.67	11137.99
908.84	11149.25
909.02	11128.37
909.19	11151.71
909.37	11024.33
909.54	11134.30
909.72	11048.29
909.89	11050.95
910.07	11026.58
910.24	11017.57
910.41	10987.06
910.59	11003.23
910.76	10979.48
910.94	10913.33
911.11	10797.00
911.29	10837.96
911.46	10978.45
911.63	10881.59
911.81	10865.82
911.98	10909.44
912.16	10931.56
912.33	10807.04
912.50	10782.26
912.68	10781.03
912.85	10621.29
913.03	10771.81
913.20	10702.59
913.38	10577.87
913.55	10567.84
913.72	10606.13
913.90	10600.81
914.07	10535.27
914.25	10587.91
914.42	10528.31
914.59	10515.20
914.77	10533.64
914.94	10481.21
915.11	10425.71
915.29	10487.97
915.46	10314.91
915.64	10330.48
915.81	10250.20
915.98	10280.30
916.16	10244.46
916.33	10128.96
916.51	10153.94
916.68	10114.42
916.85	10182.41
917.03	10092.71
917.20	10024.10
917.37	10039.87
917.55	9958.98
917.72	10053.39
917.89	9945.05
918.07	9955.90
918.24	9925.18
918.42	9911.46
918.59	9857.19
918.76	9868.86
918.94	9802.72
919.11	9898.15
919.28	9818.69
919.46	9833.43
919.63	9776.09
919.80	9728.37
919.98	9697.24
920.15	9646.86
920.32	9639.29
920.50	9554.91
920.67	9585.02
920.84	9511.90
921.02	9578.67
921.19	9511.29
921.36	9429.78
921.54	9417.49
921.71	9426.71
921.88	9363.63
922.06	9376.94
922.23	9357.90
922.40	9399.06
922.57	9297.69
922.75	9248.13
922.92	9220.48
923.09	9109.48
923.27	9150.44
923.44	9145.32
923.61	9149.82
923.79	9121.97
923.96	9042.10
924.13	9006.26
924.30	9000.94
924.48	9042.51
924.65	8993.56
924.82	8955.47
925.00	8907.34
925.17	8894.03
925.34	8846.31
925.51	8814.78
925.69	8765.62
925.86	8770.95
926.03	8795.32
926.21	8624.31
926.38	8551.82
926.55	8650.73
926.72	8543.01
926.90	8603.02
927.07	8604.45
927.24	8532.77
927.41	8515.16
927.59	8419.31
927.76	8527.85
927.93	8413.37
928.10	8334.53
928.28	8371.80
928.45	8358.28
928.62	8319.78
928.79	8263.67
928.97	8285.58
929.14	8218.20
929.31	8255.68
929.48	8302.58
929.66	8155.12
929.83	8130.55
930.00	8163.11
930.17	8128.09
930.34	8154.51
930.52	8028.36
930.69	7933.53
930.86	7959.75
931.03	7965.07
931.21	7804.31
931.38	7807.38
931.55	7899.54
931.72	7768.26
931.89	7752.29
932.07	7693.72
932.24	7665.46
932.41	7639.65
932.58	7586.40
932.75	7573.71
932.93	7555.27
933.10	7499.16
933.27	7474.17
933.44	7386.32
933.61	7346.18
933.79	7346.18
933.96	7329.38
934.13	7349.66
934.30	7235.38
934.47	7210.60
934.65	7198.93
934.82	7064.17
934.99	7094.89
935.16	6950.30
935.33	6916.72
935.50	6873.30
935.68	6866.34
935.85	6789.13
936.02	6705.98
936.19	6701.89
936.36	6638.81
936.53	6561.19
936.71	6489.92
936.88	6498.32
937.05	6388.55
937.22	6349.23
937.39	6269.76
937.56	6270.99
937.74	6206.69
937.91	6100.40
938.08	6085.24
938.25	6056.57
938.42	6052.47
938.59	5959.29
938.76	5859.15
938.94	5814.50
939.11	5846.65
939.28	5802.42
939.45	5745.07
939.62	5687.94
939.79	5667.87
939.96	5571.61
940.13	5557.89
940.31	5502.80
940.48	5474.13
940.65	5364.15
940.82	5368.45
940.99	5321.76
941.16	5311.11
941.33	5277.11
941.50	5209.74
941.67	5197.45
941.85	5176.76
942.02	5102.01
942.19	5137.85
942.36	5082.97
942.53	5123.31
942.70	5109.18
942.87	5018.66
943.04	5029.11
943.21	4999.61
943.38	4987.74
943.56	4988.35
943.73	4933.87
943.90	4902.95
944.07	4923.63
944.24	4916.47
944.41	4897.01
944.58	4925.07
944.75	4851.55
944.92	4841.51
945.09	4883.08
945.26	4868.75
945.43	4867.73
945.60	4819.60
945.78	4819.39
945.95	4796.25
946.12	4756.73
946.29	4763.69
946.46	4749.35
946.63	4751.81
946.80	4787.24
946.97	4750.99
947.14	4784.78
947.31	4796.25
947.48	4767.58
947.65	4793.59
947.82	4806.70
947.99	4761.03
948.16	4805.26
948.33	4785.19
948.50	4759.39
948.67	4791.54
948.84	4755.70
949.01	4783.55
949.18	4724.78
949.35	4802.60
949.52	4745.26
949.69	4719.04
949.86	4757.54
950.03	4721.91
950.20	4771.06
950.38	4769.63
950.55	4711.67
950.72	4719.45
950.89	4706.14
951.06	4665.18
951.23	4713.31
951.40	4670.30
951.57	4786.42
951.74	4706.14
951.91	4715.36
952.08	4657.60
952.25	4732.56
952.42	4722.32
952.59	4685.46
952.76	4692.01
952.92	4655.76
953.09	4735.02
953.26	4666.20
953.43	4643.27
953.60	4656.99
953.77	4641.83
953.94	4630.16
954.11	4599.03
954.28	4661.09
954.45	4628.52
954.62	4632.00
954.79	4616.64
954.96	4659.04
955.13	4638.97
955.30	4668.66
955.47	4658.83
955.64	4637.12
955.81	4636.10
955.98	4635.90
956.15	4608.86
956.32	4645.32
956.49	4630.16
956.66	4626.47
956.83	4599.85
957.00	4624.43
957.17	4582.24
957.33	4533.29
957.50	4557.05
957.67	4556.84
957.84	4512.20
958.01	4549.88
958.18	4538.62
958.35	4560.12
958.52	4508.31
958.69	4514.86
958.86	4578.76
959.03	4528.58
959.20	4488.24
959.37	4444.00
959.53	4526.74
959.70	4484.14
959.87	4483.32
960.04	4508.92
960.21	4491.92
960.38	4483.12
960.55	4502.57
960.72	4429.25
960.89	4452.81
961.06	4482.30
961.23	4396.69
961.39	4430.48
961.56	4373.35
961.73	4399.35
961.90	4412.46
962.07	4354.91
962.24	4371.50
962.41	4305.15
962.58	4351.64
962.75	4293.27
962.91	4267.26
963.08	4316.62
963.25	4310.06
963.42	4282.83
963.59	4269.72
963.76	4291.22
963.93	4226.71
964.09	4224.05
964.26	4257.64
964.43	4220.16
964.60	4223.23
964.77	4234.08
964.94	4167.32
965.11	4168.75
965.27	4152.78
965.44	4115.92
965.61	4135.17
965.78	4141.92
965.95	4156.26
966.12	4095.03
966.29	4086.22
966.45	4130.05
966.62	4055.30
966.79	4092.98
966.96	4090.73
967.13	4044.24
967.30	4117.76
967.46	4020.48
967.63	4026.21
967.80	4026.83
967.97	3992.01
968.14	3991.81
968.30	3937.95
968.47	3951.46
968.64	3988.94
968.81	3931.19
968.98	3904.36
969.15	3901.49
969.31	3904.77
969.48	3874.67
969.65	3913.78
969.82	3836.78
969.99	3850.50
970.15	3810.36
970.32	3814.45
970.49	3729.67
970.66	3785.58
970.82	3729.87
970.99	3741.75
971.16	3727.21
971.33	3718.41
971.50	3726.19
971.66	3697.52
971.83	3690.96
972.00	3701.41
972.17	3690.55
972.34	3651.44
972.50	3683.79
972.67	3639.76
972.84	3642.63
973.01	3645.29
973.17	3594.30
973.34	3614.78
973.51	3556.00
973.68	3543.92
973.84	3545.76
974.01	3535.11
974.18	3536.34
974.35	3536.14
974.51	3473.26
974.68	3482.48
974.85	3460.57
975.02	3480.84
975.18	3417.97
975.35	3421.24
975.52	3427.59
975.69	3413.67
975.85	3388.89
976.02	3348.54
976.19	3347.52
976.36	3359.40
976.52	3319.46
976.69	3332.16
976.86	3317.41
977.02	3319.46
977.19	3276.66
977.36	3263.55
977.53	3231.40
977.69	3284.24
977.86	3208.67
978.03	3272.36
978.19	3207.85
978.36	3226.07
978.53	3251.26
978.70	3217.06
978.86	3185.52
979.03	3116.10
979.20	3163.82
979.36	3152.96
979.53	3124.70
979.70	3108.93
979.86	3108.93
980.03	3092.75
980.20	3087.63
980.36	3049.33
980.53	3102.17
980.70	3066.95
980.86	3067.77
981.03	3045.24
981.20	2971.72
981.36	2990.15
981.53	3002.84
981.70	3017.59
981.86	2980.52
982.03	2992.20
982.20	2979.29
982.36	2944.27
982.53	2969.05
982.70	2911.51
982.86	2899.63
983.03	2899.42
983.20	2874.44
983.36	2921.34
983.53	2880.79
983.70	2861.13
983.86	2833.89
984.03	2837.37
984.20	2800.51
984.36	2792.52
984.53	2829.59
984.70	2757.70
984.86	2762.00
985.03	2734.77
985.19	2762.82
985.36	2755.86
985.53	2752.58
985.69	2699.54
985.86	2721.25
986.03	2730.67
986.19	2693.81
986.36	2717.77
986.52	2653.67
986.69	2637.90
986.86	2622.54
987.02	2652.03
987.19	2574.41
987.35	2620.28
987.52	2594.89
987.69	2565.40
987.85	2531.20
988.02	2542.87
988.18	2569.70
988.35	2535.70
988.52	2508.06
988.68	2560.69
988.85	2491.88
989.01	2513.18
989.18	2450.10
989.35	2442.73
989.51	2420.40
989.68	2409.14
989.84	2420.81
990.01	2439.65
990.17	2426.75
990.34	2383.54
990.51	2389.48
990.67	2382.51
990.84	2359.78
991.00	2362.44
991.17	2358.96
991.33	2374.12
991.50	2373.50
991.66	2368.79
991.83	2325.79
992.00	2326.40
992.16	2319.23
992.33	2284.83
992.49	2270.90
992.66	2269.06
992.82	2257.59
992.99	2230.56
993.15	2249.19
993.32	2213.76
993.48	2184.27
993.65	2218.88
993.82	2202.70
993.98	2206.59
994.15	2160.72
994.31	2155.60
994.48	2176.28
994.64	2192.67
994.81	2126.72
994.97	2110.75
995.14	2084.33
995.30	2067.33
995.47	2089.86
995.63	2063.24
995.80	2071.63
995.96	2039.28
996.13	2031.70
996.29	2026.99
996.46	2044.19
996.62	2038.66
996.79	1999.34
996.95	2012.86
997.12	1990.53
997.28	1985.41
997.45	1972.31
997.61	1966.57
997.78	1950.39
997.94	1941.59
998.11	1934.21
998.27	1920.90
998.44	1933.40
998.60	1901.45
998.77	1899.40
998.93	1875.44
999.10	1866.02
999.26	1841.85
999.43	1871.55
999.59	1863.56
999.75	1825.47
999.92	1781.23
1000.08	1841.03
1000.25	1786.97
1000.41	1797.62
1000.58	1805.19
1000.74	1752.36
1000.91	1783.69
1001.07	1797.21
1001.24	1760.14
1001.40	1782.26
1001.56	1778.98
1001.73	1751.54
1001.89	1712.83
1002.06	1671.87
1002.22	1725.12
1002.39	1661.83
1002.55	1694.19
1002.71	1657.74
1002.88	1673.51
1003.04	1664.70
1003.21	1708.53
1003.37	1646.88
1003.54	1643.20
1003.70	1649.75
1003.86	1632.55
1004.03	1616.78
1004.19	1608.79
1004.36	1577.87
1004.52	1610.64
1004.68	1596.50
1004.85	1575.41
1005.01	1556.16
1005.18	1569.68
1005.34	1560.87
1005.50	1533.02
1005.67	1543.05
1005.83	1545.31
1006.00	1530.15
1006.16	1501.07
1006.32	1440.45
1006.49	1463.18
1006.65	1500.66
1006.82	1450.28
1006.98	1483.46
1007.14	1450.28
1007.31	1420.17
1007.47	1431.23
1007.63	1394.37
1007.80	1403.38
1007.96	1386.79
1008.13	1395.80
1008.29	1386.79
1008.45	1356.28
1008.62	1386.79
1008.78	1365.29
1008.94	1357.71
1009.11	1365.08
1009.27	1344.60
1009.43	1330.88
1009.60	1315.52
1009.76	1315.73
1009.92	1316.75
1010.09	1299.14
1010.25	1326.79
1010.42	1295.86
1010.58	1285.83
1010.74	1271.70
1010.91	1307.54
1011.07	1248.15
1011.23	1267.40
1011.40	1261.25
1011.56	1236.47
1011.72	1218.24
1011.89	1238.93
1012.05	1212.72
1012.21	1204.93
1012.37	1225.00
1012.54	1201.86
1012.70	1201.66
1012.86	1156.19
1013.03	1185.07
1013.19	1149.84
1013.35	1139.40
1013.52	1174.62
1013.68	1167.05
1013.84	1135.30
1014.01	1129.57
1014.17	1106.84
1014.33	1136.53
1014.49	1111.55
1014.66	1094.34
1014.82	1106.22
1014.98	1119.12
1015.15	1084.51
1015.31	1072.02
1015.47	1078.57
1015.63	1064.44
1015.80	1061.98
1015.96	1046.42
1016.12	1049.90
1016.29	1035.57
1016.45	1062.39
1016.61	1020.62
1016.77	1016.93
1016.94	1022.66
1017.10	1025.12
1017.26	1006.69
1017.42	1030.24
1017.59	997.88
1017.75	998.50
1017.91	987.64
1018.07	994.40
1018.24	981.29
1018.40	972.08
1018.56	976.38
1018.72	960.82
1018.89	895.89
1019.05	913.92
1019.21	931.73
1019.37	920.06
1019.54	939.11
1019.70	894.05
1019.86	891.59
1020.02	897.94
1020.19	889.34
1020.35	892.00
1020.51	895.08
1020.67	850.02
1020.83	881.15
1021.00	905.72
1021.16	877.26
1021.32	854.32
1021.48	827.49
1021.64	817.66
1021.81	837.12
1021.97	851.45
1022.13	853.71
1022.29	806.81
1022.45	828.93
1022.62	832.82
1022.78	828.52
1022.94	780.80
1023.10	774.04
1023.26	800.87
1023.43	770.56
1023.59	746.80
1023.75	783.87
1023.91	747.21
1024.07	765.03
1024.24	760.52
1024.40	761.55
1024.56	718.54
1024.72	736.77
1024.88	733.90
1025.04	731.44
1025.21	721.00
1025.37	714.24
1025.53	719.97
1025.69	685.77
1025.85	707.48
1026.01	698.88
1026.18	700.52
1026.34	693.35
1026.50	694.78
1026.66	666.73
1026.82	667.55
1026.98	674.51
1027.14	662.84
1027.31	625.97
1027.47	666.32
1027.63	655.46
1027.79	651.16
1027.95	636.62
1028.11	623.11
1028.27	611.23
1028.44	624.54
1028.60	655.67
1028.76	618.60
1028.92	617.99
1029.08	619.83
1029.24	598.73
1029.40	593.00
1029.56	598.73
1029.73	589.72
1029.89	610.82
1030.05	567.20
1030.21	564.53
1030.37	538.93
1030.53	570.47
1030.69	574.98
1030.85	556.34
1031.01	557.37
1031.17	559.21
1031.34	558.80
1031.50	543.64
1031.66	534.63
1031.82	532.99
1031.98	512.31
1032.14	545.90
1032.30	511.90
1032.46	516.00
1032.62	506.99
1032.78	506.99
1032.94	502.27
1033.10	517.63
1033.27	487.73
1033.43	503.91
1033.59	487.32
1033.75	509.85
1033.91	486.92
1034.07	484.46
1034.23	466.03
1034.39	467.05
1034.55	453.74
1034.71	488.76
1034.87	458.65
1035.03	458.45
1035.19	462.75
1035.35	453.53
1035.51	457.01
1035.67	457.83
1035.83	443.70
1035.99	451.08
1036.16	435.10
1036.32	470.94
1036.48	448.82
1036.64	424.86
1036.80	419.54
1036.96	413.60
1037.12	418.10
1037.28	405.82
1037.44	397.62
1037.60	407.04
1037.76	399.88
1037.92	412.57
1038.08	391.89
1038.24	387.59
1038.40	386.16
1038.56	381.24
1038.72	394.14
1038.88	381.04
1039.04	385.34
1039.20	361.78
1039.36	377.14
1039.52	352.77
1039.68	363.01
1039.84	367.52
1040.00	376.73
1040.16	349.09
1040.32	360.76
1040.48	334.96
1040.64	336.39
1040.80	349.70
1040.96	330.25
1041.12	335.57
1041.28	337.21
1041.44	322.67
1041.60	349.91
1041.76	313.25
1041.92	342.74
1042.08	327.58
1042.24	327.79
1042.39	312.84
1042.55	300.55
1042.71	305.87
1042.87	327.99
1043.03	302.60
1043.19	293.18
