345.44	-14.04
345.66	-14.04
345.88	-14.04
346.10	4.19
346.31	-9.33
346.53	-7.07
346.75	-1.14
346.97	-14.04
347.19	24.46
347.41	13.61
347.63	27.33
347.85	-1.95
348.07	18.32
348.29	10.95
348.51	-3.59
348.73	-2.98
348.95	6.24
349.17	-15.27
349.39	32.04
349.61	33.07
349.83	16.89
350.05	25.90
350.27	33.27
350.49	8.49
350.71	35.93
350.93	23.44
351.15	34.70
351.37	23.24
351.59	28.97
351.80	15.66
352.02	35.52
352.24	28.56
352.46	44.12
352.68	21.60
352.90	41.26
353.12	6.65
353.34	44.12
353.56	9.31
353.78	35.73
354.00	9.10
354.22	12.59
354.44	38.19
354.66	20.98
354.88	18.93
355.09	31.22
355.31	22.42
355.53	25.28
355.75	21.19
355.97	8.49
356.19	13.20
356.41	33.07
356.63	8.90
356.85	22.62
357.07	23.64
357.29	2.55
357.50	7.88
357.72	26.72
357.94	17.91
358.16	27.95
358.38	20.78
358.60	27.13
358.82	7.47
359.04	19.96
359.26	4.80
359.48	26.72
359.69	36.96
359.91	26.51
360.13	-0.73
360.35	22.83
360.57	5.62
360.79	21.80
361.01	2.14
361.23	89.59
361.45	33.47
361.66	42.69
361.88	21.19
362.10	19.14
362.32	10.13
362.54	20.16
362.76	6.44
362.98	35.11
363.20	34.91
363.41	18.32
363.63	32.04
363.85	29.17
364.07	26.51
364.29	-1.95
364.51	14.84
364.73	42.69
364.94	18.12
365.16	20.16
365.38	7.06
365.60	32.86
365.82	16.89
366.04	30.40
366.26	27.33
366.47	34.70
366.69	11.36
366.91	17.91
367.13	20.57
367.35	13.40
367.57	49.04
367.79	43.51
368.00	12.18
368.22	44.53
368.44	23.24
368.66	3.37
368.88	20.57
369.10	39.21
369.31	33.68
369.53	34.91
369.75	32.86
369.97	21.80
370.19	24.05
370.41	39.41
370.62	23.85
370.84	34.50
371.06	22.01
371.28	17.50
371.50	31.63
371.71	28.97
371.93	17.30
372.15	37.37
372.37	25.08
372.59	22.83
372.80	25.49
373.02	46.38
373.24	36.34
373.46	39.21
373.68	23.24
373.90	45.15
374.11	1.32
374.33	14.22
374.55	18.93
374.77	31.63
374.98	19.14
375.20	44.74
375.42	6.24
375.64	9.92
375.86	-2.98
376.07	19.96
376.29	12.59
376.51	49.04
376.73	0.09
376.95	14.22
377.16	19.14
377.38	33.07
377.60	32.66
377.82	19.55
378.03	27.33
378.25	25.28
378.47	16.48
378.69	37.98
378.91	19.96
379.12	41.46
379.34	21.80
379.56	33.88
379.78	19.14
379.99	41.67
380.21	42.28
380.43	19.75
380.65	2.76
380.86	45.15
381.08	26.92
381.30	27.33
381.52	27.74
381.73	30.81
381.95	12.79
382.17	26.72
382.39	12.59
382.60	10.13
382.82	47.40
383.04	15.25
383.26	14.43
383.47	15.66
383.69	13.40
383.91	28.56
384.13	16.68
384.34	44.12
384.56	25.49
384.78	26.72
385.00	41.05
385.21	21.60
385.43	47.20
385.65	19.75
385.86	34.91
386.08	26.92
386.30	35.32
386.52	26.92
386.73	32.66
386.95	24.87
387.17	26.31
387.38	13.00
387.60	32.04
387.82	14.02
388.04	21.19
388.25	40.03
388.47	17.71
388.69	26.92
388.90	17.50
389.12	36.34
389.34	27.33
389.56	10.74
389.77	20.57
389.99	16.68
390.21	38.59
390.42	25.49
390.64	17.09
390.86	45.76
391.07	22.21
391.29	24.67
391.51	7.06
391.72	11.77
391.94	44.94
392.16	17.91
392.38	27.74
392.59	25.90
392.81	38.39
393.03	8.90
393.24	14.02
393.46	28.76
393.68	23.85
393.89	20.57
394.11	26.10
394.33	12.79
394.54	36.96
394.76	15.86
394.98	19.14
395.19	29.58
395.41	38.80
395.63	41.46
395.84	22.01
396.06	44.53
396.28	32.66
396.49	57.03
396.71	49.65
396.93	30.81
397.14	43.71
397.36	6.03
397.57	6.85
397.79	13.20
398.01	27.13
398.22	31.02
398.44	32.86
398.66	38.39
398.87	56.00
399.09	43.10
399.31	13.20
399.52	7.06
399.74	30.40
399.96	41.05
400.17	29.17
400.39	37.16
400.60	32.25
400.82	26.72
401.04	54.36
401.25	40.03
401.47	22.83
401.69	19.96
401.90	39.21
402.12	35.93
402.33	34.09
402.55	25.90
402.77	7.26
402.98	49.45
403.20	46.79
403.41	35.93
403.63	1.32
403.85	41.26
404.06	27.33
404.28	3.37
404.49	19.14
404.71	15.04
404.93	35.32
405.14	23.24
405.36	35.32
405.57	23.44
405.79	42.28
406.01	17.09
406.22	41.67
406.44	14.63
406.65	36.96
406.87	29.99
407.09	30.61
407.30	52.93
407.52	30.20
407.73	39.00
407.95	31.22
408.17	64.81
408.38	45.35
408.60	32.86
408.81	33.27
409.03	30.61
409.24	24.87
409.46	31.22
409.68	27.13
409.89	21.60
410.11	58.66
410.32	37.16
410.54	37.57
410.75	44.53
410.97	38.59
411.18	44.33
411.40	50.06
411.62	38.19
411.83	23.03
412.05	41.26
412.26	58.05
412.48	49.65
412.69	55.39
412.91	37.37
413.12	30.20
413.34	34.91
413.56	56.41
413.77	38.80
413.99	37.57
414.20	53.95
414.42	40.03
414.63	38.19
414.85	30.81
415.06	30.61
415.28	24.67
415.49	44.74
415.71	47.61
415.92	54.57
416.14	65.63
416.35	49.65
416.57	38.59
416.79	34.50
417.00	22.01
417.22	37.78
417.43	15.66
417.65	57.03
417.86	57.85
418.08	41.87
418.29	40.44
418.51	49.65
418.72	54.98
418.94	53.34
419.15	21.19
419.37	37.98
419.58	44.74
419.80	62.56
420.01	54.16
420.23	26.72
420.44	53.34
420.66	28.15
420.87	50.06
421.09	61.74
421.30	50.68
421.52	36.96
421.73	39.21
421.95	59.89
422.16	43.31
422.38	54.57
422.59	47.81
422.81	63.17
423.02	57.85
423.23	51.70
423.45	62.35
423.66	43.51
423.88	30.81
424.09	40.03
424.31	64.19
424.52	31.84
424.74	23.03
424.95	42.69
425.17	44.94
425.38	46.99
425.60	65.42
425.81	74.43
426.03	62.35
426.24	67.88
426.45	53.95
426.67	104.33
426.88	44.12
427.10	67.88
427.31	60.51
427.53	56.62
427.74	53.55
427.96	55.80
428.17	65.22
428.39	77.30
428.60	74.84
428.81	60.92
429.03	41.87
429.24	59.69
429.46	72.18
429.67	85.90
429.89	59.48
430.10	53.75
430.31	53.14
430.53	80.17
430.74	66.45
430.96	73.00
431.17	56.62
431.39	78.12
431.60	64.60
431.81	65.22
432.03	74.64
432.24	74.84
432.46	52.93
432.67	51.29
432.89	60.92
433.10	58.46
433.31	76.69
433.53	59.69
433.74	60.51
433.96	94.50
434.17	70.54
434.38	53.55
434.60	81.40
434.81	76.07
435.03	76.69
435.24	100.65
435.45	72.18
435.67	94.09
435.88	88.97
436.10	72.18
436.31	68.50
436.52	105.77
436.74	77.51
436.95	69.31
437.17	71.57
437.38	78.94
437.59	87.75
437.81	83.86
438.02	94.50
438.23	94.09
438.45	86.72
438.66	93.69
438.88	65.42
439.09	73.00
439.30	94.09
439.52	69.11
439.73	77.30
439.94	85.08
440.16	112.12
440.37	103.31
440.58	86.31
440.80	96.55
441.01	105.15
441.23	103.93
441.44	85.90
441.65	91.43
441.87	115.39
442.08	83.04
442.29	103.11
442.51	93.69
442.72	89.38
442.93	110.89
443.15	108.64
443.36	103.72
443.57	104.33
443.79	119.08
444.00	112.32
444.21	91.84
444.43	116.21
444.64	112.53
444.85	113.55
445.07	93.28
445.28	125.43
445.49	124.20
445.71	116.21
445.92	99.21
446.13	102.70
446.35	87.54
446.56	102.90
446.77	113.55
446.99	119.90
447.20	136.69
447.41	127.68
447.63	128.91
447.84	105.97
448.05	125.63
448.27	130.34
448.48	139.56
448.69	125.63
448.90	136.69
449.12	147.14
449.33	135.05
449.54	127.89
449.76	160.24
449.97	134.64
450.18	141.20
450.40	136.69
450.61	149.59
450.82	121.95
451.03	136.69
451.25	150.21
451.46	155.33
451.67	138.74
451.89	179.70
452.10	129.12
452.31	156.76
452.52	158.20
452.74	146.11
452.95	150.41
453.16	173.56
453.38	156.97
453.59	162.70
453.80	131.16
454.01	152.05
454.23	129.32
454.44	182.36
454.65	138.95
454.86	165.77
455.08	165.57
455.29	176.83
455.50	155.74
455.71	160.24
455.93	181.13
456.14	188.92
456.35	175.60
456.56	160.45
456.78	184.82
456.99	165.77
457.20	170.28
457.41	182.77
457.63	192.81
457.84	205.91
458.05	188.92
458.26	201.00
458.48	186.46
458.69	194.85
458.90	199.57
459.11	226.19
459.33	198.54
459.54	213.29
459.75	192.19
459.96	228.24
460.18	188.30
460.39	211.03
460.60	226.80
460.81	230.08
461.02	228.24
461.24	235.61
461.45	238.07
461.66	241.34
461.87	239.09
462.09	220.45
462.30	220.25
462.51	255.47
462.72	236.22
462.93	220.25
463.15	249.13
463.36	251.99
463.57	257.52
463.78	255.27
463.99	233.36
464.21	271.45
464.42	272.47
464.63	257.52
464.84	284.97
465.05	285.78
465.27	271.04
465.48	291.11
465.69	285.17
465.90	298.89
466.11	291.93
466.33	299.10
466.54	312.61
466.75	297.05
466.96	287.83
467.17	324.49
467.38	313.43
467.60	293.98
467.81	330.43
468.02	303.81
468.23	322.65
468.44	321.83
468.65	326.74
468.87	336.98
469.08	327.15
469.29	345.59
469.50	339.44
469.71	340.06
469.92	344.36
470.14	366.47
470.35	367.91
470.56	359.31
470.77	395.56
470.98	357.46
471.19	394.12
471.41	371.19
471.62	371.80
471.83	400.68
472.04	409.48
472.25	389.82
472.46	430.58
472.67	410.30
472.89	428.94
473.10	438.56
473.31	406.82
473.52	453.10
473.73	446.96
473.94	422.79
474.15	465.39
474.37	472.56
474.58	464.78
474.79	462.52
475.00	472.97
475.21	521.10
475.42	475.02
475.63	529.70
475.84	517.61
476.06	511.27
476.27	520.28
476.48	539.94
476.69	517.82
476.90	533.38
477.11	565.33
477.32	539.53
477.53	543.21
477.74	584.38
477.96	563.90
478.17	577.21
478.38	614.89
478.59	578.64
478.80	590.32
479.01	610.80
479.22	615.30
479.43	630.46
479.64	641.11
479.85	615.10
480.06	643.77
480.28	643.16
480.49	638.24
480.70	676.74
480.91	671.01
481.12	688.21
481.33	673.47
481.54	688.42
481.75	705.21
481.96	714.63
482.17	717.50
482.38	752.72
482.59	700.50
482.81	742.69
483.02	719.95
483.23	756.82
483.44	761.73
483.65	769.92
483.86	792.25
484.07	804.74
484.28	800.23
484.49	817.44
484.70	797.37
484.91	828.50
485.12	808.84
485.33	818.05
485.54	825.22
485.75	883.59
485.96	838.33
486.17	906.32
486.38	895.06
486.60	896.69
486.81	889.32
487.02	928.85
487.23	925.57
487.44	936.42
487.65	928.03
487.86	944.21
488.07	961.41
488.28	963.05
488.49	946.87
488.70	996.84
488.91	988.03
489.12	966.73
489.33	960.59
489.54	988.03
489.75	1005.85
489.96	1021.82
490.17	1035.55
490.38	1043.94
490.59	1028.79
490.80	1060.12
491.01	1048.65
491.22	1065.04
491.43	1064.22
491.64	1119.51
491.85	1097.39
492.06	1078.14
492.27	1123.20
492.48	1137.33
492.69	1134.46
492.90	1154.53
493.11	1136.72
493.32	1118.69
493.53	1123.81
493.74	1189.35
493.95	1186.07
494.16	1205.12
494.37	1164.77
494.58	1224.78
494.79	1209.62
495.00	1198.56
495.21	1223.14
495.42	1236.04
495.63	1234.20
495.84	1238.50
496.05	1250.58
496.26	1238.29
496.47	1257.96
496.68	1301.78
496.89	1268.81
497.10	1312.64
497.31	1318.78
497.52	1308.13
497.73	1299.53
497.94	1345.20
498.15	1341.51
498.36	1350.32
498.57	1387.80
498.78	1346.22
498.99	1366.91
499.19	1362.61
499.40	1377.15
499.61	1413.40
499.82	1401.93
500.03	1440.63
500.24	1435.92
500.45	1419.13
500.66	1446.57
500.87	1416.47
501.08	1449.85
501.29	1489.17
501.50	1472.58
501.71	1466.03
501.92	1484.46
502.13	1502.28
502.34	1508.22
502.55	1514.98
502.76	1551.84
502.96	1564.33
503.17	1556.75
503.38	1558.60
503.59	1553.48
503.80	1579.49
504.01	1589.93
504.22	1590.75
504.43	1606.52
504.64	1635.60
504.85	1616.35
505.06	1622.08
505.27	1612.66
505.47	1611.64
505.68	1671.44
505.89	1685.37
506.10	1662.02
506.31	1667.14
506.52	1695.20
506.73	1733.29
506.94	1717.52
507.15	1677.99
507.36	1752.34
507.56	1737.18
507.77	1732.88
507.98	1758.27
508.19	1767.49
508.40	1763.39
508.61	1789.20
508.82	1801.69
509.03	1807.43
509.24	1830.98
509.44	1805.38
509.65	1823.40
509.86	1864.56
510.07	1859.24
510.28	1870.91
510.49	1884.84
510.70	1862.72
510.91	1881.56
511.11	1882.38
511.32	1938.70
511.53	1953.04
511.74	1953.86
511.95	1950.17
512.16	1942.80
512.37	1940.34
512.58	1975.15
512.78	2001.37
512.99	2047.24
513.20	2002.39
513.41	2034.14
513.62	1973.93
513.83	2042.53
514.04	2063.83
514.24	2052.98
514.45	2059.53
514.66	2094.55
514.87	2080.83
515.08	2067.52
515.29	2079.40
515.49	2096.80
515.70	2140.43
515.91	2117.69
516.12	2123.43
516.33	2163.77
516.54	2175.04
516.74	2189.37
516.95	2203.09
517.16	2195.11
517.37	2201.05
517.58	2191.62
517.79	2244.26
517.99	2229.72
518.20	2245.49
518.41	2296.48
518.62	2261.87
518.83	2283.99
519.03	2309.79
519.24	2304.26
519.45	2333.96
519.66	2291.97
519.87	2327.40
520.07	2361.81
520.28	2356.28
520.49	2323.10
520.70	2365.70
520.91	2354.44
521.12	2418.33
521.32	2423.86
521.53	2418.33
521.74	2436.15
521.95	2409.12
522.15	2444.14
522.36	2437.59
522.57	2467.08
522.78	2470.97
522.99	2511.31
523.19	2494.52
523.40	2493.70
523.61	2520.73
523.82	2554.11
524.03	2543.67
524.23	2578.69
524.44	2577.26
524.65	2596.92
524.86	2565.79
525.06	2614.12
525.27	2587.09
525.48	2612.89
525.69	2597.74
525.89	2646.89
526.10	2635.62
526.31	2681.50
526.52	2614.12
526.72	2681.29
526.93	2661.63
527.14	2712.22
527.35	2749.70
527.56	2697.47
527.76	2704.03
527.97	2729.01
528.18	2770.99
528.38	2787.38
528.59	2760.35
528.80	2773.45
529.01	2752.77
529.21	2805.40
529.42	2817.07
529.63	2817.69
529.84	2850.46
530.04	2832.23
530.25	2839.40
530.46	2893.05
530.67	2857.62
530.87	2879.13
531.08	2931.15
531.29	2922.95
531.50	2934.83
531.70	2928.48
531.91	2924.59
532.12	2961.87
532.32	3006.92
532.53	2997.70
532.74	2965.55
532.95	2988.08
533.15	2999.34
533.36	2987.06
533.57	3056.89
533.77	2973.33
533.98	3036.82
534.19	3081.26
534.39	3082.90
534.60	3062.01
534.81	3065.49
535.02	3126.32
535.22	3141.88
535.43	3113.42
535.64	3104.40
535.84	3178.13
536.05	3162.98
536.26	3180.18
536.46	3191.24
536.67	3223.39
536.88	3212.74
537.08	3237.11
537.29	3239.16
537.50	3256.77
537.70	3271.52
537.91	3264.15
538.12	3263.33
538.33	3324.15
538.53	3248.38
538.74	3319.85
538.95	3326.81
539.15	3355.49
539.36	3318.01
539.57	3329.48
539.77	3372.07
539.98	3402.18
540.18	3394.19
540.39	3425.94
540.60	3439.86
540.80	3423.48
541.01	3456.45
541.22	3471.60
541.42	3471.40
541.63	3480.21
541.84	3504.58
542.04	3465.67
542.25	3549.43
542.46	3557.62
542.66	3566.43
542.87	3547.38
543.08	3564.38
543.28	3637.90
543.49	3571.55
543.69	3620.29
543.90	3582.40
544.11	3641.79
544.31	3681.11
544.52	3689.30
544.73	3675.99
544.93	3686.03
545.14	3724.32
545.34	3691.35
545.55	3729.44
545.76	3774.70
545.96	3726.78
546.17	3762.01
546.38	3748.29
546.58	3753.41
546.79	3757.50
546.99	3785.97
547.20	3793.14
547.41	3846.59
547.61	3804.20
547.82	3856.01
548.02	3844.95
548.23	3834.30
548.44	3859.08
548.64	3862.36
548.85	3887.14
549.05	3898.61
549.26	3911.51
549.47	3918.06
549.67	3975.20
549.88	3981.14
550.08	3974.79
550.29	3971.72
550.50	3970.90
550.70	3983.19
550.91	4028.65
551.11	4010.43
551.32	4030.70
551.52	4075.55
551.73	4085.38
551.94	4039.10
552.14	4096.03
552.35	4112.21
552.55	4072.48
552.76	4147.43
552.96	4104.63
553.17	4126.95
553.38	4155.22
553.58	4131.67
553.79	4173.65
553.99	4183.07
554.20	4207.44
554.40	4206.21
554.61	4219.32
554.81	4180.00
555.02	4218.91
555.23	4306.97
555.43	4224.64
555.64	4205.60
555.84	4298.78
556.05	4345.88
556.25	4267.04
556.46	4279.94
556.66	4354.89
556.87	4278.71
557.07	4323.36
557.28	4336.26
557.48	4361.24
557.69	4299.19
557.90	4332.98
558.10	4330.11
558.31	4406.09
558.51	4383.16
558.72	4441.52
558.92	4382.34
559.13	4420.22
559.33	4458.32
559.54	4408.35
559.74	4403.02
559.95	4443.98
560.15	4440.70
560.36	4427.80
560.56	4451.56
560.77	4479.82
560.97	4455.86
561.18	4487.60
561.38	4479.82
561.59	4466.30
561.79	4562.15
562.00	4510.33
562.20	4561.74
562.41	4542.08
562.61	4548.02
562.82	4541.67
563.02	4613.55
563.23	4509.72
563.43	4547.40
563.64	4533.07
563.84	4614.17
564.05	4591.64
564.25	4617.85
564.46	4545.56
564.66	4593.89
564.87	4598.40
565.07	4636.28
565.28	4641.40
565.48	4649.39
565.68	4655.13
565.89	4627.27
566.09	4606.38
566.30	4616.62
566.50	4668.23
566.71	4689.12
566.91	4611.09
567.12	4639.15
567.32	4666.39
567.53	4669.46
567.73	4652.26
567.94	4681.14
568.14	4689.33
568.34	4668.85
568.55	4674.79
568.75	4676.22
568.96	4691.78
569.16	4686.46
569.37	4696.50
569.57	4729.88
569.78	4673.76
569.98	4724.14
570.18	4671.51
570.39	4750.77
570.59	4700.59
570.80	4695.47
571.00	4683.39
571.21	4670.28
571.41	4737.25
571.61	4690.35
571.82	4702.23
572.02	4680.52
572.23	4656.56
572.43	4710.63
572.64	4725.58
572.84	4748.92
573.04	4776.57
573.25	4700.59
573.45	4684.82
573.66	4646.73
573.86	4650.01
574.06	4665.37
574.27	4654.72
574.47	4724.55
574.68	4686.66
574.88	4723.12
575.08	4690.15
575.29	4657.99
575.49	4703.66
575.70	4668.23
575.90	4645.91
576.10	4644.68
576.31	4655.33
576.51	4653.08
576.72	4631.57
576.92	4670.08
577.12	4616.42
577.33	4617.03
577.53	4637.10
577.73	4627.89
577.94	4640.18
578.14	4626.66
578.35	4637.51
578.55	4631.57
578.75	4611.30
578.96	4563.38
579.16	4592.87
579.36	4581.40
579.57	4588.16
579.77	4575.05
579.98	4561.74
580.18	4569.11
580.38	4549.45
580.59	4576.07
580.79	4587.75
580.99	4514.43
581.20	4515.86
581.40	4545.56
581.60	4479.41
581.81	4543.92
582.01	4444.59
582.21	4486.37
582.42	4435.99
582.62	4481.87
582.82	4435.99
583.03	4428.83
583.23	4422.27
583.43	4417.77
583.64	4376.60
583.84	4435.58
584.04	4386.02
584.25	4335.44
584.45	4379.88
584.65	4374.55
584.86	4295.09
585.06	4322.33
585.26	4286.29
585.47	4260.07
585.67	4286.70
585.87	4237.34
586.08	4282.40
586.28	4216.25
586.48	4184.91
586.69	4207.44
586.89	4185.73
587.09	4183.27
587.30	4179.18
587.50	4132.07
587.70	4104.84
587.90	4133.51
588.11	4084.36
588.31	4086.41
588.51	4066.54
588.72	4017.18
588.92	4058.35
589.12	3978.89
589.33	3963.73
589.53	3985.24
589.73	3925.23
589.93	3952.06
590.14	3924.41
590.34	3865.63
590.54	3864.61
590.75	3830.20
590.95	3827.75
591.15	3820.58
591.35	3813.41
591.56	3812.59
591.76	3754.63
591.96	3741.53
592.16	3774.29
592.37	3728.62
592.57	3669.44
592.77	3659.81
592.97	3698.72
593.18	3635.24
593.38	3603.70
593.58	3588.34
593.79	3579.74
593.99	3590.18
594.19	3539.60
594.39	3545.13
594.60	3503.55
594.80	3480.82
595.00	3442.11
595.20	3443.34
595.41	3442.32
595.61	3396.24
595.81	3395.63
596.01	3389.07
596.21	3427.37
596.42	3304.90
596.62	3305.92
596.82	3337.87
597.02	3298.14
597.23	3268.45
597.43	3224.82
597.63	3221.96
597.83	3211.92
598.04	3160.11
598.24	3184.68
598.44	3167.07
598.64	3109.11
598.84	3081.06
599.05	3102.97
599.25	3111.57
599.45	3064.06
599.65	3060.78
599.85	3042.35
600.06	3015.73
600.26	2979.27
600.46	2954.29
600.66	2979.68
600.87	2972.51
601.07	2920.50
601.27	2888.55
601.47	2891.42
601.67	2894.28
601.87	2883.63
602.08	2853.94
602.28	2861.52
602.48	2832.64
602.68	2785.74
602.88	2817.07
603.09	2765.67
603.29	2768.74
603.49	2724.51
603.69	2691.53
603.89	2666.14
604.10	2689.90
604.30	2705.05
604.50	2664.91
604.70	2636.85
604.90	2623.95
605.10	2655.90
605.31	2609.82
605.51	2624.77
605.71	2607.16
605.91	2557.80
606.11	2526.26
606.31	2541.01
606.52	2532.61
606.72	2517.05
606.92	2527.70
607.12	2513.97
607.32	2507.22
607.52	2491.04
607.72	2465.64
607.93	2451.92
608.13	2459.50
608.33	2437.18
608.53	2425.50
608.73	2421.41
608.93	2436.97
609.13	2414.85
609.34	2411.78
609.54	2426.12
609.74	2421.00
609.94	2370.21
610.14	2374.71
610.34	2390.89
610.54	2397.45
610.74	2348.50
610.95	2367.34
611.15	2369.59
611.35	2335.60
611.55	2313.89
611.75	2314.91
611.95	2320.85
612.15	2335.39
612.35	2339.28
612.56	2303.44
612.76	2337.44
612.96	2280.71
613.16	2306.31
613.36	2320.24
613.56	2346.04
613.76	2311.43
613.96	2306.93
614.16	2291.97
614.36	2268.01
614.57	2286.85
614.77	2277.43
614.97	2266.99
615.17	2306.31
615.37	2303.85
615.57	2271.29
615.77	2248.76
615.97	2263.71
616.17	2269.65
616.37	2281.12
616.57	2292.79
616.78	2259.62
616.98	2283.58
617.18	2251.02
617.38	2272.31
617.58	2231.15
617.78	2305.90
617.98	2282.35
618.18	2284.60
618.38	2279.48
618.58	2281.33
618.78	2297.71
618.98	2297.91
619.18	2261.26
619.38	2259.41
619.58	2254.70
619.79	2306.52
619.99	2270.88
620.19	2294.64
620.39	2276.41
620.59	2266.17
620.79	2288.29
620.99	2269.86
621.19	2273.54
621.39	2287.47
621.59	2314.09
621.79	2292.59
621.99	2312.45
622.19	2291.36
622.39	2334.16
622.59	2346.86
622.79	2265.15
622.99	2328.63
623.19	2283.78
623.39	2287.06
623.59	2309.38
623.79	2327.81
623.99	2293.61
624.19	2333.34
624.39	2336.21
624.59	2324.13
624.79	2331.71
624.99	2315.94
625.19	2359.56
625.39	2312.86
625.59	2359.15
625.79	2331.71
625.99	2313.48
626.19	2341.33
626.39	2355.87
626.59	2385.16
626.79	2324.74
626.99	2350.96
627.19	2410.14
627.39	2355.46
627.59	2338.05
627.79	2370.62
627.99	2392.73
628.19	2354.03
628.39	2395.40
628.59	2378.19
628.79	2360.17
628.99	2409.73
629.19	2426.53
629.39	2382.70
629.59	2417.31
629.79	2396.83
629.99	2422.23
630.19	2402.57
630.39	2405.84
630.59	2436.97
630.79	2417.31
630.99	2431.24
631.19	2444.96
631.39	2403.38
631.59	2490.22
631.79	2403.59
631.99	2437.38
632.19	2394.58
632.39	2429.80
632.59	2430.21
632.79	2439.02
632.99	2450.28
633.19	2478.14
633.39	2461.34
633.58	2467.28
633.78	2430.62
633.98	2464.41
634.18	2490.42
634.38	2489.40
634.58	2478.95
634.78	2462.78
634.98	2488.17
635.18	2517.66
635.38	2487.76
635.58	2479.98
635.78	2497.59
635.98	2491.04
636.18	2486.74
636.38	2477.93
636.57	2474.65
636.77	2486.33
636.97	2558.21
637.17	2477.32
637.37	2515.00
637.57	2504.96
637.77	2530.56
637.97	2509.06
638.17	2528.72
638.37	2533.64
638.57	2530.56
638.76	2570.29
638.96	2513.77
639.16	2542.24
639.36	2533.23
639.56	2529.95
639.76	2551.86
639.96	2554.93
640.16	2545.51
640.36	2557.19
640.56	2534.25
640.75	2542.24
640.95	2556.16
641.15	2544.28
641.35	2531.38
641.55	2576.44
641.75	2554.32
641.95	2578.49
642.15	2576.85
642.34	2572.14
642.54	2597.74
642.74	2569.07
642.94	2597.74
643.14	2563.13
643.34	2578.90
643.54	2602.86
643.74	2595.48
643.93	2579.51
644.13	2590.98
644.33	2605.11
644.53	2612.69
644.73	2617.40
644.93	2607.98
645.13	2602.86
645.32	2635.62
645.52	2605.31
645.72	2647.50
645.92	2641.36
646.12	2648.73
646.32	2626.41
646.52	2721.02
646.71	2677.40
646.91	2680.88
647.11	2686.82
647.31	2660.20
647.51	2666.96
647.71	2691.33
647.90	2738.84
648.10	2730.04
648.30	2727.78
648.50	2725.12
648.70	2691.74
648.89	2735.97
649.09	2724.10
649.29	2733.52
649.49	2764.65
649.69	2792.29
649.89	2754.41
650.08	2776.52
650.28	2810.93
650.48	2769.77
650.68	2787.79
650.88	2792.09
651.07	2813.18
651.27	2775.50
651.47	2827.31
651.67	2868.48
651.87	2881.79
652.06	2881.38
652.26	2900.22
652.46	2881.59
652.66	2894.28
652.86	2938.72
653.05	2922.54
653.25	2956.34
653.45	2931.35
653.65	2989.10
653.85	3008.15
654.04	3032.32
654.24	3030.88
654.44	3050.13
654.64	3054.64
654.83	3060.78
655.03	3092.32
655.23	3115.05
655.43	3132.87
655.63	3132.67
655.82	3135.53
656.02	3132.46
656.22	3145.36
656.42	3169.32
656.61	3170.35
656.81	3233.84
657.01	3242.44
657.21	3265.17
657.40	3303.47
657.60	3299.99
657.80	3320.06
658.00	3301.62
658.19	3382.31
658.39	3356.10
658.59	3410.99
658.79	3448.26
658.98	3471.81
659.18	3470.79
659.38	3480.62
659.58	3513.79
659.77	3482.05
659.97	3559.46
660.17	3514.82
660.36	3587.93
660.56	3594.89
660.76	3658.79
660.96	3666.37
661.15	3697.29
661.35	3739.89
661.55	3775.11
661.75	3773.07
661.94	3803.79
662.14	3814.84
662.34	3857.65
662.53	3863.59
662.73	3874.44
662.93	3889.39
663.13	3964.76
663.32	3972.33
663.52	3965.37
663.72	3954.11
663.91	4050.77
664.11	4051.38
664.31	4111.39
664.50	4134.12
664.70	4169.55
664.90	4193.92
665.10	4260.89
665.29	4226.90
665.49	4263.55
665.69	4292.84
665.88	4345.27
666.08	4357.76
666.28	4417.97
666.47	4467.53
666.67	4464.87
666.87	4452.79
667.06	4510.13
667.26	4554.78
667.46	4598.40
667.65	4663.93
667.85	4643.04
668.05	4725.58
668.24	4700.39
668.44	4742.98
668.64	4788.86
668.83	4811.39
669.03	4832.07
669.23	4895.97
669.42	4950.24
669.62	4962.12
669.82	5036.66
670.01	4998.57
670.21	5055.71
670.41	5120.22
670.60	5076.60
670.80	5235.73
671.00	5214.84
671.19	5248.22
671.39	5254.98
671.58	5299.21
671.78	5304.54
671.98	5398.13
672.17	5426.19
672.37	5439.91
672.57	5527.97
672.76	5558.69
672.96	5551.73
673.15	5579.17
673.35	5664.57
673.55	5651.87
673.74	5713.93
673.94	5760.62
674.14	5828.00
674.33	5837.21
674.53	5875.92
674.72	5854.42
674.92	5900.29
675.12	6012.11
675.31	6043.03
675.51	6112.26
675.70	6120.24
675.90	6159.36
676.10	6212.40
676.29	6238.21
676.49	6214.65
676.68	6302.92
676.88	6265.44
677.08	6396.92
677.27	6378.90
677.47	6450.38
677.66	6435.63
677.86	6464.30
678.06	6471.67
678.25	6535.16
678.45	6604.38
678.64	6638.79
678.84	6740.37
679.03	6680.57
679.23	6727.26
679.43	6772.32
679.62	6840.92
679.82	6879.22
680.01	6907.69
680.21	6964.42
680.40	7011.31
680.60	7026.26
680.80	7044.70
680.99	7058.01
681.19	7110.64
681.38	7178.02
681.58	7176.79
681.77	7215.50
681.97	7351.89
682.16	7266.29
682.36	7347.18
682.56	7365.00
682.75	7415.99
682.95	7436.88
683.14	7472.31
683.34	7573.07
683.53	7554.23
683.73	7566.52
683.92	7688.17
684.12	7760.67
684.31	7714.79
684.51	7769.47
684.70	7742.64
684.90	7816.17
685.10	7906.89
685.29	7894.19
685.49	7911.60
685.68	7964.64
685.88	8038.37
686.07	8027.52
686.27	8047.38
686.46	8102.88
686.66	8068.07
686.85	8224.94
687.05	8216.34
687.24	8287.20
687.44	8332.25
687.63	8404.75
687.83	8382.02
688.02	8478.68
688.22	8450.42
688.41	8460.66
688.61	8473.77
688.80	8512.88
689.00	8617.33
689.19	8688.40
689.39	8651.94
689.58	8700.68
689.78	8784.86
689.97	8781.99
690.17	8733.86
690.36	8822.54
690.56	8838.10
690.75	8906.91
690.95	8948.08
691.14	8948.69
691.34	9065.43
691.53	8990.68
691.72	8951.76
691.92	9058.67
692.11	9109.05
692.31	9200.80
692.50	9159.22
692.70	9172.95
692.89	9235.61
693.09	9352.96
693.28	9310.98
693.48	9363.82
693.67	9326.34
693.87	9432.01
694.06	9432.63
694.25	9464.37
694.45	9487.72
694.64	9546.09
694.84	9592.16
695.03	9565.54
695.23	9569.02
695.42	9603.22
695.62	9715.25
695.81	9679.82
696.00	9727.13
696.20	9763.37
696.39	9774.43
696.59	9747.20
696.78	9893.63
696.98	9863.93
697.17	9870.48
697.36	9952.81
697.56	9974.11
697.75	9922.91
697.95	9981.69
698.14	9984.15
698.34	9971.04
698.53	10047.22
698.72	10087.77
698.92	10052.55
699.11	10196.93
699.31	10201.23
699.50	10213.11
699.69	10255.71
699.89	10217.41
700.08	10382.07
700.28	10184.44
700.47	10330.46
700.66	10376.74
700.86	10365.48
701.05	10446.78
701.25	10375.31
701.44	10449.44
701.63	10413.19
701.83	10459.07
702.02	10411.35
702.21	10460.71
702.41	10563.31
702.60	10538.12
702.80	10375.92
702.99	10636.42
703.18	10505.76
703.38	10621.27
703.57	10623.93
703.77	10662.64
703.96	10640.31
704.15	10681.68
704.35	10657.52
704.54	10681.89
704.73	10687.62
704.93	10692.33
705.12	10709.13
705.31	10758.48
705.51	10769.13
705.70	10763.60
705.89	10819.92
706.09	10714.66
706.28	10798.83
706.48	10772.20
706.67	10830.37
706.86	10825.86
707.06	10776.71
707.25	10850.85
707.44	10865.59
707.64	10982.12
707.83	10894.88
708.02	10848.59
708.22	10927.03
708.41	10900.82
708.60	10883.41
708.80	10892.83
708.99	10974.34
709.18	10871.33
709.38	10946.08
709.57	11008.95
709.76	10905.32
709.95	10963.48
710.15	10926.42
710.34	10991.54
710.53	10914.54
710.73	10997.48
710.92	10900.20
711.11	10983.96
711.31	10978.64
711.50	10907.78
711.69	10989.49
711.89	10959.18
712.08	10938.50
712.27	10853.10
712.46	11016.53
712.66	10867.84
712.85	10853.30
713.04	10978.84
713.24	10893.03
713.43	10862.52
713.62	10943.21
713.81	10893.03
714.01	10943.00
714.20	10877.47
714.39	10916.79
714.59	10839.38
714.78	10980.89
714.97	10792.07
715.16	10865.39
715.36	10901.43
715.55	10866.00
715.74	10836.71
715.93	10880.34
716.13	10767.29
716.32	10789.20
716.51	10787.77
716.71	10831.80
716.90	10753.77
717.09	10717.52
717.28	10821.56
717.48	10810.30
717.67	10810.50
717.86	10778.55
718.05	10762.17
718.25	10699.71
718.44	10733.91
718.63	10719.98
718.82	10757.25
719.02	10691.92
719.21	10687.01
719.40	10671.03
719.59	10678.20
719.78	10642.98
719.98	10678.00
720.17	10655.47
720.36	10622.09
720.55	10655.26
720.75	10622.09
720.94	10708.72
721.13	10645.84
721.32	10645.03
721.51	10615.74
721.71	10586.66
721.90	10525.42
722.09	10592.60
722.28	10605.70
722.48	10624.34
722.67	10604.68
722.86	10590.96
723.05	10489.58
723.24	10639.50
723.44	10595.05
723.63	10570.27
723.82	10494.70
724.01	10628.44
724.20	10558.81
724.40	10528.91
724.59	10573.96
724.78	10547.75
724.97	10589.32
725.16	10505.97
725.35	10571.50
725.55	10625.16
725.74	10663.05
725.93	10647.89
726.12	10665.30
726.31	10647.69
726.51	10703.60
726.70	10589.53
726.89	10716.70
727.08	10619.63
727.27	10756.02
727.46	10744.97
727.66	10692.13
727.85	10761.55
728.04	10660.79
728.23	10858.42
728.42	10756.02
728.61	10769.13
728.81	10782.44
729.00	10788.38
729.19	10939.73
729.38	10852.48
729.57	10909.01
729.76	10845.52
729.95	10999.73
730.15	10871.94
730.34	10958.36
730.53	10976.80
730.72	11074.28
730.91	11081.04
731.10	10964.30
731.29	10982.53
731.49	11043.15
731.68	11086.98
731.87	11168.69
732.06	11090.46
732.25	11192.04
732.44	11169.92
732.63	11268.22
732.82	11253.48
733.02	11324.13
733.21	11224.40
733.40	11290.75
733.59	11380.45
733.78	11335.19
733.97	11454.18
734.16	11439.43
734.35	11338.47
734.54	11519.92
734.74	11522.17
734.93	11524.42
735.12	11650.78
735.31	11536.71
735.50	11700.14
735.69	11689.90
735.88	11718.98
736.07	11727.79
736.26	11732.09
736.45	11770.79
736.64	11896.74
736.84	11858.86
737.03	11997.71
737.22	11895.72
737.41	11926.85
737.60	11887.53
737.79	12010.00
737.98	12071.64
738.17	12075.74
738.36	12132.87
738.55	12183.25
738.74	12182.84
738.93	12231.18
739.12	12272.96
739.32	12276.64
739.51	12337.47
739.70	12442.94
739.89	12417.34
740.08	12460.55
740.27	12467.72
740.46	12484.10
740.65	12596.12
740.84	12617.22
741.03	12637.29
741.22	12679.48
741.41	12682.14
741.60	12722.07
741.79	12716.75
741.98	12766.72
742.17	12858.06
742.36	12884.48
742.55	12964.76
742.74	12969.47
742.93	13125.32
743.12	12990.97
743.31	13119.79
743.51	13188.81
743.70	13138.63
743.89	13291.21
744.08	13162.18
744.27	13338.51
744.46	13341.59
744.65	13326.23
744.84	13453.40
745.03	13515.87
745.22	13492.73
745.41	13496.41
745.60	13594.71
745.79	13547.61
745.98	13534.71
746.17	13600.86
746.36	13789.89
746.55	13702.85
746.74	13851.94
746.93	13882.04
747.12	13840.47
747.31	13967.44
747.50	13973.18
747.69	14003.49
747.88	14109.37
748.07	14056.33
748.26	14201.53
748.45	14231.22
748.64	14279.76
748.83	14288.36
749.02	14228.56
749.21	14330.96
749.40	14294.10
749.59	14347.75
749.77	14532.07
749.96	14454.45
750.15	14516.10
750.34	14672.77
750.53	14541.49
750.72	14564.22
750.91	14637.54
751.10	14724.78
751.29	14683.62
751.48	14822.06
751.67	14763.90
751.86	14844.38
752.05	14854.01
752.24	14828.00
752.43	14905.00
752.62	14906.44
752.81	14913.20
753.00	14898.25
753.19	14908.28
753.38	14967.26
753.57	15049.18
753.76	15068.02
753.94	15073.14
754.13	15259.51
754.32	15275.28
754.51	15182.71
754.70	15294.32
754.89	15361.29
755.08	15176.98
755.27	15360.47
755.46	15460.00
755.65	15333.85
755.84	15442.60
756.03	15494.82
756.22	15604.39
756.40	15536.19
756.59	15617.49
756.78	15591.07
756.97	15641.66
757.16	15595.58
757.35	15779.28
757.54	15659.89
757.73	15775.39
757.92	15617.49
758.11	15718.25
758.29	15815.74
758.48	15920.80
758.67	15813.07
758.86	15751.64
759.05	15880.25
759.24	15884.14
759.43	16043.47
759.62	15870.83
759.81	16069.48
759.99	16004.97
760.18	15931.65
760.37	16144.64
760.56	16048.39
760.75	16098.77
760.94	16093.03
761.13	16124.78
761.32	16222.67
761.50	16138.09
761.69	16224.10
761.88	16197.07
762.07	16089.75
762.26	16272.02
762.45	16240.08
762.64	16319.95
762.82	16318.51
763.01	16467.20
763.20	16419.27
763.39	16301.92
763.58	16454.50
763.77	16381.39
763.96	16486.86
764.14	16360.09
764.33	16376.47
764.52	16386.10
764.71	16486.65
764.90	16631.44
765.09	16535.80
765.27	16527.00
765.46	16520.65
765.65	16575.74
765.84	16604.61
766.03	16623.05
766.22	16551.78
766.40	16604.00
766.59	16626.32
766.78	16679.16
766.97	16643.53
767.16	16662.98
767.35	16633.49
767.53	16612.19
767.72	16651.92
767.91	16689.40
768.10	16758.42
768.29	16863.48
768.47	16838.49
768.66	16804.70
768.85	16725.03
769.04	16727.90
769.23	16764.15
769.41	16684.08
769.60	16747.77
769.79	16677.93
769.98	16711.93
770.17	16866.96
770.35	16745.31
770.54	16867.16
770.73	16922.87
770.92	16913.65
771.10	16962.39
771.29	16927.37
771.48	17042.88
771.67	16989.63
771.86	16899.32
772.04	16996.39
772.23	16948.67
772.42	16931.06
772.61	16863.07
772.79	16857.95
772.98	16938.64
773.17	17022.81
773.36	16943.14
773.54	17055.58
773.73	16983.69
773.92	17086.50
774.11	16999.26
774.30	17016.26
774.48	16986.36
774.67	16902.59
774.86	17100.84
775.05	17053.73
775.23	16964.65
775.42	16925.12
775.61	17201.39
775.79	16999.46
775.98	17112.92
776.17	16947.44
776.36	17119.06
776.54	17272.66
776.73	17192.59
776.92	16976.93
777.11	17023.63
777.29	17093.46
777.48	17055.17
777.67	17053.73
777.85	17139.75
778.04	17122.96
778.23	17090.60
778.42	17214.70
778.60	17146.92
778.79	17227.20
778.98	17107.39
779.16	17085.68
779.35	17179.07
779.54	17223.72
779.73	17062.34
779.91	17160.84
780.10	17232.32
780.29	17225.76
780.47	17131.56
780.66	17295.39
780.85	17125.41
781.03	17194.02
781.22	17181.53
781.41	17090.19
781.60	17111.69
781.78	17230.06
781.97	17226.38
782.16	17178.45
782.34	17209.99
782.53	17150.19
782.72	17168.62
782.90	17199.75
783.09	17311.16
783.28	17439.37
783.46	17224.12
783.65	17202.62
783.84	17287.41
784.02	17385.50
784.21	17353.35
784.40	17280.24
784.58	17385.50
784.77	17307.89
784.96	17272.46
785.14	17397.38
785.33	17325.29
785.52	17215.11
785.70	17283.72
785.89	17362.16
786.08	17335.53
786.26	17502.24
786.45	17200.16
786.63	17420.73
786.82	17317.92
787.01	17366.66
787.19	17397.38
787.38	17613.44
787.57	17481.14
787.75	17485.04
787.94	17472.13
788.13	17544.43
788.31	17626.35
788.50	17531.93
788.68	17521.28
788.87	17781.17
789.06	17652.15
789.24	17635.77
789.43	17822.95
789.61	17792.64
789.80	17706.63
789.99	17745.13
790.17	17828.07
790.36	17824.18
790.55	17985.56
790.73	17824.79
790.92	18006.86
791.10	17988.84
791.29	18030.41
791.48	18037.37
791.66	18205.51
791.85	18092.05
792.03	18257.94
792.22	18388.60
792.40	18331.67
792.59	18330.23
792.78	18388.19
792.96	18348.46
793.15	18426.08
793.33	18550.59
793.52	18599.54
793.71	18767.06
793.89	18689.04
794.08	18815.40
794.26	18658.52
794.45	18757.64
794.63	18651.35
794.82	18903.66
795.01	19023.88
795.19	18901.41
795.38	18980.05
795.56	19092.28
795.75	19206.56
795.93	19202.67
796.12	19298.72
796.30	19200.41
796.49	19370.60
796.68	19265.74
796.86	19408.49
797.05	19505.56
797.23	19544.06
797.42	19508.63
797.60	19657.32
797.79	19594.44
797.97	19676.36
798.16	19685.78
798.34	19729.00
798.53	19840.61
798.71	19835.69
798.90	19867.23
799.08	19781.63
799.27	20099.47
799.46	19806.20
799.64	19900.82
799.83	20026.77
800.01	20032.50
800.20	20011.61
800.38	19949.97
800.57	20200.23
800.75	20090.05
800.94	20272.32
801.12	20261.06
801.31	20245.70
801.49	20278.06
801.68	20303.45
801.86	20248.97
802.05	20447.01
802.23	20371.44
802.42	20372.26
802.60	20490.02
802.79	20364.07
802.97	20546.34
803.16	20461.96
803.34	20705.26
803.53	20522.17
803.71	20606.55
803.90	20645.67
804.08	20617.81
804.27	20749.91
804.45	20643.82
804.63	20508.45
804.82	20559.24
805.00	20638.29
805.19	20840.84
805.37	20700.14
805.56	20810.94
805.74	20831.83
805.93	20708.74
806.11	20791.89
806.30	20776.12
806.48	20682.53
806.67	20812.99
806.85	21060.58
807.04	20835.72
807.22	20782.27
807.40	20740.49
807.59	20844.32
807.77	20922.55
807.96	20855.79
808.14	20976.41
808.33	20798.03
808.51	20811.76
808.69	20861.52
808.88	21045.02
809.06	20884.25
809.25	21013.89
809.43	20870.33
809.62	20812.37
809.80	20918.05
809.99	21128.17
810.17	20830.19
810.35	21063.25
810.54	20873.40
810.72	21008.36
810.91	20940.16
811.09	21054.65
811.27	20921.32
811.46	20896.34
811.64	20964.94
811.83	21101.54
812.01	20944.06
812.19	20893.88
812.38	21019.01
812.56	20968.43
812.75	20903.51
812.93	20892.65
813.11	20840.43
813.30	21081.47
813.48	21029.25
813.67	20904.94
813.85	20954.09
814.03	21028.23
814.22	20922.14
814.40	20873.40
814.59	20892.04
814.77	20912.31
814.95	20828.14
815.14	20809.09
815.32	20891.01
815.50	20999.15
815.69	20844.32
815.87	21039.29
816.06	20806.23
816.24	20872.38
816.42	20839.61
816.61	20811.76
816.79	20917.02
816.97	20877.91
817.16	20817.49
817.34	20764.24
817.52	20838.79
817.71	20868.08
817.89	20730.86
818.07	21040.72
818.26	20812.37
818.44	20844.32
818.63	20849.44
818.81	20738.23
818.99	20657.75
819.18	20829.98
819.36	20697.89
819.54	20612.69
819.73	20741.10
819.91	20726.36
820.09	20809.91
820.28	20776.53
820.46	20771.21
820.64	20688.88
820.83	20607.16
821.01	20515.62
821.19	20686.63
821.37	20568.66
821.56	20622.73
821.74	20590.17
821.92	20658.36
822.11	20793.12
822.29	20610.85
822.47	20539.99
822.66	20789.23
822.84	20752.98
823.02	20864.39
823.21	20673.52
823.39	20686.42
823.57	20720.42
823.75	20625.19
823.94	20714.48
824.12	20675.36
824.30	20618.22
824.49	20708.54
824.67	20641.16
824.85	20616.18
825.03	20573.37
825.22	20642.59
825.40	20519.92
825.58	20595.08
825.77	20550.23
825.95	20518.90
826.13	20611.67
826.31	20477.53
826.50	20538.15
826.68	20470.77
826.86	20448.86
827.04	20416.50
827.23	20446.19
827.41	20503.13
827.59	20438.21
827.78	20469.54
827.96	20347.48
828.14	20405.23
828.32	20494.53
828.51	20293.83
828.69	20341.75
828.87	20384.96
829.05	20365.91
829.23	20293.62
829.42	20272.53
829.60	20373.49
829.78	20279.08
829.96	20196.34
830.15	20360.38
830.33	20301.81
830.51	20300.79
830.69	20180.57
830.88	20147.40
831.06	20256.96
831.24	20168.69
831.42	20204.74
831.60	20172.18
831.79	20176.68
831.97	20356.49
832.15	20246.93
832.33	20353.01
832.52	20236.89
832.70	20257.78
832.88	20360.18
833.06	20286.45
833.24	20246.93
833.43	20176.89
833.61	20179.75
833.79	20282.36
833.97	20324.54
834.15	20231.16
834.34	20200.85
834.52	20146.37
834.70	20067.73
834.88	20135.93
835.06	20287.89
835.25	20175.66
835.43	20179.34
835.61	20177.71
835.79	20143.91
835.97	20060.97
836.15	20130.40
836.34	20082.68
836.52	20063.63
836.70	20283.99
836.88	20027.18
837.06	20166.65
837.24	20043.56
837.43	20107.46
837.61	20015.10
837.79	20139.41
837.97	20005.47
838.15	20027.59
838.33	20129.78
838.52	19967.17
838.70	20047.45
838.88	19875.43
839.06	20107.46
839.24	20088.41
839.42	20028.20
839.60	20006.09
839.79	20004.45
839.97	20079.40
840.15	20130.19
840.33	20049.71
840.51	19946.90
840.69	19912.70
840.87	19884.23
841.06	19890.78
841.24	19894.47
841.42	19904.30
841.60	20002.60
841.78	19965.54
841.96	19889.15
842.14	19879.93
842.32	19854.95
842.51	19842.45
842.69	19809.28
842.87	19829.14
843.05	19921.71
843.23	19917.61
843.41	19918.23
843.59	19680.66
843.77	19905.53
843.95	19858.22
844.14	19807.84
844.32	19736.98
844.50	19838.56
844.68	19917.20
844.86	19878.09
845.04	19721.62
845.22	19809.48
845.40	19727.97
845.58	19758.28
845.76	19644.21
845.94	19636.02
846.12	19742.31
846.31	19738.42
846.49	19773.64
846.67	19702.37
846.85	19695.61
847.03	19687.83
847.21	19812.55
847.39	19560.24
847.57	19601.00
847.75	19725.72
847.93	19655.06
848.11	19525.43
848.29	19636.84
848.47	19646.87
848.65	19664.28
848.83	19638.68
849.02	19700.94
849.20	19621.48
849.38	19631.31
849.56	19754.80
849.74	19632.95
849.92	19521.33
850.10	19641.96
850.28	19668.38
850.46	19590.55
850.64	19632.33
850.82	19557.79
851.00	19531.78
851.18	19540.17
851.36	19586.46
851.54	19489.79
851.72	19455.18
851.90	19581.13
852.08	19458.87
852.26	19419.96
852.44	19410.74
852.62	19528.91
852.80	19593.83
852.98	19473.61
853.16	19614.31
853.34	19477.50
853.52	19394.97
853.70	19451.70
853.88	19494.30
854.06	19453.54
854.24	19511.09
854.42	19480.58
854.60	19516.01
854.78	19460.71
854.96	19446.99
855.14	19441.87
855.32	19407.46
855.50	19447.60
855.68	19429.17
855.86	19369.17
856.04	19367.12
856.22	19426.51
856.40	19417.50
856.58	19378.18
856.76	19236.25
856.94	19385.14
857.12	19306.91
857.30	19284.59
857.48	19264.52
857.66	19459.89
857.84	19335.58
858.02	19316.74
858.20	19368.96
858.38	19315.92
858.56	19281.72
858.74	19389.03
858.92	19288.48
859.10	19239.33
859.28	19289.09
859.46	19273.94
859.64	19327.59
859.81	19331.07
859.99	19090.03
860.17	19210.24
860.35	19174.41
860.53	19044.56
860.71	19219.87
860.89	19121.98
861.07	19141.23
861.25	19124.84
861.43	19177.07
861.61	19173.79
861.79	19051.32
861.97	19109.08
862.15	19073.85
862.33	19183.62
862.50	19192.43
862.68	19100.88
862.86	19097.20
863.04	19225.40
863.22	19272.71
863.40	19133.45
863.58	19141.43
863.76	19001.35
863.94	18883.39
864.12	18954.25
864.30	19115.63
864.47	19094.94
864.65	18933.56
864.83	18916.36
865.01	18837.31
865.19	18931.11
865.37	19019.58
865.55	18873.15
865.73	18885.85
865.91	18879.70
866.09	18862.29
866.26	18844.89
866.44	18892.20
866.62	18950.56
866.80	18935.61
866.98	18779.35
867.16	18754.98
867.34	18893.01
867.52	18815.40
867.69	18639.89
867.87	18771.37
868.05	18614.70
868.23	18590.53
868.41	18602.41
868.59	18585.20
868.77	18600.97
868.94	18513.94
869.12	18591.35
869.30	18524.58
869.48	18484.85
869.66	18563.70
869.84	18502.26
870.02	18431.81
870.19	18595.44
870.37	18413.99
870.55	18378.77
870.73	18438.37
870.91	18487.93
871.09	18449.42
871.26	18460.48
871.44	18338.22
871.62	18395.15
871.80	18451.88
871.98	18311.60
872.16	18465.19
872.33	18238.89
872.51	18211.66
872.69	18130.15
872.87	18144.28
873.05	18160.46
873.22	18124.00
873.40	18013.21
873.58	18117.45
873.76	17940.50
873.94	18071.98
874.12	17826.23
874.29	17827.87
874.47	17933.75
874.65	17922.48
874.83	17775.44
875.01	17720.14
875.18	17814.35
875.36	17976.34
875.54	17812.51
875.72	17710.31
875.89	17896.06
876.07	17725.47
876.25	17763.15
876.43	17809.64
876.61	17657.47
876.78	17770.52
876.96	17763.97
877.14	17741.85
877.32	17789.16
877.49	17709.08
877.67	17902.41
877.85	17667.51
878.03	17759.05
878.21	17748.00
878.38	17668.12
878.56	17792.23
878.74	17736.53
878.92	17729.36
879.09	17734.48
879.27	17809.43
879.45	17778.71
879.63	17708.67
879.80	17870.67
879.98	17873.74
880.16	17844.86
880.34	17953.20
880.51	17728.13
880.69	17902.41
880.87	17911.42
881.05	17847.73
881.22	17992.32
881.40	17873.13
881.58	17829.30
881.75	17887.67
881.93	17974.91
882.11	17933.54
882.29	17958.53
882.46	18067.27
882.64	18054.58
882.82	18060.92
883.00	18139.16
883.17	18269.41
883.35	18233.98
883.53	18212.88
883.70	18300.13
883.88	18346.82
884.06	18230.50
884.23	18256.51
884.41	18455.77
884.59	18417.48
884.77	18454.54
884.94	18664.46
885.12	18655.25
885.30	18576.81
885.47	18612.85
885.65	18580.70
885.83	18635.58
886.00	18639.27
886.18	18583.36
886.36	18731.43
886.53	18595.24
886.71	18793.07
886.89	18784.68
887.07	18732.45
887.24	18931.93
887.42	18953.84
887.60	18891.38
887.77	18826.25
887.95	19056.03
888.13	19099.45
888.30	18906.12
888.48	19101.50
888.66	19268.61
888.83	19086.55
889.01	19200.62
889.18	19279.88
889.36	19256.53
889.54	19233.39
889.71	19364.05
889.89	19277.42
890.07	19363.43
890.24	19328.62
890.42	19393.54
890.60	19325.14
890.77	19539.97
890.95	19369.58
891.13	19434.91
891.30	19578.88
891.48	19486.11
891.65	19612.67
891.83	19576.63
892.01	19590.96
892.18	19592.60
892.36	19560.24
892.54	19588.09
892.71	19668.17
892.89	19557.79
893.06	19611.03
893.24	19656.09
893.42	19546.93
893.59	19815.83
893.77	19676.57
893.94	19726.74
894.12	19592.19
894.30	19766.68
894.47	19704.62
894.65	19878.29
894.82	19782.24
895.00	19758.49
895.18	19732.68
895.35	19759.71
895.53	19798.42
895.70	19827.91
895.88	19916.38
896.06	19871.53
896.23	19823.61
896.41	19906.96
896.58	19881.57
896.76	19773.03
896.93	19877.27
897.11	20035.99
897.29	19858.84
897.46	19872.76
897.64	19858.63
897.81	19852.49
897.99	19870.10
898.16	19921.91
898.34	19763.20
898.52	19810.09
898.69	19877.88
898.87	19920.07
899.04	19842.45
899.22	19973.93
899.39	19869.49
899.57	19753.57
899.74	19910.04
899.92	19827.50
900.10	19801.70
900.27	19838.36
900.45	19829.35
900.62	19846.75
900.80	19859.04
900.97	19854.74
901.15	19743.13
901.32	19727.97
901.50	19816.65
901.67	19799.04
901.85	19549.80
902.02	19792.28
902.20	19664.89
902.37	19721.62
902.55	19678.62
902.72	19730.43
902.90	19673.70
903.07	19602.02
903.25	19704.42
903.43	19551.23
903.60	19578.06
903.78	19486.31
903.95	19414.02
904.13	19454.77
904.30	19261.44
904.48	19366.50
904.65	19365.07
904.83	19449.65
905.00	19301.38
905.17	19197.55
905.35	19146.55
905.52	19152.70
905.70	19153.52
905.87	19151.47
906.05	19245.47
906.22	19053.17
906.40	19098.84
906.57	19024.08
906.75	19147.37
906.92	18989.47
907.10	19051.32
907.27	18861.27
907.45	18852.87
907.62	18894.86
907.80	18817.24
907.97	18684.94
908.15	18679.62
908.32	18667.12
908.49	18672.24
908.67	18610.80
908.84	18583.57
909.02	18515.37
909.19	18653.20
909.37	18610.39
909.54	18544.65
909.72	18462.53
909.89	18605.68
910.07	18572.10
910.24	18530.73
910.41	18439.18
910.59	18430.79
910.76	18325.11
910.94	18242.17
911.11	18231.11
911.29	18145.10
911.46	18163.94
911.63	18102.29
911.81	18075.67
911.98	18083.45
912.16	18019.97
912.33	17941.53
912.50	17826.84
912.68	17960.16
912.85	17745.54
913.03	17855.31
913.20	17853.26
913.38	17630.65
913.55	17624.30
913.72	17540.33
913.90	17555.69
914.07	17506.95
914.25	17533.98
914.42	17322.84
914.59	17371.17
914.77	17343.93
914.94	17254.03
915.11	17213.48
915.29	17357.04
915.46	17158.79
915.64	17234.57
915.81	16915.91
915.98	17067.46
916.16	16989.02
916.33	16885.39
916.51	16878.22
916.68	16768.66
916.85	16857.95
917.03	16760.05
917.20	16698.82
917.37	16704.35
917.55	16534.16
917.72	16647.01
917.89	16516.35
918.07	16524.13
918.24	16546.86
918.42	16447.94
918.59	16320.97
918.76	16298.44
918.94	16156.52
919.11	16254.00
919.28	16169.83
919.46	16048.80
919.63	16096.51
919.80	15884.34
919.98	15923.05
920.15	15888.85
920.32	15838.67
920.50	15819.22
920.67	15783.38
920.84	15671.56
921.02	15759.42
921.19	15653.54
921.36	15500.55
921.54	15575.10
921.71	15550.32
921.88	15388.94
922.06	15468.20
922.23	15407.58
922.40	15307.23
922.57	15321.15
922.75	15248.04
922.92	15284.49
923.09	15117.17
923.27	15147.48
923.44	15104.07
923.61	15017.85
923.79	14972.18
923.96	14927.12
924.13	14896.81
924.30	14730.11
924.48	14739.94
924.65	14703.48
924.82	14767.18
925.00	14695.70
925.17	14598.83
925.34	14597.40
925.51	14540.47
925.69	14456.29
925.86	14393.22
926.03	14346.11
926.21	14249.65
926.38	14249.86
926.55	14321.95
926.72	14133.13
926.90	14179.20
927.07	14178.39
927.24	14009.84
927.41	14026.63
927.59	13921.16
927.76	13963.14
927.93	13781.28
928.10	13730.90
928.28	13750.56
928.45	13673.97
928.62	13656.97
928.79	13552.32
928.97	13556.01
929.14	13510.54
929.31	13516.28
929.48	13545.36
929.66	13370.26
929.83	13281.99
930.00	13374.15
930.17	13312.91
930.34	13166.28
930.52	13138.63
930.69	13102.18
930.86	12979.91
931.03	13059.99
931.21	12887.96
931.38	12906.80
931.55	12867.89
931.72	12672.31
931.89	12725.76
932.07	12684.80
932.24	12675.18
932.41	12632.99
932.58	12471.61
932.75	12484.10
932.93	12452.36
933.10	12342.59
933.27	12225.24
933.44	12125.71
933.61	12132.67
933.79	12064.06
933.96	11940.57
934.13	11967.81
934.30	11876.67
934.47	11803.15
934.65	11700.55
934.82	11596.10
934.99	11592.62
935.16	11393.97
935.33	11215.79
935.50	11194.50
935.68	11203.71
935.85	11109.71
936.02	11049.50
936.19	10960.00
936.36	10892.42
936.53	10659.98
936.71	10697.04
936.88	10666.12
937.05	10536.28
937.22	10362.00
937.39	10272.70
937.56	10291.55
937.74	10163.34
937.91	9983.12
938.08	9958.34
938.25	9871.30
938.42	9856.56
938.59	9802.90
938.76	9670.19
938.94	9577.42
939.11	9533.39
939.28	9437.75
939.45	9311.18
939.62	9215.95
939.79	9210.01
939.96	9102.70
940.13	8998.25
940.31	9029.59
940.48	8943.37
940.65	8826.22
940.82	8851.41
940.99	8720.14
941.16	8781.99
941.33	8652.76
941.50	8556.10
941.67	8529.27
941.85	8532.55
942.02	8393.28
942.19	8429.53
942.36	8355.81
942.53	8392.46
942.70	8319.97
942.87	8151.01
943.04	8226.37
943.21	8124.18
943.38	8149.78
943.56	8165.34
943.73	8121.11
943.90	8150.80
944.07	8075.64
944.24	8048.00
944.41	8030.18
944.58	8024.44
944.75	8016.05
944.92	7953.99
945.09	8008.67
945.26	7907.91
945.43	7980.41
945.60	7946.62
945.78	7868.39
945.95	7838.49
946.12	7828.45
946.29	7786.47
946.46	7857.33
946.63	7869.00
946.80	7922.66
946.97	7828.04
947.14	7888.25
947.31	7847.29
947.48	7849.75
947.65	7788.93
947.82	7921.43
947.99	7839.51
948.16	7746.74
948.33	7794.25
948.50	7745.72
948.67	7838.08
948.84	7724.83
949.01	7856.10
949.18	7694.11
949.35	7860.40
949.52	7758.21
949.69	7720.73
949.86	7764.97
950.03	7783.40
950.20	7703.12
950.38	7765.79
950.55	7800.40
950.72	7767.01
950.89	7716.63
951.06	7689.60
951.23	7701.07
951.40	7695.75
951.57	7759.44
951.74	7727.49
951.91	7730.15
952.08	7653.76
952.25	7639.84
952.42	7671.78
952.59	7681.41
952.76	7648.64
952.92	7683.25
953.09	7715.61
953.26	7712.54
953.43	7711.92
953.60	7691.03
953.77	7613.21
953.94	7728.92
954.11	7689.60
954.28	7690.63
954.45	7619.15
954.62	7616.08
954.79	7547.06
954.96	7573.48
955.13	7587.20
955.30	7585.15
955.47	7568.36
955.64	7574.30
955.81	7542.97
955.98	7617.51
956.15	7552.59
956.32	7504.67
956.49	7522.28
956.66	7485.83
956.83	7527.81
957.00	7591.71
957.17	7533.96
957.33	7452.04
957.50	7468.42
957.67	7466.58
957.84	7441.39
958.01	7466.37
958.18	7380.36
958.35	7431.76
958.52	7396.33
958.69	7400.63
958.86	7411.28
959.03	7348.41
959.20	7315.44
959.37	7307.45
959.53	7343.49
959.70	7329.16
959.87	7238.43
960.04	7329.98
960.21	7260.14
960.38	7256.05
960.55	7255.43
960.72	7271.82
960.89	7209.97
961.06	7216.73
961.23	7187.23
961.39	7174.13
961.56	7180.89
961.73	7127.23
961.90	7149.76
962.07	7070.09
962.24	7110.44
962.41	7028.11
962.58	7097.12
962.75	7026.88
962.91	6984.49
963.08	7083.81
963.25	7018.28
963.42	6983.46
963.59	6979.57
963.76	6925.30
963.93	6888.64
964.09	6871.44
964.26	6942.50
964.43	6902.36
964.60	6864.07
964.77	6857.92
964.94	6841.74
965.11	6876.35
965.27	6782.56
965.44	6786.04
965.61	6780.30
965.78	6713.74
965.95	6751.43
966.12	6677.09
966.29	6696.34
966.45	6636.13
966.62	6654.76
966.79	6531.07
966.96	6637.36
967.13	6606.02
967.30	6586.16
967.46	6568.75
967.63	6449.56
967.80	6479.66
967.97	6475.57
968.14	6467.99
968.30	6460.00
968.47	6452.63
968.64	6522.26
968.81	6403.68
968.98	6384.23
969.15	6306.20
969.31	6359.45
969.48	6303.13
969.65	6416.99
969.82	6292.68
969.99	6252.95
970.15	6165.09
970.32	6232.68
970.49	6219.36
970.66	6124.95
970.82	6169.80
970.99	6134.37
971.16	6134.58
971.33	6108.77
971.50	6083.99
971.66	6074.57
971.83	6078.26
972.00	6050.61
972.17	6026.65
972.34	5943.91
972.50	5989.58
972.67	6014.36
972.84	5941.86
973.01	5928.35
973.17	5930.40
973.34	5944.94
973.51	5858.92
973.68	5865.27
973.84	5788.27
974.01	5848.07
974.18	5819.19
974.35	5792.77
974.51	5704.51
974.68	5745.06
974.85	5721.71
975.02	5702.66
975.18	5710.65
975.35	5686.07
975.52	5685.87
975.69	5649.82
975.85	5579.78
976.02	5592.07
976.19	5559.51
976.36	5529.61
976.52	5509.33
976.69	5522.85
976.86	5467.56
977.02	5414.92
977.19	5463.87
977.36	5430.69
977.53	5413.69
977.69	5404.07
977.86	5349.18
978.03	5338.53
978.19	5298.80
978.36	5295.32
978.53	5268.70
978.70	5279.14
978.86	5204.80
979.03	5217.91
979.20	5163.23
979.36	5200.09
979.53	5192.72
979.70	5170.19
979.86	5128.21
980.03	5064.72
980.20	5120.01
980.36	5038.71
980.53	5053.05
980.70	5045.88
980.86	5041.58
981.03	5018.44
981.20	4887.37
981.36	4937.13
981.53	4918.29
981.70	4929.55
981.86	4906.62
982.03	4817.53
982.20	4838.62
982.36	4824.90
982.53	4892.90
982.70	4792.54
982.86	4792.75
983.03	4805.86
983.20	4794.39
983.36	4760.80
983.53	4682.57
983.70	4678.06
983.86	4691.58
984.03	4677.45
984.20	4639.56
984.36	4616.62
984.53	4619.70
984.70	4618.06
984.86	4593.89
985.03	4532.66
985.19	4452.58
985.36	4459.34
985.53	4462.41
985.69	4418.79
985.86	4400.77
986.03	4443.57
986.19	4380.29
986.36	4383.16
986.52	4374.96
986.69	4327.25
986.86	4306.15
987.02	4314.55
987.19	4247.38
987.35	4258.84
987.52	4212.76
987.69	4217.27
987.85	4181.64
988.02	4209.28
988.18	4175.49
988.35	4194.74
988.52	4110.16
988.68	4102.17
988.85	4097.87
989.01	4105.45
989.18	4069.61
989.35	4026.81
989.51	4028.45
989.68	3999.57
989.84	4006.53
990.01	3996.29
990.17	3972.54
990.34	3948.78
990.51	3931.37
990.67	3907.82
990.84	3880.99
991.00	3863.79
991.17	3857.24
991.33	3857.65
991.50	3828.77
991.66	3790.88
991.83	3794.77
992.00	3800.92
992.16	3767.95
992.33	3738.86
992.49	3744.80
992.66	3725.14
992.82	3711.01
992.99	3699.34
993.15	3645.68
993.32	3657.77
993.48	3599.19
993.65	3652.03
993.82	3596.94
993.98	3568.47
994.15	3530.59
994.31	3581.99
994.48	3559.05
994.64	3495.57
994.81	3486.96
994.97	3490.04
995.14	3472.01
995.30	3412.21
995.47	3438.22
995.63	3406.07
995.80	3378.42
995.96	3352.82
996.13	3374.74
996.29	3382.93
996.46	3318.83
996.62	3359.58
996.79	3297.32
996.95	3313.91
997.12	3225.44
997.28	3262.92
997.45	3224.01
997.61	3226.67
997.78	3188.17
997.94	3210.90
998.11	3187.14
998.27	3169.32
998.44	3151.71
998.60	3135.12
998.77	3120.38
998.93	3080.85
999.10	3038.05
999.26	3023.51
999.43	3061.81
999.59	3065.29
999.75	3037.03
999.92	2976.61
1000.08	2987.06
1000.25	2977.63
1000.41	2997.70
1000.58	2939.95
1000.74	2940.57
1000.91	2897.15
1001.07	2912.30
1001.24	2832.02
1001.40	2867.45
1001.56	2855.78
1001.73	2808.47
1001.89	2832.02
1002.06	2758.71
1002.22	2776.11
1002.39	2741.09
1002.55	2776.11
1002.71	2758.91
1002.88	2759.12
1003.04	2723.89
1003.21	2731.47
1003.37	2708.12
1003.54	2680.27
1003.70	2658.56
1003.86	2654.87
1004.03	2597.74
1004.19	2580.12
1004.36	2581.35
1004.52	2578.28
1004.68	2551.66
1004.85	2569.88
1005.01	2522.17
1005.18	2550.02
1005.34	2496.77
1005.50	2497.80
1005.67	2504.14
1005.83	2487.35
1006.00	2461.55
1006.16	2425.30
1006.32	2444.96
1006.49	2456.22
1006.65	2396.83
1006.82	2393.96
1006.98	2391.10
1007.14	2381.88
1007.31	2359.35
1007.47	2341.13
1007.63	2350.96
1007.80	2332.52
1007.96	2298.94
1008.13	2298.12
1008.29	2274.98
1008.45	2254.91
1008.62	2247.53
1008.78	2271.29
1008.94	2256.34
1009.11	2280.51
1009.27	2210.06
1009.43	2146.36
1009.60	2158.45
1009.76	2175.65
1009.92	2152.92
1010.09	2138.79
1010.25	2112.16
1010.42	2129.57
1010.58	2096.60
1010.74	2115.64
1010.91	2082.06
1011.07	2048.68
1011.23	2062.19
1011.40	2027.99
1011.56	2040.28
1011.72	2015.70
1011.89	1985.80
1012.05	1984.78
1012.21	1980.89
1012.37	1988.06
1012.54	1947.51
1012.70	1938.29
1012.86	1914.53
1013.03	1914.94
1013.19	1883.00
1013.35	1890.57
1013.52	1850.64
1013.68	1885.25
1013.84	1860.26
1014.01	1832.21
1014.17	1827.29
1014.33	1810.91
1014.49	1799.44
1014.66	1794.11
1014.82	1793.91
1014.98	1813.16
1015.15	1749.88
1015.31	1823.81
1015.47	1779.16
1015.63	1726.94
1015.80	1701.55
1015.96	1696.84
1016.12	1714.45
1016.29	1702.77
1016.45	1694.79
1016.61	1679.84
1016.77	1653.21
1016.94	1646.46
1017.10	1618.60
1017.26	1636.01
1017.42	1634.58
1017.59	1617.17
1017.75	1620.65
1017.91	1620.65
1018.07	1570.89
1018.24	1568.63
1018.40	1556.96
1018.56	1555.53
1018.72	1508.83
1018.89	1535.25
1019.05	1529.93
1019.21	1518.46
1019.37	1492.65
1019.54	1506.17
1019.70	1498.59
1019.86	1478.73
1020.02	1451.08
1020.19	1471.15
1020.35	1460.91
1020.51	1428.14
1020.67	1394.35
1020.83	1386.77
1021.00	1397.42
1021.16	1394.76
1021.32	1397.63
1021.48	1409.91
1021.64	1358.31
1021.81	1357.69
1021.97	1332.91
1022.13	1347.45
1022.29	1321.24
1022.45	1335.98
1022.62	1321.24
1022.78	1331.07
1022.94	1255.29
1023.10	1264.92
1023.26	1236.45
1023.43	1277.82
1023.59	1235.84
1023.75	1236.25
1023.91	1229.69
1024.07	1215.77
1024.24	1238.29
1024.40	1183.20
1024.56	1205.53
1024.72	1196.72
1024.88	1174.60
1025.04	1194.88
1025.21	1163.13
1025.37	1158.83
1025.53	1146.14
1025.69	1142.04
1025.85	1129.75
1026.01	1127.30
1026.18	1116.85
1026.34	1107.22
1026.50	1111.53
1026.66	1109.27
1026.82	1095.96
1026.98	1102.11
1027.14	1061.35
1027.31	1061.56
1027.47	1053.16
1027.63	1057.87
1027.79	1048.65
1027.95	1033.09
1028.11	1021.42
1028.27	1047.01
1028.44	998.48
1028.60	1011.38
1028.76	990.70
1028.92	992.95
1029.08	979.84
1029.24	955.88
1029.40	1000.32
1029.56	968.58
1029.73	933.56
1029.89	967.14
1030.05	935.40
1030.21	957.52
1030.37	940.93
1030.53	910.01
1030.69	916.35
1030.85	913.69
1031.01	910.01
1031.17	919.84
1031.34	891.78
1031.50	873.76
1031.66	866.59
1031.82	849.59
1031.98	865.97
1032.14	841.60
1032.30	838.33
1032.46	842.63
1032.62	817.85
1032.78	803.31
1032.94	836.07
1033.10	823.58
1033.27	814.78
1033.43	791.22
1033.59	792.66
1033.75	775.25
1033.91	776.48
1034.07	780.78
1034.23	777.91
1034.39	748.63
1034.55	752.11
1034.71	784.47
1034.87	749.24
1035.03	727.94
1035.19	710.33
1035.35	733.06
1035.51	706.85
1035.67	710.12
1035.83	708.28
1035.99	717.09
1036.16	694.35
1036.32	697.22
1036.48	717.29
1036.64	659.95
1036.80	675.51
1036.96	684.93
1037.12	645.41
1037.28	646.02
1037.44	673.06
1037.60	659.95
1037.76	600.35
1037.92	632.30
1038.08	634.76
1038.24	633.73
1038.40	608.14
1038.56	605.88
1038.72	617.15
1038.88	608.14
1039.04	621.24
1039.20	598.51
1039.36	601.79
1039.52	621.45
1039.68	560.62
1039.84	594.82
1040.00	556.73
1040.16	596.05
1040.32	552.64
1040.48	548.74
1040.64	527.04
1040.80	542.60
1040.96	530.93
1041.12	561.03
1041.28	516.80
1041.44	520.48
1041.60	495.29
1041.76	499.80
1041.92	510.86
1042.08	508.40
1042.24	505.94
1042.39	520.48
1042.55	469.90
1042.71	502.66
1042.87	486.90
1043.03	473.58
1043.19	460.68
