345.44	215.789
345.66	215.789
345.88	215.789
346.10	38.462
346.31	189.474
346.53	55.556
346.75	-175.000
346.97	153.488
347.19	-56.522
347.41	24.490
347.63	405.000
347.85	578.947
348.07	83.333
348.29	52.941
348.51	8.451
348.73	-266.667
348.95	63.194
349.17	150.249
349.39	-43.810
349.61	-20.219
349.83	25.994
350.05	-66.452
350.27	-50.676
350.49	-27.041
350.71	18.359
350.93	38.267
351.15	36.905
351.37	81.726
351.59	85.926
351.80	-35.503
352.02	33.755
352.24	-34.513
352.46	40.359
352.68	35.161
352.90	-79.646
353.12	-42.963
353.34	-4.959
353.56	37.063
353.78	52.353
354.00	-9.709
354.22	54.464
354.44	-15.385
354.66	212.000
354.88	7.458
355.09	-49.180
355.31	5900.000
355.53	5.172
355.75	-25.217
355.97	36.842
356.19	45.489
356.41	67.524
356.63	20.362
356.85	-88.406
357.07	10.714
357.29	2.143
357.50	-108.730
357.72	11.232
357.94	27.072
358.16	-5.921
358.38	62.658
358.60	-18.605
358.82	-84.956
359.04	61.395
359.26	19.281
359.48	0.481
359.69	-30.769
359.91	26.230
360.13	0.000
360.35	-79.167
360.57	26.543
360.79	8.173
361.01	58.091
361.23	-128.351
361.45	7.910
361.66	-24.757
361.88	41.011
362.10	-2.672
362.32	62.353
362.54	-1.916
362.76	-1.786
362.98	6.803
363.20	-28.079
363.41	-109.859
363.63	31.579
363.85	-2.252
364.07	-20.502
364.29	-44.737
364.51	38.781
364.73	-277.193
364.94	-44.910
365.16	25.448
365.38	0.498
365.60	-13.333
365.82	-26.866
366.04	33.891
366.26	-4.938
366.47	13.901
366.69	38.356
366.91	-20.000
367.13	-2.703
367.35	28.230
367.57	-3.746
367.79	100.990
368.00	-63.924
368.22	-12.626
368.44	8.013
368.66	-2.186
368.88	-6.625
369.10	33.127
369.31	27.624
369.53	103.922
369.75	32.735
369.97	-121.481
370.19	-33.775
370.41	18.306
370.62	34.304
370.84	-35.172
371.06	46.154
371.28	60.408
371.50	61.811
371.71	46.829
371.93	1.124
372.15	52.191
372.37	-39.103
372.59	30.804
372.80	23.864
373.02	-70.000
373.24	-41.870
373.46	69.951
373.68	12.704
373.90	-20.606
374.11	36.957
374.33	-17.647
374.55	35.294
374.77	37.452
374.98	9.137
375.20	57.463
375.42	-39.409
375.64	50.562
375.86	-9.677
376.07	-8.664
376.29	17.255
376.51	-96.429
376.73	50.000
376.95	17.921
377.16	12.312
377.38	48.387
377.60	24.413
377.82	-8.734
378.03	35.450
378.25	47.748
378.47	-12.840
378.69	60.444
378.91	-84.091
379.12	-5.882
379.34	-19.737
379.56	30.303
379.78	25.628
379.99	6.944
380.21	13.910
380.43	-12.587
380.65	-8.602
380.86	5.776
381.08	-28.369
381.30	40.970
381.52	64.407
381.73	14.430
381.95	-11.194
382.17	-11.209
382.39	11.707
382.60	46.957
382.82	-26.380
383.04	34.194
383.26	22.714
383.47	41.613
383.69	-39.871
383.91	30.159
384.13	-50.209
384.34	-30.108
384.56	12.621
384.78	9.055
385.00	0.641
385.21	-35.407
385.43	-36.364
385.65	-34.682
385.86	11.579
386.08	47.210
386.30	70.690
386.52	20.580
386.73	-121.591
386.95	0.000
387.17	-20.962
387.38	32.199
387.60	6.687
387.82	3.297
388.04	-3.488
388.25	28.289
388.47	8.264
388.69	-6.452
388.90	3.759
389.12	11.149
389.34	53.727
389.56	11.143
389.77	42.712
389.99	28.328
390.21	6.358
390.42	16.216
390.64	11.111
390.86	15.132
391.07	28.307
391.29	5.089
391.51	-0.875
391.72	14.842
391.94	23.735
392.16	47.583
392.38	20.524
392.59	25.685
392.81	-10.462
393.03	10.870
393.24	65.000
393.46	25.497
393.68	13.019
393.89	6.417
394.11	17.000
394.33	19.758
394.54	-17.536
394.76	17.726
394.98	44.286
395.19	-64.542
395.41	-10.000
395.63	-28.151
395.84	1.701
396.06	14.640
396.28	41.231
396.49	-10.417
396.71	16.524
396.93	31.538
397.14	35.766
397.36	14.874
397.57	-12.414
397.79	1.939
398.01	25.490
398.22	6.685
398.44	19.892
398.66	6.526
398.87	-2.273
399.09	31.148
399.31	24.403
399.52	21.956
399.74	11.514
399.96	27.349
400.17	18.204
400.39	7.122
400.60	27.632
400.82	26.847
401.04	4.612
401.25	1.643
401.47	35.830
401.69	6.490
401.90	11.475
402.12	-25.166
402.33	0.472
402.55	28.691
402.77	2.079
402.98	4.497
403.20	17.970
403.41	17.945
403.63	45.305
403.85	21.002
404.06	-3.582
404.28	42.027
404.49	-4.935
404.71	22.142
404.93	16.400
405.14	10.360
405.36	19.258
405.57	-12.418
405.79	-25.536
406.01	35.336
406.22	-9.556
406.44	28.900
406.65	20.810
406.87	5.093
407.09	16.795
407.30	8.934
407.52	15.458
407.73	9.464
407.95	16.387
408.17	22.349
408.38	15.548
408.60	20.315
408.81	25.144
409.03	31.452
409.24	9.514
409.46	20.336
409.68	14.010
409.89	22.815
410.11	24.444
410.32	8.060
410.54	10.642
410.75	16.013
410.97	30.226
411.18	-2.006
411.40	11.047
411.62	-14.513
411.83	-2.339
412.05	16.163
412.26	17.050
412.48	30.421
412.69	9.219
412.91	-8.060
413.12	-2.872
413.34	16.124
413.56	25.764
413.77	-0.161
413.99	10.463
414.20	17.987
414.42	18.878
414.63	14.198
414.85	25.294
415.06	7.572
415.28	20.789
415.49	13.081
415.71	0.150
415.92	12.391
416.14	20.537
416.35	18.064
416.57	19.010
416.79	0.273
417.00	13.084
417.22	16.641
417.43	2.650
417.65	14.575
417.86	-4.102
418.08	-0.548
418.29	14.402
418.51	21.201
418.72	26.253
418.94	-0.169
419.15	20.813
419.37	-0.778
419.58	15.354
419.80	9.313
420.01	17.938
420.23	9.664
420.44	2.881
420.66	20.519
420.87	14.562
421.09	20.485
421.30	19.156
421.52	14.836
421.73	5.474
421.95	13.027
422.16	12.613
422.38	23.198
422.59	14.494
422.81	13.378
423.02	16.553
423.23	13.287
423.45	23.536
423.66	18.220
423.88	-2.716
424.09	17.314
424.31	16.863
424.52	23.060
424.74	8.841
424.95	13.263
425.17	21.267
425.38	3.456
425.60	2.233
425.81	14.878
426.03	3.692
426.24	13.717
426.45	15.354
426.67	12.179
426.88	23.818
427.10	11.333
427.31	22.727
427.53	17.145
427.74	17.972
427.96	19.646
428.17	13.201
428.39	11.317
428.60	16.635
428.81	14.457
429.03	21.039
429.24	9.171
429.46	14.988
429.67	20.099
429.89	24.428
430.10	7.285
430.31	17.191
430.53	5.954
430.74	17.418
430.96	10.223
431.17	23.330
431.39	23.699
431.60	20.088
431.81	6.411
432.03	15.278
432.24	17.851
432.46	13.380
432.67	26.870
432.89	17.197
433.10	21.597
433.31	8.339
433.53	14.189
433.74	12.072
433.96	17.103
434.17	16.631
434.38	15.093
434.60	14.673
434.81	8.281
435.03	11.891
435.24	12.809
435.45	17.452
435.67	17.268
435.88	16.723
436.10	13.793
436.31	16.557
436.52	12.806
436.74	13.295
436.95	19.894
437.17	9.950
437.38	17.315
437.59	24.853
437.81	20.770
438.02	18.008
438.23	18.999
438.45	19.125
438.66	19.963
438.88	16.265
439.09	24.788
439.30	13.509
439.52	22.072
439.73	11.596
439.94	26.082
440.16	24.150
440.37	10.851
440.58	17.129
440.80	21.433
441.01	20.686
441.23	18.883
441.44	17.894
441.65	14.228
441.87	18.081
442.08	23.701
442.29	23.708
442.51	7.380
442.72	18.838
442.93	20.344
443.15	19.310
443.36	14.199
443.57	19.105
443.79	20.115
444.00	21.929
444.21	25.629
444.43	22.028
444.64	23.729
444.85	26.010
445.07	26.329
445.28	20.464
445.49	21.643
445.71	29.747
445.92	20.637
446.13	21.673
446.35	16.632
446.56	17.325
446.77	25.273
446.99	22.294
447.20	18.856
447.41	20.751
447.63	23.261
447.84	27.352
448.05	24.818
448.27	25.871
448.48	26.343
448.69	17.890
448.90	23.606
449.12	23.087
449.33	18.884
449.54	23.841
449.76	23.785
449.97	16.183
450.18	19.964
450.40	22.448
450.61	25.921
450.82	25.728
451.03	22.316
451.25	26.536
451.46	27.051
451.67	19.634
451.89	22.790
452.10	21.982
452.31	26.413
452.52	25.284
452.74	19.968
452.95	24.580
453.16	23.295
453.38	26.122
453.59	29.293
453.80	26.929
454.01	18.197
454.23	29.738
454.44	23.282
454.65	29.355
454.86	27.427
455.08	21.741
455.29	24.737
455.50	23.952
455.71	27.266
455.93	22.174
456.14	23.250
456.35	24.593
456.56	24.786
456.78	27.194
456.99	24.553
457.20	21.893
457.41	25.300
457.63	27.836
457.84	26.071
458.05	26.648
458.26	28.548
458.48	28.484
458.69	28.052
458.90	28.778
459.11	22.009
459.33	27.138
459.54	28.711
459.75	25.833
459.96	24.543
460.18	26.645
460.39	27.250
460.60	29.901
460.81	23.885
461.02	27.768
461.24	28.715
461.45	27.920
461.66	29.620
461.87	25.462
462.09	29.064
462.30	29.021
462.51	27.648
462.72	28.079
462.93	25.488
463.15	30.081
463.36	29.616
463.57	27.970
463.78	29.832
463.99	28.489
464.21	28.473
464.42	27.586
464.63	30.468
464.84	30.283
465.05	30.347
465.27	32.605
465.48	28.864
465.69	30.257
465.90	29.332
466.11	27.887
466.33	28.762
466.54	27.032
466.75	30.184
466.96	32.173
467.17	30.982
467.38	29.937
467.60	31.523
467.81	31.573
468.02	30.773
468.23	32.827
468.44	28.908
468.65	30.627
468.87	28.334
469.08	32.121
469.29	30.692
469.50	28.697
469.71	32.865
469.92	31.073
470.14	32.461
470.35	33.538
470.56	31.013
470.77	30.824
470.98	29.432
471.19	32.668
471.41	31.989
471.62	33.707
471.83	34.798
472.04	32.699
472.25	33.690
472.46	32.857
472.67	32.914
472.89	33.304
473.10	32.135
473.31	35.105
473.52	35.139
473.73	33.102
473.94	34.678
474.15	33.102
474.37	33.571
474.58	33.490
474.79	35.529
475.00	33.519
475.21	31.199
475.42	34.157
475.63	35.887
475.84	32.263
476.06	37.868
476.27	33.373
476.48	34.869
476.69	34.607
476.90	34.124
477.11	33.975
477.32	34.606
477.53	35.071
477.74	32.542
477.96	35.253
478.17	34.213
478.38	34.185
478.59	33.849
478.80	36.655
479.01	34.374
479.22	34.370
479.43	34.714
479.64	34.853
479.85	34.279
480.06	35.299
480.28	34.374
480.49	33.888
480.70	34.345
480.91	34.410
481.12	35.074
481.33	35.808
481.54	37.335
481.75	34.029
481.96	36.504
482.17	34.817
482.38	33.699
482.59	37.732
482.81	37.436
483.02	37.465
483.23	37.181
483.44	35.312
483.65	36.639
483.86	36.815
484.07	36.490
484.28	37.088
484.49	35.626
484.70	34.665
484.91	36.733
485.12	35.962
485.33	36.208
485.54	37.552
485.75	37.004
485.96	35.775
486.17	37.413
486.38	35.966
486.60	36.890
486.81	36.739
487.02	36.095
487.23	37.976
487.44	37.820
487.65	37.047
487.86	35.986
488.07	37.011
488.28	36.495
488.49	35.931
488.70	37.563
488.91	36.672
489.12	36.794
489.33	36.611
489.54	37.444
489.75	37.587
489.96	37.009
490.17	37.023
490.38	39.008
490.59	38.234
490.80	38.278
491.01	38.094
491.22	36.480
491.43	36.132
491.64	36.419
491.85	37.763
492.06	37.722
492.27	37.558
492.48	37.802
492.69	37.746
492.90	38.566
493.11	37.709
493.32	37.338
493.53	38.803
493.74	38.254
493.95	38.471
494.16	37.530
494.37	37.124
494.58	38.495
494.79	37.332
495.00	38.631
495.21	38.487
495.42	38.724
495.63	37.934
495.84	39.519
496.05	38.597
496.26	38.736
496.47	37.693
496.68	38.223
496.89	38.267
497.10	39.006
497.31	38.596
497.52	37.612
497.73	39.069
497.94	38.298
498.15	38.861
498.36	38.422
498.57	38.915
498.78	39.483
498.99	38.601
499.19	38.440
499.40	39.050
499.61	39.284
499.82	39.106
500.03	39.283
500.24	37.614
500.45	39.468
500.66	39.687
500.87	39.760
501.08	39.601
501.29	39.145
501.50	39.267
501.71	39.566
501.92	39.423
502.13	39.120
502.34	39.986
502.55	38.920
502.76	38.899
502.96	38.832
503.17	39.052
503.38	39.448
503.59	39.589
503.80	39.440
504.01	39.711
504.22	39.348
504.43	39.796
504.64	39.154
504.85	39.548
505.06	39.232
505.27	39.258
505.47	39.249
505.68	39.988
505.89	39.526
506.10	39.648
506.31	40.030
506.52	39.549
506.73	39.278
506.94	39.308
507.15	40.092
507.36	39.529
507.56	39.807
507.77	39.684
507.98	39.813
508.19	38.754
508.40	39.287
508.61	39.076
508.82	39.086
509.03	40.545
509.24	39.487
509.44	39.696
509.65	39.972
509.86	39.908
510.07	39.878
510.28	39.683
510.49	38.952
510.70	41.079
510.91	39.594
511.11	39.385
511.32	39.870
511.53	39.891
511.74	39.592
511.95	39.512
512.16	40.705
512.37	40.151
512.58	40.102
512.78	39.554
512.99	40.546
513.20	39.446
513.41	40.416
513.62	39.611
513.83	39.639
514.04	39.772
514.24	40.481
514.45	39.293
514.66	39.345
514.87	39.768
515.08	40.725
515.29	39.364
515.49	39.721
515.70	39.945
515.91	40.611
516.12	40.075
516.33	40.485
516.54	40.455
516.74	40.662
516.95	40.144
517.16	40.312
517.37	40.231
517.58	39.555
517.79	40.877
517.99	39.864
518.20	40.400
518.41	40.373
518.62	40.128
518.83	39.267
519.03	40.217
519.24	39.347
519.45	39.929
519.66	39.988
519.87	39.668
520.07	40.254
520.28	40.766
520.49	40.560
520.70	40.013
520.91	41.039
521.12	40.916
521.32	40.809
521.53	40.052
521.74	40.429
521.95	39.874
522.15	40.067
522.36	39.987
522.57	40.434
522.78	40.454
522.99	39.952
523.19	40.305
523.40	40.496
523.61	40.660
523.82	39.732
524.03	40.243
524.23	40.399
524.44	39.892
524.65	40.254
524.86	40.659
525.06	39.619
525.27	40.151
525.48	40.321
525.69	40.656
525.89	40.477
526.10	40.637
526.31	40.076
526.52	40.430
526.72	40.066
526.93	40.366
527.14	40.211
527.35	40.303
527.56	39.899
527.76	40.025
527.97	39.885
528.18	40.238
528.38	39.986
528.59	39.992
528.80	40.212
529.01	40.471
529.21	40.568
529.42	39.983
529.63	40.341
529.84	40.189
530.04	40.314
530.25	40.618
530.46	40.526
530.67	39.846
530.87	39.768
531.08	39.963
531.29	40.202
531.50	40.457
531.70	39.853
531.91	40.173
532.12	40.207
532.32	40.151
532.53	40.619
532.74	40.370
532.95	40.343
533.15	40.787
533.36	39.422
533.57	39.760
533.77	39.445
533.98	40.625
534.19	40.196
534.39	39.539
534.60	40.460
534.81	39.846
535.02	39.744
535.22	39.097
535.43	39.784
535.64	40.057
535.84	40.496
536.05	40.040
536.26	39.869
536.46	39.831
536.67	40.228
536.88	39.728
537.08	39.696
537.29	39.525
537.50	39.971
537.70	40.322
537.91	39.625
538.12	40.138
538.33	39.855
538.53	39.399
538.74	39.902
538.95	39.102
539.15	40.021
539.36	39.791
539.57	40.071
539.77	39.447
539.98	39.477
540.18	39.111
540.39	40.010
540.60	39.964
540.80	39.459
541.01	39.386
541.22	39.914
541.42	40.192
541.63	39.568
541.84	39.740
542.04	38.971
542.25	39.696
542.46	39.696
542.66	39.620
542.87	39.411
543.08	39.803
543.28	39.552
543.49	39.270
543.69	39.039
543.90	39.136
544.11	39.281
544.31	39.053
544.52	39.697
544.73	39.073
544.93	39.205
545.14	39.480
545.34	39.094
545.55	39.056
545.76	38.689
545.96	39.533
546.17	38.867
546.38	38.736
546.58	39.894
546.79	38.617
546.99	39.237
547.20	39.337
547.41	38.780
547.61	39.022
547.82	38.642
548.02	38.836
548.23	38.668
548.44	38.462
548.64	38.500
548.85	38.401
549.05	38.641
549.26	38.750
549.47	38.495
549.67	38.565
549.88	38.530
550.08	37.926
550.29	37.971
550.50	38.221
550.70	38.413
550.91	37.961
551.11	38.340
551.32	38.017
551.52	38.077
551.73	38.443
551.94	37.828
552.14	38.221
552.35	38.154
552.55	38.023
552.76	37.561
552.96	37.572
553.17	38.035
553.38	38.057
553.58	37.550
553.79	37.633
553.99	37.520
554.20	37.869
554.40	37.840
554.61	37.759
554.81	37.638
555.02	37.456
555.23	37.434
555.43	37.346
555.64	37.167
555.84	37.085
556.05	37.361
556.25	37.609
556.46	37.437
556.66	36.949
556.87	36.648
557.07	37.443
557.28	36.982
557.48	36.769
557.69	36.956
557.90	36.678
558.10	36.638
558.31	36.595
558.51	36.851
558.72	36.355
558.92	36.709
559.13	36.386
559.33	36.402
559.54	36.192
559.74	36.486
559.95	36.146
560.15	36.074
560.36	36.081
560.56	36.198
560.77	35.992
560.97	35.776
561.18	36.299
561.38	35.747
561.59	35.714
561.79	35.727
562.00	35.499
562.20	35.687
562.41	35.387
562.61	35.431
562.82	35.710
563.02	35.441
563.23	35.492
563.43	35.399
563.64	35.279
563.84	35.238
564.05	35.427
564.25	34.973
564.46	35.190
564.66	34.853
564.87	34.965
565.07	34.957
565.28	34.616
565.48	34.577
565.68	34.560
565.89	34.618
566.09	34.772
566.30	34.348
566.50	34.382
566.71	34.513
566.91	34.187
567.12	34.521
567.32	34.086
567.53	34.367
567.73	33.925
567.94	34.101
568.14	33.662
568.34	33.893
568.55	33.695
568.75	33.216
568.96	33.204
569.16	33.256
569.37	32.983
569.57	33.374
569.78	32.971
569.98	33.207
570.18	32.991
570.39	32.935
570.59	32.876
570.80	32.891
571.00	33.172
571.21	32.655
571.41	32.902
571.61	32.554
571.82	32.465
572.02	32.421
572.23	32.225
572.43	31.833
572.64	32.016
572.84	31.950
573.04	31.742
573.25	31.886
573.45	31.833
573.66	31.655
573.86	31.403
574.06	31.032
574.27	31.167
574.47	31.051
574.68	31.044
574.88	30.935
575.08	30.579
575.29	30.617
575.49	30.403
575.70	30.730
575.90	30.507
576.10	30.321
576.31	30.292
576.51	30.145
576.72	29.674
576.92	29.995
577.12	29.767
577.33	29.996
577.53	29.920
577.73	29.279
577.94	29.448
578.14	29.564
578.35	29.576
578.55	29.279
578.75	29.533
578.96	28.976
579.16	29.046
579.36	28.820
579.57	28.727
579.77	28.515
579.98	28.542
580.18	28.301
580.38	28.024
580.59	28.161
580.79	27.853
580.99	28.070
581.20	27.552
581.40	27.328
581.60	27.508
581.81	27.643
582.01	27.274
582.21	27.071
582.42	27.562
582.62	27.124
582.82	26.502
583.03	26.227
583.23	26.802
583.43	26.437
583.64	26.128
583.84	26.194
584.04	26.033
584.25	25.832
584.45	25.896
584.65	25.721
584.86	25.543
585.06	25.342
585.26	25.140
585.47	25.288
585.67	24.833
585.87	24.758
586.08	24.914
586.28	24.398
586.48	24.034
586.69	24.484
586.89	24.160
587.09	23.914
587.30	23.838
587.50	23.339
587.70	23.809
587.90	23.325
588.11	23.178
588.31	23.075
588.51	22.954
588.72	22.870
588.92	22.675
589.12	22.558
589.33	22.263
589.53	22.300
589.73	22.075
589.93	21.784
590.14	21.576
590.34	21.709
590.54	21.541
590.75	21.415
590.95	21.162
591.15	21.082
591.35	20.476
591.56	20.521
591.76	20.644
591.96	20.556
592.16	20.286
592.37	20.392
592.57	20.031
592.77	19.769
592.97	19.800
593.18	19.639
593.38	19.187
593.58	19.326
593.79	18.967
593.99	19.076
594.19	18.803
594.39	18.558
594.60	18.437
594.80	18.430
595.00	18.128
595.20	17.782
595.41	17.856
595.61	17.557
595.81	17.537
596.01	17.353
596.21	17.284
596.42	17.211
596.62	16.920
596.82	16.914
597.02	16.755
597.23	16.587
597.43	16.407
597.63	16.314
597.83	15.992
598.04	16.142
598.24	15.691
598.44	15.591
598.64	15.633
598.84	15.441
599.05	15.314
599.25	15.084
599.45	14.922
599.65	14.841
599.85	14.690
600.06	14.668
600.26	14.468
600.46	14.560
600.66	14.286
600.87	14.133
601.07	13.988
601.27	13.904
601.47	13.844
601.67	13.901
601.87	13.383
602.08	13.342
602.28	13.352
602.48	13.104
602.68	12.961
602.88	12.889
603.09	12.831
603.29	12.767
603.49	12.590
603.69	12.607
603.89	12.642
604.10	12.228
604.30	12.275
604.50	12.332
604.70	12.128
604.90	12.017
605.10	11.854
605.31	11.970
605.51	12.042
605.71	11.539
605.91	11.570
606.11	11.406
606.31	11.434
606.52	11.295
606.72	11.259
606.92	11.262
607.12	11.227
607.32	11.097
607.52	10.817
607.72	10.843
607.93	10.717
608.13	10.690
608.33	10.691
608.53	10.608
608.73	10.372
608.93	10.527
609.13	10.593
609.34	10.409
609.54	10.447
609.74	10.102
609.94	10.195
610.14	10.162
610.34	10.226
610.54	10.033
610.74	10.078
610.95	9.963
611.15	9.944
611.35	9.692
611.55	9.848
611.75	9.708
611.95	9.792
612.15	9.834
612.35	9.743
612.56	9.645
612.76	9.635
612.96	9.462
613.16	9.446
613.36	9.392
613.56	9.215
613.76	9.391
613.96	9.310
614.16	9.456
614.36	9.219
614.57	9.338
614.77	9.237
614.97	9.176
615.17	8.873
615.37	9.213
615.57	9.068
615.77	9.045
615.97	8.946
616.17	9.003
616.37	9.083
616.57	8.915
616.78	8.939
616.98	8.914
617.18	8.944
617.38	8.903
617.58	8.720
617.78	8.655
617.98	8.813
618.18	8.663
618.38	8.753
618.58	8.749
618.78	8.803
618.98	8.730
619.18	8.793
619.38	8.649
619.58	8.803
619.79	8.644
619.99	8.865
620.19	8.666
620.39	8.827
620.59	8.796
620.79	8.624
620.99	8.571
621.19	8.523
621.39	8.509
621.59	8.518
621.79	8.587
621.99	8.593
622.19	8.544
622.39	8.601
622.59	8.774
622.79	8.608
622.99	8.462
623.19	8.396
623.39	8.359
623.59	8.529
623.79	8.687
623.99	8.556
624.19	8.424
624.39	8.364
624.59	8.410
624.79	8.486
624.99	8.389
625.19	8.572
625.39	8.594
625.59	8.484
625.79	8.431
625.99	8.462
626.19	8.408
626.39	8.262
626.59	8.467
626.79	8.401
626.99	8.514
627.19	8.224
627.39	8.513
627.59	8.453
627.79	8.317
627.99	8.423
628.19	8.478
628.39	8.363
628.59	8.293
628.79	8.341
628.99	8.402
629.19	8.333
629.39	8.404
629.59	8.406
629.79	8.346
629.99	8.424
630.19	8.297
630.39	8.310
630.59	8.339
630.79	8.422
630.99	8.453
631.19	8.393
631.39	8.412
631.59	8.488
631.79	8.288
631.99	8.452
632.19	8.496
632.39	8.426
632.59	8.323
632.79	8.324
632.99	8.337
633.19	8.294
633.39	8.313
633.58	8.309
633.78	8.493
633.98	8.343
634.18	8.325
634.38	8.391
634.58	8.286
634.78	8.341
634.98	8.235
635.18	8.394
635.38	8.174
635.58	8.189
635.78	8.209
635.98	8.255
636.18	8.207
636.38	8.357
636.57	8.373
636.77	8.217
636.97	8.339
637.17	8.373
637.37	8.265
637.57	8.253
637.77	8.154
637.97	8.102
638.17	8.145
638.37	8.160
638.57	8.181
638.76	8.335
638.96	8.299
639.16	8.258
639.36	8.239
639.56	8.149
639.76	8.274
639.96	8.141
640.16	8.226
640.36	8.235
640.56	8.280
640.75	8.179
640.95	8.271
641.15	8.142
641.35	8.215
641.55	8.178
641.75	8.174
641.95	8.256
642.15	8.098
642.34	8.214
642.54	8.227
642.74	8.165
642.94	8.119
643.14	8.163
643.34	8.211
643.54	8.107
643.74	8.139
643.93	8.287
644.13	8.223
644.33	7.997
644.53	8.221
644.73	8.180
644.93	8.158
645.13	8.225
645.32	8.168
645.52	8.245
645.72	8.063
645.92	8.250
646.12	8.240
646.32	8.166
646.52	8.210
646.71	8.245
646.91	8.224
647.11	8.170
647.31	8.480
647.51	8.200
647.71	8.361
647.90	8.294
648.10	8.311
648.30	8.391
648.50	8.467
648.70	8.258
648.89	8.271
649.09	8.358
649.29	8.303
649.49	8.353
649.69	8.493
649.89	8.404
650.08	8.420
650.28	8.490
650.48	8.498
650.68	8.441
650.88	8.490
651.07	8.511
651.27	8.616
651.47	8.621
651.67	8.695
651.87	8.500
652.06	8.649
652.26	8.557
652.46	8.710
652.66	8.648
652.86	8.646
653.05	8.812
653.25	8.866
653.45	8.663
653.65	8.710
653.85	8.761
654.04	8.943
654.24	8.917
654.44	8.969
654.64	9.036
654.83	8.940
655.03	9.087
655.23	9.105
655.43	9.066
655.63	9.009
655.82	9.049
656.02	9.187
656.22	9.132
656.42	9.234
656.61	9.282
656.81	9.239
657.01	9.332
657.21	9.433
657.40	9.575
657.60	9.604
657.80	9.368
658.00	9.542
658.19	9.504
658.39	9.771
658.59	9.701
658.79	9.671
658.98	9.742
659.18	9.621
659.38	9.958
659.58	9.939
659.77	10.016
659.97	10.040
660.17	9.971
660.36	10.026
660.56	10.256
660.76	10.372
660.96	10.218
661.15	10.349
661.35	10.310
661.55	10.588
661.75	10.443
661.94	10.720
662.14	10.676
662.34	10.757
662.53	10.640
662.73	10.816
662.93	10.891
663.13	10.897
663.32	10.912
663.52	11.019
663.72	11.223
663.91	11.111
664.11	11.224
664.31	11.308
664.50	11.358
664.70	11.315
664.90	11.486
665.10	11.623
665.29	11.702
665.49	11.573
665.69	11.706
665.88	11.859
666.08	11.818
666.28	12.027
666.47	12.034
666.67	11.903
666.87	12.198
667.06	12.223
667.26	12.299
667.46	12.436
667.65	12.394
667.85	12.397
668.05	12.594
668.24	12.582
668.44	12.651
668.64	12.867
668.83	12.897
669.03	12.960
669.23	13.010
669.42	13.132
669.62	13.220
669.82	13.329
670.01	13.229
670.21	13.411
670.41	13.547
670.60	13.615
670.80	13.600
671.00	13.854
671.19	13.755
671.39	13.882
671.58	13.949
671.78	13.906
671.98	14.040
672.17	14.293
672.37	14.236
672.57	14.287
672.76	14.425
672.96	14.552
673.15	14.475
673.35	14.728
673.55	14.925
673.74	14.860
673.94	14.971
674.14	14.982
674.33	14.942
674.53	15.063
674.72	15.249
674.92	15.212
675.12	15.386
675.31	15.305
675.51	15.479
675.70	15.497
675.90	15.592
676.10	15.685
676.29	15.885
676.49	15.933
676.68	15.897
676.88	16.042
677.08	16.077
677.27	16.069
677.47	16.118
677.66	16.148
677.86	16.399
678.06	16.463
678.25	16.528
678.45	16.630
678.64	16.651
678.84	16.779
679.03	16.825
679.23	16.961
679.43	16.974
679.62	16.996
679.82	17.286
680.01	17.289
680.21	17.318
680.40	17.521
680.60	17.465
680.80	17.577
680.99	17.773
681.19	17.670
681.38	17.848
681.58	17.823
681.77	17.863
681.97	18.025
682.16	18.125
682.36	18.107
682.56	18.257
682.75	18.342
682.95	18.383
683.14	18.312
683.34	18.381
683.53	18.360
683.73	18.708
683.92	18.777
684.12	18.655
684.31	18.835
684.51	18.835
684.70	19.006
684.90	19.086
685.10	19.110
685.29	19.173
685.49	19.386
685.68	19.592
685.88	19.411
686.07	19.415
686.27	19.702
686.46	19.674
686.66	19.762
686.85	19.897
687.05	19.934
687.24	19.929
687.44	20.015
687.63	20.101
687.83	20.143
688.02	20.256
688.22	20.297
688.41	20.176
688.61	20.376
688.80	20.411
689.00	20.546
689.19	20.479
689.39	20.535
689.58	20.735
689.78	20.769
689.97	20.891
690.17	20.741
690.36	20.903
690.56	20.942
690.75	21.010
690.95	21.139
691.14	21.179
691.34	21.152
691.53	21.124
691.72	21.227
691.92	21.373
692.11	21.387
692.31	21.371
692.50	21.741
692.70	21.669
692.89	21.761
693.09	21.875
693.28	21.883
693.48	22.023
693.67	22.069
693.87	22.034
694.06	22.155
694.25	22.258
694.45	22.208
694.64	22.295
694.84	22.265
695.03	22.340
695.23	22.458
695.42	22.438
695.62	22.488
695.81	22.623
696.00	22.515
696.20	22.572
696.39	22.727
696.59	22.735
696.78	22.826
696.98	22.849
697.17	22.696
697.36	23.039
697.56	23.046
697.75	22.943
697.95	23.099
698.14	23.073
698.34	23.160
698.53	23.204
698.72	23.095
698.92	23.272
699.11	23.231
699.31	23.377
699.50	23.344
699.69	23.322
699.89	23.370
700.08	23.530
700.28	23.354
700.47	23.320
700.66	23.632
700.86	23.519
701.05	23.742
701.25	23.668
701.44	23.759
701.63	23.751
701.83	23.844
702.02	23.924
702.21	23.794
702.41	23.839
702.60	23.887
702.80	24.106
702.99	23.904
703.18	24.028
703.38	23.897
703.57	24.032
703.77	24.133
703.96	24.101
704.15	24.089
704.35	24.044
704.54	24.162
704.73	24.113
704.93	23.915
705.12	24.143
705.31	24.114
705.51	24.001
705.70	24.257
705.89	24.253
706.09	24.243
706.28	24.362
706.48	24.205
706.67	24.252
706.86	24.460
707.06	24.404
707.25	24.442
707.44	24.316
707.64	24.265
707.83	24.229
708.02	24.272
708.22	24.321
708.41	24.407
708.60	24.248
708.80	24.308
708.99	24.420
709.18	24.328
709.38	24.263
709.57	24.510
709.76	24.198
709.95	24.297
710.15	24.323
710.34	24.343
710.53	24.326
710.73	24.334
710.92	24.213
711.11	24.323
711.31	24.344
711.50	24.240
711.69	24.239
711.89	24.374
712.08	24.510
712.27	24.355
712.46	24.302
712.66	24.266
712.85	24.128
713.04	24.241
713.24	24.380
713.43	24.260
713.62	24.242
713.81	24.109
714.01	24.316
714.20	24.336
714.39	24.154
714.59	24.117
714.78	24.160
714.97	24.132
715.16	23.888
715.36	24.214
715.55	23.885
715.74	23.977
715.93	23.790
716.13	23.997
716.32	23.994
716.51	23.929
716.71	23.816
716.90	23.788
717.09	23.985
717.28	23.854
717.48	23.773
717.67	23.861
717.86	23.812
718.05	23.775
718.25	23.647
718.44	23.601
718.63	23.730
718.82	23.828
719.02	23.745
719.21	23.799
719.40	23.616
719.59	23.600
719.78	23.612
719.98	23.596
720.17	23.541
720.36	23.678
720.55	23.461
720.75	23.662
720.94	23.541
721.13	23.537
721.32	23.344
721.51	23.458
721.71	23.500
721.90	23.495
722.09	23.296
722.28	23.396
722.48	23.440
722.67	23.342
722.86	23.338
723.05	23.428
723.24	23.372
723.44	23.357
723.63	23.347
723.82	23.435
724.01	23.511
724.20	23.368
724.40	23.345
724.59	23.417
724.78	23.350
724.97	23.450
725.16	23.327
725.35	23.371
725.55	23.376
725.74	23.493
725.93	23.411
726.12	23.492
726.31	23.599
726.51	23.498
726.70	23.526
726.89	23.551
727.08	23.579
727.27	23.409
727.46	23.515
727.66	23.448
727.85	23.599
728.04	23.538
728.23	23.656
728.42	23.672
728.61	23.647
728.81	23.692
729.00	23.700
729.19	23.722
729.38	23.677
729.57	23.725
729.76	23.767
729.95	23.909
730.15	23.777
730.34	23.876
730.53	23.910
730.72	23.924
730.91	23.979
731.10	24.028
731.29	24.040
731.49	24.233
731.68	24.120
731.87	24.143
732.06	24.239
732.25	24.269
732.44	24.497
732.63	24.327
732.82	24.342
733.02	24.396
733.21	24.311
733.40	24.538
733.59	24.541
733.78	24.497
733.97	24.688
734.16	24.747
734.35	24.810
734.54	24.839
734.74	25.121
734.93	24.930
735.12	24.895
735.31	25.172
735.50	25.141
735.69	25.295
735.88	25.382
736.07	25.332
736.26	25.436
736.45	25.400
736.64	25.595
736.84	25.398
737.03	25.677
737.22	25.750
737.41	25.732
737.60	25.882
737.79	26.037
737.98	25.935
738.17	26.033
738.36	26.129
738.55	26.211
738.74	26.348
738.93	26.156
739.12	26.335
739.32	26.198
739.51	26.535
739.70	26.655
739.89	26.613
740.08	26.816
740.27	26.856
740.46	26.705
740.65	26.913
740.84	26.972
741.03	27.209
741.22	27.236
741.41	27.194
741.60	27.205
741.79	27.348
741.98	27.422
742.17	27.648
742.36	27.634
742.55	27.783
742.74	27.907
742.93	27.857
743.12	27.926
743.31	28.157
743.51	28.199
743.70	28.290
743.89	28.386
744.08	28.345
744.27	28.374
744.46	28.395
744.65	28.423
744.84	28.474
745.03	28.665
745.22	28.690
745.41	28.708
745.60	29.054
745.79	29.068
745.98	29.021
746.17	29.205
746.36	29.076
746.55	29.250
746.74	29.449
746.93	29.482
747.12	29.551
747.31	29.577
747.50	29.802
747.69	29.649
747.88	29.838
748.07	30.067
748.26	29.974
748.45	29.992
748.64	30.135
748.83	30.148
749.02	30.057
749.21	30.311
749.40	30.281
749.59	30.351
749.77	30.530
749.96	30.508
750.15	30.770
750.34	30.798
750.53	30.894
750.72	30.878
750.91	31.036
751.10	31.282
751.29	30.933
751.48	31.288
751.67	31.360
751.86	31.412
752.05	31.522
752.24	31.381
752.43	31.497
752.62	31.597
752.81	31.675
753.00	31.628
753.19	31.632
753.38	31.727
753.57	31.725
753.76	31.852
753.94	31.870
754.13	32.003
754.32	32.127
754.51	32.210
754.70	32.152
754.89	32.263
755.08	32.397
755.27	32.353
755.46	32.484
755.65	32.540
755.84	32.513
756.03	32.764
756.22	32.713
756.40	32.757
756.59	32.701
756.78	32.742
756.97	32.866
757.16	33.091
757.35	32.886
757.54	33.043
757.73	33.086
757.92	33.088
758.11	33.038
758.29	33.141
758.48	33.435
758.67	33.106
758.86	33.453
759.05	33.416
759.24	33.294
759.43	33.415
759.62	33.530
759.81	33.430
759.99	33.466
760.18	33.652
760.37	33.749
760.56	33.695
760.75	33.674
760.94	33.988
761.13	33.994
761.32	33.732
761.50	34.069
761.69	34.044
761.88	34.047
762.07	34.169
762.26	34.034
762.45	33.967
762.64	33.931
762.82	34.307
763.01	34.328
763.20	34.389
763.39	34.448
763.58	34.427
763.77	34.397
763.96	34.520
764.14	34.588
764.33	34.645
764.52	34.679
764.71	34.491
764.90	34.495
765.09	34.589
765.27	34.735
765.46	34.626
765.65	34.739
765.84	34.745
766.03	34.807
766.22	34.833
766.40	34.815
766.59	34.741
766.78	34.934
766.97	34.940
767.16	34.838
767.35	35.094
767.53	35.071
767.72	35.078
767.91	34.996
768.10	35.144
768.29	35.151
768.47	35.322
768.66	35.205
768.85	35.417
769.04	35.232
769.23	35.157
769.41	35.333
769.60	35.240
769.79	35.333
769.98	35.220
770.17	35.326
770.35	35.457
770.54	35.397
770.73	35.502
770.92	35.468
771.10	35.482
771.29	35.446
771.48	35.794
771.67	35.595
771.86	35.218
772.04	35.597
772.23	35.487
772.42	35.567
772.61	35.448
772.79	35.483
772.98	35.590
773.17	35.574
773.36	35.619
773.54	35.744
773.73	35.612
773.92	35.725
774.11	35.701
774.30	35.455
774.48	35.536
774.67	35.527
774.86	35.861
775.05	35.631
775.23	35.735
775.42	35.956
775.61	35.704
775.79	35.790
775.98	35.597
776.17	35.821
776.36	35.760
776.54	35.876
776.73	35.853
776.92	35.755
777.11	35.824
777.29	35.759
777.48	35.851
777.67	35.740
777.85	35.906
778.04	35.807
778.23	35.999
778.42	36.013
778.60	35.969
778.79	36.200
778.98	35.893
779.16	36.062
779.35	36.193
779.54	35.865
779.73	36.176
779.91	35.934
780.10	36.103
780.29	36.314
780.47	36.291
780.66	36.064
780.85	36.277
781.03	36.207
781.22	36.317
781.41	36.214
781.60	36.196
781.78	36.446
781.97	36.478
782.16	36.468
782.34	36.428
782.53	36.272
782.72	36.305
782.90	36.514
783.09	36.276
783.28	36.519
783.46	36.713
783.65	36.541
783.84	36.462
784.02	36.108
784.21	36.325
784.40	36.664
784.58	36.579
784.77	36.416
784.96	36.671
785.14	36.584
785.33	36.614
785.52	36.669
785.70	36.721
785.89	36.880
786.08	36.639
786.26	36.998
786.45	36.812
786.63	36.794
786.82	37.143
787.01	37.032
787.19	36.865
787.38	37.115
787.57	36.960
787.75	37.157
787.94	37.109
788.13	37.231
788.31	37.347
788.50	37.337
788.68	37.148
788.87	37.290
789.06	37.177
789.24	37.384
789.43	37.163
789.61	37.578
789.80	37.455
789.99	37.394
790.17	37.498
790.36	37.779
790.55	37.637
790.73	37.754
790.92	37.545
791.10	37.710
791.29	37.757
791.48	37.804
791.66	37.855
791.85	37.989
792.03	37.861
792.22	37.940
792.40	37.995
792.59	38.159
792.78	38.207
792.96	38.146
793.15	37.935
793.33	38.239
793.52	38.322
793.71	38.287
793.89	38.184
794.08	38.397
794.26	38.336
794.45	38.436
794.63	38.475
794.82	38.751
795.01	38.621
795.19	38.677
795.38	38.743
795.56	38.789
795.75	38.978
795.93	39.059
796.12	38.823
796.30	38.953
796.49	39.022
796.68	38.919
796.86	38.949
797.05	39.160
797.23	39.147
797.42	39.104
797.60	39.194
797.79	39.316
797.97	39.365
798.16	39.622
798.34	39.474
798.53	39.429
798.71	39.651
798.90	39.649
799.08	39.785
799.27	39.797
799.46	39.802
799.64	39.854
799.83	40.059
800.01	40.041
800.20	39.807
800.38	40.117
800.57	40.041
800.75	40.251
800.94	40.292
801.12	40.522
801.31	40.364
801.49	40.356
801.68	40.344
801.86	40.504
802.05	40.601
802.23	40.548
802.42	40.697
802.60	40.680
802.79	40.534
802.97	40.892
803.16	40.905
803.34	40.947
803.53	41.004
803.71	41.138
803.90	41.152
804.08	41.133
804.27	41.210
804.45	41.129
804.63	41.277
804.82	41.282
805.00	41.265
805.19	41.317
805.37	41.215
805.56	41.356
805.74	41.621
805.93	41.518
806.11	41.436
806.30	41.831
806.48	41.995
806.67	41.991
806.85	41.933
807.04	42.064
807.22	42.052
807.40	42.055
807.59	41.772
807.77	42.266
807.96	42.383
808.14	42.235
808.33	42.359
808.51	42.271
808.69	42.399
808.88	42.397
809.06	42.427
809.25	42.626
809.43	42.485
809.62	42.587
809.80	42.598
809.99	42.566
810.17	42.836
810.35	43.090
810.54	42.924
810.72	43.053
810.91	42.964
811.09	42.932
811.27	43.029
811.46	42.854
811.64	43.097
811.83	43.392
812.01	43.136
812.19	43.152
812.38	43.076
812.56	43.366
812.75	43.448
812.93	43.363
813.11	43.458
813.30	43.607
813.48	43.584
813.67	43.545
813.85	43.647
814.03	43.798
814.22	43.668
814.40	43.904
814.59	43.727
814.77	43.791
814.95	43.804
815.14	43.666
815.32	43.770
815.50	43.802
815.69	44.064
815.87	44.183
816.06	44.026
816.24	44.040
816.42	44.223
816.61	44.167
816.79	44.249
816.97	44.234
817.16	44.238
817.34	44.126
817.52	44.258
817.71	44.374
817.89	44.505
818.07	44.496
818.26	44.534
818.44	44.750
818.63	44.496
818.81	44.492
818.99	44.882
819.18	44.837
819.36	44.807
819.54	44.763
819.73	44.772
819.91	44.922
820.09	44.891
820.28	44.944
820.46	45.216
820.64	45.138
820.83	45.029
821.01	45.261
821.19	45.381
821.37	45.255
821.56	45.369
821.74	45.168
821.92	45.367
822.11	45.456
822.29	45.570
822.47	45.561
822.66	45.558
822.84	45.536
823.02	45.893
823.21	45.692
823.39	45.307
823.57	45.725
823.75	45.675
823.94	45.845
824.12	45.625
824.30	45.727
824.49	46.061
824.67	46.118
824.85	45.836
825.03	45.728
825.22	46.006
825.40	46.107
825.58	45.773
825.77	46.011
825.95	46.204
826.13	45.899
826.31	46.114
826.50	46.062
826.68	46.158
826.86	46.014
827.04	46.028
827.23	46.202
827.41	46.228
827.59	46.545
827.78	46.460
827.96	46.298
828.14	46.436
828.32	46.309
828.51	46.346
828.69	46.258
828.87	46.461
829.05	46.391
829.23	46.506
829.42	46.370
829.60	46.429
829.78	46.612
829.96	46.645
830.15	46.587
830.33	46.687
830.51	46.967
830.69	47.031
830.88	46.949
831.06	46.991
831.24	46.822
831.42	46.733
831.60	46.850
831.79	46.977
831.97	46.931
832.15	46.955
832.33	46.952
832.52	46.915
832.70	46.697
832.88	46.948
833.06	47.016
833.24	47.138
833.43	46.984
833.61	47.216
833.79	47.100
833.97	47.579
834.15	47.240
834.34	47.448
834.52	47.282
834.70	47.468
834.88	47.507
835.06	47.506
835.25	47.652
835.43	47.679
835.61	47.531
835.79	47.499
835.97	47.471
836.15	47.526
836.34	47.662
836.52	47.629
836.70	47.627
836.88	47.678
837.06	47.694
837.24	47.886
837.43	47.875
837.61	48.010
837.79	48.086
837.97	48.062
838.15	47.819
838.33	47.968
838.52	48.051
838.70	47.789
838.88	47.932
839.06	47.914
839.24	47.641
839.42	48.221
839.60	48.115
839.79	48.220
839.97	48.193
840.15	48.134
840.33	48.188
840.51	48.364
840.69	48.373
840.87	47.987
841.06	48.132
841.24	48.468
841.42	48.104
841.60	48.284
841.78	48.423
841.96	48.176
842.14	48.645
842.32	48.469
842.51	48.349
842.69	48.420
842.87	48.190
843.05	48.479
843.23	48.267
843.41	48.511
843.59	48.469
843.77	48.683
843.95	48.411
844.14	48.470
844.32	48.816
844.50	48.622
844.68	48.806
844.86	48.532
845.04	48.756
845.22	48.703
845.40	48.658
845.58	48.834
845.76	48.467
845.94	48.602
846.12	48.756
846.31	48.538
846.49	48.555
846.67	48.625
846.85	48.721
847.03	48.683
847.21	48.533
847.39	48.485
847.57	48.863
847.75	48.782
847.93	48.760
848.11	48.548
848.29	48.626
848.47	48.760
848.65	48.689
848.83	48.907
849.02	48.869
849.20	48.809
849.38	48.828
849.56	49.177
849.74	48.999
849.92	49.160
850.10	49.080
850.28	49.273
850.46	49.083
850.64	49.107
850.82	49.250
851.00	49.116
851.18	48.736
851.36	49.250
851.54	48.763
851.72	49.354
851.90	49.208
852.08	49.030
852.26	49.131
852.44	49.026
852.62	49.250
852.80	49.150
852.98	49.354
853.16	49.283
853.34	49.284
853.52	48.890
853.70	48.844
853.88	49.201
854.06	49.115
854.24	49.422
854.42	49.298
854.60	49.372
854.78	49.363
854.96	49.585
855.14	49.384
855.32	49.452
855.50	49.503
855.68	49.439
855.86	49.432
856.04	49.311
856.22	49.704
856.40	49.579
856.58	49.424
856.76	49.668
856.94	49.383
857.12	49.748
857.30	49.367
857.48	49.581
857.66	49.370
857.84	49.376
858.02	49.538
858.20	49.501
858.38	49.399
858.56	49.297
858.74	49.501
858.92	49.600
859.10	49.677
859.28	49.701
859.46	49.622
859.64	49.702
859.81	49.518
859.99	49.431
860.17	49.554
860.35	49.741
860.53	49.527
860.71	49.712
860.89	49.757
861.07	49.493
861.25	49.445
861.43	49.737
861.61	49.690
861.79	49.962
861.97	49.854
862.15	49.965
862.33	50.009
862.50	49.952
862.68	49.902
862.86	50.105
863.04	49.851
863.22	49.648
863.40	49.940
863.58	50.052
863.76	49.901
863.94	50.065
864.12	50.158
864.30	49.931
864.47	49.820
864.65	50.085
864.83	49.934
865.01	49.758
865.19	49.556
865.37	49.881
865.55	50.043
865.73	50.200
865.91	50.040
866.09	49.955
866.26	50.002
866.44	49.792
866.62	49.961
866.80	50.185
866.98	49.977
867.16	49.856
867.34	49.863
867.52	49.892
867.69	49.929
867.87	50.100
868.05	50.173
868.23	49.962
868.41	50.292
868.59	49.862
868.77	50.195
868.94	50.076
869.12	50.038
869.30	49.865
869.48	50.077
869.66	49.999
869.84	50.175
870.02	50.043
870.19	50.167
870.37	50.275
870.55	50.444
870.73	50.201
870.91	50.194
871.09	50.071
871.26	50.205
871.44	50.331
871.62	50.508
871.80	50.244
871.98	50.126
872.16	50.439
872.33	50.015
872.51	50.374
872.69	50.253
872.87	50.137
873.05	50.401
873.22	50.516
873.40	50.348
873.58	50.356
873.76	50.282
873.94	50.434
874.12	50.189
874.29	50.433
874.47	50.417
874.65	50.332
874.83	49.824
875.01	50.310
875.18	50.193
875.36	50.493
875.54	50.571
875.72	50.627
875.89	50.459
876.07	50.530
876.25	50.294
876.43	50.293
876.61	50.691
876.78	50.626
876.96	50.536
877.14	50.305
877.32	50.305
877.49	50.497
877.67	50.576
877.85	50.252
878.03	50.444
878.21	50.465
878.38	50.411
878.56	50.310
878.74	50.572
878.92	50.549
879.09	50.446
879.27	50.785
879.45	50.543
879.63	50.729
879.80	50.290
879.98	50.489
880.16	50.194
880.34	50.558
880.51	50.379
880.69	50.511
880.87	50.367
881.05	50.372
881.22	50.150
881.40	50.036
881.58	49.911
881.75	50.291
881.93	50.184
882.11	50.237
882.29	50.612
882.46	50.590
882.64	50.824
882.82	50.617
883.00	50.617
883.17	50.622
883.35	50.617
883.53	50.482
883.70	50.454
883.88	50.504
884.06	50.661
884.23	50.935
884.41	50.494
884.59	50.503
884.77	50.757
884.94	50.825
885.12	51.046
885.30	50.798
885.47	50.922
885.65	50.855
885.83	50.771
886.00	50.907
886.18	50.909
886.36	50.777
886.53	50.928
886.71	50.425
886.89	50.345
887.07	50.506
887.24	50.712
887.42	50.707
887.60	50.907
887.77	50.832
887.95	50.942
888.13	51.012
888.30	50.902
888.48	50.864
888.66	50.715
888.83	50.926
889.01	50.839
889.18	50.803
889.36	51.133
889.54	50.450
889.71	51.016
889.89	50.829
890.07	50.829
890.24	50.773
890.42	50.663
890.60	51.056
890.77	50.752
890.95	50.893
891.13	50.718
891.30	50.722
891.48	50.761
891.65	50.967
891.83	51.064
892.01	50.843
892.18	50.894
892.36	50.852
892.54	50.975
892.71	50.961
892.89	50.857
893.06	50.849
893.24	50.536
893.42	50.652
893.59	50.554
893.77	50.952
893.94	50.919
894.12	50.718
894.30	50.759
894.47	50.906
894.65	50.883
894.82	50.961
895.00	50.721
895.18	50.897
895.35	50.954
895.53	51.076
895.70	51.312
895.88	51.066
896.06	50.938
896.23	50.938
896.41	51.042
896.58	50.746
896.76	51.076
896.93	50.731
897.11	50.731
897.29	50.637
897.46	51.008
897.64	51.009
897.81	51.057
897.99	50.759
898.16	50.638
898.34	51.222
898.52	51.085
898.69	50.986
898.87	50.866
899.04	51.088
899.22	50.845
899.39	50.826
899.57	50.845
899.74	50.811
899.92	50.859
900.10	50.923
900.27	51.097
900.45	50.990
900.62	51.098
900.80	51.011
900.97	50.933
901.15	51.262
901.32	51.350
901.50	51.027
901.67	50.976
901.85	51.331
902.02	51.042
902.20	51.106
902.37	51.239
902.55	51.099
902.72	51.283
902.90	51.211
903.07	51.097
903.25	50.986
903.43	50.882
903.60	51.067
903.78	50.875
903.95	51.153
904.13	51.107
904.30	50.941
904.48	51.235
904.65	50.872
904.83	51.176
905.00	51.230
905.17	50.850
905.35	50.740
905.52	50.947
905.70	50.741
905.87	51.064
906.05	51.194
906.22	50.747
906.40	50.852
906.57	50.943
906.75	51.170
906.92	51.159
907.10	50.800
907.27	51.050
907.45	50.838
907.62	50.884
907.80	50.623
907.97	50.983
908.15	50.909
908.32	50.806
908.49	51.131
908.67	50.828
908.84	50.857
909.02	50.905
909.19	51.039
909.37	51.062
909.54	51.069
909.72	50.890
909.89	50.727
910.07	51.134
910.24	50.944
910.41	51.036
910.59	50.847
910.76	50.932
910.94	50.838
911.11	51.105
911.29	51.255
911.46	50.982
911.63	51.373
911.81	51.109
911.98	50.864
912.16	51.187
912.33	51.243
912.50	50.803
912.68	50.992
912.85	50.870
913.03	50.813
913.20	51.218
913.38	51.200
913.55	51.343
913.72	51.041
913.90	51.168
914.07	50.942
914.25	51.513
914.42	51.355
914.59	51.321
914.77	51.015
914.94	50.992
915.11	51.250
915.29	50.917
915.46	50.973
915.64	51.135
915.81	51.065
915.98	50.720
916.16	51.030
916.33	50.949
916.51	51.310
916.68	51.153
916.85	51.202
917.03	51.350
917.20	51.329
917.37	51.157
917.55	51.210
917.72	51.292
917.89	50.763
918.07	51.271
918.24	51.052
918.42	51.110
918.59	50.959
918.76	51.214
918.94	51.196
919.11	50.997
919.28	50.591
919.46	50.602
919.63	51.028
919.80	50.843
919.98	50.913
920.15	50.823
920.32	50.936
920.50	51.106
920.67	51.398
920.84	51.169
921.02	50.974
921.19	51.190
921.36	51.238
921.54	50.810
921.71	51.109
921.88	51.054
922.06	51.002
922.23	50.833
922.40	50.824
922.57	50.874
922.75	50.976
922.92	51.077
923.09	51.101
923.27	51.293
923.44	51.313
923.61	51.391
923.79	51.418
923.96	51.549
924.13	51.315
924.30	51.217
924.48	51.521
924.65	51.314
924.82	51.395
925.00	51.487
925.17	51.583
925.34	51.424
925.51	51.291
925.69	51.280
925.86	51.172
926.03	51.270
926.21	51.378
926.38	51.340
926.55	51.291
926.72	51.061
926.90	51.267
927.07	51.498
927.24	51.566
927.41	51.455
927.59	51.255
927.76	51.345
927.93	51.086
928.10	51.514
928.28	51.213
928.45	51.444
928.62	51.516
928.79	51.389
928.97	51.354
929.14	51.165
929.31	50.965
929.48	51.235
929.66	51.460
929.83	51.194
930.00	51.300
930.17	51.250
930.34	51.259
930.52	51.097
930.69	51.576
930.86	51.138
931.03	51.356
931.21	51.211
931.38	51.756
931.55	51.461
931.72	51.328
931.89	50.967
932.07	51.380
932.24	51.846
932.41	51.588
932.58	51.407
932.75	51.587
932.93	51.551
933.10	51.612
933.27	51.487
933.44	51.377
933.61	51.211
933.79	51.250
933.96	51.608
934.13	51.517
934.30	51.526
934.47	51.900
934.65	51.697
934.82	51.694
934.99	51.689
935.16	51.470
935.33	51.378
935.50	51.730
935.68	51.480
935.85	51.513
936.02	51.503
936.19	51.899
936.36	52.010
936.53	51.372
936.71	51.527
936.88	51.656
937.05	51.615
937.22	51.356
937.39	51.954
937.56	51.902
937.74	51.316
937.91	51.461
938.08	51.650
938.25	51.585
938.42	51.412
938.59	51.667
938.76	51.718
938.94	51.675
939.11	52.384
939.28	52.129
939.45	51.607
939.62	51.252
939.79	51.691
939.96	51.316
940.13	51.756
940.31	51.386
940.48	51.706
940.65	51.949
940.82	51.127
940.99	51.688
941.16	51.236
941.33	52.124
941.50	51.429
941.67	51.376
941.85	51.686
942.02	51.658
942.19	51.973
942.36	52.057
942.53	51.992
942.70	51.248
942.87	51.762
943.04	52.015
943.21	51.418
943.38	51.712
943.56	51.638
943.73	51.873
943.90	51.839
944.07	51.834
944.24	51.479
944.41	51.741
944.58	51.826
944.75	51.867
944.92	52.301
945.09	52.048
945.26	51.612
945.43	51.925
945.60	52.337
945.78	52.088
945.95	51.664
946.12	51.893
946.29	51.735
946.46	51.506
946.63	52.200
946.80	51.481
946.97	51.599
947.14	52.079
947.31	51.873
947.48	52.319
947.65	52.000
947.82	51.735
947.99	52.015
948.16	51.607
948.33	51.411
948.50	51.803
948.67	51.317
948.84	51.289
949.01	51.447
949.18	52.117
949.35	51.594
949.52	51.784
949.69	52.104
949.86	52.042
950.03	51.552
950.20	51.716
950.38	52.259
950.55	51.877
950.72	51.873
950.89	51.846
951.06	52.007
951.23	52.236
951.40	52.045
951.57	52.043
951.74	52.245
951.91	52.080
952.08	51.869
952.25	51.775
952.42	51.993
952.59	51.765
952.76	51.639
952.92	51.735
953.09	51.779
953.26	51.462
953.43	51.776
953.60	52.052
953.77	51.509
953.94	51.772
954.11	52.038
954.28	51.946
954.45	51.739
954.62	52.260
954.79	52.477
954.96	51.636
955.13	51.782
955.30	52.375
955.47	51.697
955.64	52.347
955.81	51.735
955.98	52.017
956.15	52.232
956.32	51.852
956.49	52.241
956.66	52.141
956.83	51.785
957.00	52.118
957.17	52.262
957.33	52.257
957.50	52.249
957.67	52.227
957.84	51.887
958.01	52.450
958.18	51.832
958.35	52.031
958.52	51.837
958.69	51.750
958.86	52.088
959.03	52.115
959.20	51.961
959.37	51.845
959.53	51.999
959.70	51.844
959.87	51.852
960.04	52.134
960.21	52.050
960.38	51.475
960.55	52.176
960.72	52.228
960.89	52.010
961.06	51.576
961.23	51.788
961.39	51.826
961.56	51.613
961.73	51.833
961.90	52.414
962.07	51.747
962.24	51.666
962.41	51.634
962.58	51.982
962.75	52.323
962.91	52.082
963.08	51.929
963.25	52.232
963.42	52.004
963.59	52.764
963.76	51.670
963.93	52.186
964.09	52.131
964.26	52.130
964.43	52.373
964.60	52.033
964.77	51.795
964.94	52.267
965.11	52.397
965.27	51.715
965.44	52.097
965.61	51.978
965.78	52.054
965.95	52.323
966.12	52.027
966.29	52.215
966.45	52.308
966.62	51.858
966.79	51.961
966.96	52.278
967.13	51.924
967.30	51.663
967.46	52.129
967.63	51.821
967.80	52.059
967.97	51.442
968.14	52.216
968.30	51.952
968.47	52.062
968.64	51.671
968.81	52.216
968.98	52.505
969.15	52.245
969.31	52.276
969.48	52.506
969.65	52.303
969.82	52.154
969.99	52.570
970.15	52.614
970.32	52.278
970.49	52.593
970.66	52.276
970.82	52.386
970.99	52.357
971.16	52.403
971.33	52.716
971.50	52.655
971.66	52.163
971.83	52.264
972.00	52.375
972.17	52.793
972.34	52.391
972.50	52.449
972.67	52.104
972.84	52.468
973.01	52.517
973.17	51.956
973.34	52.242
973.51	52.644
973.68	52.384
973.84	52.561
974.01	52.115
974.18	52.535
974.35	52.906
974.51	52.132
974.68	52.663
974.85	52.082
975.02	52.795
975.18	52.401
975.35	52.653
975.52	52.852
975.69	52.507
975.85	52.676
976.02	53.175
976.19	51.970
976.36	52.335
976.52	52.424
976.69	52.310
976.86	52.073
977.02	52.789
977.19	52.255
977.36	52.437
977.53	52.808
977.69	53.096
977.86	52.425
978.03	52.798
978.19	52.582
978.36	52.769
978.53	52.445
978.70	52.479
978.86	52.659
979.03	52.976
979.20	52.895
979.36	52.365
979.53	52.803
979.70	52.267
979.86	52.038
980.03	52.238
980.20	52.261
980.36	53.030
980.53	52.408
980.70	52.546
980.86	53.001
981.03	52.615
981.20	52.632
981.36	52.477
981.53	53.242
981.70	52.860
981.86	52.538
982.03	52.718
982.20	52.124
982.36	52.837
982.53	52.631
982.70	52.378
982.86	52.587
983.03	52.834
983.20	52.830
983.36	52.444
983.53	52.561
983.70	52.512
983.86	53.280
984.03	53.036
984.20	52.874
984.36	53.014
984.53	52.468
984.70	52.880
984.86	52.822
985.03	52.919
985.19	53.032
985.36	52.646
985.53	51.963
985.69	53.045
985.86	53.006
986.03	53.169
986.19	52.812
986.36	52.989
986.52	52.317
986.69	52.529
986.86	51.988
987.02	52.687
987.19	52.324
987.35	52.527
987.52	52.888
987.69	52.457
987.85	53.421
988.02	52.155
988.18	53.295
988.35	52.991
988.52	52.730
988.68	52.775
988.85	52.246
989.01	52.556
989.18	52.947
989.35	52.768
989.51	52.578
989.68	52.001
989.84	52.736
990.01	53.085
990.17	53.279
990.34	52.163
990.51	52.498
990.67	52.410
990.84	52.123
991.00	52.382
991.17	52.339
991.33	52.361
991.50	52.496
991.66	53.182
991.83	52.870
992.00	52.802
992.16	52.456
992.33	52.412
992.49	52.935
992.66	52.921
992.82	52.471
992.99	53.530
993.15	53.586
993.32	52.098
993.48	52.259
993.65	52.502
993.82	52.873
993.98	52.758
994.15	53.156
994.31	53.242
994.48	53.056
994.64	52.602
994.81	52.567
994.97	53.046
995.14	53.121
995.30	53.362
995.47	52.142
995.63	52.583
995.80	53.071
995.96	51.948
996.13	52.815
996.29	52.834
996.46	52.704
996.62	53.293
996.79	53.454
996.95	52.332
997.12	53.633
997.28	52.960
997.45	53.506
997.61	53.149
997.78	53.370
997.94	52.041
998.11	52.805
998.27	53.538
998.44	53.109
998.60	52.054
998.77	52.662
998.93	52.699
999.10	53.159
999.26	53.018
999.43	53.376
999.59	52.658
999.75	52.358
999.92	52.788
1000.08	53.086
1000.25	52.572
1000.41	52.471
1000.58	53.055
1000.74	52.236
1000.91	53.038
1001.07	52.723
1001.24	52.574
1001.40	52.985
1001.56	52.244
1001.73	52.172
1001.89	52.400
1002.06	52.927
1002.22	52.371
1002.39	51.969
1002.55	53.250
1002.71	52.999
1002.88	52.090
1003.04	52.481
1003.21	51.785
1003.37	52.590
1003.54	52.592
1003.70	53.021
1003.86	52.892
1004.03	53.408
1004.19	52.209
1004.36	52.959
1004.52	53.003
1004.68	52.905
1004.85	52.826
1005.01	52.888
1005.18	52.595
1005.34	54.092
1005.50	53.367
1005.67	51.907
1005.83	53.238
1006.00	52.880
1006.16	52.828
1006.32	52.684
1006.49	52.987
1006.65	52.531
1006.82	53.260
1006.98	53.122
1007.14	53.060
1007.31	52.506
1007.47	51.642
1007.63	52.068
1007.80	52.221
1007.96	52.243
1008.13	51.509
1008.29	53.092
1008.45	52.459
1008.62	53.198
1008.78	52.535
1008.94	52.010
1009.11	53.533
1009.27	52.264
1009.43	52.325
1009.60	52.331
1009.76	53.099
1009.92	51.819
1010.09	52.004
1010.25	52.173
1010.42	53.004
1010.58	53.087
1010.74	51.802
1010.91	52.016
1011.07	52.839
1011.23	53.249
1011.40	52.447
1011.56	53.263
1011.72	52.934
1011.89	52.763
1012.05	52.366
1012.21	53.635
1012.37	52.062
1012.54	53.633
1012.70	52.431
1012.86	53.133
1013.03	53.164
1013.19	52.811
1013.35	52.568
1013.52	51.081
1013.68	51.986
1013.84	51.289
1014.01	52.522
1014.17	53.384
1014.33	52.695
1014.49	52.683
1014.66	52.588
1014.82	52.112
1014.98	52.850
1015.15	53.362
1015.31	52.799
1015.47	53.135
1015.63	53.162
1015.80	53.097
1015.96	52.317
1016.12	52.030
1016.29	52.913
1016.45	52.350
1016.61	53.074
1016.77	53.151
1016.94	52.351
1017.10	53.272
1017.26	53.328
1017.42	52.159
1017.59	51.563
1017.75	51.949
1017.91	52.306
1018.07	53.607
1018.24	52.707
1018.40	52.255
1018.56	53.025
1018.72	52.774
1018.89	54.094
1019.05	52.586
1019.21	53.683
1019.37	52.778
1019.54	52.340
1019.70	52.972
1019.86	52.340
1020.02	53.718
1020.19	52.441
1020.35	51.880
1020.51	52.394
1020.67	52.604
1020.83	53.319
1021.00	52.557
1021.16	52.093
1021.32	51.707
1021.48	52.091
1021.64	52.814
1021.81	51.087
1021.97	52.466
1022.13	52.225
1022.29	51.434
1022.45	53.470
1022.62	53.661
1022.78	51.708
1022.94	53.452
1023.10	52.940
1023.26	52.725
1023.43	52.707
1023.59	53.802
1023.75	52.405
1023.91	53.157
1024.07	52.463
1024.24	52.500
1024.40	52.363
1024.56	51.975
1024.72	52.523
1024.88	54.123
1025.04	53.490
1025.21	53.510
1025.37	54.241
1025.53	51.653
1025.69	52.670
1025.85	51.831
1026.01	51.850
1026.18	54.228
1026.34	52.741
1026.50	51.095
1026.66	53.508
1026.82	53.335
1026.98	51.840
1027.14	51.679
1027.31	52.574
1027.47	53.556
1027.63	52.587
1027.79	52.786
1027.95	52.921
1028.11	52.253
1028.27	53.139
1028.44	53.856
1028.60	52.744
1028.76	50.408
1028.92	54.970
1029.08	52.415
1029.24	52.310
1029.40	52.748
1029.56	53.395
1029.73	53.450
1029.89	51.872
1030.05	53.996
1030.21	52.950
1030.37	52.954
1030.53	52.584
1030.69	52.578
1030.85	51.784
1031.01	53.768
1031.17	48.757
1031.34	51.163
1031.50	53.272
1031.66	52.557
1031.82	51.664
1031.98	53.697
1032.14	51.135
1032.30	52.266
1032.46	52.584
1032.62	51.717
1032.78	50.188
1032.94	55.584
1033.10	53.434
1033.27	50.955
1033.43	52.139
1033.59	52.599
1033.75	51.964
1033.91	51.408
1034.07	52.761
1034.23	49.465
1034.39	54.461
1034.55	51.954
1034.71	50.406
1034.87	50.637
1035.03	51.369
1035.19	50.741
1035.35	53.828
1035.51	52.167
1035.67	52.449
1035.83	51.868
1035.99	50.401
1036.16	52.784
1036.32	52.245
1036.48	52.534
1036.64	51.883
1036.80	52.580
1036.96	55.422
1037.12	52.619
1037.28	54.198
1037.44	50.540
1037.60	53.170
1037.76	51.136
1037.92	54.025
1038.08	52.832
1038.24	52.671
1038.40	52.587
1038.56	52.991
1038.72	53.096
1038.88	56.560
1039.04	50.512
1039.20	52.155
1039.36	50.151
1039.52	53.119
1039.68	52.766
1039.84	53.427
1040.00	52.844
1040.16	51.469
1040.32	51.629
1040.48	50.200
1040.64	48.827
1040.80	48.822
1040.96	54.634
1041.12	53.485
1041.28	50.672
1041.44	52.795
1041.60	50.873
1041.76	54.518
1041.92	50.320
1042.08	51.983
1042.24	53.958
1042.39	52.158
1042.55	53.033
1042.71	51.544
1042.87	51.928
1043.03	52.249
1043.19	48.744
