345.44	-6.62
345.66	-6.62
345.88	-6.62
346.10	-18.09
346.31	-17.89
346.53	-8.06
346.75	6.08
346.97	-1.09
347.19	6.69
347.41	7.92
347.63	43.55
347.85	3.41
348.07	9.97
348.29	-10.31
348.51	13.24
348.73	12.63
348.95	23.69
349.17	-5.19
349.39	20.62
349.61	9.97
349.83	10.79
350.05	35.98
350.27	36.18
350.49	30.24
350.71	29.01
350.93	38.23
351.15	63.21
351.37	18.36
351.59	13.65
351.80	16.11
352.02	32.70
352.24	8.94
352.46	23.69
352.68	25.33
352.90	51.54
353.12	50.52
353.34	27.58
353.56	24.51
353.78	22.66
354.00	23.89
354.22	14.88
354.44	20.62
354.66	32.70
354.88	40.89
355.09	40.69
355.31	29.83
355.53	36.39
355.75	17.95
355.97	45.40
356.19	30.65
356.41	13.04
356.63	16.73
356.85	20.41
357.07	13.24
357.29	30.45
357.50	29.63
357.72	40.48
357.94	31.88
358.16	31.27
358.38	16.73
358.60	62.19
358.82	28.81
359.04	15.50
359.26	28.60
359.48	35.77
359.69	41.30
359.91	32.49
360.13	13.45
360.35	32.49
360.57	32.49
360.79	36.39
361.01	35.98
361.23	98.23
361.45	29.83
361.66	31.88
361.88	20.21
362.10	55.23
362.32	21.03
362.54	26.96
362.76	40.28
362.98	50.11
363.20	50.72
363.41	45.60
363.63	42.73
363.85	46.42
364.07	31.27
364.29	33.11
364.51	37.82
364.73	36.39
364.94	42.12
365.16	38.02
365.38	32.90
365.60	34.54
365.82	39.46
366.04	35.36
366.26	5.67
366.47	30.04
366.69	48.06
366.91	29.22
367.13	31.06
367.35	8.74
367.57	33.11
367.79	34.75
368.00	29.01
368.22	40.89
368.44	38.64
368.66	49.90
368.88	21.85
369.10	55.64
369.31	70.59
369.53	32.90
369.75	24.10
369.97	50.93
370.19	33.11
370.41	30.86
370.62	27.78
370.84	40.69
371.06	12.22
371.28	38.23
371.50	27.17
371.71	44.78
371.93	37.82
372.15	19.18
372.37	7.71
372.59	40.89
372.80	25.53
373.02	47.24
373.24	41.71
373.46	26.35
373.68	10.99
373.90	67.11
374.11	27.37
374.33	30.45
374.55	8.33
374.77	49.90
374.98	46.01
375.20	48.47
375.42	34.95
375.64	34.13
375.86	31.06
376.07	29.01
376.29	53.18
376.51	45.81
376.73	28.60
376.95	16.32
377.16	7.30
377.38	43.35
377.60	23.07
377.82	46.83
378.03	42.73
378.25	48.88
378.47	24.30
378.69	56.05
378.91	34.34
379.12	57.48
379.34	35.77
379.56	45.81
379.78	28.81
379.99	37.20
380.21	34.34
380.43	45.81
380.65	40.07
380.86	57.48
381.08	30.86
381.30	36.18
381.52	37.82
381.73	47.65
381.95	25.74
382.17	34.13
382.39	43.76
382.60	23.07
382.82	60.14
383.04	46.22
383.26	28.60
383.47	37.61
383.69	43.76
383.91	34.75
384.13	19.18
384.34	22.87
384.56	53.38
384.78	32.90
385.00	57.89
385.21	34.54
385.43	54.20
385.65	36.18
385.86	38.84
386.08	30.24
386.30	30.65
386.52	46.22
386.73	30.86
386.95	48.26
387.17	21.64
387.38	44.99
387.60	54.82
387.82	23.28
388.04	41.10
388.25	22.66
388.47	55.43
388.69	36.59
388.90	62.60
389.12	39.87
389.34	41.51
389.56	55.84
389.77	25.12
389.99	39.25
390.21	63.83
390.42	17.54
390.64	16.32
390.86	40.69
391.07	21.23
391.29	54.41
391.51	41.30
391.72	38.43
391.94	48.67
392.16	47.85
392.38	40.89
392.59	38.02
392.81	57.48
393.03	40.89
393.24	56.87
393.46	48.67
393.68	19.59
393.89	42.12
394.11	41.51
394.33	46.01
394.54	40.89
394.76	45.40
394.98	41.30
395.19	49.49
395.41	43.14
395.63	48.88
395.84	38.64
396.06	51.95
396.28	52.97
396.49	63.01
396.71	55.64
396.93	59.53
397.14	59.73
397.36	17.95
397.57	28.60
397.79	64.24
398.01	39.87
398.22	74.89
398.44	38.02
398.66	48.67
398.87	44.78
399.09	43.55
399.31	41.92
399.52	49.90
399.74	43.76
399.96	39.05
400.17	47.85
400.39	39.46
400.60	47.24
400.82	51.13
401.04	50.31
401.25	50.93
401.47	30.65
401.69	39.87
401.90	61.78
402.12	59.32
402.33	47.24
402.55	49.49
402.77	34.75
402.98	63.62
403.20	64.65
403.41	49.49
403.63	40.07
403.85	44.37
404.06	50.72
404.28	34.75
404.49	57.48
404.71	45.60
404.93	34.95
405.14	41.51
405.36	35.16
405.57	50.11
405.79	51.13
406.01	40.48
406.22	39.87
406.44	50.72
406.65	52.56
406.87	35.57
407.09	49.49
407.30	51.34
407.52	58.71
407.73	52.36
407.95	51.95
408.17	52.15
408.38	52.36
408.60	51.13
408.81	54.61
409.03	39.25
409.24	47.24
409.46	56.87
409.68	62.39
409.89	57.07
410.11	47.65
410.32	44.78
410.54	52.97
410.75	67.31
410.97	60.96
411.18	65.88
411.40	67.11
411.62	67.31
411.83	66.08
412.05	72.63
412.26	71.41
412.48	79.19
412.69	81.03
412.91	71.00
413.12	49.70
413.34	58.09
413.56	48.67
413.77	66.90
413.99	77.14
414.20	77.75
414.42	45.81
414.63	67.92
414.85	61.99
415.06	65.06
415.28	58.91
415.49	61.58
415.71	69.15
415.92	84.31
416.14	79.39
416.35	88.20
416.57	68.33
416.79	81.44
417.00	75.50
417.22	87.38
417.43	67.51
417.65	64.44
417.86	80.01
418.08	76.32
418.29	62.60
418.51	84.92
418.72	63.62
418.94	73.86
419.15	70.59
419.37	64.85
419.58	77.96
419.80	68.95
420.01	75.91
420.23	63.21
420.44	74.89
420.66	94.34
420.87	86.77
421.09	72.63
421.30	79.19
421.52	78.16
421.73	97.42
421.95	86.15
422.16	72.84
422.38	94.75
422.59	75.71
422.81	99.26
423.02	84.92
423.23	85.54
423.45	73.04
423.66	89.43
423.88	64.03
424.09	77.14
424.31	103.76
424.52	102.74
424.74	77.96
424.95	104.99
425.17	77.34
425.38	101.31
425.60	76.53
425.81	75.50
426.03	86.36
426.24	89.63
426.45	86.77
426.67	141.65
426.88	81.24
427.10	124.45
427.31	80.83
427.53	95.57
427.74	100.49
427.96	112.16
428.17	101.51
428.39	111.75
428.60	107.86
428.81	125.68
429.03	99.26
429.24	122.81
429.46	90.86
429.67	135.92
429.89	100.69
430.10	106.02
430.31	93.52
430.53	128.95
430.74	102.94
430.96	135.51
431.17	110.93
431.39	145.34
431.60	135.51
431.81	111.96
432.03	125.88
432.24	141.45
432.46	117.28
432.67	121.17
432.89	107.25
433.10	152.51
433.31	132.84
433.53	144.11
433.74	133.25
433.96	144.52
434.17	111.96
434.38	132.84
434.60	139.81
434.81	134.28
435.03	130.18
435.24	131.00
435.45	137.56
435.67	154.35
435.88	149.02
436.10	159.26
436.31	138.78
436.52	172.58
436.74	141.04
436.95	119.53
437.17	158.85
437.38	155.17
437.59	113.39
437.81	144.93
438.02	143.08
438.23	162.95
438.45	140.42
438.66	164.38
438.88	201.66
439.09	184.04
439.30	158.85
439.52	151.89
439.73	183.43
439.94	186.71
440.16	170.94
440.37	175.24
440.58	203.30
440.80	179.54
441.01	187.12
441.23	191.42
441.44	176.67
441.65	193.87
441.87	203.50
442.08	194.90
442.29	202.89
442.51	186.91
442.72	194.49
442.93	193.67
443.15	190.19
443.36	224.59
443.57	217.22
443.79	208.21
444.00	178.51
444.21	198.18
444.43	195.72
444.64	215.38
444.85	220.70
445.07	221.32
445.28	210.05
445.49	222.14
445.71	220.50
445.92	220.50
446.13	213.13
446.35	224.80
446.56	225.41
446.77	213.94
446.99	227.87
447.20	253.88
447.41	242.21
447.63	256.34
447.84	241.39
448.05	231.76
448.27	227.87
448.48	238.72
448.69	255.11
448.90	273.13
449.12	254.70
449.33	227.05
449.54	254.49
449.76	271.90
449.97	270.06
450.18	249.78
450.40	282.76
450.61	270.88
450.82	251.63
451.03	275.79
451.25	294.02
451.46	283.58
451.67	281.94
451.89	283.17
452.10	264.53
452.31	250.40
452.52	298.12
452.74	304.67
452.95	287.47
453.16	297.71
453.38	298.32
453.59	332.93
453.80	304.87
454.01	298.73
454.23	317.78
454.44	315.93
454.65	307.74
454.86	308.56
455.08	295.45
455.29	338.67
455.50	306.51
455.71	339.08
455.93	364.88
456.14	366.52
456.35	334.37
456.56	359.56
456.78	337.64
456.99	343.79
457.20	339.48
457.41	361.81
457.63	358.74
457.84	391.71
458.05	341.94
458.26	380.24
458.48	371.23
458.69	385.15
458.90	399.70
459.11	414.03
459.33	403.79
459.54	416.28
459.75	398.88
459.96	399.90
460.18	415.87
460.39	416.49
460.60	438.20
460.81	478.95
461.02	451.92
461.24	467.89
461.45	445.77
461.66	465.44
461.87	464.62
462.09	466.87
462.30	463.18
462.51	482.02
462.72	467.89
462.93	504.76
463.15	525.65
463.36	503.32
463.57	517.66
463.78	511.31
463.99	520.12
464.21	540.80
464.42	533.63
464.63	547.76
464.84	551.45
465.05	572.34
465.27	538.55
465.48	587.29
465.69	563.53
465.90	574.59
466.11	587.29
466.33	585.86
466.54	586.88
466.75	624.15
466.96	594.25
467.17	640.33
467.38	638.49
467.60	635.01
467.81	642.38
468.02	630.30
468.23	648.93
468.44	656.72
468.65	700.75
468.87	686.82
469.08	676.79
469.29	693.17
469.50	698.29
469.71	707.50
469.92	680.88
470.14	720.41
470.35	742.32
470.56	730.24
470.77	752.36
470.98	736.38
471.19	776.73
471.41	772.02
471.62	764.85
471.83	809.29
472.04	814.20
472.25	854.34
472.46	831.20
472.67	830.59
472.89	848.20
473.10	897.97
473.31	871.14
473.52	896.12
473.73	931.14
473.94	877.28
474.15	901.24
474.37	932.99
474.58	891.41
474.79	923.57
475.00	955.31
475.21	1012.86
475.42	988.90
475.63	1019.00
475.84	1025.14
476.06	1042.35
476.27	1015.72
476.48	1059.35
476.69	1049.31
476.90	1086.79
477.11	1109.32
477.32	1091.29
477.53	1139.01
477.74	1160.31
477.96	1125.50
478.17	1177.10
478.38	1209.87
478.59	1210.28
478.80	1198.81
479.01	1205.16
479.22	1253.29
479.43	1261.07
479.64	1286.47
479.85	1282.57
480.06	1316.78
480.28	1281.55
480.49	1320.87
480.70	1344.01
480.91	1328.65
481.12	1375.14
481.33	1393.78
481.54	1385.38
481.75	1363.88
481.96	1405.66
482.17	1415.08
482.38	1424.29
482.59	1475.70
482.81	1490.65
483.02	1465.25
483.23	1511.13
483.44	1498.43
483.65	1562.33
483.86	1563.35
484.07	1577.48
484.28	1557.82
484.49	1602.26
484.70	1616.39
484.91	1665.95
485.12	1658.58
485.33	1697.70
485.54	1674.56
485.75	1686.02
485.96	1702.61
486.17	1763.03
486.38	1748.90
486.60	1755.04
486.81	1763.44
487.02	1821.80
487.23	1811.56
487.44	1826.92
487.65	1816.28
487.86	1871.57
488.07	1874.03
488.28	1894.92
488.49	1942.23
488.70	1942.23
488.91	1947.75
489.12	1934.24
489.33	1987.69
489.54	1989.94
489.75	2036.84
489.96	1996.91
490.17	2048.72
490.38	2041.14
490.59	2079.44
490.80	2092.96
491.01	2095.21
491.22	2129.61
491.43	2118.15
491.64	2146.82
491.85	2115.89
492.06	2179.99
492.27	2195.76
492.48	2200.06
492.69	2218.29
492.90	2253.31
493.11	2235.49
493.32	2248.81
493.53	2268.06
493.74	2275.23
493.95	2304.10
494.16	2347.93
494.37	2335.84
494.58	2372.71
494.79	2377.21
495.00	2339.94
495.21	2415.51
495.42	2452.78
495.63	2462.00
495.84	2433.94
496.05	2462.41
496.26	2455.04
496.47	2467.73
496.68	2464.25
496.89	2503.37
497.10	2547.20
497.31	2549.24
497.52	2569.11
497.73	2568.29
497.94	2624.81
498.15	2630.14
498.36	2611.71
498.57	2630.14
498.78	2657.79
498.99	2739.91
499.19	2705.71
499.40	2694.65
499.61	2743.60
499.82	2736.43
500.03	2783.33
500.24	2769.60
500.45	2793.98
500.66	2803.60
500.87	2775.95
501.08	2781.69
501.29	2877.74
501.50	2850.50
501.71	2891.05
501.92	2873.44
502.13	2912.96
502.34	2945.93
502.55	2960.88
502.76	2948.60
502.96	2967.85
503.17	2966.62
503.38	2992.01
503.59	3010.86
503.80	3102.19
504.01	3046.08
504.22	3084.58
504.43	3069.63
504.64	3104.45
504.85	3122.88
505.06	3125.34
505.27	3144.59
505.47	3143.77
505.68	3207.87
505.89	3168.34
506.10	3198.24
506.31	3236.75
506.52	3250.47
506.73	3260.30
506.94	3295.93
507.15	3285.49
507.36	3299.21
507.56	3339.76
507.77	3338.53
507.98	3406.93
508.19	3367.61
508.40	3405.91
508.61	3407.96
508.82	3423.52
509.03	3434.17
509.24	3459.57
509.44	3434.99
509.65	3483.94
509.86	3564.83
510.07	3476.77
510.28	3593.30
510.49	3597.60
510.70	3619.92
510.91	3608.66
511.11	3600.06
511.32	3659.86
511.53	3680.34
511.74	3685.87
511.95	3681.16
512.16	3710.85
512.37	3684.43
512.58	3760.82
512.78	3714.95
512.99	3781.92
513.20	3788.47
513.41	3811.61
513.62	3812.64
513.83	3838.03
514.04	3841.72
514.24	3848.27
514.45	3880.22
514.66	3905.41
514.87	3913.60
515.08	3950.67
515.29	3997.57
515.49	4010.26
515.70	3981.39
515.91	4020.71
516.12	4000.02
516.33	4051.22
516.54	4097.51
516.74	4096.28
516.95	4151.57
517.16	4172.67
517.37	4121.67
517.58	4153.62
517.79	4199.91
517.99	4166.32
518.20	4204.00
518.41	4250.70
518.62	4269.54
518.83	4330.36
519.03	4355.35
519.24	4326.88
519.45	4337.94
519.66	4368.45
519.87	4346.54
520.07	4400.81
520.28	4350.64
520.49	4434.81
520.70	4449.96
520.91	4446.28
521.12	4526.15
521.32	4486.42
521.53	4517.14
521.74	4534.13
521.95	4554.82
522.15	4569.36
522.36	4606.22
522.57	4585.95
522.78	4610.52
522.99	4640.01
523.19	4659.06
523.40	4601.92
523.61	4669.51
523.82	4699.20
524.03	4763.10
524.23	4785.63
524.44	4760.03
524.65	4755.11
524.86	4795.86
525.06	4809.79
525.27	4777.64
525.48	4843.99
525.69	4833.75
525.89	4939.43
526.10	4889.05
526.31	4954.99
526.52	4881.27
526.72	4991.65
526.93	4984.89
527.14	4988.99
527.35	5025.65
527.56	5009.06
527.76	5024.42
527.97	5054.73
528.18	5026.88
528.38	5052.07
528.59	5107.36
528.80	5121.29
529.01	5097.53
529.21	5107.98
529.42	5142.38
529.63	5181.29
529.84	5247.65
530.04	5170.85
530.25	5246.42
530.46	5284.92
530.67	5232.90
530.87	5256.86
531.08	5293.73
531.29	5363.15
531.50	5325.06
531.70	5379.13
531.91	5410.67
532.12	5402.47
532.32	5363.36
532.53	5403.29
532.74	5428.07
532.95	5504.67
533.15	5427.66
533.36	5524.53
533.57	5535.39
533.77	5492.38
533.98	5523.92
534.19	5578.39
534.39	5554.64
534.60	5611.16
534.81	5611.78
535.02	5633.89
535.22	5611.78
535.43	5690.83
535.64	5710.28
535.84	5712.33
536.05	5718.47
536.26	5696.56
536.46	5781.35
536.67	5818.42
536.88	5786.67
537.08	5799.57
537.29	5867.77
537.50	5855.69
537.70	5926.96
537.91	5918.15
538.12	5889.07
538.33	5953.79
538.53	5900.95
538.74	5957.27
538.95	5978.98
539.15	6012.97
539.36	6052.70
539.57	6021.37
539.77	6109.43
539.98	6123.97
540.18	6145.68
540.39	6152.03
540.60	6149.37
540.80	6140.97
541.01	6232.52
541.22	6217.77
541.42	6250.33
541.63	6241.73
541.84	6276.55
542.04	6249.92
542.25	6298.66
542.46	6368.70
542.66	6341.88
542.87	6404.54
543.08	6453.08
543.28	6417.65
543.49	6395.94
543.69	6453.90
543.90	6466.19
544.11	6483.19
544.31	6522.10
544.52	6554.05
544.73	6470.08
544.93	6597.05
545.14	6637.19
545.34	6570.63
545.55	6636.99
545.76	6640.06
545.96	6651.73
546.17	6667.30
546.38	6672.21
546.58	6719.93
546.79	6670.58
546.99	6696.38
547.20	6799.80
547.41	6775.43
547.61	6775.02
547.82	6832.57
548.02	6877.83
548.23	6798.57
548.44	6797.14
548.64	6837.08
548.85	6915.92
549.05	6878.85
549.26	6938.65
549.47	6965.07
549.67	6983.10
549.88	6926.98
550.08	7040.23
550.29	7028.77
550.50	6945.82
550.70	7021.60
550.91	7073.21
551.11	7019.34
551.32	7088.16
551.52	7138.33
551.73	7162.09
551.94	7059.69
552.14	7184.21
552.35	7122.36
552.55	7085.90
552.76	7134.85
552.96	7198.95
553.17	7216.36
553.38	7207.55
553.58	7250.77
553.79	7251.79
553.99	7295.00
554.20	7312.61
554.40	7294.80
554.61	7295.82
554.81	7370.37
555.02	7327.77
555.23	7452.29
555.43	7434.26
555.64	7348.04
555.84	7434.47
556.05	7467.24
556.25	7454.74
556.46	7375.90
556.66	7391.67
556.87	7496.11
557.07	7434.47
557.28	7573.32
557.48	7540.55
557.69	7535.84
557.90	7518.64
558.10	7563.49
558.31	7632.92
558.51	7575.37
558.72	7649.30
558.92	7546.49
559.13	7575.78
559.33	7662.20
559.54	7613.67
559.74	7654.01
559.95	7646.43
560.15	7676.33
560.36	7614.48
560.56	7733.06
560.77	7755.59
560.97	7689.64
561.18	7683.30
561.38	7708.69
561.59	7752.52
561.79	7778.53
562.00	7753.95
562.20	7726.92
562.41	7728.15
562.61	7760.91
562.82	7740.02
563.02	7842.83
563.23	7797.57
563.43	7749.65
563.64	7783.85
563.84	7843.45
564.05	7812.11
564.25	7850.21
564.46	7846.31
564.66	7866.38
564.87	7800.24
565.07	7865.16
565.28	7904.07
565.48	7892.39
565.68	7865.97
565.89	7906.52
566.09	7928.85
566.30	7898.95
566.50	7883.18
566.71	7904.07
566.91	7947.28
567.12	7916.76
567.32	7889.73
567.53	7910.42
567.73	7902.43
567.94	7962.23
568.14	7973.29
568.34	7881.33
568.55	7886.04
568.75	7908.98
568.96	7937.45
569.16	7896.90
569.37	7912.26
569.57	7903.86
569.78	7948.51
569.98	7941.75
570.18	7934.17
570.39	7902.02
570.59	7931.51
570.80	7852.25
571.00	7845.70
571.21	7893.42
571.41	7857.99
571.61	7931.10
571.82	7879.08
572.02	7862.70
572.23	7836.89
572.43	7888.09
572.64	7901.61
572.84	7863.52
573.04	7860.04
573.25	7916.15
573.45	7841.40
573.66	7888.71
573.86	7813.34
574.06	7857.17
574.27	7835.46
574.47	7872.32
574.68	7816.21
574.88	7889.53
575.08	7826.24
575.29	7861.88
575.49	7768.90
575.70	7753.13
575.90	7769.11
576.10	7716.47
576.31	7735.93
576.51	7729.38
576.72	7748.01
576.92	7746.37
577.12	7672.65
577.33	7663.02
577.53	7698.66
577.73	7645.00
577.94	7649.10
578.14	7664.05
578.35	7617.15
578.55	7642.54
578.75	7620.83
578.96	7533.59
579.16	7602.40
579.36	7675.72
579.57	7594.00
579.77	7617.97
579.98	7408.87
580.18	7518.64
580.38	7556.12
580.59	7463.96
580.79	7441.84
580.99	7486.69
581.20	7440.20
581.40	7432.62
581.60	7443.27
581.81	7417.88
582.01	7348.86
582.21	7359.92
582.42	7331.46
582.62	7276.77
582.82	7258.14
583.03	7253.84
583.23	7235.41
583.43	7275.55
583.64	7191.37
583.84	7181.75
584.04	7153.49
584.25	7138.33
584.45	7094.10
584.65	7064.81
584.86	7051.91
585.06	6972.65
585.26	6961.18
585.47	6935.17
585.67	6929.64
585.87	6930.46
586.08	6839.74
586.28	6849.16
586.48	6827.25
586.69	6819.26
586.89	6771.54
587.09	6737.13
587.30	6743.48
587.50	6671.60
587.70	6667.30
587.90	6650.30
588.11	6581.90
588.31	6545.85
588.51	6525.58
588.72	6438.13
588.92	6514.52
589.12	6425.64
589.33	6402.09
589.53	6452.47
589.73	6379.56
589.93	6339.01
590.14	6241.53
590.34	6183.77
590.54	6188.07
590.75	6087.11
590.95	6182.54
591.15	6102.47
591.35	6097.14
591.56	6120.29
591.76	5970.99
591.96	6026.08
592.16	5951.53
592.37	5918.77
592.57	5870.84
592.77	5820.26
592.97	5840.53
593.18	5710.90
593.38	5719.91
593.58	5705.37
593.79	5690.21
593.99	5689.60
594.19	5661.75
594.39	5573.07
594.60	5505.28
594.80	5507.74
595.00	5485.42
595.20	5462.89
595.41	5457.15
595.61	5372.57
595.81	5348.61
596.01	5275.09
596.21	5277.96
596.42	5168.80
596.62	5183.96
596.82	5181.91
597.02	5132.55
597.23	5110.43
597.43	5035.68
597.63	5053.50
597.83	4990.22
598.04	4979.36
598.24	4959.50
598.44	4927.75
598.64	4917.51
598.84	4812.45
599.05	4853.82
599.25	4801.19
599.45	4756.75
599.65	4684.25
599.85	4677.08
600.06	4663.57
600.26	4633.46
600.46	4627.52
600.66	4633.87
600.87	4549.08
601.07	4507.72
601.27	4507.31
601.47	4497.27
601.67	4446.48
601.87	4464.91
602.08	4410.23
602.28	4336.92
602.48	4323.19
602.68	4330.98
602.88	4263.60
603.09	4230.63
603.29	4254.38
603.49	4214.04
603.69	4193.35
603.89	4160.59
604.10	4143.59
604.30	4170.62
604.50	4117.58
604.70	4072.11
604.90	4038.94
605.10	4017.43
605.31	4021.12
605.51	3999.61
605.71	3973.20
605.91	3905.41
606.11	3877.15
606.31	3901.31
606.52	3857.90
606.72	3879.40
606.92	3831.48
607.12	3868.14
607.32	3830.45
607.52	3792.57
607.72	3730.92
607.93	3745.87
608.13	3680.34
608.33	3683.41
608.53	3703.27
608.73	3696.11
608.93	3683.00
609.13	3679.93
609.34	3647.36
609.54	3633.44
609.74	3601.28
609.94	3581.83
610.14	3582.85
610.34	3594.94
610.54	3571.59
610.74	3545.78
610.95	3567.29
611.15	3568.93
611.35	3549.68
611.55	3540.26
611.75	3546.60
611.95	3489.26
612.15	3476.56
612.35	3525.51
612.56	3491.51
612.76	3532.88
612.96	3508.92
613.16	3422.29
613.36	3466.12
613.56	3443.80
613.76	3438.68
613.96	3454.24
614.16	3467.55
614.36	3424.34
614.57	3444.00
614.77	3394.44
614.97	3410.00
615.17	3423.73
615.37	3396.49
615.57	3417.17
615.77	3376.01
615.97	3383.38
616.17	3374.17
616.37	3380.51
616.57	3399.76
616.78	3394.64
616.98	3336.48
617.18	3386.66
617.38	3400.99
617.58	3357.58
617.78	3344.06
617.98	3333.82
618.18	3371.50
618.38	3376.01
618.58	3377.24
618.78	3395.87
618.98	3410.82
619.18	3343.86
619.38	3340.78
619.58	3368.64
619.79	3393.42
619.99	3358.60
620.19	3370.48
620.39	3365.97
620.59	3392.39
620.79	3360.85
620.99	3380.10
621.19	3401.40
621.39	3378.88
621.59	3381.54
621.79	3393.21
621.99	3422.29
622.19	3403.45
622.39	3378.06
622.59	3432.12
622.79	3380.31
622.99	3418.81
623.19	3407.14
623.39	3401.61
623.59	3443.80
623.79	3382.36
623.99	3438.88
624.19	3378.06
624.39	3421.47
624.59	3388.71
624.79	3395.67
624.99	3417.58
625.19	3416.35
625.39	3436.42
625.59	3486.80
625.79	3440.52
625.99	3458.95
626.19	3434.38
626.39	3425.36
626.59	3460.38
626.79	3438.27
626.99	3441.75
627.19	3477.18
627.39	3449.33
627.59	3499.91
627.79	3479.23
627.99	3458.54
628.19	3500.12
628.39	3503.60
628.59	3521.62
628.79	3495.00
628.99	3467.55
629.19	3516.70
629.39	3508.10
629.59	3501.96
629.79	3526.33
629.99	3557.46
630.19	3516.29
630.39	3493.56
630.59	3530.02
630.79	3542.10
630.99	3535.54
631.19	3501.75
631.39	3572.82
631.59	3526.94
631.79	3553.77
631.99	3565.45
632.19	3514.66
632.39	3536.36
632.59	3566.47
632.79	3535.95
632.99	3592.48
633.19	3609.27
633.39	3588.79
633.58	3600.06
633.78	3569.54
633.98	3555.00
634.18	3582.65
634.38	3559.30
634.58	3573.43
634.78	3589.00
634.98	3606.20
635.18	3616.03
635.38	3609.89
635.58	3589.82
635.78	3593.30
635.98	3519.37
636.18	3627.50
636.38	3594.94
636.57	3617.67
636.77	3598.01
636.97	3651.66
637.17	3589.20
637.37	3597.19
637.57	3640.81
637.77	3647.36
637.97	3643.27
638.17	3623.40
638.37	3695.08
638.57	3604.77
638.76	3684.02
638.96	3681.36
639.16	3665.18
639.36	3663.95
639.56	3660.88
639.76	3651.87
639.96	3674.60
640.16	3682.18
640.36	3677.26
640.56	3656.38
640.75	3656.17
640.95	3659.65
641.15	3691.60
641.35	3671.73
641.55	3671.12
641.75	3722.32
641.95	3717.00
642.15	3739.32
642.34	3658.42
642.54	3720.48
642.74	3718.43
642.94	3750.99
643.14	3702.66
643.34	3712.69
643.54	3758.16
643.74	3717.00
643.93	3737.47
644.13	3716.79
644.33	3771.06
644.53	3779.46
644.73	3768.81
644.93	3786.01
645.13	3780.89
645.32	3754.47
645.52	3757.54
645.72	3782.12
645.92	3763.28
646.12	3801.17
646.32	3817.35
646.52	3830.25
646.71	3807.72
646.91	3847.45
647.11	3838.85
647.31	3810.79
647.51	3837.01
647.71	3846.02
647.90	3826.15
648.10	3859.53
648.30	3877.35
648.50	3892.10
648.70	3889.84
648.89	3880.01
649.09	3913.80
649.29	3943.09
649.49	3864.24
649.69	3960.29
649.89	3953.33
650.08	3983.03
650.28	3989.37
650.48	4003.92
650.68	3996.13
650.88	4007.19
651.07	4034.43
651.27	3992.45
651.47	4066.99
651.67	4093.62
651.87	4068.02
652.06	4091.77
652.26	4074.98
652.46	4190.49
652.66	4149.53
652.86	4153.01
653.05	4174.10
653.25	4196.63
653.45	4185.16
653.65	4255.00
653.85	4239.84
654.04	4248.44
654.24	4293.70
654.44	4340.40
654.64	4334.25
654.83	4362.51
655.03	4381.97
655.23	4383.20
655.43	4500.96
655.63	4449.76
655.82	4494.61
656.02	4483.34
656.22	4483.34
656.42	4525.33
656.61	4545.19
656.81	4596.60
657.01	4597.21
657.21	4637.76
657.40	4728.28
657.60	4693.67
657.80	4711.49
658.00	4761.05
658.19	4736.68
658.39	4800.37
658.59	4870.62
658.79	4876.55
658.98	4868.57
659.18	4961.96
659.38	4940.45
659.58	4994.72
659.77	4994.93
659.97	5081.76
660.17	5039.98
660.36	5152.42
660.56	5114.73
660.76	5151.80
660.96	5199.52
661.15	5261.16
661.35	5269.15
661.55	5321.99
661.75	5394.49
661.94	5366.22
662.14	5375.85
662.34	5473.95
662.53	5436.67
662.73	5551.77
662.93	5492.17
663.13	5556.69
663.32	5650.07
663.52	5689.19
663.72	5654.78
663.91	5712.74
664.11	5770.49
664.31	5840.12
664.50	5869.41
664.70	5902.79
664.90	5899.72
665.10	5980.61
665.29	6100.63
665.49	6070.11
665.69	6137.90
665.88	6155.31
666.08	6213.67
666.28	6250.13
666.47	6295.80
666.67	6333.89
666.87	6362.97
667.06	6447.96
667.26	6481.34
667.46	6485.64
667.65	6559.17
667.85	6632.69
668.05	6719.32
668.24	6755.57
668.44	6823.35
668.64	6841.79
668.83	6857.15
669.03	6819.87
669.23	6936.81
669.42	7046.38
669.62	7054.57
669.82	7069.52
670.01	7099.42
670.21	7155.33
670.41	7237.04
670.60	7277.80
670.80	7365.45
671.00	7418.29
671.19	7414.19
671.39	7543.83
671.58	7534.41
671.78	7588.68
671.98	7661.59
672.17	7679.00
672.37	7710.53
672.57	7834.64
672.76	7840.78
672.96	7856.14
673.15	7955.27
673.35	8055.21
673.55	8059.30
673.74	8112.76
673.94	8170.30
674.14	8176.65
674.33	8300.96
674.53	8396.40
674.72	8360.97
674.92	8403.57
675.12	8553.48
675.31	8521.12
675.51	8614.51
675.70	8698.06
675.90	8694.58
676.10	8809.68
676.29	8828.93
676.49	8802.72
676.68	8890.98
676.88	8911.87
677.08	9010.99
677.27	9069.16
677.47	9145.96
677.66	9065.47
677.86	9242.21
678.06	9198.59
678.25	9335.60
678.45	9395.40
678.64	9405.64
678.84	9531.18
679.03	9460.52
679.23	9598.56
679.43	9704.03
679.62	9704.03
679.82	9769.77
680.01	9838.58
680.21	9807.04
680.40	9872.98
680.60	10001.80
680.80	9998.12
680.99	9948.14
681.19	10054.84
681.38	10219.09
681.58	10158.88
681.77	10260.26
681.97	10325.99
682.16	10342.79
682.36	10386.82
682.56	10425.53
682.75	10589.77
682.95	10584.24
683.14	10678.45
683.34	10695.04
683.53	10728.42
683.73	10752.59
683.92	10836.14
684.12	10908.44
684.31	11027.83
684.51	11047.29
684.70	10977.45
684.90	11047.70
685.10	11180.61
685.29	11253.72
685.49	11232.43
685.68	11326.02
685.88	11352.23
686.07	11463.03
686.27	11488.83
686.46	11510.54
686.66	11519.96
686.85	11611.91
687.05	11615.19
687.24	11684.41
687.44	11816.71
687.63	11863.41
687.83	11873.85
688.02	11931.40
688.22	11982.19
688.41	12046.90
688.61	12032.36
688.80	12062.06
689.00	12235.32
689.19	12151.96
689.39	12187.80
689.58	12283.03
689.78	12331.16
689.97	12443.59
690.17	12426.60
690.36	12586.54
690.56	12524.49
690.75	12579.58
690.95	12580.81
691.14	12711.67
691.34	12780.69
691.53	12766.56
691.72	12820.42
691.92	12829.84
692.11	12880.22
692.31	13000.85
692.50	12964.19
692.70	13001.05
692.89	12980.78
693.09	13172.06
693.28	13079.49
693.48	13249.06
693.67	13088.91
693.87	13281.42
694.06	13378.08
694.25	13199.91
694.45	13347.16
694.64	13412.69
694.84	13508.95
695.03	13456.32
695.23	13538.64
695.42	13575.51
695.62	13695.93
695.81	13714.77
696.00	13639.81
696.20	13736.48
696.39	13781.74
696.59	13706.58
696.78	13820.44
696.98	13852.19
697.17	13934.93
697.36	14036.30
697.56	14157.33
697.75	14007.42
697.95	14025.24
698.14	13986.53
698.34	14070.91
698.53	14028.31
698.72	14284.51
698.92	14179.25
699.11	14286.56
699.31	14228.60
699.50	14258.09
699.69	14454.90
699.89	14350.66
700.08	14508.15
700.28	14388.35
700.47	14521.67
700.66	14616.69
700.86	14442.41
701.05	14644.75
701.25	14540.51
701.44	14558.74
701.63	14584.54
701.83	14687.35
702.02	14678.54
702.21	14643.93
702.41	14771.11
702.60	14788.31
702.80	14630.01
702.99	14688.17
703.18	14758.82
703.38	14876.99
703.57	14870.03
703.77	14956.25
703.96	14893.17
704.15	14908.53
704.35	14952.56
704.54	14910.37
704.73	14936.18
704.93	15001.92
705.12	14999.05
705.31	14974.47
705.51	14987.58
705.70	15051.27
705.89	15034.07
706.09	15085.88
706.28	15183.37
706.48	15155.31
706.67	15158.59
706.86	15158.18
707.06	15164.73
707.25	15198.52
707.44	15111.48
707.64	15231.70
707.83	15174.97
708.02	15267.95
708.22	15250.75
708.41	15259.35
708.60	15245.83
708.80	15133.40
708.99	15310.14
709.18	15133.60
709.38	15242.55
709.57	15308.70
709.76	15252.59
709.95	15220.23
710.15	15133.81
710.34	15229.24
710.53	15203.03
710.73	15262.21
710.92	15269.38
711.11	15185.82
711.31	15157.15
711.50	15210.81
711.69	15291.70
711.89	15191.35
712.08	15309.73
712.27	15193.20
712.46	15265.08
712.66	15187.87
712.85	15145.68
713.04	15211.63
713.24	15226.17
713.43	15077.28
713.62	15187.26
713.81	15122.13
714.01	15128.48
714.20	15180.09
714.39	15141.38
714.59	14897.68
714.78	15122.95
714.97	14995.36
715.16	15100.01
715.36	15079.13
715.55	15097.56
715.74	15003.56
715.93	15044.72
716.13	15018.30
716.32	14896.65
716.51	15014.82
716.71	15032.23
716.90	14828.25
717.09	14831.12
717.28	14833.16
717.48	14936.59
717.67	14936.59
717.86	14861.22
718.05	14913.44
718.25	14818.42
718.44	14805.93
718.63	14797.94
718.82	14817.80
719.02	14836.24
719.21	14785.86
719.40	14715.41
719.59	14740.39
719.78	14611.57
719.98	14776.85
720.17	14713.15
720.36	14634.31
720.55	14648.64
720.75	14632.67
720.94	14635.95
721.13	14590.89
721.32	14623.66
721.51	14571.84
721.71	14506.72
721.90	14469.85
722.09	14584.54
722.28	14517.16
722.48	14488.90
722.67	14517.37
722.86	14493.82
723.05	14430.94
723.24	14609.73
723.44	14596.42
723.63	14566.31
723.82	14380.36
724.01	14494.23
724.20	14511.22
724.40	14412.72
724.59	14584.95
724.78	14486.85
724.97	14550.14
725.16	14476.82
725.35	14599.90
725.55	14530.68
725.74	14572.25
725.93	14562.42
726.12	14618.74
726.31	14497.30
726.51	14608.50
726.70	14611.98
726.89	14628.98
727.08	14607.48
727.27	14726.26
727.46	14702.50
727.66	14678.54
727.85	14759.44
728.04	14627.96
728.23	14820.26
728.42	14846.07
728.61	14782.99
728.81	14768.04
729.00	14831.73
729.19	14983.08
729.38	14905.66
729.57	14930.85
729.76	14827.43
729.95	14936.18
730.15	14914.26
730.34	14949.69
730.53	15017.69
730.72	15084.45
730.91	15111.69
731.10	15000.69
731.29	15040.21
731.49	15088.75
731.68	15100.42
731.87	15263.24
732.06	15152.85
732.25	15268.56
732.44	15192.99
732.63	15322.63
732.82	15353.14
733.02	15379.36
733.21	15352.94
733.40	15414.17
733.59	15537.46
733.78	15470.70
733.97	15525.99
734.16	15468.03
734.35	15525.79
734.54	15613.03
734.74	15661.36
734.93	15712.36
735.12	15847.73
735.31	15759.46
735.50	15898.93
735.69	15924.53
735.88	15985.56
736.07	15984.53
736.26	16000.71
736.45	16129.12
736.64	16229.67
736.84	16235.00
737.03	16249.33
737.22	16178.88
737.41	16294.80
737.60	16332.69
737.79	16392.90
737.98	16332.89
738.17	16581.93
738.36	16555.51
738.55	16610.39
738.74	16704.80
738.93	16708.49
739.12	16656.68
739.32	16856.76
739.51	16868.85
739.70	17012.61
739.89	16869.46
740.08	17008.52
740.27	17015.07
740.46	17040.47
740.65	17000.94
740.84	17241.17
741.03	17176.25
741.22	17257.14
741.41	17214.95
741.60	17325.95
741.79	17447.19
741.98	17438.59
742.17	17510.27
742.36	17515.18
742.55	17670.42
742.74	17633.35
742.93	17738.82
743.12	17677.18
743.31	17772.20
743.51	17900.82
743.70	17887.71
743.89	17994.41
744.08	17896.93
744.27	18071.21
744.46	18176.06
744.65	18204.53
744.84	18190.60
745.03	18300.79
745.22	18281.74
745.41	18433.49
745.60	18462.17
745.79	18479.37
745.98	18417.52
746.17	18494.32
746.36	18765.06
746.55	18603.27
746.74	18804.59
746.93	18796.80
747.12	18757.28
747.31	18909.03
747.50	19039.49
747.69	18997.71
747.88	19172.40
748.07	19003.44
748.26	19227.29
748.45	19247.15
748.64	19365.32
748.83	19383.96
749.02	19358.36
749.21	19367.78
749.40	19438.43
749.59	19380.47
749.77	19637.08
749.96	19523.83
750.15	19671.29
750.34	19784.13
750.53	19740.30
750.72	19840.24
750.91	19782.29
751.10	20062.04
751.29	19948.58
751.48	20110.98
751.67	20051.59
751.86	20039.10
752.05	20146.62
752.24	20037.46
752.43	20120.41
752.62	20354.08
752.81	20215.43
753.00	20256.19
753.19	20246.15
753.38	20253.11
753.57	20380.91
753.76	20422.07
753.94	20456.68
754.13	20614.38
754.32	20633.63
754.51	20603.93
754.70	20675.41
754.89	20816.71
755.08	20637.11
755.27	20813.64
755.46	20935.70
755.65	20775.76
755.84	20898.22
756.03	20936.52
756.22	21104.66
756.40	20930.99
756.59	20987.52
756.78	21034.82
756.97	21136.81
757.16	21151.35
757.35	21357.58
757.54	21316.42
757.73	21292.46
757.92	21178.39
758.11	21276.48
758.29	21360.25
758.48	21508.93
758.67	21356.97
758.86	21404.69
759.05	21499.30
759.24	21495.82
759.43	21664.37
759.62	21470.63
759.81	21630.37
759.99	21599.86
760.18	21494.18
760.37	21789.09
760.56	21611.12
760.75	21633.65
760.94	21754.89
761.13	21776.80
761.32	21790.93
761.50	21903.16
761.69	21935.73
761.88	21819.61
762.07	21745.67
762.26	21903.16
762.45	21875.51
762.64	21965.83
762.82	22005.97
763.01	21955.80
763.20	21982.21
763.39	21885.34
763.58	22057.99
763.77	22104.48
763.96	22160.18
764.14	22010.48
764.33	21960.30
764.52	22052.25
764.71	22116.15
764.90	22222.03
765.09	22280.60
765.27	22311.53
765.46	22266.68
765.65	22197.66
765.84	22232.48
766.03	22318.90
766.22	22283.67
766.40	22291.46
766.59	22476.80
766.78	22348.19
766.97	22402.87
767.16	22243.13
767.35	22353.51
767.53	22226.13
767.72	22258.48
767.91	22329.75
768.10	22333.24
768.29	22436.25
768.47	22397.95
768.66	22427.24
768.85	22633.06
769.04	22399.18
769.23	22598.65
769.41	22352.28
769.60	22464.10
769.79	22393.04
769.98	22413.93
770.17	22423.76
770.35	22434.61
770.54	22486.42
770.73	22622.00
770.92	22524.72
771.10	22647.80
771.29	22674.22
771.48	22705.56
771.67	22548.89
771.86	22635.52
772.04	22753.07
772.23	22564.04
772.42	22626.91
772.61	22575.10
772.79	22646.57
772.98	22677.91
773.17	22768.22
773.36	22695.11
773.54	22909.33
773.73	22828.64
773.92	22833.55
774.11	22651.90
774.30	22709.65
774.48	22658.45
774.67	22578.58
774.86	22869.60
775.05	22822.91
775.23	22729.52
775.42	22617.08
775.61	22940.05
775.79	22816.56
775.98	22821.06
776.17	22671.97
776.36	22760.65
776.54	22989.81
776.73	22902.16
776.92	22787.27
777.11	22542.33
777.29	22644.12
777.48	22628.14
777.67	22753.27
777.85	22837.24
778.04	22826.80
778.23	22667.67
778.42	22894.99
778.60	22667.46
778.79	22910.97
778.98	22781.95
779.16	22847.07
779.35	22918.34
779.54	22826.59
779.73	22821.06
779.91	22839.70
780.10	22906.67
780.29	22801.61
780.47	22796.69
780.66	22903.19
780.85	22769.66
781.03	22875.13
781.22	22860.79
781.41	22704.94
781.60	22836.22
781.78	22938.62
781.97	22955.20
782.16	22838.06
782.34	22837.24
782.53	22918.34
782.72	22841.13
782.90	22954.59
783.09	23009.27
783.28	23085.66
783.46	22797.31
783.65	22862.02
783.84	22984.49
784.02	23081.56
784.21	23003.54
784.40	23018.08
784.58	23140.95
784.77	22983.67
784.96	23004.97
785.14	22994.93
785.33	23101.43
785.52	22944.76
785.70	22886.60
785.89	23026.47
786.08	23021.76
786.26	23182.32
786.45	22726.04
786.63	23027.50
786.82	22932.47
787.01	22928.17
787.19	23044.90
787.38	23327.32
787.57	23159.18
787.75	23201.16
787.94	23165.94
788.13	23299.06
788.31	23271.62
788.50	23179.66
788.68	23190.52
788.87	23532.53
789.06	23280.01
789.24	23374.83
789.43	23489.31
789.61	23417.23
789.80	23419.27
789.99	23407.60
790.17	23550.75
790.36	23538.47
790.55	23738.96
790.73	23680.39
790.92	23796.92
791.10	23779.72
791.29	23950.93
791.48	23813.92
791.66	24002.13
791.85	23890.51
792.03	24048.00
792.22	24226.58
792.40	24178.46
792.59	24108.82
792.78	24329.60
792.96	24183.17
793.15	24421.34
793.33	24528.25
793.52	24628.80
793.71	24762.95
793.89	24727.31
794.08	24822.34
794.26	24842.61
794.45	24822.34
794.63	24802.47
794.82	24906.71
795.01	25087.34
795.19	24937.23
795.38	25241.35
795.56	25273.30
795.75	25345.59
795.93	25304.02
796.12	25485.67
796.30	25376.93
796.49	25385.12
796.68	25432.02
796.86	25656.27
797.05	25621.45
797.23	25733.07
797.42	25609.37
797.60	25920.46
797.79	25978.01
797.97	26058.90
798.16	26062.18
798.34	25955.07
798.53	26138.57
798.71	26043.95
798.90	26260.01
799.08	26109.69
799.27	26418.52
799.46	26094.94
799.64	26245.27
799.83	26341.32
800.01	26374.29
800.20	26371.01
800.38	26337.63
800.57	26530.55
800.75	26360.98
800.94	26691.72
801.12	26537.10
801.31	26628.65
801.49	26676.77
801.68	26724.29
801.86	26883.00
802.05	26999.94
802.23	26892.83
802.42	26811.73
802.60	27065.89
802.79	26958.78
802.97	27029.02
803.16	27045.82
803.34	27206.17
803.53	26963.90
803.71	27211.70
803.90	27029.02
804.08	27163.98
804.27	27188.15
804.45	27069.16
804.63	27218.67
804.82	27084.73
805.00	27203.72
805.19	27430.63
805.37	27254.71
805.56	27477.12
805.74	27434.11
805.93	27242.42
806.11	27359.36
806.30	27294.03
806.48	27183.24
806.67	27370.21
806.85	27646.28
807.04	27360.59
807.22	27449.27
807.40	27255.94
807.59	27493.30
807.77	27366.12
807.96	27425.92
808.14	27487.15
808.33	27352.81
808.51	27436.36
808.69	27374.31
808.88	27636.04
809.06	27326.59
809.25	27492.27
809.43	27354.65
809.62	27411.99
809.80	27536.92
809.99	27693.38
810.17	27333.15
810.35	27627.64
810.54	27538.97
810.72	27538.76
810.91	27509.27
811.09	27560.47
811.27	27521.76
811.46	27526.47
811.64	27707.92
811.83	27612.28
812.01	27494.12
812.19	27270.48
812.38	27449.68
812.56	27390.69
812.75	27470.36
812.93	27506.40
813.11	27285.22
813.30	27438.62
813.48	27639.32
813.67	27364.69
813.85	27503.54
814.03	27701.37
814.22	27417.11
814.40	27456.84
814.59	27339.50
814.77	27386.80
814.95	27445.99
815.14	27333.56
815.32	27327.00
815.50	27495.55
815.69	27285.84
815.87	27477.94
816.06	27157.23
816.24	27433.70
816.42	27257.17
816.61	27167.47
816.79	27317.79
816.97	27227.88
817.16	27483.47
817.34	27247.34
817.52	27316.76
817.71	27348.10
817.89	27144.73
818.07	27531.19
818.26	27177.09
818.44	27263.11
818.63	27105.00
818.81	27201.87
818.99	26936.66
819.18	27122.41
819.36	27052.57
819.54	26952.84
819.73	27093.74
819.91	27046.23
820.09	27106.23
820.28	27238.53
820.46	27247.75
820.64	26865.39
820.83	26925.40
821.01	26806.61
821.19	26781.01
821.37	26798.63
821.56	26984.17
821.74	26930.31
821.92	26996.05
822.11	26981.72
822.29	26918.02
822.47	26856.17
822.66	26891.40
822.84	26968.61
823.02	27163.78
823.21	26985.61
823.39	27003.01
823.57	27025.13
823.75	26929.29
823.94	26972.09
824.12	26942.19
824.30	26944.03
824.49	26996.67
824.67	26841.43
824.85	26942.39
825.03	26769.55
825.22	26897.34
825.40	26672.47
825.58	26896.31
825.77	26882.18
825.95	26590.96
826.13	26882.80
826.31	26633.56
826.50	26680.46
826.68	26719.98
826.86	26558.40
827.04	26446.79
827.23	26621.48
827.41	26629.26
827.59	26615.54
827.78	26545.09
827.96	26490.82
828.14	26450.47
828.32	26654.86
828.51	26367.94
828.69	26420.16
828.87	26502.29
829.05	26405.01
829.23	26416.27
829.42	26423.64
829.60	26314.69
829.78	26414.22
829.96	26284.79
830.15	26302.61
830.33	26436.14
830.51	26378.59
830.69	26161.50
830.88	26215.37
831.06	26328.00
831.24	26235.03
831.42	26375.93
831.60	26275.37
831.79	26228.06
831.97	26453.13
832.15	26325.14
832.33	26425.69
832.52	26333.12
832.70	26394.36
832.88	26344.39
833.06	26222.74
833.24	26204.72
833.43	26159.25
833.61	26217.62
833.79	26207.79
833.97	26151.06
834.15	26169.70
834.34	26226.01
834.52	26046.82
834.70	26114.20
834.88	26051.94
835.06	26305.48
835.25	26136.31
835.43	26104.16
835.61	26106.41
835.79	26047.64
835.97	26076.72
836.15	26006.47
836.34	25834.24
836.52	25899.36
836.70	26216.59
836.88	26007.50
837.06	26039.44
837.24	25992.96
837.43	25984.76
837.61	25893.83
837.79	26016.71
837.97	25809.25
838.15	25871.10
838.33	25909.60
838.52	25849.80
838.70	26015.69
838.88	25786.73
839.06	25979.85
839.24	25914.31
839.42	25831.17
839.60	25975.55
839.79	25783.65
839.97	26026.34
840.15	25879.70
840.33	25820.31
840.51	25859.02
840.69	25699.89
840.87	25710.95
841.06	25667.94
841.24	25638.45
841.42	25766.66
841.60	25892.81
841.78	25617.97
841.96	25664.87
842.14	25614.49
842.32	25602.61
842.51	25604.46
842.69	25598.93
842.87	25595.04
843.05	25714.23
843.23	25613.26
843.41	25640.91
843.59	25622.68
843.77	25641.11
843.95	25480.96
844.14	25493.66
844.32	25448.40
844.50	25504.52
844.68	25588.48
844.86	25750.48
845.04	25451.27
845.22	25472.57
845.40	25500.42
845.58	25464.17
845.76	25399.45
845.94	25372.63
846.12	25420.34
846.31	25545.68
846.49	25403.14
846.67	25370.58
846.85	25354.40
847.03	25262.45
847.21	25352.35
847.39	25163.73
847.57	25253.43
847.75	25271.46
847.93	25312.21
848.11	25357.06
848.29	25224.56
848.47	25273.30
848.65	25209.81
848.83	25342.52
849.02	25421.78
849.20	25207.76
849.38	25209.81
849.56	25451.47
849.74	25127.48
849.92	25274.12
850.10	25217.59
850.28	25246.27
850.46	25213.09
850.64	25235.82
850.82	25093.90
851.00	25130.76
851.18	25215.55
851.36	25157.59
851.54	25072.60
851.72	25008.50
851.90	25236.85
852.08	25072.60
852.26	24890.53
852.44	25037.99
852.62	25087.96
852.80	25081.41
852.98	25021.60
853.16	25169.67
853.34	24972.25
853.52	24987.61
853.70	25002.15
853.88	25009.93
854.06	24999.90
854.24	25039.22
854.42	25039.22
854.60	25135.47
854.78	24924.33
854.96	24907.74
855.14	25052.32
855.32	24879.68
855.50	24976.96
855.68	24888.90
855.86	24811.69
856.04	24908.76
856.22	24969.18
856.40	24932.11
856.58	24799.60
856.76	24542.17
856.94	24659.32
857.12	24734.48
857.30	24684.51
857.48	24753.32
857.66	24920.64
857.84	24780.56
858.02	24738.17
858.20	24788.75
858.38	24722.40
858.56	24670.58
858.74	24891.56
858.92	24793.67
859.10	24728.54
859.28	24615.49
859.46	24646.62
859.64	24814.76
859.81	24709.90
859.99	24453.29
860.17	24594.40
860.35	24501.22
860.53	24248.50
860.71	24433.02
860.89	24536.03
861.07	24487.70
861.25	24482.58
861.43	24475.41
861.61	24589.69
861.79	24303.38
861.97	24471.11
862.15	24460.87
862.33	24605.05
862.50	24514.53
862.68	24439.78
862.86	24388.99
863.04	24514.53
863.22	24522.92
863.40	24312.39
863.58	24456.36
863.76	24308.71
863.94	24163.30
864.12	24106.57
864.30	24342.50
864.47	24230.68
864.65	24085.07
864.83	24194.84
865.01	24075.65
865.19	24090.80
865.37	24265.08
865.55	24098.99
865.73	23998.03
865.91	24070.12
866.09	24058.24
866.26	24048.20
866.44	24122.34
866.62	24132.17
866.80	24126.85
866.98	24063.36
867.16	23868.39
867.34	24037.76
867.52	23993.93
867.69	23703.33
867.87	23876.99
868.05	23657.04
868.23	23744.90
868.41	23611.78
868.59	23702.51
868.77	23656.02
868.94	23522.70
869.12	23587.62
869.30	23740.40
869.48	23667.90
869.66	23687.15
869.84	23574.92
870.02	23634.31
870.19	23699.44
870.37	23382.00
870.55	23448.35
870.73	23395.93
870.91	23571.03
871.09	23395.11
871.26	23506.52
871.44	23482.56
871.62	23374.01
871.80	23484.60
871.98	23176.18
872.16	23390.60
872.33	23125.19
872.51	23178.64
872.69	23077.06
872.87	23012.75
873.05	23040.19
873.22	22996.37
873.40	22905.85
873.58	22953.16
873.76	22786.25
873.94	22868.57
874.12	22636.74
874.29	22657.02
874.47	22797.31
874.65	22586.98
874.83	22515.71
875.01	22515.50
875.18	22569.98
875.36	22672.99
875.54	22517.55
875.72	22466.15
875.89	22491.54
876.07	22359.45
876.25	22546.22
876.43	22611.76
876.61	22400.61
876.78	22395.70
876.96	22341.43
877.14	22406.35
877.32	22500.96
877.49	22338.15
877.67	22614.01
877.85	22421.50
878.03	22550.12
878.21	22468.81
878.38	22429.08
878.56	22487.86
878.74	22424.78
878.92	22498.30
879.09	22338.36
879.27	22576.33
879.45	22525.95
879.63	22555.65
879.80	22602.34
879.98	22397.13
880.16	22510.18
880.34	22701.05
880.51	22521.85
880.69	22633.88
880.87	22689.58
881.05	22620.98
881.22	22752.86
881.40	22524.31
881.58	22555.24
881.75	22705.76
881.93	22685.90
882.11	22671.15
882.29	22707.81
882.46	22916.70
882.64	22873.29
882.82	22837.45
883.00	22952.54
883.17	23063.75
883.35	23075.83
883.53	23031.80
883.70	23236.19
883.88	23252.36
884.06	23071.12
884.23	23170.85
884.41	23281.24
884.59	23262.19
884.77	23290.05
884.94	23492.59
885.12	23431.15
885.30	23482.76
885.47	23441.19
885.65	23444.26
885.83	23450.81
886.00	23648.65
886.18	23538.87
886.36	23617.31
886.53	23450.40
886.71	23740.19
886.89	23657.04
887.07	23647.83
887.24	23861.84
887.42	23838.08
887.60	23753.71
887.77	23760.87
887.95	23958.91
888.13	24044.52
888.30	23925.33
888.48	24070.12
888.66	24191.97
888.83	24002.94
889.01	24086.50
889.18	24211.02
889.36	24267.75
889.54	24159.00
889.71	24182.35
889.89	24372.40
890.07	24373.83
890.24	24333.28
890.42	24457.39
890.60	24387.35
890.77	24609.55
890.95	24451.65
891.13	24565.52
891.30	24651.33
891.48	24442.23
891.65	24653.79
891.83	24623.27
892.01	24615.70
892.18	24709.90
892.36	24680.00
892.54	24848.55
892.71	24748.81
892.89	24576.58
893.06	24858.79
893.24	24936.82
893.42	24737.14
893.59	24946.44
893.77	24886.23
893.94	24967.74
894.12	24752.50
894.30	25006.65
894.47	24739.60
894.65	25052.73
894.82	24777.08
895.00	24916.54
895.18	25005.02
895.35	24876.61
895.53	24901.39
895.70	24986.17
895.88	24942.14
896.06	24930.67
896.23	24995.80
896.41	25038.40
896.58	25093.49
896.76	24893.40
896.93	25050.28
897.11	25121.75
897.29	24853.06
897.46	25033.48
897.64	24975.53
897.81	24968.77
897.99	25050.69
898.16	25013.82
898.34	24825.20
898.52	25007.06
898.69	25104.96
898.87	24930.26
899.04	24914.91
899.22	25104.14
899.39	25104.75
899.57	24947.26
899.74	25059.70
899.92	24912.86
900.10	24829.50
900.27	24849.78
900.45	24726.90
900.62	24783.63
900.80	24896.06
900.97	24868.42
901.15	24847.73
901.32	24743.69
901.50	24872.72
901.67	24785.68
901.85	24518.62
902.02	24900.98
902.20	24710.72
902.37	24863.50
902.55	24655.84
902.72	24783.63
902.90	24626.35
903.07	24380.79
903.25	24665.87
903.43	24585.18
903.60	24522.72
903.78	24365.64
903.95	24347.21
904.13	24334.92
904.30	24181.32
904.48	24292.32
904.65	24154.90
904.83	24362.57
905.00	24075.03
905.17	24057.63
905.35	24021.38
905.52	24071.14
905.70	23995.37
905.87	23996.19
906.05	24022.20
906.22	23743.67
906.40	23732.82
906.57	23698.82
906.75	23892.97
906.92	23757.39
907.10	23880.48
907.27	23622.43
907.45	23788.52
907.62	23745.52
907.80	23683.05
907.97	23518.19
908.15	23416.20
908.32	23351.69
908.49	23423.37
908.67	23318.92
908.84	23237.82
909.02	23351.69
909.19	23399.41
909.37	23264.65
909.54	23248.06
909.72	23168.19
909.89	23212.63
910.07	23192.56
910.24	23098.77
910.41	23022.38
910.59	22914.86
910.76	22959.91
910.94	22799.56
911.11	22834.78
911.29	22700.64
911.46	22704.53
911.63	22652.10
911.81	22460.21
911.98	22477.21
912.16	22451.81
912.33	22348.80
912.50	22449.56
912.68	22473.32
912.85	22154.24
913.03	22366.00
913.20	22212.41
913.38	21987.95
913.55	21946.58
913.72	21887.39
913.90	21923.23
914.07	21906.23
914.25	21929.58
914.42	21574.05
914.59	21687.92
914.77	21588.39
914.94	21587.16
915.11	21513.23
915.29	21638.77
915.46	21410.01
915.64	21465.51
915.81	21212.59
915.98	21370.69
916.16	21306.79
916.33	21124.73
916.51	21016.39
916.68	20995.50
916.85	21077.42
917.03	20954.54
917.20	20803.40
917.37	20915.22
917.55	20638.13
917.72	20645.30
917.89	20576.49
918.07	20695.68
918.24	20642.84
918.42	20522.63
918.59	20368.62
918.76	20361.25
918.94	20180.82
919.11	20315.37
919.28	20223.42
919.46	20118.36
919.63	19988.11
919.80	19952.47
919.98	19885.71
920.15	19854.78
920.32	19816.08
920.50	19615.17
920.67	19605.75
920.84	19605.55
921.02	19657.36
921.19	19637.49
921.36	19424.30
921.54	19414.47
921.71	19320.26
921.88	19257.39
922.06	19167.90
922.23	19053.41
922.40	19111.17
922.57	19068.57
922.75	18972.31
922.92	19036.62
923.09	18755.23
923.27	18898.59
923.44	18659.79
923.61	18764.04
923.79	18633.78
923.96	18518.89
924.13	18452.33
924.30	18287.47
924.48	18279.69
924.65	18314.92
924.82	18411.17
925.00	18371.03
925.17	18180.98
925.34	18214.57
925.51	18052.78
925.69	17932.36
925.86	17977.00
926.03	18004.85
926.21	17833.03
926.38	17722.64
926.55	17910.65
926.72	17636.83
926.90	17667.76
927.07	17561.47
927.24	17353.60
927.41	17382.48
927.59	17192.22
927.76	17305.88
927.93	17153.51
928.10	17093.92
928.28	17036.57
928.45	17016.50
928.62	16861.88
928.79	16760.71
928.97	16830.14
929.14	16649.92
929.31	16742.28
929.48	16682.28
929.66	16643.98
929.83	16375.49
930.00	16515.16
930.17	16440.62
930.34	16382.45
930.52	16382.86
930.69	16188.10
930.86	16137.72
931.03	16131.58
931.21	16058.67
931.38	15991.70
931.55	16054.57
931.72	15770.93
931.89	15737.14
932.07	15754.14
932.24	15701.71
932.41	15606.68
932.58	15432.20
932.75	15437.11
932.93	15306.86
933.10	15195.66
933.27	15166.37
933.44	15052.91
933.61	15045.13
933.79	14880.47
933.96	14717.25
934.13	14723.60
934.30	14644.55
934.47	14610.96
934.65	14418.45
934.82	14307.86
934.99	14211.40
935.16	13881.06
935.33	13900.72
935.50	13921.41
935.68	13843.18
935.85	13727.06
936.02	13629.78
936.19	13488.26
936.36	13443.41
936.53	13228.58
936.71	13226.12
936.88	13162.02
937.05	12943.71
937.22	12800.97
937.39	12758.57
937.56	12669.08
937.74	12536.98
937.91	12366.59
938.08	12294.50
938.25	12251.09
938.42	12167.73
938.59	11943.89
938.76	11930.37
938.94	11814.87
939.11	11780.87
939.28	11677.24
939.45	11520.17
939.62	11410.60
939.79	11379.06
939.96	11197.82
940.13	11137.60
940.31	11054.05
940.48	10981.75
940.65	10871.57
940.82	10900.45
940.99	10775.93
941.16	10724.32
941.33	10692.38
941.50	10504.78
941.67	10483.28
941.85	10479.59
942.02	10372.48
942.19	10301.83
942.36	10314.73
942.53	10284.01
942.70	10234.66
942.87	10099.90
943.04	10122.63
943.21	10034.16
943.38	10049.72
943.56	10031.91
943.73	9953.88
943.90	9939.34
944.07	9983.98
944.24	9910.67
944.41	9946.71
944.58	9888.96
944.75	9841.04
944.92	9778.78
945.09	9864.18
945.26	9801.31
945.43	9852.50
945.60	9781.44
945.78	9703.62
945.95	9665.53
946.12	9659.38
946.29	9638.70
946.46	9686.00
946.63	9631.73
946.80	9643.20
946.97	9716.72
947.14	9612.69
947.31	9664.71
947.48	9621.70
947.65	9663.07
947.82	9684.16
947.99	9518.07
948.16	9572.34
948.33	9550.43
948.50	9559.65
948.67	9585.86
948.84	9606.34
949.01	9629.48
949.18	9475.27
949.35	9658.97
949.52	9529.34
949.69	9547.15
949.86	9550.02
950.03	9537.94
950.20	9479.98
950.38	9538.14
950.55	9551.45
950.72	9510.08
950.89	9442.91
951.06	9445.37
951.23	9473.84
951.40	9467.49
951.57	9550.22
951.74	9421.00
951.91	9467.69
952.08	9506.19
952.25	9397.24
952.42	9367.75
952.59	9407.48
952.76	9405.43
952.92	9445.57
953.09	9474.86
953.26	9481.41
953.43	9431.03
953.60	9422.43
953.77	9320.65
953.94	9428.17
954.11	9440.45
954.28	9467.08
954.45	9306.52
954.62	9279.69
954.79	9265.76
954.96	9323.10
955.13	9219.48
955.30	9301.19
955.47	9243.23
955.64	9340.92
955.81	9273.13
955.98	9303.03
956.15	9191.42
956.32	9186.91
956.49	9157.83
956.66	9283.58
956.83	9150.67
957.00	9316.96
957.17	9199.61
957.33	9128.55
957.50	9209.24
957.67	9164.39
957.84	9105.41
958.01	9171.35
958.18	9124.66
958.35	9072.23
958.52	9024.72
958.69	9084.72
958.86	9054.62
959.03	8981.09
959.20	8959.59
959.37	8974.75
959.53	8977.00
959.70	8925.39
959.87	8914.53
960.04	8924.57
960.21	8926.00
960.38	8890.37
960.55	8906.96
960.72	8850.23
960.89	8830.98
961.06	8857.19
961.23	8775.89
961.39	8834.66
961.56	8786.33
961.73	8766.06
961.90	8707.49
962.07	8669.39
962.24	8591.16
962.41	8549.18
962.58	8615.53
962.75	8596.69
962.91	8519.48
963.08	8584.40
963.25	8451.28
963.42	8489.17
963.59	8408.89
963.76	8455.59
963.93	8456.81
964.09	8420.97
964.26	8383.50
964.43	8385.95
964.60	8346.84
964.77	8224.57
964.94	8274.54
965.11	8268.81
965.27	8265.12
965.44	8230.92
965.61	8318.78
965.78	8166.62
965.95	8205.32
966.12	8096.37
966.29	8090.43
966.45	8090.23
966.62	8067.50
966.79	8100.67
966.96	8122.18
967.13	8015.89
967.30	8070.16
967.46	7973.08
967.63	7926.80
967.80	7991.72
967.97	7955.27
968.14	7871.09
968.30	7796.34
968.47	7809.45
968.64	7878.47
968.81	7849.18
968.98	7734.70
969.15	7728.15
969.31	7748.83
969.48	7710.33
969.65	7712.58
969.82	7662.82
969.99	7629.84
970.15	7629.02
970.32	7546.08
970.49	7604.86
970.66	7473.58
970.82	7375.28
970.99	7498.77
971.16	7453.72
971.33	7394.94
971.50	7374.67
971.66	7429.14
971.83	7383.27
972.00	7368.52
972.17	7316.30
972.34	7220.25
972.50	7259.98
972.67	7269.81
972.84	7222.91
973.01	7189.12
973.17	7158.81
973.34	7159.63
973.51	7118.06
973.68	7124.00
973.84	7023.24
974.01	7032.04
974.18	7056.62
974.35	7023.03
974.51	6982.07
974.68	6933.74
974.85	6893.19
975.02	7007.26
975.18	6931.49
975.35	6841.38
975.52	6823.76
975.69	6832.37
975.85	6798.16
976.02	6748.19
976.19	6722.59
976.36	6734.06
976.52	6651.94
976.69	6694.33
976.86	6632.69
977.02	6516.16
977.19	6555.48
977.36	6541.14
977.53	6553.23
977.69	6536.64
977.86	6495.88
978.03	6434.04
978.19	6426.46
978.36	6392.05
978.53	6429.73
978.70	6347.61
978.86	6268.56
979.03	6294.98
979.20	6292.52
979.36	6273.68
979.53	6249.72
979.70	6236.20
979.86	6196.27
980.03	6169.64
980.20	6128.68
980.36	6155.51
980.53	6113.12
980.70	6098.58
980.86	6089.16
981.03	6053.52
981.20	6023.42
981.36	6014.41
981.53	5906.48
981.70	5923.07
981.86	5934.33
982.03	5906.89
982.20	5890.30
982.36	5843.61
982.53	5830.09
982.70	5807.77
982.86	5745.30
983.03	5741.62
983.20	5753.50
983.36	5762.92
983.53	5664.61
983.70	5677.52
983.86	5654.37
984.03	5643.52
984.20	5603.79
984.36	5501.80
984.53	5555.05
984.70	5499.14
984.86	5480.09
985.03	5477.43
985.19	5449.99
985.36	5384.25
985.53	5390.39
985.69	5360.29
985.86	5306.01
986.03	5314.82
986.19	5270.17
986.36	5328.13
986.52	5218.77
986.69	5225.94
986.86	5184.57
987.02	5212.22
987.19	5212.42
987.35	5152.21
987.52	5069.47
987.69	5072.34
987.85	5030.56
988.02	5018.89
988.18	5031.38
988.35	5001.28
988.52	4952.74
988.68	4907.89
988.85	4865.29
989.01	4939.84
989.18	4932.46
989.35	4844.40
989.51	4801.80
989.68	4849.32
989.84	4787.47
990.01	4836.62
990.17	4802.21
990.34	4718.45
990.51	4685.48
990.67	4713.74
990.84	4657.63
991.00	4616.05
991.17	4689.37
991.33	4636.53
991.50	4622.81
991.66	4621.38
991.83	4564.65
992.00	4597.21
992.16	4499.11
992.33	4532.09
992.49	4506.69
992.66	4488.26
992.82	4401.43
992.99	4422.73
993.15	4446.48
993.32	4428.05
993.48	4346.54
993.65	4339.17
993.82	4328.72
993.98	4339.17
994.15	4305.58
994.31	4267.69
994.48	4270.97
994.64	4204.41
994.81	4264.83
994.97	4157.10
995.14	4155.26
995.30	4095.25
995.47	4086.04
995.63	4144.82
995.80	4107.75
995.96	4075.80
996.13	4068.84
996.29	4018.46
996.46	4000.84
996.62	3988.15
996.79	3951.08
996.95	3944.73
997.12	3892.30
997.28	3928.75
997.45	3859.12
997.61	3918.52
997.78	3830.04
997.94	3817.96
998.11	3855.85
998.27	3845.61
998.44	3764.10
998.60	3752.22
998.77	3714.13
998.93	3740.96
999.10	3684.02
999.26	3650.64
999.43	3691.40
999.59	3694.47
999.75	3642.65
999.92	3603.13
1000.08	3602.72
1000.25	3561.14
1000.41	3573.23
1000.58	3507.28
1000.74	3504.83
1000.91	3533.50
1001.07	3504.83
1001.24	3471.24
1001.40	3439.09
1001.56	3426.59
1001.73	3451.58
1001.89	3387.27
1002.06	3333.82
1002.22	3335.66
1002.39	3288.36
1002.55	3316.21
1002.71	3284.26
1002.88	3320.51
1003.04	3243.91
1003.21	3287.13
1003.37	3215.86
1003.54	3215.86
1003.70	3168.55
1003.86	3187.19
1004.03	3172.03
1004.19	3148.48
1004.36	3120.63
1004.52	3142.33
1004.68	3109.98
1004.85	3088.27
1005.01	3093.59
1005.18	3040.35
1005.34	3025.60
1005.50	2994.88
1005.67	2976.04
1005.83	2987.10
1006.00	2953.72
1006.16	2932.01
1006.32	2895.15
1006.49	2941.02
1006.65	2864.22
1006.82	2865.86
1006.98	2847.43
1007.14	2901.90
1007.31	2865.24
1007.47	2825.92
1007.63	2807.08
1007.80	2750.97
1007.96	2732.33
1008.13	2730.08
1008.29	2716.36
1008.45	2705.50
1008.62	2697.93
1008.78	2729.05
1008.94	2702.23
1009.11	2651.23
1009.27	2637.92
1009.43	2618.05
1009.60	2582.63
1009.76	2596.76
1009.92	2575.25
1010.09	2557.64
1010.25	2543.71
1010.42	2512.38
1010.58	2522.21
1010.74	2519.96
1010.91	2504.19
1011.07	2457.29
1011.23	2475.11
1011.40	2458.31
1011.56	2451.76
1011.72	2420.43
1011.89	2403.43
1012.05	2389.30
1012.21	2320.28
1012.37	2341.37
1012.54	2330.93
1012.70	2303.90
1012.86	2297.55
1013.03	2271.13
1013.19	2320.28
1013.35	2251.06
1013.52	2232.42
1013.68	2240.61
1013.84	2217.68
1014.01	2197.40
1014.17	2202.52
1014.33	2199.65
1014.49	2183.68
1014.66	2155.42
1014.82	2146.82
1014.98	2159.11
1015.15	2142.31
1015.31	2153.37
1015.47	2079.03
1015.63	2070.84
1015.80	2016.77
1015.96	2025.37
1016.12	2004.89
1016.29	2058.55
1016.45	1992.20
1016.61	2010.63
1016.77	1974.79
1016.94	1955.33
1017.10	1952.47
1017.26	1946.53
1017.42	1964.34
1017.59	1877.92
1017.75	1867.47
1017.91	1869.52
1018.07	1875.26
1018.24	1850.07
1018.40	1810.13
1018.56	1858.67
1018.72	1841.06
1018.89	1843.72
1019.05	1832.86
1019.21	1838.60
1019.37	1785.76
1019.54	1825.49
1019.70	1775.32
1019.86	1775.73
1020.02	1758.32
1020.19	1764.26
1020.35	1748.49
1020.51	1742.34
1020.67	1705.48
1020.83	1690.73
1021.00	1669.44
1021.16	1693.40
1021.32	1654.69
1021.48	1620.08
1021.64	1635.03
1021.81	1631.55
1021.97	1586.90
1022.13	1578.10
1022.29	1603.29
1022.45	1571.54
1022.62	1559.46
1022.78	1569.29
1022.94	1534.88
1023.10	1548.20
1023.26	1497.82
1023.43	1518.91
1023.59	1496.79
1023.75	1505.19
1023.91	1499.66
1024.07	1458.09
1024.24	1438.63
1024.40	1463.62
1024.56	1416.92
1024.72	1433.31
1024.88	1416.51
1025.04	1403.40
1025.21	1379.03
1025.37	1394.39
1025.53	1402.38
1025.69	1390.91
1025.85	1370.02
1026.01	1382.52
1026.18	1333.16
1026.34	1323.74
1026.50	1322.10
1026.66	1348.11
1026.82	1311.45
1026.98	1281.35
1027.14	1298.75
1027.31	1248.58
1027.47	1251.65
1027.63	1272.95
1027.79	1232.40
1027.95	1242.43
1028.11	1178.13
1028.27	1203.52
1028.44	1197.17
1028.60	1208.23
1028.76	1204.96
1028.92	1166.45
1029.08	1173.83
1029.24	1177.51
1029.40	1151.50
1029.56	1128.98
1029.73	1145.77
1029.89	1120.79
1030.05	1132.46
1030.21	1097.85
1030.37	1116.48
1030.53	1064.88
1030.69	1106.24
1030.85	1054.84
1031.01	1081.26
1031.17	1074.91
1031.34	1056.89
1031.50	1067.13
1031.66	1031.70
1031.82	1044.81
1031.98	1029.04
1032.14	1031.90
1032.30	1014.50
1032.46	1003.03
1032.62	955.51
1032.78	990.33
1032.94	987.67
1033.10	973.74
1033.27	948.96
1033.43	961.86
1033.59	935.85
1033.75	934.42
1033.91	930.73
1034.07	934.42
1034.23	913.12
1034.39	924.59
1034.55	893.46
1034.71	927.66
1034.87	884.86
1035.03	908.62
1035.19	877.90
1035.35	875.03
1035.51	839.80
1035.67	847.59
1035.83	840.21
1035.99	851.89
1036.16	830.59
1036.32	829.36
1036.48	824.44
1036.64	811.54
1036.80	821.17
1036.96	832.84
1037.12	801.30
1037.28	793.31
1037.44	791.06
1037.60	769.35
1037.76	793.93
1037.92	781.64
1038.08	741.09
1038.24	734.33
1038.40	738.22
1038.56	740.68
1038.72	733.31
1038.88	728.39
1039.04	696.24
1039.20	729.01
1039.36	693.58
1039.52	703.00
1039.68	677.40
1039.84	660.20
1040.00	678.83
1040.16	695.22
1040.32	656.51
1040.48	670.44
1040.64	666.96
1040.80	671.46
1040.96	623.13
1041.12	636.85
1041.28	628.66
1041.44	613.50
1041.60	600.60
1041.76	615.35
1041.92	637.05
1042.08	607.36
1042.24	601.83
1042.39	595.07
1042.55	582.78
1042.71	572.34
1042.87	552.88
1043.03	592.41
1043.19	578.07
