345.44	60.753
345.66	60.753
345.88	60.753
346.10	-187.500
346.31	-864.706
346.53	252.174
346.75	564.706
346.97	-252.632
347.19	290.385
347.41	32.051
347.63	40.667
347.85	-46.429
348.07	50.000
348.29	218.478
348.51	49.091
348.73	227.273
348.95	-343.750
349.17	-389.474
349.39	464.706
349.61	55.093
349.83	86.364
350.05	60.870
350.27	-4.054
350.49	114.286
350.71	50.562
350.93	85.987
351.15	-505.263
351.37	-39.286
351.59	158.025
351.80	71.963
352.02	120.130
352.24	-43.529
352.46	85.333
352.68	141.549
352.90	44.915
353.12	26.562
353.34	117.337
353.56	31.325
353.78	91.304
354.00	78.261
354.22	78.894
354.44	42.568
354.66	103.286
354.88	276.471
355.09	-54.545
355.31	75.843
355.53	93.023
355.75	82.123
355.97	57.051
356.19	150.909
356.41	44.118
356.63	80.541
356.85	130.769
357.07	23.922
357.29	60.767
357.50	77.778
357.72	6.696
357.94	65.753
358.16	33.117
358.38	65.089
358.60	44.262
358.82	-210.204
359.04	45.930
359.26	41.538
359.48	219.231
359.69	12.500
359.91	160.000
360.13	67.320
360.35	78.528
360.57	-109.091
360.79	22.034
361.01	-4.514
361.23	27.647
361.45	55.983
361.66	43.411
361.88	102.614
362.10	107.071
362.32	-4.082
362.54	22.010
362.76	110.294
362.98	100.000
363.20	109.155
363.41	-50.794
363.63	41.739
363.85	-31.646
364.07	103.297
364.29	98.780
364.51	1.946
364.73	115.686
364.94	80.478
365.16	69.565
365.38	81.776
365.60	66.474
365.82	31.579
366.04	27.950
366.26	61.538
366.47	31.844
366.69	-229.730
366.91	34.135
367.13	13.235
367.35	62.921
367.57	82.243
367.79	50.000
368.00	196.667
368.22	16.794
368.44	93.143
368.66	96.571
368.88	18.254
369.10	8.475
369.31	110.345
369.53	19.469
369.75	45.778
369.97	181.538
370.19	35.583
370.41	-50.725
370.62	37.748
370.84	125.397
371.06	28.767
371.28	9.406
371.50	21.845
371.71	125.714
371.93	70.064
372.15	-1583.333
372.37	24.454
372.59	30.000
372.80	106.173
373.02	21.569
373.24	99.359
373.46	13.866
373.68	43.802
373.90	88.571
374.11	-11.765
374.33	17.308
374.55	26.050
374.77	32.843
374.98	-3.175
375.20	8.678
375.42	25.357
375.64	66.667
375.86	150.000
376.07	62.759
376.29	50.526
376.51	93.827
376.73	66.906
376.95	71.146
377.16	8.491
377.38	40.645
377.60	19.820
377.82	141.063
378.03	50.000
378.25	-19.313
378.47	63.415
378.69	9.346
378.91	66.942
379.12	79.412
379.34	44.910
379.56	75.980
379.78	92.486
379.99	11.429
380.21	12.648
380.43	48.649
380.65	34.513
380.86	46.970
381.08	34.810
381.30	24.000
381.52	16.418
381.73	20.000
381.95	15.504
382.17	116.418
382.39	26.562
382.60	30.645
382.82	13.600
383.04	10.227
383.26	22.798
383.47	32.461
383.69	12.595
383.91	22.727
384.13	47.414
384.34	34.646
384.56	18.015
384.78	31.304
385.00	67.869
385.21	81.148
385.43	82.119
385.65	-17.730
385.86	110.599
386.08	38.028
386.30	49.780
386.52	51.869
386.73	60.317
386.95	34.034
387.17	59.322
387.38	46.403
387.60	83.636
387.82	57.035
388.04	76.190
388.25	41.063
388.47	23.789
388.69	26.923
388.90	45.395
389.12	-0.000
389.34	-0.778
389.56	50.000
389.77	19.427
389.99	52.222
390.21	40.702
390.42	52.160
390.64	97.727
390.86	20.856
391.07	45.509
391.29	41.441
391.51	-24.375
391.72	33.937
391.94	22.581
392.16	47.761
392.38	81.481
392.59	47.340
392.81	14.419
393.03	7.853
393.24	4.601
393.46	62.449
393.68	15.613
393.89	42.233
394.11	-8.117
394.33	54.011
394.54	16.585
394.76	34.643
394.98	8.360
395.19	27.160
395.41	30.159
395.63	-9.926
395.84	28.490
396.06	28.364
396.28	24.315
396.49	17.568
396.71	28.767
396.93	0.513
397.14	64.020
397.36	28.947
397.57	31.534
397.79	58.209
398.01	18.943
398.22	43.052
398.44	6.745
398.66	50.136
398.87	26.425
399.09	55.460
399.31	-4.268
399.52	-8.368
399.74	38.000
399.96	32.010
400.17	6.650
400.39	61.224
400.60	17.453
400.82	29.508
401.04	34.211
401.25	34.793
401.47	47.248
401.69	24.619
401.90	21.642
402.12	64.231
402.33	58.400
402.55	40.549
402.77	20.942
402.98	36.900
403.20	31.902
403.41	57.173
403.63	18.043
403.85	13.139
404.06	18.062
404.28	57.925
404.49	9.009
404.71	69.919
404.93	18.564
405.14	7.717
405.36	21.891
405.57	50.490
405.79	20.519
406.01	46.328
406.22	46.827
406.44	29.040
406.65	51.429
406.87	39.798
407.09	27.240
407.30	50.435
407.52	42.733
407.73	27.273
407.95	3.769
408.17	35.398
408.38	-25.161
408.60	12.424
408.81	60.000
409.03	29.167
409.24	34.409
409.46	30.744
409.68	37.071
409.89	19.506
410.11	19.936
410.32	11.794
410.54	17.749
410.75	-19.952
410.97	45.906
411.18	15.444
411.40	52.941
411.62	10.335
411.83	60.045
412.05	31.405
412.26	44.118
412.48	45.517
412.69	17.256
412.91	31.202
413.12	28.319
413.34	22.003
413.56	58.672
413.77	35.866
413.99	37.825
414.20	-0.367
414.42	29.712
414.63	39.009
414.85	27.460
415.06	14.687
415.28	34.701
415.49	39.931
415.71	29.868
415.92	17.724
416.14	19.787
416.35	48.585
416.57	43.073
416.79	47.300
417.00	9.769
417.22	14.571
417.43	43.299
417.65	29.834
417.86	38.230
418.08	45.140
418.29	26.705
418.51	23.788
418.72	21.415
418.94	35.478
419.15	38.141
419.37	23.090
419.58	35.588
419.80	-9.208
420.01	32.194
420.23	25.424
420.44	29.600
420.66	19.872
420.87	45.400
421.09	30.769
421.30	48.485
421.52	41.488
421.73	20.405
421.95	33.891
422.16	47.653
422.38	39.965
422.59	29.529
422.81	33.824
423.02	26.466
423.23	29.532
423.45	35.948
423.66	32.022
423.88	43.660
424.09	48.185
424.31	44.165
424.52	30.435
424.74	27.436
424.95	28.880
425.17	42.083
425.38	43.097
425.60	23.750
425.81	35.661
426.03	21.698
426.24	22.689
426.45	29.271
426.67	44.877
426.88	31.148
427.10	33.856
427.31	45.747
427.53	39.347
427.74	28.188
427.96	27.086
428.17	35.021
428.39	30.716
428.60	33.025
428.81	35.067
429.03	33.988
429.24	42.530
429.46	30.453
429.67	49.045
429.89	51.092
430.10	31.518
430.31	42.032
430.53	47.717
430.74	30.178
430.96	10.487
431.17	46.523
431.39	49.169
431.60	35.702
431.81	34.754
432.03	47.309
432.24	36.272
432.46	54.939
432.67	25.098
432.89	46.780
433.10	35.404
433.31	36.708
433.53	40.749
433.74	37.485
433.96	33.990
434.17	33.293
434.38	41.726
434.60	45.994
434.81	36.623
435.03	40.441
435.24	35.478
435.45	28.501
435.67	30.550
435.88	41.109
436.10	37.541
436.31	46.571
436.52	39.528
436.74	44.995
436.95	39.013
437.17	38.292
437.38	17.300
437.59	29.944
437.81	38.748
438.02	36.507
438.23	39.939
438.45	35.381
438.66	48.760
438.88	39.545
439.09	46.920
439.30	36.185
439.52	37.104
439.73	40.016
439.94	40.470
440.16	39.068
440.37	41.738
440.58	36.220
440.80	31.553
441.01	45.582
441.23	31.142
441.44	36.262
441.65	46.194
441.87	34.841
442.08	38.557
442.29	38.601
442.51	43.339
442.72	32.458
442.93	46.325
443.15	33.055
443.36	29.762
443.57	46.376
443.79	39.918
444.00	37.411
444.21	29.703
444.43	39.942
444.64	25.328
444.85	40.065
445.07	34.290
445.28	42.248
445.49	46.436
445.71	46.451
445.92	40.495
446.13	31.531
446.35	37.356
446.56	40.613
446.77	36.785
446.99	33.967
447.20	38.541
447.41	34.579
447.63	44.797
447.84	25.018
448.05	40.813
448.27	36.690
448.48	36.695
448.69	25.556
448.90	35.085
449.12	32.342
449.33	33.814
449.54	25.575
449.76	35.278
449.97	36.430
450.18	29.931
450.40	36.888
450.61	35.368
450.82	29.942
451.03	36.919
451.25	35.727
451.46	33.660
451.67	29.216
451.89	35.017
452.10	29.635
452.31	37.047
452.52	38.714
452.74	30.411
452.95	34.333
453.16	38.409
453.38	36.725
453.59	38.457
453.80	36.794
454.01	36.974
454.23	31.304
454.44	36.254
454.65	33.778
454.86	35.407
455.08	38.305
455.29	35.244
455.50	35.269
455.71	33.884
455.93	34.579
456.14	39.498
456.35	37.324
456.56	34.365
456.78	36.871
456.99	26.784
457.20	28.843
457.41	36.237
457.63	32.147
457.84	33.409
458.05	34.294
458.26	31.137
458.48	38.862
458.69	35.329
458.90	31.055
459.11	36.448
459.33	31.658
459.54	28.102
459.75	31.198
459.96	35.426
460.18	30.459
460.39	38.664
460.60	30.769
460.81	35.103
461.02	31.171
461.24	27.467
461.45	34.242
461.66	27.514
461.87	29.685
462.09	31.648
462.30	34.885
462.51	33.362
462.72	30.304
462.93	25.061
463.15	28.096
463.36	34.583
463.57	28.058
463.78	29.747
463.99	22.816
464.21	25.152
464.42	29.065
464.63	30.629
464.84	29.725
465.05	29.815
465.27	32.357
465.48	32.601
465.69	32.160
465.90	31.515
466.11	26.340
466.33	29.237
466.54	29.917
466.75	30.525
466.96	24.640
467.17	27.553
467.38	30.235
467.60	27.260
467.81	28.663
468.02	31.315
468.23	29.268
468.44	27.610
468.65	29.845
468.87	29.218
469.08	28.037
469.29	23.322
469.50	27.423
469.71	25.841
469.92	23.741
470.14	24.292
470.35	27.039
470.56	27.309
470.77	23.461
470.98	27.676
471.19	23.939
471.41	27.719
471.62	22.967
471.83	26.756
472.04	24.288
472.25	22.449
472.46	26.232
472.67	25.714
472.89	24.181
473.10	27.753
473.31	24.784
473.52	27.676
473.73	26.039
473.94	25.364
474.15	26.208
474.37	24.148
474.58	26.339
474.79	27.932
475.00	20.925
475.21	25.052
475.42	24.659
475.63	24.152
475.84	24.590
476.06	22.590
476.27	24.439
476.48	24.855
476.69	22.225
476.90	24.832
477.11	23.859
477.32	24.759
477.53	20.553
477.74	21.994
477.96	21.659
478.17	19.696
478.38	19.921
478.59	22.468
478.80	21.776
479.01	22.028
479.22	21.447
479.43	22.750
479.64	21.439
479.85	21.323
480.06	21.626
480.28	21.981
480.49	20.159
480.70	21.262
480.91	20.635
481.12	19.062
481.33	20.372
481.54	20.780
481.75	20.038
481.96	17.458
482.17	18.746
482.38	19.203
482.59	20.804
482.81	18.932
483.02	18.419
483.23	19.697
483.44	18.438
483.65	19.809
483.86	17.977
484.07	17.622
484.28	18.626
484.49	17.666
484.70	18.486
484.91	17.919
485.12	17.470
485.33	18.285
485.54	18.320
485.75	16.395
485.96	16.170
486.17	18.001
486.38	18.656
486.60	16.707
486.81	17.039
487.02	16.139
487.23	15.406
487.44	17.711
487.65	13.138
487.86	15.181
488.07	15.512
488.28	16.133
488.49	15.141
488.70	14.495
488.91	15.251
489.12	14.495
489.33	15.296
489.54	15.304
489.75	14.592
489.96	13.894
490.17	14.621
490.38	13.583
490.59	14.034
490.80	13.729
491.01	14.774
491.22	12.588
491.43	12.709
491.64	14.785
491.85	13.669
492.06	13.118
492.27	13.924
492.48	13.529
492.69	13.154
492.90	13.545
493.11	11.313
493.32	12.310
493.53	13.253
493.74	14.771
493.95	12.514
494.16	11.174
494.37	12.134
494.58	10.472
494.79	11.546
495.00	11.251
495.21	11.854
495.42	11.703
495.63	10.196
495.84	11.955
496.05	11.068
496.26	10.423
496.47	10.096
496.68	10.560
496.89	10.252
497.10	11.148
497.31	10.129
497.52	11.658
497.73	10.267
497.94	9.966
498.15	9.646
498.36	9.767
498.57	10.604
498.78	7.717
498.99	9.027
499.19	9.828
499.40	8.539
499.61	8.928
499.82	8.877
500.03	8.820
500.24	7.967
500.45	7.895
500.66	7.682
500.87	7.845
501.08	8.726
501.29	7.350
501.50	7.747
501.71	7.696
501.92	6.982
502.13	7.551
502.34	6.373
502.55	6.904
502.76	7.029
502.96	5.680
503.17	7.542
503.38	7.245
503.59	5.929
503.80	5.545
504.01	6.765
504.22	7.278
504.43	7.157
504.64	6.058
504.85	7.185
505.06	7.075
505.27	6.430
505.47	5.765
505.68	5.515
505.89	5.961
506.10	5.464
506.31	4.971
506.52	5.081
506.73	4.374
506.94	6.098
507.15	5.373
507.36	5.176
507.56	3.818
507.77	4.543
507.98	5.466
508.19	4.951
508.40	4.572
508.61	3.948
508.82	3.534
509.03	4.843
509.24	3.764
509.44	4.518
509.65	5.016
509.86	4.198
510.07	4.397
510.28	4.803
510.49	3.094
510.70	4.273
510.91	4.127
511.11	3.151
511.32	3.122
511.53	4.135
511.74	3.687
511.95	3.813
512.16	3.237
512.37	3.862
512.58	3.006
512.78	2.731
512.99	2.193
513.20	3.033
513.41	3.536
513.62	2.896
513.83	2.557
514.04	3.772
514.24	3.029
514.45	2.843
514.66	2.508
514.87	2.753
515.08	1.821
515.29	2.790
515.49	2.269
515.70	2.664
515.91	1.231
516.12	2.053
516.33	1.799
516.54	1.884
516.74	1.952
516.95	1.818
517.16	1.366
517.37	1.875
517.58	2.010
517.79	1.225
517.99	2.020
518.20	1.537
518.41	2.471
518.62	2.148
518.83	2.218
519.03	2.367
519.24	1.446
519.45	1.562
519.66	1.223
519.87	1.452
520.07	2.743
520.28	1.314
520.49	1.969
520.70	1.908
520.91	1.557
521.12	1.524
521.32	1.839
521.53	1.568
521.74	1.297
521.95	1.201
522.15	1.267
522.36	0.807
522.57	1.072
522.78	1.370
522.99	1.184
523.19	1.035
523.40	0.770
523.61	1.869
523.82	1.249
524.03	0.097
524.23	0.518
524.44	1.020
524.65	0.786
524.86	1.117
525.06	1.322
525.27	1.316
525.48	0.884
525.69	0.907
525.89	0.945
526.10	1.001
526.31	1.354
526.52	0.890
526.72	1.238
526.93	0.380
527.14	1.254
527.35	0.156
527.56	0.762
527.76	0.530
527.97	0.347
528.18	1.272
528.38	0.339
528.59	1.023
528.80	1.187
529.01	0.161
529.21	0.753
529.42	0.460
529.63	0.742
529.84	0.627
530.04	0.620
530.25	0.716
530.46	0.878
530.67	0.615
530.87	0.630
531.08	0.633
531.29	0.586
531.50	0.278
531.70	1.197
531.91	0.331
532.12	0.131
532.32	0.321
532.53	0.793
532.74	0.513
532.95	0.561
533.15	0.741
533.36	0.196
533.57	0.298
533.77	0.648
533.98	0.547
534.19	0.408
534.39	0.150
534.60	0.296
534.81	0.413
535.02	0.401
535.22	0.317
535.43	0.419
535.64	0.683
535.84	0.431
536.05	0.414
536.26	0.380
536.46	0.323
536.67	0.536
536.88	0.585
537.08	0.907
537.29	0.485
537.50	0.760
537.70	1.069
537.91	0.495
538.12	0.974
538.33	0.546
538.53	0.694
538.74	0.177
538.95	0.363
539.15	0.255
539.36	0.272
539.57	0.743
539.77	0.264
539.98	0.329
540.18	0.168
540.39	0.462
540.60	0.609
540.80	0.301
541.01	0.196
541.22	0.403
541.42	0.177
541.63	0.527
541.84	0.544
542.04	0.486
542.25	0.164
542.46	0.388
542.66	0.588
542.87	0.098
543.08	0.579
543.28	0.293
543.49	0.393
543.69	0.525
543.90	0.685
544.11	0.021
544.31	0.486
544.52	-0.109
544.73	0.401
544.93	0.238
545.14	0.382
545.34	0.159
545.55	0.037
545.76	0.040
545.96	0.227
546.17	0.073
546.38	0.571
546.58	0.590
546.79	0.641
546.99	0.255
547.20	0.577
547.41	0.479
547.61	0.434
547.82	0.824
548.02	0.172
548.23	0.405
548.44	0.223
548.64	0.421
548.85	0.586
549.05	0.106
549.26	0.545
549.47	0.328
549.67	0.304
549.88	0.470
550.08	0.462
550.29	0.554
550.50	0.046
550.70	0.199
550.91	0.250
551.11	0.112
551.32	0.142
551.52	0.224
551.73	0.708
551.94	-0.006
552.14	0.231
552.35	0.313
552.55	0.133
552.76	0.149
552.96	0.362
553.17	0.231
553.38	0.555
553.58	0.160
553.79	0.043
553.99	0.516
554.20	0.612
554.40	0.332
554.61	0.174
554.81	0.300
555.02	0.318
555.23	0.329
555.43	0.517
555.64	0.145
555.84	0.623
556.05	0.128
556.25	-0.113
556.46	0.293
556.66	0.219
556.87	0.212
557.07	0.512
557.28	0.363
557.48	0.406
557.69	0.381
557.90	0.354
558.10	0.664
558.31	0.413
558.51	0.315
558.72	0.371
558.92	0.518
559.13	0.254
559.33	0.338
559.54	0.620
559.74	0.365
559.95	0.275
560.15	0.425
560.36	0.570
560.56	0.427
560.77	0.240
560.97	0.495
561.18	0.434
561.38	0.211
561.59	0.400
561.79	0.381
562.00	0.086
562.20	0.389
562.41	0.319
562.61	0.561
562.82	0.428
563.02	0.382
563.23	0.343
563.43	0.256
563.64	0.291
563.84	0.445
564.05	0.123
564.25	0.739
564.46	0.296
564.66	0.020
564.87	0.317
565.07	0.202
565.28	0.184
565.48	0.117
565.68	0.217
565.89	-0.017
566.09	0.358
566.30	-0.017
566.50	0.413
566.71	0.204
566.91	0.415
567.12	0.129
567.32	0.588
567.53	0.237
567.73	0.347
567.94	-0.071
568.14	0.145
568.34	0.515
568.55	0.245
568.75	0.438
568.96	0.415
569.16	0.273
569.37	0.223
569.57	0.198
569.78	0.264
569.98	-0.087
570.18	0.224
570.39	0.115
570.59	0.211
570.80	0.123
571.00	0.563
571.21	0.380
571.41	0.088
571.61	0.251
571.82	0.237
572.02	-0.093
572.23	0.496
572.43	0.256
572.64	0.297
572.84	0.037
573.04	0.467
573.25	0.112
573.45	0.446
573.66	0.116
573.86	0.243
574.06	0.015
574.27	-0.006
574.47	0.161
574.68	0.252
574.88	0.288
575.08	0.109
575.29	0.201
575.49	0.539
575.70	0.086
575.90	0.453
576.10	0.465
576.31	0.027
576.51	0.180
576.72	0.041
576.92	-0.076
577.12	0.122
577.33	-0.014
577.53	0.215
577.73	0.361
577.94	0.219
578.14	0.203
578.35	0.249
578.55	0.159
578.75	0.105
578.96	0.395
579.16	0.205
579.36	-0.016
579.57	0.072
579.77	0.102
579.98	0.342
580.18	0.119
580.38	0.368
580.59	0.099
580.79	0.497
580.99	0.192
581.20	0.334
581.40	0.334
581.60	0.031
581.81	-0.029
582.01	-0.180
582.21	0.241
582.42	0.114
582.62	0.017
582.82	0.194
583.03	0.023
583.23	0.333
583.43	0.086
583.64	0.324
583.84	0.357
584.04	0.404
584.25	0.158
584.45	0.208
584.65	0.229
584.86	-0.117
585.06	0.374
585.26	0.157
585.47	0.350
585.67	0.264
585.87	0.119
586.08	0.394
586.28	0.265
586.48	0.033
586.69	0.312
586.89	0.261
587.09	0.321
587.30	0.351
587.50	0.163
587.70	0.148
587.90	-0.031
588.11	0.202
588.31	0.427
588.51	0.063
588.72	0.114
588.92	0.038
589.12	-0.253
589.33	-0.138
589.53	0.272
589.73	0.241
589.93	0.444
590.14	0.551
590.34	0.201
590.54	0.124
590.75	0.287
590.95	0.123
591.15	0.320
591.35	0.238
591.56	0.125
591.76	0.250
591.96	0.378
592.16	0.318
592.37	0.240
592.57	-0.138
592.77	0.168
592.97	0.070
593.18	0.142
593.38	0.303
593.58	0.022
593.79	0.087
593.99	0.217
594.19	0.171
594.39	0.074
594.60	0.346
594.80	0.279
595.00	0.175
595.20	0.048
595.41	0.312
595.61	0.295
595.81	0.283
596.01	0.191
596.21	0.285
596.42	0.376
596.62	0.293
596.82	0.184
597.02	0.224
597.23	0.238
597.43	0.117
597.63	0.355
597.83	0.101
598.04	0.159
598.24	0.225
598.44	0.205
598.64	0.260
598.84	0.176
599.05	0.295
599.25	0.211
599.45	0.110
599.65	0.379
599.85	0.173
600.06	0.267
600.26	0.019
600.46	0.158
600.66	0.161
600.87	0.226
601.07	0.409
601.27	0.209
601.47	0.173
601.67	0.259
601.87	0.173
602.08	0.242
602.28	0.344
602.48	0.137
602.68	0.215
602.88	0.282
603.09	0.309
603.29	0.221
603.49	0.161
603.69	0.278
603.89	0.171
604.10	0.028
604.30	0.311
604.50	0.079
604.70	0.288
604.90	0.032
605.10	0.321
605.31	0.256
605.51	0.155
605.71	0.172
605.91	0.033
606.11	0.096
606.31	0.120
606.52	0.190
606.72	0.450
606.92	0.032
607.12	0.357
607.32	0.129
607.52	0.213
607.72	0.372
607.93	0.048
608.13	0.145
608.33	0.295
608.53	0.170
608.73	0.297
608.93	0.289
609.13	-0.019
609.34	0.247
609.54	0.247
609.74	0.139
609.94	0.224
610.14	0.309
610.34	0.229
610.54	0.344
610.74	-0.105
610.95	0.108
611.15	0.234
611.35	0.360
611.55	0.183
611.75	0.136
611.95	0.267
612.15	0.244
612.35	0.188
612.56	0.126
612.76	0.143
612.96	0.295
613.16	-0.037
613.36	0.157
613.56	0.092
613.76	0.158
613.96	0.191
614.16	0.102
614.36	0.278
614.57	0.232
614.77	0.183
614.97	0.089
615.17	0.069
615.37	0.181
615.57	0.142
615.77	0.098
615.97	0.221
616.17	0.272
616.37	0.209
616.57	0.359
616.78	-0.083
616.98	0.282
617.18	0.276
617.38	0.154
617.58	0.261
617.78	0.204
617.98	0.270
618.18	0.294
618.38	0.168
618.58	0.009
618.78	0.190
618.98	0.147
619.18	0.176
619.38	0.204
619.58	-0.056
619.79	0.139
619.99	0.106
620.19	0.194
620.39	0.022
620.59	0.159
620.79	0.170
620.99	0.119
621.19	0.113
621.39	0.152
621.59	0.158
621.79	0.259
621.99	0.126
622.19	0.061
622.39	0.188
622.59	0.160
622.79	0.079
622.99	0.194
623.19	0.084
623.39	0.235
623.59	0.331
623.79	0.101
623.99	0.190
624.19	0.099
624.39	0.181
624.59	0.060
624.79	0.014
624.99	0.031
625.19	0.126
625.39	-0.001
625.59	0.093
625.79	0.168
625.99	0.209
626.19	0.115
626.39	0.154
626.59	0.149
626.79	0.228
626.99	0.188
627.19	0.182
627.39	0.257
627.59	0.129
627.79	0.137
627.99	0.236
628.19	-0.027
628.39	0.228
628.59	0.271
628.79	0.162
628.99	0.199
629.19	0.216
629.39	0.042
629.59	0.091
629.79	0.219
629.99	0.078
630.19	0.077
630.39	0.170
630.59	0.108
630.79	0.091
630.99	0.224
631.19	0.180
631.39	0.079
631.59	0.248
631.79	0.100
631.99	0.170
632.19	0.080
632.39	0.142
632.59	0.193
632.79	0.243
632.99	0.181
633.19	0.197
633.39	0.076
633.58	0.107
633.78	0.224
633.98	0.058
634.18	0.309
634.38	0.190
634.58	0.159
634.78	0.186
634.98	0.169
635.18	0.147
635.38	0.036
635.58	0.171
635.78	0.120
635.98	0.101
636.18	0.208
636.38	-0.044
636.57	-0.072
636.77	0.055
636.97	0.061
637.17	0.260
637.37	0.041
637.57	0.249
637.77	0.094
637.97	0.078
638.17	0.130
638.37	0.212
638.57	0.321
638.76	0.093
638.96	0.286
639.16	0.232
639.36	0.208
639.56	0.025
639.76	0.148
639.96	0.061
640.16	-0.003
640.36	0.219
640.56	0.231
640.75	0.209
640.95	0.212
641.15	0.136
641.35	0.203
641.55	0.244
641.75	-0.004
641.95	0.137
642.15	-0.007
642.34	0.066
642.54	0.104
642.74	0.179
642.94	0.123
643.14	0.073
643.34	0.197
643.54	0.051
643.74	-0.004
643.93	0.037
644.13	0.233
644.33	0.210
644.53	0.177
644.73	0.057
644.93	0.204
645.13	0.052
645.32	0.031
645.52	0.176
645.72	0.134
645.92	0.120
646.12	0.186
646.32	0.007
646.52	0.228
646.71	0.235
646.91	0.149
647.11	0.178
647.31	0.204
647.51	0.146
647.71	0.042
647.90	0.139
648.10	0.235
648.30	0.095
648.50	0.027
648.70	0.126
648.89	0.156
649.09	0.300
649.29	0.258
649.49	-0.017
649.69	0.100
649.89	0.212
650.08	0.169
650.28	0.019
650.48	0.074
650.68	0.029
650.88	0.116
651.07	0.099
651.27	0.079
651.47	0.129
651.67	0.117
651.87	-0.005
652.06	0.054
652.26	0.087
652.46	0.220
652.66	0.146
652.86	0.171
653.05	0.178
653.25	0.070
653.45	0.092
653.65	0.094
653.85	0.129
654.04	0.141
654.24	0.055
654.44	0.069
654.64	0.104
654.83	0.168
655.03	0.118
655.23	0.209
655.43	0.105
655.63	0.165
655.82	0.138
656.02	0.180
656.22	0.072
656.42	0.203
656.61	0.101
656.81	0.187
657.01	0.100
657.21	0.086
657.40	0.111
657.60	-0.046
657.80	-0.222
658.00	0.158
658.19	0.143
658.39	0.208
658.59	0.195
658.79	0.128
658.98	0.125
659.18	0.263
659.38	0.213
659.58	0.142
659.77	0.217
659.97	0.090
660.17	0.379
660.36	0.262
660.56	0.184
660.76	0.338
660.96	0.091
661.15	0.049
661.35	0.135
661.55	0.202
661.75	0.105
661.94	0.045
662.14	0.174
662.34	0.114
662.53	0.183
662.73	0.190
662.93	0.196
663.13	0.101
663.32	0.135
663.52	0.100
663.72	0.223
663.91	0.129
664.11	0.094
664.31	0.082
664.50	0.023
664.70	0.038
664.90	0.166
665.10	0.140
665.29	0.174
665.49	0.133
665.69	0.159
665.88	0.201
666.08	0.077
666.28	0.136
666.47	0.207
666.67	0.059
666.87	0.022
667.06	0.185
667.26	0.015
667.46	0.181
667.65	0.190
667.85	0.120
668.05	-0.011
668.24	0.009
668.44	0.164
668.64	0.121
668.83	0.157
669.03	0.044
669.23	0.149
669.42	0.097
669.62	0.149
669.82	0.166
670.01	0.096
670.21	0.158
670.41	0.178
670.60	0.301
670.80	0.037
671.00	0.103
671.19	0.154
671.39	0.143
671.58	0.187
671.78	0.036
671.98	0.255
672.17	0.138
672.37	0.186
672.57	0.090
672.76	0.174
672.96	0.070
673.15	0.123
673.35	0.225
673.55	0.003
673.74	0.057
673.94	0.140
674.14	0.134
674.33	0.124
674.53	0.146
674.72	0.088
674.92	0.173
675.12	0.200
675.31	0.141
675.51	0.174
675.70	0.160
675.90	0.197
676.10	0.140
676.29	0.070
676.49	0.169
676.68	0.150
676.88	0.149
677.08	0.106
677.27	0.154
677.47	0.179
677.66	0.261
677.86	0.026
678.06	0.137
678.25	0.224
678.45	0.031
678.64	0.027
678.84	0.175
679.03	0.225
679.23	0.257
679.43	0.163
679.62	0.176
679.82	0.148
680.01	0.120
680.21	0.102
680.40	0.184
680.60	0.106
680.80	0.101
680.99	0.056
681.19	0.145
681.38	0.061
681.58	0.184
681.77	0.121
681.97	0.266
682.16	0.163
682.36	0.171
682.56	0.059
682.75	0.179
682.95	0.184
683.14	0.122
683.34	0.129
683.53	0.067
683.73	0.119
683.92	0.071
684.12	0.118
684.31	0.109
684.51	0.112
684.70	0.161
684.90	0.090
685.10	0.128
685.29	0.135
685.49	0.179
685.68	0.075
685.88	0.135
686.07	0.116
686.27	0.151
686.46	0.093
686.66	0.158
686.85	0.123
687.05	0.153
687.24	0.070
687.44	0.142
687.63	0.156
687.83	0.128
688.02	0.193
688.22	0.196
688.41	0.045
688.61	0.263
688.80	0.244
689.00	0.160
689.19	0.142
689.39	0.040
689.58	0.124
689.78	0.173
689.97	0.119
690.17	0.241
690.36	0.185
690.56	0.131
690.75	0.197
690.95	0.265
691.14	0.109
691.34	0.113
691.53	0.138
691.72	0.247
691.92	0.279
692.11	0.095
692.31	0.234
692.50	0.229
692.70	0.057
692.89	0.231
693.09	0.231
693.28	0.236
693.48	0.197
693.67	0.216
693.87	0.143
694.06	0.226
694.25	0.147
694.45	0.219
694.64	0.140
694.84	0.154
695.03	0.233
695.23	0.162
695.42	0.137
695.62	0.213
695.81	0.272
696.00	0.266
696.20	0.225
696.39	0.146
696.59	0.089
696.78	0.236
696.98	0.257
697.17	0.232
697.36	0.161
697.56	0.223
697.75	0.143
697.95	0.271
698.14	0.197
698.34	0.139
698.53	0.096
698.72	0.316
698.92	0.143
699.11	0.283
699.31	0.218
699.50	0.109
699.69	0.080
699.89	0.236
700.08	0.253
700.28	0.094
700.47	0.142
700.66	0.216
700.86	0.265
701.05	0.243
701.25	0.376
701.44	0.222
701.63	0.279
701.83	0.211
702.02	0.275
702.21	0.304
702.41	0.346
702.60	0.274
702.80	0.291
702.99	0.294
703.18	0.359
703.38	0.329
703.57	0.325
703.77	0.356
703.96	0.331
704.15	0.228
704.35	0.199
704.54	0.359
704.73	0.372
704.93	0.320
705.12	0.204
705.31	0.262
705.51	0.378
705.70	0.312
705.89	0.376
706.09	0.242
706.28	0.352
706.48	0.346
706.67	0.427
706.86	0.296
707.06	0.378
707.25	0.407
707.44	0.447
707.64	0.350
707.83	0.412
708.02	0.356
708.22	0.372
708.41	0.457
708.60	0.314
708.80	0.462
708.99	0.346
709.18	0.493
709.38	0.535
709.57	0.470
709.76	0.450
709.95	0.574
710.15	0.414
710.34	0.427
710.53	0.460
710.73	0.405
710.92	0.468
711.11	0.487
711.31	0.319
711.50	0.498
711.69	0.510
711.89	0.494
712.08	0.516
712.27	0.589
712.46	0.542
712.66	0.530
712.85	0.500
713.04	0.560
713.24	0.494
713.43	0.603
713.62	0.598
713.81	0.533
714.01	0.606
714.20	0.545
714.39	0.643
714.59	0.638
714.78	0.597
714.97	0.677
715.16	0.588
715.36	0.683
715.55	0.543
715.74	0.642
715.93	0.751
716.13	0.644
716.32	0.769
716.51	0.663
716.71	0.710
716.90	0.698
717.09	0.729
717.28	0.863
717.48	0.729
717.67	0.638
717.86	0.825
718.05	0.863
718.25	0.831
718.44	0.864
718.63	0.801
718.82	0.836
719.02	0.890
719.21	0.880
719.40	0.885
719.59	0.954
719.78	0.877
719.98	0.949
720.17	0.933
720.36	0.878
720.55	0.899
720.75	0.972
720.94	1.004
721.13	1.019
721.32	0.984
721.51	1.013
721.71	1.021
721.90	1.081
722.09	1.056
722.28	1.094
722.48	1.098
722.67	1.177
722.86	1.144
723.05	1.253
723.24	1.229
723.44	1.209
723.63	1.278
723.82	1.304
724.01	1.268
724.20	1.357
724.40	1.258
724.59	1.393
724.78	1.375
724.97	1.317
725.16	1.374
725.35	1.405
725.55	1.563
725.74	1.488
725.93	1.454
726.12	1.596
726.31	1.655
726.51	1.566
726.70	1.682
726.89	1.641
727.08	1.679
727.27	1.627
727.46	1.789
727.66	1.845
727.85	1.756
728.04	1.916
728.23	1.793
728.42	1.892
728.61	2.005
728.81	1.910
729.00	1.949
729.19	1.908
729.38	1.997
729.57	2.065
729.76	2.189
729.95	2.109
730.15	2.191
730.34	2.206
730.53	2.176
730.72	2.335
730.91	2.364
731.10	2.343
731.29	2.351
731.49	2.389
731.68	2.441
731.87	2.418
732.06	2.590
732.25	2.716
732.44	2.602
732.63	2.642
732.82	2.771
733.02	2.758
733.21	2.791
733.40	2.982
733.59	3.031
733.78	3.002
733.97	2.969
734.16	3.058
734.35	3.079
734.54	3.126
734.74	3.392
734.93	3.430
735.12	3.300
735.31	3.431
735.50	3.356
735.69	3.524
735.88	3.646
736.07	3.705
736.26	3.486
736.45	3.892
736.64	3.848
736.84	3.846
737.03	3.925
737.22	4.049
737.41	4.208
737.60	4.133
737.79	4.202
737.98	4.209
738.17	4.526
738.36	4.379
738.55	4.575
738.74	4.709
738.93	4.637
739.12	4.779
739.32	4.903
739.51	4.926
739.70	5.001
739.89	5.035
740.08	5.278
740.27	5.306
740.46	5.371
740.65	5.321
740.84	5.514
741.03	5.650
741.22	5.699
741.41	5.802
741.60	5.840
741.79	5.931
741.98	5.985
742.17	6.142
742.36	6.286
742.55	6.266
742.74	6.459
742.93	6.497
743.12	6.561
743.31	6.761
743.51	6.854
743.70	6.914
743.89	7.201
744.08	7.183
744.27	7.320
744.46	7.253
744.65	7.459
744.84	7.624
745.03	7.691
745.22	7.722
745.41	8.041
745.60	8.048
745.79	8.230
745.98	8.314
746.17	8.498
746.36	8.524
746.55	8.729
746.74	8.864
746.93	8.910
747.12	9.084
747.31	9.288
747.50	9.315
747.69	9.452
747.88	9.697
748.07	9.606
748.26	9.745
748.45	10.007
748.64	10.189
748.83	10.292
749.02	10.342
749.21	10.441
749.40	10.715
749.59	10.755
749.77	11.171
749.96	11.181
750.15	11.454
750.34	11.532
750.53	11.624
750.72	11.835
750.91	11.970
751.10	12.121
751.29	12.283
751.48	12.389
751.67	12.658
751.86	12.794
752.05	12.923
752.24	13.039
752.43	13.342
752.62	13.394
752.81	13.399
753.00	13.573
753.19	13.801
753.38	14.121
753.57	14.152
753.76	14.409
753.94	14.613
754.13	14.694
754.32	14.929
754.51	15.048
754.70	15.354
754.89	15.347
755.08	15.551
755.27	15.891
755.46	15.929
755.65	16.099
755.84	16.306
756.03	16.421
756.22	16.731
756.40	16.877
756.59	17.070
756.78	17.256
756.97	17.494
757.16	17.549
757.35	17.770
757.54	17.977
757.73	18.297
757.92	18.377
758.11	18.540
758.29	18.802
758.48	19.028
758.67	19.128
758.86	19.217
759.05	19.500
759.24	19.666
759.43	19.861
759.62	20.139
759.81	20.386
759.99	20.550
760.18	20.886
760.37	20.926
760.56	21.230
760.75	21.234
760.94	21.460
761.13	21.809
761.32	21.931
761.50	22.115
761.69	22.162
761.88	22.398
762.07	22.497
762.26	22.908
762.45	22.878
762.64	23.192
762.82	23.592
763.01	23.533
763.20	23.853
763.39	23.949
763.58	24.228
763.77	24.438
763.96	24.533
764.14	24.982
764.33	25.122
764.52	25.327
764.71	25.405
764.90	25.727
765.09	25.723
765.27	25.853
765.46	26.163
765.65	26.352
765.84	26.499
766.03	26.811
766.22	26.871
766.40	26.998
766.59	27.454
766.78	27.414
766.97	27.733
767.16	27.881
767.35	27.906
767.53	28.337
767.72	28.496
767.91	28.552
768.10	28.651
768.29	29.013
768.47	29.085
768.66	29.327
768.85	29.550
769.04	29.837
769.23	30.066
769.41	30.223
769.60	30.422
769.79	30.885
769.98	30.933
770.17	31.329
770.35	31.419
770.54	31.367
770.73	31.685
770.92	32.006
771.10	32.029
771.29	32.236
771.48	32.115
771.67	32.535
771.86	32.880
772.04	32.669
772.23	33.030
772.42	33.404
772.61	33.390
772.79	33.596
772.98	33.973
773.17	33.991
773.36	34.297
773.54	34.264
773.73	34.407
773.92	34.741
774.11	34.596
774.30	34.521
774.48	35.252
774.67	35.058
774.86	35.326
775.05	35.495
775.23	35.784
775.42	35.839
775.61	36.279
775.79	36.188
775.98	36.275
776.17	36.632
776.36	36.422
776.54	36.716
776.73	37.001
776.92	37.144
777.11	37.022
777.29	37.422
777.48	37.431
777.67	37.600
777.85	37.881
778.04	38.112
778.23	38.112
778.42	38.188
778.60	38.598
778.79	38.481
778.98	38.876
779.16	38.968
779.35	39.189
779.54	39.436
779.73	39.533
779.91	39.514
780.10	39.893
780.29	39.656
780.47	39.837
780.66	39.918
780.85	40.102
781.03	40.432
781.22	40.471
781.41	40.405
781.60	40.578
781.78	40.824
781.97	41.126
782.16	41.058
782.34	41.131
782.53	41.408
782.72	41.392
782.90	41.432
783.09	41.663
783.28	41.933
783.46	41.789
783.65	42.063
783.84	42.306
784.02	42.100
784.21	42.310
784.40	42.766
784.58	42.866
784.77	43.015
784.96	43.095
785.14	43.313
785.33	42.981
785.52	43.196
785.70	43.143
785.89	43.425
786.08	43.340
786.26	43.534
786.45	44.128
786.63	43.475
786.82	44.083
787.01	43.868
787.19	44.458
787.38	44.584
787.57	44.438
787.75	44.374
787.94	44.834
788.13	44.885
788.31	45.211
788.50	45.229
788.68	44.996
788.87	44.957
789.06	45.180
789.24	45.348
789.43	45.534
789.61	45.540
789.80	45.620
789.99	45.878
790.17	45.840
790.36	45.981
790.55	46.183
790.73	46.303
790.92	46.517
791.10	46.312
791.29	46.249
791.48	46.436
791.66	46.793
791.85	46.512
792.03	46.594
792.22	47.035
792.40	46.877
792.59	47.376
792.78	46.886
792.96	47.204
793.15	47.104
793.33	47.406
793.52	47.634
793.71	47.343
793.89	47.421
794.08	47.525
794.26	47.354
794.45	47.727
794.63	47.690
794.82	47.898
795.01	48.072
795.19	47.961
795.38	47.973
795.56	48.602
795.75	48.640
795.93	47.962
796.12	48.022
796.30	48.395
796.49	48.271
796.68	48.354
796.86	48.587
797.05	48.844
797.23	48.806
797.42	49.116
797.60	49.127
797.79	49.120
797.97	49.122
798.16	49.243
798.34	49.138
798.53	49.563
798.71	49.426
798.90	49.605
799.08	49.605
799.27	49.729
799.46	49.640
799.64	49.543
799.83	49.821
800.01	49.719
800.20	50.106
800.38	49.898
800.57	49.662
800.75	49.845
800.94	49.688
801.12	50.205
801.31	50.028
801.49	49.806
801.68	49.856
801.86	50.148
802.05	50.275
802.23	50.566
802.42	50.782
802.60	50.435
802.79	50.583
802.97	50.536
803.16	50.848
803.34	50.876
803.53	51.008
803.71	50.915
803.90	51.169
804.08	50.886
804.27	50.712
804.45	50.995
804.63	50.578
804.82	51.249
805.00	51.069
805.19	51.420
805.37	51.708
805.56	51.411
805.74	51.671
805.93	51.391
806.11	51.465
806.30	51.609
806.48	51.693
806.67	51.783
806.85	51.418
807.04	51.746
807.22	51.820
807.40	51.796
807.59	51.928
807.77	51.848
807.96	51.768
808.14	51.988
808.33	51.909
808.51	52.000
808.69	51.953
808.88	51.893
809.06	51.841
809.25	52.341
809.43	51.975
809.62	52.203
809.80	52.077
809.99	52.236
810.17	52.399
810.35	52.622
810.54	52.298
810.72	52.592
810.91	52.639
811.09	52.443
811.27	52.519
811.46	52.346
811.64	52.906
811.83	52.443
812.01	52.856
812.19	52.813
812.38	52.773
812.56	52.637
812.75	52.543
812.93	52.820
813.11	52.807
813.30	52.560
813.48	52.623
813.67	52.675
813.85	53.019
814.03	52.792
814.22	52.927
814.40	52.989
814.59	53.046
814.77	53.053
814.95	53.113
815.14	53.383
815.32	53.340
815.50	53.116
815.69	53.227
815.87	52.901
816.06	53.265
816.24	53.136
816.42	53.373
816.61	53.017
816.79	53.065
816.97	53.505
817.16	53.249
817.34	53.785
817.52	53.448
817.71	53.548
817.89	53.592
818.07	53.653
818.26	53.766
818.44	53.478
818.63	53.513
818.81	53.883
818.99	53.908
819.18	54.101
819.36	53.945
819.54	53.877
819.73	53.866
819.91	53.958
820.09	53.864
820.28	53.641
820.46	53.653
820.64	53.967
820.83	53.904
821.01	53.707
821.19	53.961
821.37	53.901
821.56	54.044
821.74	54.187
821.92	54.022
822.11	54.167
822.29	54.191
822.47	54.167
822.66	54.142
822.84	54.188
823.02	53.950
823.21	54.975
823.39	54.658
823.57	54.182
823.75	54.449
823.94	54.556
824.12	54.428
824.30	54.552
824.49	54.580
824.67	54.820
824.85	54.968
825.03	54.709
825.22	54.502
825.40	54.583
825.58	54.647
825.77	54.455
825.95	54.443
826.13	54.402
826.31	54.523
826.50	54.507
826.68	54.689
826.86	54.689
827.04	55.119
827.23	54.467
827.41	54.686
827.59	54.356
827.78	54.772
827.96	54.649
828.14	54.565
828.32	54.967
828.51	54.447
828.69	54.686
828.87	54.826
829.05	54.892
829.23	54.673
829.42	54.991
829.60	54.565
829.78	54.882
829.96	54.667
830.15	55.088
830.33	54.871
830.51	54.960
830.69	55.172
830.88	54.967
831.06	54.685
831.24	55.220
831.42	54.831
831.60	55.236
831.79	55.266
831.97	55.343
832.15	55.265
832.33	55.003
832.52	55.204
832.70	54.943
832.88	54.950
833.06	55.019
833.24	54.857
833.43	54.982
833.61	54.908
833.79	55.549
833.97	55.270
834.15	55.541
834.34	55.180
834.52	55.215
834.70	55.408
834.88	55.453
835.06	55.229
835.25	55.485
835.43	55.367
835.61	55.684
835.79	55.528
835.97	55.395
836.15	55.701
836.34	55.271
836.52	55.150
836.70	54.850
836.88	55.324
837.06	55.631
837.24	55.371
837.43	55.340
837.61	55.470
837.79	55.255
837.97	55.216
838.15	55.016
838.33	55.115
838.52	55.104
838.70	55.436
838.88	55.598
839.06	55.381
839.24	55.753
839.42	55.639
839.60	55.494
839.79	55.621
839.97	55.518
840.15	56.046
840.33	55.559
840.51	55.764
840.69	55.404
840.87	55.915
841.06	55.594
841.24	55.599
841.42	55.918
841.60	55.374
841.78	55.503
841.96	55.578
842.14	55.544
842.32	55.450
842.51	55.415
842.69	55.293
842.87	55.640
843.05	55.644
843.23	55.989
843.41	56.148
843.59	55.991
843.77	55.626
843.95	55.825
844.14	55.796
844.32	55.972
844.50	55.887
844.68	55.585
844.86	55.620
845.04	55.949
845.22	55.969
845.40	55.961
845.58	55.723
845.76	55.776
845.94	55.975
846.12	56.086
846.31	56.109
846.49	55.633
846.67	55.798
846.85	55.924
847.03	56.057
847.21	55.841
847.39	55.811
847.57	55.848
847.75	55.787
847.93	55.993
848.11	55.868
848.29	55.754
848.47	56.054
848.65	55.813
848.83	56.063
849.02	56.010
849.20	55.557
849.38	55.695
849.56	55.567
849.74	55.668
849.92	56.124
850.10	56.086
850.28	55.970
850.46	56.146
850.64	56.379
850.82	56.365
851.00	56.529
851.18	56.014
851.36	56.418
851.54	56.519
851.72	56.528
851.90	56.746
852.08	56.468
852.26	56.384
852.44	56.539
852.62	56.403
852.80	56.085
852.98	56.285
853.16	56.415
853.34	56.525
853.52	56.065
853.70	56.225
853.88	56.520
854.06	56.380
854.24	56.471
854.42	56.559
854.60	56.278
854.78	56.380
854.96	56.311
855.14	56.382
855.32	56.289
855.50	56.245
855.68	56.377
855.86	56.562
856.04	56.421
856.22	56.533
856.40	56.544
856.58	56.427
856.76	56.119
856.94	56.154
857.12	56.287
857.30	56.476
857.48	56.873
857.66	56.867
857.84	57.090
858.02	57.035
858.20	56.811
858.38	56.685
858.56	57.083
858.74	56.487
858.92	56.010
859.10	56.286
859.28	56.613
859.46	56.727
859.64	56.419
859.81	56.847
859.99	56.478
860.17	56.546
860.35	56.667
860.53	56.253
860.71	56.341
860.89	56.620
861.07	56.414
861.25	56.680
861.43	56.607
861.61	56.503
861.79	57.002
861.97	56.205
862.15	56.302
862.33	56.781
862.50	56.810
862.68	56.657
862.86	56.508
863.04	56.570
863.22	56.331
863.40	56.100
863.58	56.671
863.76	56.599
863.94	56.986
864.12	56.728
864.30	56.367
864.47	56.300
864.65	56.603
864.83	56.604
865.01	56.559
865.19	56.714
865.37	56.727
865.55	56.906
865.73	56.486
865.91	56.875
866.09	57.077
866.26	56.614
866.44	56.564
866.62	57.004
866.80	56.729
866.98	56.804
867.16	56.152
867.34	56.393
867.52	56.545
867.69	56.875
867.87	56.432
868.05	56.622
868.23	56.605
868.41	56.672
868.59	57.022
868.77	56.821
868.94	56.765
869.12	56.369
869.30	56.769
869.48	56.836
869.66	56.711
869.84	56.963
870.02	56.623
870.19	56.956
870.37	57.172
870.55	56.824
870.73	56.396
870.91	57.084
871.09	56.673
871.26	57.123
871.44	57.037
871.62	56.623
871.80	57.124
871.98	56.784
872.16	56.863
872.33	56.922
872.51	56.851
872.69	56.902
872.87	56.925
873.05	57.222
873.22	56.637
873.40	56.449
873.58	56.803
873.76	56.656
873.94	56.749
874.12	56.857
874.29	56.591
874.47	56.877
874.65	56.574
874.83	56.594
875.01	56.611
875.18	56.524
875.36	56.682
875.54	56.524
875.72	57.105
875.89	57.114
876.07	56.656
876.25	57.078
876.43	56.889
876.61	56.471
876.78	57.154
876.96	57.017
877.14	56.775
877.32	57.089
877.49	56.986
877.67	57.136
877.85	56.932
878.03	56.670
878.21	57.213
878.38	56.710
878.56	56.920
878.74	57.035
878.92	56.955
879.09	57.506
879.27	57.151
879.45	57.393
879.63	57.099
879.80	56.632
879.98	57.326
880.16	57.268
880.34	56.725
880.51	56.552
880.69	56.845
880.87	56.779
881.05	56.917
881.22	56.814
881.40	57.034
881.58	57.183
881.75	56.968
881.93	57.297
882.11	56.848
882.29	56.662
882.46	57.065
882.64	57.041
882.82	57.220
883.00	57.080
883.17	56.926
883.35	57.171
883.53	56.938
883.70	57.048
883.88	56.817
884.06	57.223
884.23	57.045
884.41	56.755
884.59	56.762
884.77	56.772
884.94	56.967
885.12	57.102
885.30	56.943
885.47	57.146
885.65	57.215
885.83	57.220
886.00	57.137
886.18	56.793
886.36	56.994
886.53	56.867
886.71	57.032
886.89	56.950
887.07	57.222
887.24	57.344
887.42	56.725
887.60	56.918
887.77	56.942
887.95	56.961
888.13	57.229
888.30	56.958
888.48	56.938
888.66	57.454
888.83	57.086
889.01	57.125
889.18	57.139
889.36	57.166
889.54	56.619
889.71	56.804
889.89	56.906
890.07	57.032
890.24	56.557
890.42	56.459
890.60	56.634
890.77	56.628
890.95	57.003
891.13	56.903
891.30	57.022
891.48	56.532
891.65	57.218
891.83	56.990
892.01	57.221
892.18	56.963
892.36	57.354
892.54	57.110
892.71	56.756
892.89	56.795
893.06	57.319
893.24	57.092
893.42	57.031
893.59	57.217
893.77	57.565
893.94	57.589
894.12	57.267
894.30	57.297
894.47	57.525
894.65	57.282
894.82	57.084
895.00	56.704
895.18	57.070
895.35	57.370
895.53	56.764
895.70	57.172
895.88	57.315
896.06	57.012
896.23	56.918
896.41	57.290
896.58	57.143
896.76	57.068
896.93	56.633
897.11	57.050
897.29	57.372
897.46	56.745
897.64	57.244
897.81	56.858
897.99	57.053
898.16	56.703
898.34	57.355
898.52	57.101
898.69	56.877
898.87	56.959
899.04	57.118
899.22	57.143
899.39	57.135
899.57	57.045
899.74	57.463
899.92	57.311
900.10	57.592
900.27	57.436
900.45	57.572
900.62	57.256
900.80	57.321
900.97	57.089
901.15	56.670
901.32	57.282
901.50	57.241
901.67	57.101
901.85	57.071
902.02	57.023
902.20	57.068
902.37	57.096
902.55	57.287
902.72	57.307
902.90	57.341
903.07	56.976
903.25	56.838
903.43	56.829
903.60	56.617
903.78	56.689
903.95	56.984
904.13	57.003
904.30	56.746
904.48	56.455
904.65	56.846
904.83	56.124
905.00	56.938
905.17	57.009
905.35	56.849
905.52	56.986
905.70	56.455
905.87	56.694
906.05	56.637
906.22	56.950
906.40	56.938
906.57	56.694
906.75	56.690
906.92	56.844
907.10	56.859
907.27	57.003
907.45	56.783
907.62	56.783
907.80	56.787
907.97	56.828
908.15	56.621
908.32	57.019
908.49	56.762
908.67	56.800
908.84	56.975
909.02	56.893
909.19	57.027
909.37	56.781
909.54	56.932
909.72	56.922
909.89	56.919
910.07	57.043
910.24	56.801
910.41	57.151
910.59	57.005
910.76	56.931
910.94	57.115
911.11	56.986
911.29	56.950
911.46	57.063
911.63	57.287
911.81	57.027
911.98	56.936
912.16	56.997
912.33	56.988
912.50	57.514
912.68	57.112
912.85	56.829
913.03	57.103
913.20	56.970
913.38	56.716
913.55	57.558
913.72	57.035
913.90	56.889
914.07	56.920
914.25	56.796
914.42	57.402
914.59	57.104
914.77	57.272
914.94	57.251
915.11	56.719
915.29	57.369
915.46	57.781
915.64	57.573
915.81	57.306
915.98	57.160
916.16	56.870
916.33	57.522
916.51	57.432
916.68	57.101
916.85	57.414
917.03	57.636
917.20	57.335
917.37	57.183
917.55	57.387
917.72	56.893
917.89	57.138
918.07	56.391
918.24	57.013
918.42	56.740
918.59	57.124
918.76	56.432
918.94	57.284
919.11	57.476
919.28	57.497
919.46	57.460
919.63	57.208
919.80	56.942
919.98	57.270
920.15	57.269
920.32	57.020
920.50	57.145
920.67	57.220
920.84	57.325
921.02	57.261
921.19	57.346
921.36	57.297
921.54	56.858
921.71	57.911
921.88	57.563
922.06	57.414
922.23	56.937
922.40	56.868
922.57	57.629
922.75	57.679
922.92	57.228
923.09	57.265
923.27	57.491
923.44	57.211
923.61	57.412
923.79	56.941
923.96	57.362
924.13	57.105
924.30	57.221
924.48	57.298
924.65	57.029
924.82	56.985
925.00	57.161
925.17	57.240
925.34	56.969
925.51	57.264
925.69	57.138
925.86	57.025
926.03	57.108
926.21	57.235
926.38	56.985
926.55	57.447
926.72	57.193
926.90	56.964
927.07	57.248
927.24	57.029
927.41	56.672
927.59	56.500
927.76	56.739
927.93	56.685
928.10	56.253
928.28	56.625
928.45	56.790
928.62	57.032
928.79	57.335
928.97	57.512
929.14	57.037
929.31	56.861
929.48	57.531
929.66	57.205
929.83	57.196
930.00	57.411
930.17	57.626
930.34	57.325
930.52	56.937
930.69	57.641
930.86	57.507
931.03	57.643
931.21	57.273
931.38	57.157
931.55	56.926
931.72	57.075
931.89	57.710
932.07	57.041
932.24	57.533
932.41	57.366
932.58	57.272
932.75	57.022
932.93	56.808
933.10	57.129
933.27	56.741
933.44	56.814
933.61	57.176
933.79	57.474
933.96	56.956
934.13	57.904
934.30	57.305
934.47	57.250
934.65	57.493
934.82	57.478
934.99	57.162
935.16	57.955
935.33	56.951
935.50	57.324
935.68	57.291
935.85	56.731
936.02	56.941
936.19	57.407
936.36	56.838
936.53	57.249
936.71	57.460
936.88	57.088
937.05	57.288
937.22	57.140
937.39	57.788
937.56	57.332
937.74	57.017
937.91	57.352
938.08	57.114
938.25	57.618
938.42	57.756
938.59	57.379
938.76	57.254
938.94	57.308
939.11	57.613
939.28	57.268
939.45	57.838
939.62	57.612
939.79	57.748
939.96	56.786
940.13	56.732
940.31	57.258
940.48	57.164
940.65	57.324
940.82	56.408
940.99	56.915
941.16	57.604
941.33	56.973
941.50	57.357
941.67	57.424
941.85	56.382
942.02	56.956
942.19	56.220
942.36	57.167
942.53	57.010
942.70	57.486
942.87	56.872
943.04	56.828
943.21	57.252
943.38	57.126
943.56	56.907
943.73	57.451
943.90	57.321
944.07	56.716
944.24	57.180
944.41	57.424
944.58	57.250
944.75	58.025
944.92	57.363
945.09	57.945
945.26	57.560
945.43	57.974
945.60	57.760
945.78	57.345
945.95	57.695
946.12	57.484
946.29	57.362
946.46	57.448
946.63	57.351
946.80	57.073
946.97	57.356
947.14	57.482
947.31	57.719
947.48	57.372
947.65	57.762
947.82	56.736
947.99	57.428
948.16	57.312
948.33	57.564
948.50	57.341
948.67	57.647
948.84	57.058
949.01	56.670
949.18	57.328
949.35	56.900
949.52	57.351
949.69	56.804
949.86	57.165
950.03	58.053
950.20	57.329
950.38	57.969
950.55	57.360
950.72	57.500
950.89	57.347
951.06	57.105
951.23	57.123
951.40	57.143
951.57	57.181
951.74	57.258
951.91	58.376
952.08	57.394
952.25	57.212
952.42	57.115
952.59	57.946
952.76	57.166
952.92	57.839
953.09	57.203
953.26	57.497
953.43	57.760
953.60	58.000
953.77	57.787
953.94	57.721
954.11	57.719
954.28	57.988
954.45	56.895
954.62	57.605
954.79	57.505
954.96	57.691
955.13	57.749
955.30	58.212
955.47	56.786
955.64	58.408
955.81	57.628
955.98	56.996
956.15	57.070
956.32	57.990
956.49	57.383
956.66	57.599
956.83	58.013
957.00	57.438
957.17	57.710
957.33	57.531
957.50	57.151
957.67	57.296
957.84	57.222
958.01	57.426
958.18	57.598
958.35	57.483
958.52	57.605
958.69	57.564
958.86	57.365
959.03	57.464
959.20	57.760
959.37	57.682
959.53	57.847
959.70	56.716
959.87	57.539
960.04	57.779
960.21	57.768
960.38	57.403
960.55	57.141
960.72	57.592
960.89	57.072
961.06	57.209
961.23	57.296
961.39	57.283
961.56	57.504
961.73	57.152
961.90	56.787
962.07	57.308
962.24	57.143
962.41	58.133
962.58	57.679
962.75	57.571
962.91	57.677
963.08	56.870
963.25	57.399
963.42	57.809
963.59	57.480
963.76	56.890
963.93	57.773
964.09	57.648
964.26	57.319
964.43	56.902
964.60	56.806
964.77	57.827
964.94	56.749
965.11	57.457
965.27	57.700
965.44	57.719
965.61	57.174
965.78	56.846
965.95	57.427
966.12	56.767
966.29	57.071
966.45	57.265
966.62	57.660
966.79	57.778
966.96	57.761
967.13	57.142
967.30	57.646
967.46	57.555
967.63	57.614
967.80	57.780
967.97	57.111
968.14	57.663
968.30	58.199
968.47	57.436
968.64	57.621
968.81	58.215
968.98	57.576
969.15	58.047
969.31	57.965
969.48	57.977
969.65	57.666
969.82	58.313
969.99	57.963
970.15	57.260
970.32	57.366
970.49	57.643
970.66	57.444
970.82	58.193
970.99	58.521
971.16	57.203
971.33	57.814
971.50	58.206
971.66	57.287
971.83	57.279
972.00	57.566
972.17	58.310
972.34	58.191
972.50	57.403
972.67	57.963
972.84	57.770
973.01	57.856
973.17	58.124
973.34	58.154
973.51	57.227
973.68	58.395
973.84	57.573
974.01	57.803
974.18	57.347
974.35	57.985
974.51	58.008
974.68	57.589
974.85	57.739
975.02	57.448
975.18	57.281
975.35	57.571
975.52	57.428
975.69	57.428
975.85	56.900
976.02	57.442
976.19	57.927
976.36	57.665
976.52	58.114
976.69	57.559
976.86	57.531
977.02	56.964
977.19	57.057
977.36	57.639
977.53	57.465
977.69	57.069
977.86	57.202
978.03	58.096
978.19	57.031
978.36	58.021
978.53	57.831
978.70	57.553
978.86	57.280
979.03	57.428
979.20	57.693
979.36	58.360
979.53	57.982
979.70	57.176
979.86	58.721
980.03	58.091
980.20	58.005
980.36	58.377
980.53	57.966
980.70	58.222
980.86	57.439
981.03	57.710
981.20	57.782
981.36	57.567
981.53	57.885
981.70	58.026
981.86	57.898
982.03	58.403
982.20	57.683
982.36	57.315
982.53	58.105
982.70	59.189
982.86	58.063
983.03	58.205
983.20	58.276
983.36	57.990
983.53	58.826
983.70	57.957
983.86	57.218
984.03	57.532
984.20	58.056
984.36	57.865
984.53	57.549
984.70	58.188
984.86	58.106
985.03	57.127
985.19	57.384
985.36	58.181
985.53	57.013
985.69	57.950
985.86	56.932
986.03	57.884
986.19	57.789
986.36	57.879
986.52	56.853
986.69	57.425
986.86	57.815
987.02	57.259
987.19	57.050
987.35	58.358
987.52	57.163
987.69	56.653
987.85	57.783
988.02	57.126
988.18	57.727
988.35	57.319
988.52	56.913
988.68	57.683
988.85	57.600
989.01	58.340
989.18	57.580
989.35	58.211
989.51	58.150
989.68	57.004
989.84	57.617
990.01	57.259
990.17	59.226
990.34	57.621
990.51	58.082
990.67	58.684
990.84	57.869
991.00	57.916
991.17	58.845
991.33	57.858
991.50	57.588
991.66	58.102
991.83	57.253
992.00	58.116
992.16	57.594
992.33	57.374
992.49	56.801
992.66	57.845
992.82	57.579
992.99	59.249
993.15	58.614
993.32	57.285
993.48	56.891
993.65	57.920
993.82	57.628
993.98	57.624
994.15	56.626
994.31	57.222
994.48	56.872
994.64	57.947
994.81	58.124
994.97	57.583
995.14	57.819
995.30	57.845
995.47	57.152
995.63	56.953
995.80	57.353
995.96	57.497
996.13	59.016
996.29	58.125
996.46	57.986
996.62	58.335
996.79	57.021
996.95	58.770
997.12	58.875
997.28	58.568
997.45	58.028
997.61	59.659
997.78	57.784
997.94	58.250
998.11	57.691
998.27	58.375
998.44	57.944
998.60	57.314
998.77	59.034
998.93	57.577
999.10	58.380
999.26	57.980
999.43	57.307
999.59	58.451
999.75	58.543
999.92	59.054
1000.08	58.032
1000.25	57.920
1000.41	57.429
1000.58	58.525
1000.74	57.567
1000.91	57.980
1001.07	57.916
1001.24	57.423
1001.40	57.336
1001.56	57.159
1001.73	58.292
1001.89	57.438
1002.06	57.465
1002.22	57.489
1002.39	57.791
1002.55	58.663
1002.71	59.232
1002.88	57.917
1003.04	57.604
1003.21	57.483
1003.37	58.330
1003.54	57.591
1003.70	58.145
1003.86	57.773
1004.03	58.562
1004.19	57.404
1004.36	58.370
1004.52	58.868
1004.68	56.995
1004.85	58.093
1005.01	58.012
1005.18	57.677
1005.34	59.615
1005.50	58.491
1005.67	57.285
1005.83	56.654
1006.00	58.043
1006.16	57.061
1006.32	59.067
1006.49	57.506
1006.65	58.900
1006.82	58.236
1006.98	56.320
1007.14	59.275
1007.31	58.762
1007.47	57.623
1007.63	57.928
1007.80	57.450
1007.96	59.141
1008.13	57.931
1008.29	57.321
1008.45	57.437
1008.62	57.240
1008.78	58.269
1008.94	58.340
1009.11	57.804
1009.27	59.277
1009.43	58.627
1009.60	57.779
1009.76	58.582
1009.92	58.435
1010.09	58.997
1010.25	57.693
1010.42	57.214
1010.58	57.216
1010.74	58.013
1010.91	59.561
1011.07	57.964
1011.23	58.196
1011.40	57.757
1011.56	57.364
1011.72	60.623
1011.89	58.017
1012.05	58.808
1012.21	57.947
1012.37	57.180
1012.54	56.374
1012.70	57.799
1012.86	57.153
1013.03	57.253
1013.19	58.243
1013.35	57.925
1013.52	58.656
1013.68	58.748
1013.84	58.923
1014.01	58.383
1014.17	58.608
1014.33	58.098
1014.49	58.849
1014.66	58.064
1014.82	58.037
1014.98	58.509
1015.15	56.910
1015.31	60.912
1015.47	58.618
1015.63	59.514
1015.80	58.347
1015.96	57.065
1016.12	58.603
1016.29	58.183
1016.45	59.266
1016.61	60.228
1016.77	58.515
1016.94	58.695
1017.10	58.298
1017.26	58.149
1017.42	57.746
1017.59	58.164
1017.75	58.089
1017.91	57.716
1018.07	57.290
1018.24	60.221
1018.40	58.179
1018.56	59.298
1018.72	58.880
1018.89	58.911
1019.05	58.760
1019.21	59.368
1019.37	60.150
1019.54	59.337
1019.70	57.828
1019.86	57.981
1020.02	58.514
1020.19	60.106
1020.35	57.740
1020.51	60.495
1020.67	60.768
1020.83	59.421
1021.00	60.210
1021.16	59.774
1021.32	58.184
1021.48	59.388
1021.64	58.944
1021.81	57.929
1021.97	56.695
1022.13	58.969
1022.29	57.572
1022.45	58.774
1022.62	58.657
1022.78	58.067
1022.94	58.122
1023.10	60.880
1023.26	58.416
1023.43	57.347
1023.59	58.043
1023.75	59.950
1023.91	60.057
1024.07	61.394
1024.24	58.998
1024.40	59.578
1024.56	58.719
1024.72	60.470
1024.88	56.100
1025.04	59.072
1025.21	57.694
1025.37	61.094
1025.53	60.068
1025.69	58.852
1025.85	58.862
1026.01	59.969
1026.18	57.819
1026.34	57.897
1026.50	57.221
1026.66	58.470
1026.82	58.968
1026.98	55.395
1027.14	56.981
1027.31	60.309
1027.47	58.506
1027.63	58.740
1027.79	58.435
1027.95	58.440
1028.11	57.303
1028.27	57.632
1028.44	59.548
1028.60	58.710
1028.76	57.952
1028.92	58.148
1029.08	60.484
1029.24	60.174
1029.40	57.452
1029.56	59.184
1029.73	59.874
1029.89	62.435
1030.05	55.409
1030.21	59.508
1030.37	58.789
1030.53	61.340
1030.69	56.639
1030.85	60.428
1031.01	57.470
1031.17	58.546
1031.34	56.742
1031.50	59.801
1031.66	58.810
1031.82	54.645
1031.98	58.487
1032.14	59.403
1032.30	59.243
1032.46	59.706
1032.62	58.174
1032.78	56.473
1032.94	61.298
1033.10	60.087
1033.27	58.933
1033.43	57.509
1033.59	58.641
1033.75	58.938
1033.91	59.669
1034.07	57.415
1034.23	59.622
1034.39	62.670
1034.55	60.661
1034.71	59.063
1034.87	55.909
1035.03	61.901
1035.19	61.664
1035.35	58.402
1035.51	62.271
1035.67	59.500
1035.83	56.363
1035.99	63.524
1036.16	60.632
1036.32	62.627
1036.48	58.269
1036.64	57.756
1036.80	60.596
1036.96	62.338
1037.12	59.051
1037.28	60.357
1037.44	60.629
1037.60	57.772
1037.76	59.251
1037.92	54.227
1038.08	56.844
1038.24	56.526
1038.40	59.471
1038.56	58.945
1038.72	55.978
1038.88	61.748
1039.04	56.453
1039.20	56.861
1039.36	62.094
1039.52	56.840
1039.68	59.385
1039.84	60.473
1040.00	57.608
1040.16	57.815
1040.32	61.281
1040.48	59.681
1040.64	57.085
1040.80	59.909
1040.96	64.178
1041.12	58.949
1041.28	56.945
1041.44	58.678
1041.60	62.272
1041.76	53.838
1041.92	63.085
1042.08	55.799
1042.24	60.061
1042.39	55.705
1042.55	55.551
1042.71	62.614
1042.87	61.302
1043.03	56.948
1043.19	54.677
