345.44	-10.61
345.66	-10.61
345.88	-10.61
346.10	-19.62
346.31	-14.71
346.53	10.69
346.75	11.92
346.97	-0.78
347.19	5.57
347.41	4.95
347.63	22.36
347.85	12.12
348.07	13.56
348.29	-11.02
348.51	7.62
348.73	5.36
348.95	18.27
349.17	3.73
349.39	14.79
349.61	17.04
349.83	18.06
350.05	5.16
350.27	17.86
350.49	-1.39
350.71	28.51
350.93	6.80
351.15	16.22
351.37	7.62
351.59	17.65
351.80	30.76
352.02	39.77
352.24	7.82
352.46	19.70
352.68	-3.85
352.90	52.47
353.12	25.02
353.34	28.71
353.56	-12.04
353.78	26.25
354.00	10.48
354.22	12.33
354.44	18.68
354.66	11.10
354.88	25.02
355.09	29.12
355.31	29.94
355.53	23.39
355.75	20.72
355.97	9.87
356.19	20.93
356.41	12.94
356.63	32.19
356.85	19.09
357.07	24.82
357.29	13.97
357.50	1.47
357.72	21.34
357.94	20.52
358.16	47.55
358.38	29.94
358.60	35.88
358.82	1.27
359.04	12.94
359.26	20.52
359.48	30.96
359.69	3.52
359.91	14.38
360.13	-1.80
360.35	26.25
360.57	13.15
360.79	41.82
361.01	-10.61
361.23	83.60
361.45	-1.39
361.66	45.91
361.88	16.63
362.10	41.20
362.32	19.91
362.54	17.45
362.76	22.77
362.98	6.18
363.20	21.54
363.41	22.98
363.63	20.11
363.85	19.70
364.07	20.52
364.29	2.50
364.51	16.63
364.73	26.05
364.94	2.50
365.16	28.92
365.38	9.05
365.60	29.33
365.82	23.80
366.04	14.17
366.26	23.39
366.47	28.30
366.69	17.04
366.91	13.35
367.13	38.95
367.35	6.59
367.57	10.07
367.79	14.58
368.00	15.81
368.22	17.45
368.44	21.34
368.66	3.93
368.88	9.87
369.10	19.29
369.31	24.41
369.53	6.18
369.75	26.87
369.97	25.23
370.19	48.78
370.41	35.26
370.62	26.66
370.84	25.02
371.06	21.75
371.28	29.33
371.50	16.01
371.71	12.74
371.93	6.59
372.15	7.82
372.37	4.14
372.59	32.81
372.80	8.64
373.02	21.34
373.24	35.47
373.46	6.39
373.68	-5.29
373.90	28.92
374.11	26.05
374.33	12.12
374.55	11.51
374.77	27.89
374.98	31.99
375.20	12.53
375.42	31.37
375.64	8.64
375.86	20.93
376.07	13.97
376.29	26.25
376.51	33.01
376.73	10.69
376.95	26.87
377.16	33.83
377.38	41.82
377.60	37.93
377.82	20.52
378.03	37.52
378.25	22.98
378.47	22.77
378.69	12.74
378.91	7.21
379.12	15.19
379.34	6.59
379.56	18.06
379.78	-20.03
379.99	13.35
380.21	28.92
380.43	20.31
380.65	12.74
380.86	20.52
381.08	15.40
381.30	30.14
381.52	8.44
381.73	22.16
381.95	15.81
382.17	33.83
382.39	8.64
382.60	12.53
382.82	24.82
383.04	17.04
383.26	-10.00
383.47	-2.01
383.69	24.62
383.91	29.94
384.13	35.88
384.34	43.05
384.56	12.94
384.78	8.64
385.00	33.63
385.21	14.79
385.43	28.71
385.65	45.50
385.86	33.01
386.08	39.77
386.30	18.68
386.52	34.45
386.73	20.31
386.95	6.39
387.17	1.27
387.38	27.07
387.60	15.81
387.82	30.76
388.04	31.58
388.25	33.22
388.47	4.14
388.69	14.58
388.90	0.04
389.12	47.14
389.34	3.32
389.56	42.02
389.77	18.06
389.99	3.11
390.21	12.74
390.42	17.24
390.64	16.83
390.86	22.36
391.07	-4.26
391.29	24.82
391.51	-25.15
391.72	19.91
391.94	-7.33
392.16	8.44
392.38	9.46
392.59	39.36
392.81	26.46
393.03	28.51
393.24	32.40
393.46	28.71
393.68	22.16
393.89	24.00
394.11	5.16
394.33	34.24
394.54	15.19
394.76	11.71
394.98	28.10
395.19	27.89
395.41	29.12
395.63	27.28
395.84	18.27
396.06	22.57
396.28	19.29
396.49	28.92
396.71	17.45
396.93	24.82
397.14	30.96
397.36	27.89
397.57	5.77
397.79	18.68
398.01	10.89
398.22	47.96
398.44	17.65
398.66	46.94
398.87	23.39
399.09	22.57
399.31	34.65
399.52	37.72
399.74	5.57
399.96	20.52
400.17	21.34
400.39	11.10
400.60	18.68
400.82	20.52
401.04	-7.13
401.25	47.35
401.47	9.05
401.69	29.94
401.90	16.42
402.12	46.73
402.33	38.95
402.55	30.35
402.77	0.04
402.98	40.38
403.20	36.90
403.41	29.33
403.63	3.11
403.85	36.49
404.06	34.24
404.28	39.98
404.49	57.38
404.71	36.70
404.93	24.41
405.14	23.80
405.36	28.51
405.57	21.95
405.79	22.16
406.01	35.26
406.22	23.59
406.44	7.82
406.65	30.55
406.87	36.90
407.09	35.67
407.30	21.75
407.52	28.92
407.73	46.32
407.95	45.91
408.17	20.52
408.38	25.43
408.60	46.12
408.81	41.00
409.03	16.22
409.24	33.63
409.46	28.51
409.68	22.36
409.89	25.23
410.11	20.52
410.32	45.91
410.54	42.23
410.75	43.87
410.97	28.92
411.18	37.31
411.40	44.48
411.62	27.48
411.83	39.98
412.05	21.75
412.26	48.17
412.48	22.57
412.69	45.50
412.91	61.89
413.12	35.06
413.34	28.30
413.56	14.17
413.77	38.54
413.99	52.67
414.20	48.17
414.42	25.43
414.63	43.66
414.85	28.10
415.06	38.95
415.28	24.82
415.49	34.45
415.71	72.74
415.92	49.40
416.14	50.42
416.35	20.31
416.57	28.92
416.79	62.30
417.00	44.07
417.22	44.89
417.43	33.83
417.65	38.95
417.86	65.78
418.08	39.36
418.29	33.42
418.51	43.87
418.72	58.41
418.94	54.93
419.15	42.02
419.37	53.08
419.58	46.94
419.80	64.96
420.01	47.35
420.23	53.49
420.44	54.52
420.66	52.06
420.87	73.36
421.09	55.33
421.30	43.66
421.52	63.12
421.73	45.10
421.95	60.66
422.16	59.64
422.38	71.72
422.59	60.45
422.81	81.75
423.02	84.62
423.23	62.91
423.45	58.41
423.66	47.35
423.88	64.96
424.09	73.15
424.31	45.91
424.52	68.24
424.74	87.49
424.95	59.84
425.17	53.90
425.38	68.65
425.60	89.33
425.81	50.83
426.03	73.56
426.24	77.66
426.45	57.79
426.67	103.87
426.88	65.98
427.10	88.72
427.31	91.79
427.53	65.17
427.74	88.10
427.96	84.21
428.17	71.92
428.39	95.68
428.60	79.71
428.81	87.28
429.03	53.90
429.24	97.73
429.46	58.41
429.67	78.27
429.89	82.57
430.10	97.32
430.31	80.73
430.53	103.05
430.74	89.13
430.96	109.81
431.17	119.85
431.39	108.79
431.60	85.44
431.81	86.26
432.03	83.80
432.24	113.50
432.46	101.21
432.67	95.68
432.89	96.09
433.10	125.17
433.31	81.55
433.53	118.00
433.74	114.52
433.96	124.35
434.17	99.98
434.38	112.06
434.60	97.32
434.81	115.14
435.03	98.55
435.24	147.08
435.45	122.51
435.67	117.80
435.88	137.05
436.10	134.39
436.31	127.83
436.52	126.40
436.74	139.10
436.95	114.32
437.17	133.57
437.38	122.71
437.59	112.27
437.81	121.28
438.02	111.04
438.23	123.74
438.45	145.45
438.66	166.54
438.88	127.42
439.09	121.28
439.30	125.78
439.52	106.94
439.73	144.22
439.94	148.93
440.16	130.70
440.37	141.14
440.58	148.31
440.80	144.22
441.01	111.65
441.23	150.57
441.44	145.65
441.65	134.39
441.87	166.54
442.08	142.37
442.29	160.60
442.51	142.58
442.72	149.34
442.93	164.49
443.15	158.55
443.36	143.60
443.57	153.84
443.79	161.42
444.00	148.11
444.21	161.83
444.43	134.18
444.64	155.28
444.85	158.14
445.07	130.09
445.28	156.30
445.49	137.87
445.71	160.60
445.92	168.59
446.13	165.52
446.35	171.25
446.56	164.29
446.77	150.16
446.99	182.10
447.20	181.49
447.41	179.85
447.63	171.05
447.84	166.95
448.05	158.55
448.27	175.76
448.48	186.61
448.69	163.06
448.90	172.48
449.12	181.08
449.33	172.68
449.54	154.46
449.76	195.01
449.97	178.42
450.18	194.19
450.40	155.48
450.61	179.85
450.82	178.21
451.03	148.31
451.25	150.77
451.46	202.38
451.67	184.97
451.89	184.15
452.10	170.02
452.31	171.86
452.52	188.04
452.74	187.02
452.95	188.86
453.16	193.57
453.38	167.77
453.59	196.64
453.80	173.71
454.01	193.98
454.23	170.84
454.44	192.34
454.65	204.43
454.86	192.34
455.08	171.45
455.29	210.98
455.50	203.20
455.71	203.20
455.93	190.09
456.14	198.49
456.35	194.39
456.56	187.22
456.78	186.40
456.99	221.83
457.20	191.73
457.41	216.10
457.63	207.50
457.84	230.64
458.05	195.62
458.26	222.86
458.48	207.50
458.69	199.10
458.90	220.40
459.11	220.61
459.33	213.44
459.54	211.19
459.75	218.97
459.96	215.90
460.18	211.19
460.39	212.00
460.60	214.46
460.81	258.08
461.02	230.64
461.24	218.56
461.45	237.40
461.66	241.09
461.87	232.89
462.09	230.64
462.30	233.71
462.51	264.02
462.72	235.56
462.93	240.47
463.15	247.23
463.36	247.64
463.57	262.59
463.78	276.93
463.99	262.38
464.21	261.77
464.42	274.47
464.63	239.86
464.84	248.66
465.05	245.39
465.27	248.05
465.48	250.51
465.69	230.44
465.90	276.93
466.11	252.35
466.33	274.06
466.54	257.67
466.75	288.60
466.96	252.35
467.17	295.77
467.38	246.41
467.60	263.20
467.81	285.73
468.02	283.48
468.23	275.70
468.44	277.33
468.65	302.12
468.87	282.66
469.08	282.45
469.29	305.80
469.50	289.83
469.71	270.58
469.92	299.66
470.14	296.79
470.35	280.20
470.56	316.66
470.77	316.45
470.98	305.19
471.19	286.96
471.41	281.43
471.62	277.54
471.83	303.75
472.04	301.30
472.25	326.69
472.46	313.38
472.67	329.97
472.89	332.63
473.10	340.82
473.31	318.70
473.52	337.54
473.73	339.59
473.94	318.29
474.15	333.04
474.37	345.12
474.58	315.63
474.79	345.94
475.00	348.60
475.21	365.81
475.42	338.98
475.63	346.76
475.84	357.62
476.06	355.36
476.27	350.45
476.48	371.54
476.69	333.65
476.90	329.15
477.11	359.66
477.32	372.77
477.53	340.62
477.74	366.63
477.96	339.39
478.17	367.65
478.38	369.08
478.59	339.80
478.80	368.47
479.01	393.04
479.22	374.61
479.43	370.31
479.64	382.81
479.85	355.36
480.06	371.34
480.28	383.83
480.49	380.76
480.70	351.88
480.91	380.76
481.12	392.02
481.33	376.46
481.54	394.07
481.75	390.79
481.96	397.76
482.17	379.73
482.38	403.90
482.59	378.09
482.81	395.09
483.02	371.75
483.23	381.58
483.44	379.73
483.65	385.26
483.86	401.85
484.07	386.29
484.28	376.66
484.49	395.09
484.70	391.00
484.91	393.86
485.12	396.12
485.33	389.36
485.54	380.35
485.75	378.30
485.96	417.42
486.17	409.02
486.38	405.74
486.60	402.47
486.81	380.76
487.02	398.16
487.23	376.25
487.44	395.30
487.65	378.50
487.86	405.74
488.07	402.26
488.28	386.49
488.49	375.02
488.70	384.44
488.91	421.72
489.12	383.42
489.33	393.45
489.54	391.00
489.75	388.74
489.96	401.24
490.17	404.10
490.38	374.82
490.59	380.76
490.80	378.71
491.01	376.46
491.22	380.76
491.43	390.18
491.64	377.89
491.85	369.70
492.06	384.24
492.27	359.87
492.48	369.90
492.69	380.55
492.90	384.44
493.11	371.95
493.32	366.83
493.53	363.14
493.74	367.85
493.95	346.15
494.16	346.76
494.37	365.19
494.58	362.12
494.79	346.15
495.00	346.35
495.21	356.39
495.42	369.49
495.63	336.32
495.84	335.09
496.05	354.95
496.26	324.23
496.47	334.68
496.68	348.40
496.89	331.40
497.10	348.40
497.31	336.32
497.52	320.75
497.73	281.23
497.94	312.76
498.15	316.45
498.36	308.46
498.57	309.69
498.78	321.16
498.99	334.88
499.19	316.45
499.40	307.85
499.61	302.93
499.82	293.72
500.03	311.33
500.24	305.19
500.45	311.13
500.66	301.50
500.87	283.89
501.08	281.02
501.29	263.82
501.50	292.69
501.71	299.66
501.92	250.71
502.13	276.31
502.34	259.93
502.55	278.97
502.76	271.40
502.96	257.47
503.17	280.61
503.38	269.14
503.59	240.27
503.80	273.24
504.01	254.19
504.22	248.05
504.43	257.47
504.64	241.50
504.85	263.20
505.06	239.86
505.27	242.72
505.47	255.22
505.68	235.35
505.89	222.86
506.10	236.58
506.31	210.37
506.52	215.90
506.73	235.15
506.94	182.92
507.15	185.79
507.36	226.95
507.56	194.39
507.77	197.67
507.98	193.37
508.19	183.54
508.40	194.39
508.61	202.58
508.82	201.15
509.03	180.26
509.24	160.40
509.44	175.55
509.65	173.50
509.86	191.12
510.07	174.53
510.28	189.89
510.49	182.72
510.70	157.73
510.91	172.68
511.11	179.44
511.32	169.00
511.53	143.81
511.74	161.21
511.95	148.52
512.16	169.61
512.37	149.95
512.58	164.49
512.78	129.68
512.99	144.01
513.20	142.37
513.41	127.42
513.62	158.35
513.83	147.29
514.04	154.46
514.24	120.67
514.45	138.89
514.66	109.81
514.87	127.83
515.08	123.12
515.29	109.20
515.49	111.86
515.70	110.02
515.91	125.17
516.12	127.42
516.33	107.76
516.54	102.64
516.74	111.45
516.95	89.54
517.16	108.99
517.37	98.75
517.58	100.80
517.79	87.69
517.99	119.64
518.20	95.68
518.41	89.54
518.62	74.18
518.83	79.30
519.03	101.82
519.24	93.02
519.45	72.54
519.66	104.69
519.87	81.55
520.07	62.09
520.28	86.87
520.49	73.36
520.70	68.85
520.91	90.76
521.12	91.99
521.32	82.16
521.53	65.37
521.74	71.10
521.95	46.94
522.15	85.44
522.36	63.12
522.57	62.50
522.78	45.91
522.99	70.49
523.19	59.43
523.40	61.68
523.61	31.17
523.82	69.47
524.03	56.56
524.23	61.89
524.44	33.01
524.65	74.38
524.86	46.32
525.06	67.83
525.27	22.77
525.48	64.96
525.69	45.10
525.89	77.66
526.10	44.69
526.31	59.64
526.52	37.52
526.72	53.08
526.93	62.09
527.14	35.47
527.35	43.46
527.56	43.66
527.76	33.83
527.97	33.01
528.18	25.02
528.38	60.45
528.59	54.93
528.80	46.53
529.01	36.70
529.21	50.83
529.42	7.00
529.63	47.35
529.84	56.97
530.04	34.24
530.25	26.05
530.46	52.67
530.67	37.72
530.87	36.29
531.08	20.31
531.29	25.64
531.50	35.67
531.70	40.59
531.91	61.27
532.12	33.63
532.32	45.10
532.53	35.26
532.74	13.35
532.95	38.34
533.15	25.23
533.36	42.02
533.57	44.28
533.77	13.35
533.98	12.33
534.19	31.58
534.39	21.54
534.60	18.68
534.81	33.01
535.02	25.84
535.22	29.12
535.43	19.50
535.64	19.50
535.84	51.85
536.05	7.62
536.26	22.36
536.46	13.76
536.67	17.24
536.88	29.33
537.08	25.64
537.29	14.17
537.50	9.67
537.70	25.84
537.91	35.67
538.12	14.99
538.33	41.41
538.53	14.17
538.74	34.04
538.95	31.17
539.15	23.80
539.36	15.60
539.57	22.98
539.77	8.85
539.98	30.14
540.18	31.58
540.39	37.93
540.60	2.50
540.80	22.16
541.01	20.11
541.22	27.28
541.42	36.29
541.63	26.25
541.84	40.59
542.04	33.01
542.25	15.19
542.46	28.51
542.66	11.10
542.87	12.53
543.08	13.35
543.28	24.00
543.49	22.77
543.69	35.06
543.90	23.80
544.11	38.75
544.31	5.36
544.52	26.66
544.73	27.28
544.93	51.85
545.14	14.17
545.34	38.13
545.55	29.33
545.76	16.83
545.96	15.19
546.17	32.19
546.38	21.34
546.58	27.89
546.79	17.24
546.99	13.76
547.20	29.12
547.41	8.23
547.61	9.67
547.82	36.29
548.02	37.52
548.23	20.52
548.44	51.03
548.64	5.98
548.85	4.14
549.05	13.97
549.26	31.17
549.47	17.04
549.67	14.58
549.88	52.06
550.08	20.52
550.29	55.95
550.50	39.77
550.70	29.33
550.91	29.12
551.11	9.05
551.32	18.47
551.52	38.75
551.73	13.56
551.94	33.83
552.14	11.51
552.35	21.34
552.55	35.26
552.76	34.45
552.96	42.23
553.17	35.26
553.38	32.60
553.58	8.03
553.79	30.55
553.99	17.45
554.20	24.62
554.40	35.47
554.61	24.82
554.81	21.54
555.02	24.62
555.23	31.37
555.43	24.41
555.64	29.33
555.84	0.45
556.05	13.97
556.25	25.64
556.46	10.28
556.66	33.42
556.87	14.79
557.07	22.77
557.28	33.83
557.48	26.87
557.69	37.93
557.90	34.86
558.10	45.50
558.31	14.79
558.51	20.31
558.72	36.70
558.92	31.99
559.13	7.00
559.33	22.57
559.54	26.46
559.74	37.31
559.95	9.05
560.15	6.18
560.36	36.90
560.56	36.70
560.77	25.02
560.97	13.35
561.18	50.42
561.38	29.33
561.59	33.01
561.79	46.53
562.00	24.82
562.20	26.87
562.41	-9.38
562.61	28.30
562.82	24.82
563.02	41.61
563.23	27.07
563.43	32.40
563.64	38.75
563.84	44.89
564.05	0.86
564.25	32.19
564.46	37.31
564.66	22.16
564.87	5.36
565.07	29.33
565.28	21.34
565.48	26.46
565.68	25.43
565.89	37.93
566.09	26.87
566.30	37.72
566.50	38.13
566.71	33.63
566.91	3.73
567.12	34.86
567.32	24.82
567.53	33.83
567.73	26.66
567.94	24.41
568.14	30.76
568.34	25.02
568.55	18.68
568.75	38.95
568.96	15.19
569.16	16.42
569.37	36.90
569.57	5.77
569.78	36.49
569.98	22.57
570.18	15.60
570.39	37.52
570.59	26.25
570.80	43.46
571.00	3.32
571.21	29.74
571.41	46.94
571.61	25.84
571.82	41.61
572.02	32.19
572.23	27.07
572.43	26.25
572.64	4.75
572.84	53.08
573.04	6.80
573.25	19.09
573.45	19.70
573.66	49.40
573.86	-3.24
574.06	21.75
574.27	35.47
574.47	30.96
574.68	37.31
574.88	-5.49
575.08	37.52
575.29	23.80
575.49	38.54
575.70	38.34
575.90	30.76
576.10	22.77
576.31	18.27
576.51	24.00
576.72	31.78
576.92	29.94
577.12	40.38
577.33	31.37
577.53	19.50
577.73	46.12
577.94	24.00
578.14	7.41
578.35	25.43
578.55	27.07
578.75	24.21
578.96	25.84
579.16	13.56
579.36	40.59
579.57	30.55
579.77	25.23
579.98	27.28
580.18	31.78
580.38	9.05
580.59	0.86
580.79	75.81
580.99	26.25
581.20	21.54
581.40	36.90
581.60	24.82
581.81	26.05
582.01	34.45
582.21	28.92
582.42	12.74
582.62	59.23
582.82	30.14
583.03	16.22
583.23	26.25
583.43	24.41
583.64	36.90
583.84	24.21
584.04	30.35
584.25	15.81
584.45	27.48
584.65	29.53
584.86	18.27
585.06	30.55
585.26	16.63
585.47	35.88
585.67	24.41
585.87	27.89
586.08	6.18
586.28	21.13
586.48	41.00
586.69	31.37
586.89	17.86
587.09	42.23
587.30	9.87
587.50	19.29
587.70	46.12
587.90	26.46
588.11	20.31
588.31	13.97
588.51	3.11
588.72	58.61
588.92	39.98
589.12	16.83
589.33	28.10
589.53	16.22
589.73	32.81
589.93	23.80
590.14	19.91
590.34	11.10
590.54	28.92
590.75	25.23
590.95	10.69
591.15	37.11
591.35	45.30
591.56	30.35
591.76	8.23
591.96	31.37
592.16	23.18
592.37	29.74
592.57	35.26
592.77	31.58
592.97	29.74
593.18	27.89
593.38	33.01
593.58	11.30
593.79	26.66
593.99	47.55
594.19	33.01
594.39	43.25
594.60	16.22
594.80	38.95
595.00	33.01
595.20	22.57
595.41	23.18
595.61	46.32
595.81	46.12
596.01	53.70
596.21	38.13
596.42	15.19
596.62	33.42
596.82	30.55
597.02	17.65
597.23	31.17
597.43	17.45
597.63	38.34
597.83	8.85
598.04	38.13
598.24	20.72
598.44	61.07
598.64	32.81
598.84	29.53
599.05	20.11
599.25	34.04
599.45	19.09
599.65	30.76
599.85	4.95
600.06	16.63
600.26	7.00
600.46	36.90
600.66	31.58
600.87	25.23
601.07	2.50
601.27	33.01
601.47	37.31
601.67	28.51
601.87	25.43
602.08	42.43
602.28	18.27
602.48	41.61
602.68	20.93
602.88	51.24
603.09	1.88
603.29	60.05
603.49	17.45
603.69	25.02
603.89	19.29
604.10	32.60
604.30	22.98
604.50	23.39
604.70	25.23
604.90	48.99
605.10	23.39
605.31	42.64
605.51	28.71
605.71	44.07
605.91	35.88
606.11	15.60
606.31	43.46
606.52	27.07
606.72	12.33
606.92	47.14
607.12	33.63
607.32	19.91
607.52	33.63
607.72	38.54
607.93	30.35
608.13	15.40
608.33	23.59
608.53	34.04
608.73	63.73
608.93	20.93
609.13	39.16
609.34	21.95
609.54	43.05
609.74	24.41
609.94	31.58
610.14	17.04
610.34	44.48
610.54	26.87
610.74	24.41
610.95	36.08
611.15	36.49
611.35	25.84
611.55	18.88
611.75	40.38
611.95	18.88
612.15	34.24
612.35	39.98
612.56	27.28
612.76	-1.39
612.96	18.88
613.16	18.68
613.36	38.34
613.56	18.06
613.76	10.69
613.96	22.98
614.16	24.41
614.36	44.48
614.57	29.12
614.77	20.31
614.97	13.76
615.17	46.53
615.37	31.58
615.57	13.56
615.77	26.46
615.97	39.98
616.17	24.00
616.37	35.67
616.57	35.88
616.78	29.12
616.98	26.46
617.18	23.80
617.38	17.65
617.58	7.62
617.78	40.18
617.98	30.35
618.18	46.94
618.38	44.07
618.58	30.14
618.78	24.00
618.98	46.53
619.18	26.87
619.38	47.14
619.58	13.15
619.79	28.92
619.99	42.84
620.19	36.90
620.39	19.09
620.59	20.72
620.79	20.72
620.99	17.45
621.19	32.60
621.39	20.31
621.59	35.47
621.79	5.57
621.99	29.53
622.19	8.44
622.39	37.52
622.59	33.42
622.79	-9.59
622.99	41.20
623.19	21.34
623.39	19.91
623.59	38.34
623.79	48.58
623.99	11.51
624.19	36.90
624.39	25.23
624.59	28.10
624.79	24.00
624.99	25.23
625.19	46.32
625.39	35.26
625.59	42.64
625.79	28.51
625.99	26.46
626.19	36.70
626.39	27.48
626.59	37.72
626.79	37.31
626.99	15.19
627.19	33.01
627.39	12.94
627.59	38.13
627.79	36.90
627.99	7.00
628.19	26.87
628.39	26.05
628.59	32.81
628.79	21.75
628.99	49.19
629.19	35.06
629.39	39.16
629.59	17.24
629.79	38.75
629.99	16.22
630.19	31.37
630.39	41.00
630.59	36.49
630.79	9.46
630.99	34.04
631.19	42.23
631.39	30.14
631.59	27.28
631.79	37.11
631.99	37.31
632.19	6.59
632.39	-11.43
632.59	30.35
632.79	26.66
632.99	30.96
633.19	55.74
633.39	41.20
633.58	16.63
633.78	44.69
633.98	21.54
634.18	62.09
634.38	23.39
634.58	22.77
634.78	26.05
634.98	33.22
635.18	27.69
635.38	46.73
635.58	39.98
635.78	52.67
635.98	24.62
636.18	42.02
636.38	3.11
636.57	20.93
636.77	38.75
636.97	35.47
637.17	20.52
637.37	20.93
637.57	28.51
637.77	23.18
637.97	28.92
638.17	42.02
638.37	34.65
638.57	36.29
638.76	25.43
638.96	28.92
639.16	19.91
639.36	51.24
639.56	35.26
639.76	36.49
639.96	24.82
640.16	26.25
640.36	52.26
640.56	26.87
640.75	44.89
640.95	11.30
641.15	4.14
641.35	17.45
641.55	-0.57
641.75	30.14
641.95	21.54
642.15	36.08
642.34	30.96
642.54	54.72
642.74	27.28
642.94	41.61
643.14	44.07
643.34	30.96
643.54	26.25
643.74	16.22
643.93	36.90
644.13	42.02
644.33	35.06
644.53	33.63
644.73	37.31
644.93	54.93
645.13	32.19
645.32	13.56
645.52	50.42
645.72	48.37
645.92	27.28
646.12	12.74
646.32	45.10
646.52	46.32
646.71	23.39
646.91	50.83
647.11	49.40
647.31	35.26
647.51	24.62
647.71	33.42
647.90	29.74
648.10	26.66
648.30	37.31
648.50	-1.19
648.70	34.24
648.89	33.83
649.09	40.38
649.29	21.75
649.49	42.23
649.69	28.30
649.89	25.23
650.08	42.43
650.28	28.71
650.48	28.10
650.68	47.35
650.88	19.70
651.07	32.19
651.27	22.16
651.47	48.37
651.67	31.58
651.87	12.74
652.06	38.95
652.26	17.45
652.46	30.14
652.66	12.33
652.86	29.12
653.05	31.37
653.25	35.06
653.45	23.80
653.65	24.21
653.85	28.71
654.04	28.51
654.24	13.76
654.44	21.95
654.64	43.87
654.83	50.62
655.03	31.58
655.23	18.06
655.43	29.33
655.63	42.43
655.82	28.71
656.02	42.64
656.22	17.65
656.42	18.47
656.61	23.59
656.81	39.77
657.01	23.39
657.21	27.69
657.40	10.89
657.60	49.19
657.80	51.03
658.00	30.76
658.19	42.84
658.39	29.12
658.59	29.94
658.79	48.78
658.98	31.78
659.18	50.62
659.38	27.69
659.58	33.22
659.77	15.40
659.97	20.72
660.17	26.66
660.36	23.59
660.56	35.47
660.76	51.65
660.96	16.01
661.15	18.88
661.35	27.69
661.55	41.00
661.75	36.29
661.94	40.79
662.14	25.43
662.34	30.55
662.53	15.60
662.73	33.63
662.93	27.07
663.13	35.06
663.32	33.83
663.52	44.69
663.72	41.00
663.91	35.47
664.11	39.36
664.31	17.45
664.50	26.87
664.70	28.30
664.90	29.94
665.10	20.31
665.29	43.25
665.49	25.23
665.69	36.29
665.88	37.31
666.08	48.58
666.28	-8.97
666.47	47.14
666.67	39.98
666.87	24.82
667.06	44.28
667.26	29.33
667.46	35.47
667.65	33.42
667.85	24.21
668.05	46.73
668.24	44.89
668.44	51.24
668.64	27.89
668.83	31.78
669.03	37.11
669.23	17.45
669.42	47.35
669.62	26.66
669.82	40.79
670.01	33.01
670.21	20.52
670.41	25.43
670.60	51.24
670.80	30.14
671.00	33.01
671.19	36.70
671.39	41.00
671.58	43.87
671.78	26.66
671.98	47.76
672.17	43.87
672.37	47.14
672.57	37.11
672.76	45.71
672.96	50.01
673.15	37.93
673.35	39.57
673.55	52.88
673.74	39.98
673.94	52.88
674.14	40.59
674.33	49.19
674.53	37.52
674.72	44.48
674.92	43.66
675.12	17.04
675.31	47.76
675.51	18.68
675.70	35.67
675.90	48.37
676.10	35.06
676.29	26.05
676.49	39.77
676.68	20.52
676.88	38.95
677.08	29.94
677.27	39.77
677.47	51.03
677.66	18.47
677.86	20.52
678.06	41.41
678.25	27.69
678.45	67.01
678.64	21.13
678.84	48.37
679.03	8.44
679.23	50.83
679.43	32.81
679.62	40.59
679.82	28.51
680.01	30.76
680.21	19.29
680.40	37.52
680.60	58.82
680.80	36.29
680.99	32.60
681.19	24.62
681.38	42.64
681.58	50.62
681.77	47.55
681.97	55.95
682.16	52.88
682.36	41.41
682.56	31.78
682.75	60.45
682.95	27.69
683.14	45.71
683.34	66.80
683.53	55.74
683.73	63.32
683.92	19.70
684.12	28.30
684.31	42.23
684.51	48.17
684.70	43.46
684.90	34.86
685.10	31.58
685.29	35.88
685.49	43.05
685.68	32.60
685.88	21.13
686.07	33.83
686.27	55.13
686.46	33.42
686.66	37.52
686.85	54.72
687.05	59.84
687.24	67.62
687.44	27.07
687.63	50.01
687.83	36.29
688.02	30.76
688.22	33.22
688.41	34.86
688.61	47.55
688.80	47.96
689.00	51.85
689.19	63.94
689.39	48.58
689.58	57.59
689.78	55.13
689.97	36.90
690.17	62.50
690.36	50.83
690.56	68.44
690.75	36.70
690.95	37.93
691.14	60.05
691.34	60.25
691.53	58.00
691.72	56.77
691.92	51.85
692.11	67.42
692.31	52.67
692.50	67.42
692.70	49.19
692.89	74.38
693.09	41.00
693.28	61.07
693.48	45.10
693.67	71.51
693.87	48.78
694.06	55.54
694.25	78.07
694.45	62.09
694.64	48.99
694.84	93.84
695.03	62.09
695.23	51.03
695.42	71.10
695.62	96.50
695.81	81.75
696.00	79.91
696.20	75.40
696.39	88.10
696.59	71.10
696.78	67.83
696.98	61.48
697.17	54.72
697.36	52.26
697.56	81.14
697.75	85.24
697.95	68.03
698.14	75.20
698.34	98.14
698.53	86.67
698.72	91.79
698.92	77.25
699.11	89.13
699.31	72.13
699.50	107.15
699.69	92.81
699.89	75.00
700.08	108.38
700.28	101.41
700.47	85.03
700.66	97.93
700.86	93.02
701.05	91.17
701.25	105.51
701.44	90.15
701.63	100.80
701.83	77.66
702.02	90.97
702.21	127.42
702.41	100.59
702.60	98.55
702.80	89.33
702.99	89.13
703.18	87.28
703.38	111.24
703.57	97.52
703.77	123.33
703.96	116.77
704.15	125.38
704.35	94.66
704.54	102.23
704.73	121.69
704.93	131.72
705.12	129.27
705.31	111.65
705.51	118.62
705.70	141.14
705.89	128.65
706.09	136.02
706.28	119.23
706.48	137.25
706.67	145.04
706.86	148.72
707.06	140.12
707.25	142.17
707.44	143.60
707.64	147.70
707.83	131.31
708.02	137.87
708.22	165.52
708.41	157.12
708.60	144.22
708.80	139.30
708.99	155.89
709.18	180.26
709.38	167.36
709.57	161.01
709.76	164.49
709.95	141.76
710.15	187.63
710.34	173.91
710.53	152.00
710.73	187.02
710.92	160.40
711.11	174.32
711.31	156.30
711.50	173.09
711.69	178.21
711.89	196.64
712.08	168.38
712.27	176.78
712.46	209.75
712.66	218.76
712.85	193.57
713.04	222.45
713.24	209.55
713.43	208.73
713.62	200.13
713.81	235.97
714.01	213.03
714.20	226.34
714.39	227.16
714.59	234.74
714.78	225.52
714.97	235.56
715.16	235.15
715.36	260.95
715.55	245.18
715.74	245.59
715.93	265.46
716.13	277.13
716.32	273.44
716.51	270.58
716.71	251.33
716.90	300.68
717.09	285.94
717.28	268.53
717.48	282.66
717.67	288.60
717.86	301.50
718.05	317.27
718.25	306.62
718.44	320.55
718.63	334.27
718.82	340.41
719.02	337.75
719.21	337.14
719.40	322.59
719.59	335.09
719.78	358.64
719.98	354.95
720.17	344.10
720.36	350.04
720.55	379.12
720.75	391.00
720.94	405.74
721.13	397.76
721.32	397.35
721.51	404.92
721.71	409.63
721.90	418.64
722.09	423.56
722.28	427.25
722.48	454.28
722.67	451.82
722.86	447.32
723.05	444.45
723.24	479.67
723.44	466.98
723.63	464.93
723.82	516.74
724.01	486.23
724.20	521.66
724.40	482.34
724.59	549.92
724.78	507.53
724.97	540.91
725.16	542.96
725.35	566.71
725.55	568.76
725.74	574.29
725.93	584.73
726.12	595.38
726.31	617.30
726.51	644.33
726.70	638.19
726.89	652.52
727.08	653.34
727.27	667.27
727.46	707.61
727.66	662.97
727.85	705.36
728.04	691.84
728.23	731.16
728.42	726.66
728.61	756.56
728.81	787.07
729.00	778.68
729.19	811.24
729.38	805.71
729.57	830.90
729.76	827.01
729.95	816.36
730.15	832.95
730.34	878.82
730.53	872.88
730.72	933.91
730.91	941.49
731.10	932.28
731.29	965.25
731.49	978.15
731.68	991.26
731.87	1006.41
732.06	1060.27
732.25	1053.11
732.44	1046.76
732.63	1059.25
732.82	1087.92
733.02	1113.32
733.21	1110.86
733.40	1152.64
733.59	1176.60
733.78	1190.73
733.97	1179.26
734.16	1215.92
734.35	1253.81
734.54	1277.15
734.74	1286.57
734.93	1321.80
735.12	1354.77
735.31	1370.75
735.50	1418.87
735.69	1412.11
735.88	1445.91
736.07	1439.35
736.26	1468.43
736.45	1520.04
736.64	1534.58
736.84	1537.45
737.03	1573.08
737.22	1585.17
737.41	1662.17
737.60	1637.39
737.79	1674.46
737.98	1720.13
738.17	1749.41
738.36	1786.48
738.55	1800.00
738.74	1859.39
738.93	1878.03
739.12	1893.39
739.32	1921.65
739.51	1978.58
739.70	1994.35
739.89	1984.52
740.08	2053.74
740.27	2076.48
740.46	2154.91
740.65	2172.32
740.84	2241.13
741.03	2238.26
741.22	2261.61
741.41	2359.50
741.60	2353.97
741.79	2393.09
741.98	2457.19
742.17	2500.00
742.36	2503.27
742.55	2542.18
742.74	2621.23
742.93	2624.31
743.12	2630.25
743.31	2694.55
743.51	2743.91
743.70	2792.04
743.89	2814.97
744.08	2866.17
744.27	2936.83
744.46	2965.09
744.65	3015.47
744.84	3078.55
745.03	3087.15
745.22	3222.93
745.41	3209.82
745.60	3293.99
745.79	3293.99
745.98	3329.83
746.17	3394.34
746.36	3465.20
746.55	3486.30
746.74	3542.41
746.93	3604.46
747.12	3646.24
747.31	3704.41
747.50	3756.83
747.69	3828.72
747.88	3862.10
748.07	3923.95
748.26	3980.68
748.45	4035.77
748.64	4076.11
748.83	4159.67
749.02	4218.24
749.21	4235.85
749.40	4308.35
749.59	4348.29
749.77	4445.98
749.96	4479.97
750.15	4564.55
750.34	4680.06
750.53	4675.76
750.72	4759.93
750.91	4790.24
751.10	4903.70
751.29	4873.80
751.48	5004.87
751.67	5069.99
751.86	5144.33
752.05	5180.17
752.24	5204.54
752.43	5304.28
752.62	5374.73
752.81	5456.85
753.00	5494.94
753.19	5538.77
753.38	5626.42
753.57	5761.79
753.76	5826.92
753.94	5877.10
754.13	5911.30
754.32	6035.20
754.51	6014.92
754.70	6150.29
754.89	6274.20
755.08	6262.93
755.27	6385.40
755.46	6451.55
755.65	6461.38
755.84	6538.38
756.03	6662.29
756.22	6716.56
756.40	6780.45
756.59	6890.43
756.78	6902.51
756.97	7050.79
757.16	7145.61
757.35	7161.58
757.54	7291.42
757.73	7374.78
757.92	7390.34
758.11	7566.87
758.29	7648.59
758.48	7732.56
758.67	7790.10
758.86	7805.26
759.05	7900.08
759.24	7978.11
759.43	8117.16
759.62	8072.11
759.81	8206.05
759.99	8253.15
760.18	8353.29
760.37	8503.21
760.56	8590.86
760.75	8646.36
760.94	8725.62
761.13	8805.90
761.32	8923.86
761.50	8976.49
761.69	9065.78
761.88	9097.53
762.07	9114.12
762.26	9236.79
762.45	9355.37
762.64	9441.79
762.82	9519.20
763.01	9592.93
763.20	9649.25
763.39	9614.43
763.58	9784.42
763.77	9849.54
763.96	9955.42
764.14	10063.96
764.33	10067.44
764.52	10184.38
764.71	10300.30
764.90	10440.17
765.09	10449.39
765.27	10514.52
765.46	10610.16
765.65	10634.73
765.84	10766.83
766.03	10857.76
766.22	10855.09
766.40	10959.95
766.59	11102.69
766.78	11126.04
766.97	11168.64
767.16	11298.07
767.35	11361.35
767.53	11333.29
767.72	11542.39
767.91	11584.99
768.10	11688.82
768.29	11803.71
768.47	11896.49
768.66	11995.40
768.85	11954.44
769.04	12038.41
769.23	12152.69
769.41	12100.87
769.60	12166.82
769.79	12332.91
769.98	12374.28
770.17	12471.35
770.35	12588.49
770.54	12636.21
770.73	12742.30
770.92	12825.03
771.10	12953.24
771.29	12905.11
771.48	13040.07
771.67	13048.26
771.86	13170.94
772.04	13241.18
772.23	13324.94
772.42	13373.07
772.61	13391.50
772.79	13474.04
772.98	13642.79
773.17	13718.36
773.36	13604.90
773.54	13821.17
773.73	13912.71
773.92	13999.54
774.11	13962.07
774.30	13907.59
774.48	14012.24
774.67	14116.89
774.86	14261.27
775.05	14309.20
775.23	14301.42
775.42	14262.09
775.61	14543.48
775.79	14475.29
775.98	14527.51
776.17	14568.88
776.36	14671.28
776.54	14794.16
776.73	14854.57
776.92	14913.96
777.11	14840.44
777.29	15062.65
777.48	15070.84
777.67	15156.03
777.85	15180.61
778.04	15330.72
778.23	15348.54
778.42	15426.77
778.60	15415.51
778.79	15600.65
778.98	15601.06
779.16	15575.05
779.35	15695.06
779.54	15718.00
779.73	15763.46
779.91	15787.01
780.10	15813.64
780.29	15907.84
780.47	15937.54
780.66	16066.56
780.85	15972.56
781.03	16070.04
781.22	16156.06
781.41	16032.15
781.60	16244.94
781.78	16286.10
781.97	16359.62
782.16	16365.97
782.34	16406.93
782.53	16486.80
782.72	16401.81
782.90	16610.70
783.09	16584.70
783.28	16814.07
783.46	16617.46
783.65	16716.79
783.84	16693.65
784.02	16862.20
784.21	16829.63
784.40	16881.86
784.58	16879.40
784.77	16953.13
784.96	16991.42
785.14	17061.87
785.33	17178.81
785.52	17018.46
785.70	17029.51
785.89	17136.83
786.08	17226.53
786.26	17370.71
786.45	17181.06
786.63	17367.43
786.82	17348.59
787.01	17427.84
787.19	17459.38
787.38	17653.12
787.57	17566.08
787.75	17651.28
787.94	17631.41
788.13	17701.04
788.31	17746.92
788.50	17728.69
788.68	17716.61
788.87	17988.99
789.06	17948.23
789.24	17960.52
789.43	18220.20
789.61	18073.36
789.80	18207.10
789.99	18110.23
790.17	18264.64
790.36	18237.00
790.55	18359.26
790.73	18317.28
790.92	18512.86
791.10	18434.83
791.29	18481.11
791.48	18503.03
791.66	18691.24
791.85	18615.46
792.03	18840.94
792.22	19004.17
792.40	18832.75
792.59	18954.60
792.78	19081.17
792.96	18935.15
793.15	18984.30
793.33	19247.87
793.52	19203.02
793.71	19362.77
793.89	19293.95
794.08	19556.91
794.26	19369.93
794.45	19471.10
794.63	19419.90
794.82	19481.75
795.01	19670.17
795.19	19562.03
795.38	19609.55
795.56	19735.90
795.75	19805.33
795.93	19745.74
796.12	19938.24
796.30	19819.26
796.49	19919.61
796.68	19930.67
796.86	20080.37
797.05	20109.66
797.23	20210.83
797.42	20216.97
797.60	20306.26
797.79	20365.45
797.97	20424.02
798.16	20466.01
798.34	20446.96
798.53	20596.87
798.71	20541.58
798.90	20623.70
799.08	20586.43
799.27	20846.11
799.46	20685.55
799.64	20597.28
799.83	20778.32
800.01	20860.85
800.20	20765.83
800.38	20716.68
800.57	20956.29
800.75	20800.85
800.94	20967.55
801.12	20846.72
801.31	20992.54
801.49	21009.54
801.68	20924.14
801.86	20913.28
802.05	21061.96
802.23	21053.77
802.42	21071.18
802.60	21043.74
802.79	21167.84
802.97	21210.65
803.16	21122.79
803.34	21386.16
803.53	21240.96
803.71	21335.98
803.90	21290.11
804.08	21315.71
804.27	21387.59
804.45	21187.91
804.63	21251.81
804.82	21344.99
805.00	21324.92
805.19	21478.93
805.37	21276.59
805.56	21391.48
805.74	21317.96
805.93	21215.36
806.11	21295.43
806.30	21231.33
806.48	21232.77
806.67	21301.99
806.85	21476.06
807.04	21364.86
807.22	21402.13
807.40	21324.51
807.59	21320.42
807.77	21241.98
807.96	21307.93
808.14	21390.66
808.33	21195.90
808.51	21291.54
808.69	21260.62
808.88	21346.02
809.06	21061.56
809.25	21301.99
809.43	21208.80
809.62	21261.23
809.80	21363.63
809.99	21388.62
810.17	21155.76
810.35	21294.41
810.54	21307.52
810.72	21199.18
810.91	21176.65
811.09	21353.60
811.27	21255.29
811.46	21148.80
811.64	21249.76
811.83	21304.85
812.01	21139.38
812.19	21083.67
812.38	21165.59
812.56	21143.06
812.75	21214.54
812.93	21198.97
813.11	21127.70
813.30	21154.94
813.48	21128.11
813.67	20973.49
813.85	20976.15
814.03	21166.21
814.22	20927.00
814.40	20935.20
814.59	20886.25
814.77	20920.86
814.95	21063.40
815.14	20828.91
815.32	20932.12
815.50	20910.82
815.69	20757.02
815.87	20905.30
816.06	20698.25
816.24	20934.58
816.42	20796.34
816.61	20894.24
816.79	20873.14
816.97	20760.09
817.16	20803.92
817.34	20666.09
817.52	20748.63
817.71	20830.34
817.89	20702.14
818.07	20790.20
818.26	20596.05
818.44	20690.46
818.63	20562.87
818.81	20561.44
818.99	20512.29
819.18	20615.30
819.36	20550.79
819.54	20392.07
819.73	20551.00
819.91	20537.28
820.09	20496.93
820.28	20459.25
820.46	20407.84
820.64	20377.33
820.83	20352.96
821.01	20287.42
821.19	20452.69
821.37	20316.09
821.56	20339.85
821.74	20252.40
821.92	20301.76
822.11	20425.25
822.29	20338.62
822.47	20297.66
822.66	20292.75
822.84	20152.87
823.02	20262.64
823.21	20106.79
823.39	20078.73
823.57	20091.23
823.75	20071.77
823.94	20155.12
824.12	20106.79
824.30	20118.47
824.49	20171.10
824.67	19918.79
824.85	19958.11
825.03	19943.57
825.22	20017.50
825.40	19930.46
825.58	20030.40
825.77	19925.34
825.95	19952.38
826.13	19939.27
826.31	19834.62
826.50	19847.52
826.68	19853.87
826.86	19754.34
827.04	19777.68
827.23	19899.95
827.41	19752.08
827.59	19747.17
827.78	19691.87
827.96	19785.47
828.14	19713.79
828.32	19798.78
828.51	19567.56
828.69	19696.38
828.87	19756.38
829.05	19738.77
829.23	19640.47
829.42	19751.67
829.60	19710.71
829.78	19615.48
829.96	19428.71
830.15	19514.72
830.33	19622.04
830.51	19534.38
830.69	19591.11
830.88	19533.57
831.06	19610.16
831.24	19521.48
831.42	19502.03
831.60	19535.82
831.79	19305.01
831.97	19607.09
832.15	19332.46
832.33	19449.60
832.52	19337.17
832.70	19335.53
832.88	19391.44
833.06	19409.46
833.24	19324.06
833.43	19293.34
833.61	19337.17
833.79	19300.10
833.97	19239.27
834.15	19243.78
834.34	19169.03
834.52	19123.15
834.70	19083.63
834.88	19061.30
835.06	19179.06
835.25	19100.63
835.43	19171.28
835.61	19093.66
835.79	19060.28
835.97	19142.81
836.15	19175.58
836.34	19092.23
836.52	19088.54
836.70	19163.29
836.88	18984.30
837.06	19140.97
837.24	19076.46
837.43	19044.10
837.61	19039.80
837.79	19114.96
837.97	18989.83
838.15	18913.85
838.33	19012.15
838.52	18932.08
838.70	19075.64
838.88	18820.05
839.06	19006.42
839.24	18961.77
839.42	18898.08
839.60	18925.11
839.79	18860.40
839.97	19015.63
840.15	18820.05
840.33	18863.06
840.51	18804.69
840.69	18671.99
840.87	18830.70
841.06	18655.19
841.24	18815.55
841.42	18702.91
841.60	18847.91
841.78	18675.47
841.96	18717.04
842.14	18672.60
842.32	18664.82
842.51	18773.56
842.69	18605.02
842.87	18689.19
843.05	18740.59
843.23	18670.35
843.41	18631.44
843.59	18568.77
843.77	18786.06
843.95	18637.99
844.14	18563.03
844.32	18444.25
844.50	18640.04
844.68	18709.05
844.86	18715.61
845.04	18583.72
845.22	18497.50
845.40	18482.96
845.58	18464.94
845.76	18335.30
845.94	18425.00
846.12	18470.87
846.31	18451.42
846.49	18529.45
846.67	18311.95
846.85	18375.85
847.03	18345.13
847.21	18418.04
847.39	18260.34
847.57	18278.16
847.75	18342.88
847.93	18388.14
848.11	18328.34
848.29	18217.54
848.47	18220.41
848.65	18215.08
848.83	18213.24
849.02	18287.99
849.20	18282.87
849.38	18260.96
849.56	18361.72
849.74	18226.14
849.92	18217.75
850.10	18271.81
850.28	18324.65
850.46	18213.65
850.64	18279.39
850.82	18293.73
851.00	18244.37
851.18	18161.84
851.36	18213.44
851.54	18079.92
851.72	18064.15
851.90	18183.34
852.08	18102.04
852.26	17955.40
852.44	17960.93
852.62	18024.62
852.80	18125.59
852.98	18024.62
853.16	18063.33
853.34	18008.44
853.52	17937.17
853.70	18011.52
853.88	18075.00
854.06	17881.26
854.24	17949.26
854.42	17887.61
854.60	18034.04
854.78	17850.75
854.96	17921.40
855.14	17991.04
855.32	17872.87
855.50	17858.94
855.68	17908.71
855.86	17819.01
856.04	17848.91
856.22	17908.91
856.40	17864.88
856.58	17816.34
856.76	17626.70
856.94	17752.04
857.12	17806.51
857.30	17786.65
857.48	17630.80
857.66	17816.75
857.84	17750.19
858.02	17693.67
858.20	17773.95
858.38	17654.96
858.56	17702.07
858.74	17745.89
858.92	17712.51
859.10	17625.68
859.28	17654.55
859.46	17687.53
859.64	17747.53
859.81	17649.64
859.99	17522.26
860.17	17671.35
860.35	17606.22
860.53	17481.50
860.71	17603.76
860.89	17599.26
861.07	17471.26
861.25	17515.70
861.43	17537.82
861.61	17601.72
861.79	17435.22
861.97	17515.09
862.15	17545.81
862.33	17624.65
862.50	17546.83
862.68	17390.98
862.86	17488.46
863.04	17542.33
863.22	17519.59
863.40	17489.90
863.58	17572.02
863.76	17381.97
863.94	17355.76
864.12	17241.89
864.30	17358.21
864.47	17343.06
864.65	17099.15
864.83	17392.00
865.01	17249.67
865.19	17298.62
865.37	17351.05
865.55	17190.28
865.73	17267.90
865.91	17192.74
866.09	17222.84
866.26	17136.21
866.44	17189.05
866.62	17253.56
866.80	17221.00
866.98	17227.35
867.16	17120.03
867.34	17189.67
867.52	17122.08
867.69	17034.22
867.87	17085.22
868.05	16938.79
868.23	16925.89
868.41	16917.29
868.59	16930.80
868.77	16988.55
868.94	16847.86
869.12	17008.83
869.30	16988.55
869.48	16925.48
869.66	16847.25
869.84	16909.30
870.02	16762.87
870.19	16855.64
870.37	16740.55
870.55	16653.51
870.73	16695.90
870.91	16814.89
871.09	16752.83
871.26	16723.14
871.44	16609.07
871.62	16583.26
871.80	16599.24
871.98	16532.47
872.16	16593.91
872.33	16509.94
872.51	16354.71
872.69	16400.79
872.87	16413.49
873.05	16391.78
873.22	16459.36
873.40	16315.18
873.58	16474.11
873.76	16270.54
873.94	16344.88
874.12	16169.16
874.29	16125.54
874.47	16233.88
874.65	16173.46
874.83	16096.25
875.01	16035.23
875.18	16049.15
875.36	16115.10
875.54	16007.78
875.72	15923.41
875.89	16081.30
876.07	15939.99
876.25	16022.12
876.43	16057.14
876.61	15952.90
876.78	15874.05
876.96	15977.47
877.14	15973.99
877.32	15980.14
877.49	15857.87
877.67	16043.01
877.85	15853.78
878.03	15915.01
878.21	15961.29
878.38	15990.17
878.56	16078.23
878.74	15997.13
878.92	16024.99
879.09	15930.98
879.27	16000.00
879.45	15884.49
879.63	15992.83
879.80	16006.76
879.98	15966.00
880.16	16074.75
880.34	16097.28
880.51	16082.74
880.69	16081.30
880.87	16144.79
881.05	16018.84
881.22	16175.10
881.40	16143.15
881.58	16175.92
881.75	16178.58
881.93	16096.05
882.11	16192.71
882.29	16078.03
882.46	16269.51
882.64	16196.20
882.82	16226.30
883.00	16267.87
883.17	16311.29
883.35	16310.68
883.53	16357.58
883.70	16514.86
883.88	16387.07
884.06	16389.93
884.23	16425.36
884.41	16479.23
884.59	16471.03
884.77	16502.98
884.94	16561.96
885.12	16575.68
885.30	16563.19
885.47	16488.85
885.65	16603.74
885.83	16586.95
886.00	16693.65
886.18	16613.78
886.36	16781.51
886.53	16713.31
886.71	16822.26
886.89	16755.09
887.07	16760.41
887.24	16947.60
887.42	16798.09
887.60	16883.90
887.77	16820.62
887.95	17081.33
888.13	17111.84
888.30	16965.82
888.48	17079.08
888.66	17161.20
888.83	16972.58
889.01	17167.55
889.18	17282.03
889.36	17175.53
889.54	17215.67
889.71	17312.95
889.89	17373.37
890.07	17421.50
890.24	17292.27
890.42	17365.59
890.60	17276.91
890.77	17316.43
890.95	17292.88
891.13	17441.36
891.30	17419.65
891.48	17329.95
891.65	17561.78
891.83	17576.73
892.01	17499.32
892.18	17621.58
892.36	17688.14
892.54	17631.21
892.71	17603.56
892.89	17557.28
893.06	17806.31
893.24	17692.65
893.42	17606.02
893.59	17781.94
893.77	17617.49
893.94	17692.44
894.12	17618.71
894.30	17769.45
894.47	17709.24
894.65	17874.51
894.82	17759.00
895.00	17810.20
895.18	17860.78
895.35	17848.91
895.53	17838.67
895.70	17873.89
895.88	17802.21
896.06	17836.41
896.23	17770.88
896.41	17910.96
896.58	17858.74
896.76	17842.76
896.93	17825.35
897.11	18009.67
897.29	17738.11
897.46	17904.61
897.64	17758.39
897.81	17773.75
897.99	17839.08
898.16	17819.83
898.34	17657.83
898.52	17761.25
898.69	17798.12
898.87	17821.26
899.04	17705.34
899.22	17751.83
899.39	17794.43
899.57	17651.28
899.74	17753.06
899.92	17583.69
900.10	17542.74
900.27	17668.28
900.45	17660.49
900.62	17673.19
900.80	17676.67
900.97	17720.91
901.15	17582.26
901.32	17659.06
901.50	17764.94
901.67	17629.36
901.85	17578.17
902.02	17763.10
902.20	17560.96
902.37	17737.91
902.55	17665.82
902.72	17642.06
902.90	17620.35
903.07	17530.24
903.25	17581.03
903.43	17491.95
903.60	17494.61
903.78	17450.78
903.95	17464.30
904.13	17492.36
904.30	17309.68
904.48	17447.50
904.65	17382.58
904.83	17489.69
905.00	17302.51
905.17	17249.06
905.35	17258.48
905.52	17113.89
905.70	17170.21
905.87	17239.64
906.05	17173.28
906.22	17052.86
906.40	17137.03
906.57	17013.13
906.75	17121.06
906.92	16983.64
907.10	17031.36
907.27	16878.17
907.45	17053.89
907.62	16982.62
907.80	17040.78
907.97	16906.02
908.15	16824.31
908.32	16825.74
908.49	16827.17
908.67	16692.01
908.84	16685.25
909.02	16629.75
909.19	16653.10
909.37	16498.07
909.54	16460.18
909.72	16491.51
909.89	16512.40
910.07	16504.01
910.24	16448.51
910.41	16421.47
910.59	16391.78
910.76	16351.84
910.94	16211.35
911.11	16125.13
911.29	16112.43
911.46	16033.59
911.63	16090.11
911.81	15974.61
911.98	15932.42
912.16	16039.73
912.33	15869.54
912.50	15921.56
912.68	15838.21
912.85	15745.23
913.03	15887.98
913.20	15934.87
913.38	15689.73
913.55	15732.13
913.72	15720.45
913.90	15654.92
914.07	15620.10
914.25	15712.06
914.42	15497.84
914.59	15545.97
914.77	15443.16
914.94	15499.68
915.11	15474.70
915.29	15526.31
915.46	15305.94
915.64	15331.13
915.81	15203.55
915.98	15155.01
916.16	15249.22
916.33	15035.61
916.51	15114.66
916.68	15053.63
916.85	15101.97
917.03	14931.78
917.20	14787.40
917.37	14959.02
917.55	14722.27
917.72	14724.12
917.89	14661.86
918.07	14716.33
918.24	14677.42
918.42	14713.88
918.59	14504.37
918.76	14520.75
918.94	14483.68
919.11	14502.73
919.28	14340.33
919.46	14378.62
919.63	14296.50
919.80	14300.19
919.98	14285.03
920.15	14287.28
920.32	14131.43
920.50	14080.03
920.67	14114.85
920.84	13972.10
921.02	14039.48
921.19	13969.85
921.36	13808.88
921.54	13908.00
921.71	13837.55
921.88	13672.48
922.06	13762.18
922.23	13598.96
922.40	13657.12
922.57	13572.54
922.75	13466.87
922.92	13611.66
923.09	13357.51
923.27	13462.57
923.44	13436.35
923.61	13418.54
923.79	13338.87
923.96	13325.97
924.13	13225.00
924.30	13145.13
924.48	13039.66
924.65	13156.40
924.82	13132.23
925.00	13044.58
925.17	12898.15
925.34	12858.01
925.51	12793.29
925.69	12807.22
925.86	12759.09
926.03	12724.48
926.21	12565.56
926.38	12539.96
926.55	12610.41
926.72	12474.63
926.90	12516.82
927.07	12474.01
927.24	12420.77
927.41	12471.76
927.59	12362.40
927.76	12349.91
927.93	12283.14
928.10	12202.86
928.28	12268.40
928.45	12179.31
928.62	12087.36
928.79	11989.46
928.97	11980.66
929.14	11949.94
929.31	11939.70
929.48	11868.22
929.66	11818.46
929.83	11698.24
930.00	11725.28
930.17	11753.13
930.34	11715.85
930.52	11665.47
930.69	11559.80
930.86	11520.89
931.03	11499.79
931.21	11443.47
931.38	11355.82
931.55	11366.06
931.72	11173.76
931.89	11222.70
932.07	11185.43
932.24	11119.90
932.41	11106.38
932.58	11031.22
932.75	10966.30
932.93	10960.77
933.10	10891.34
933.27	10869.84
933.44	10697.19
933.61	10686.14
933.79	10584.97
933.96	10537.45
934.13	10531.10
934.30	10484.62
934.47	10365.83
934.65	10377.30
934.82	10180.29
934.99	10239.27
935.16	10052.70
935.33	9950.51
935.50	9968.94
935.68	9848.31
935.85	9878.42
936.02	9712.33
936.19	9620.58
936.36	9594.77
936.53	9424.59
936.71	9476.81
936.88	9435.85
937.05	9328.95
937.22	9147.91
937.39	9007.21
937.56	9044.28
937.74	8977.11
937.91	8882.90
938.08	8824.74
938.25	8773.74
938.42	8670.93
938.59	8552.56
938.76	8531.67
938.94	8422.93
939.11	8426.61
939.28	8275.47
939.45	8254.17
939.62	8149.93
939.79	8149.52
939.96	8051.22
940.13	7999.82
940.31	7933.26
940.48	7916.67
940.65	7808.33
940.82	7779.04
940.99	7710.44
941.16	7734.40
941.33	7632.20
941.50	7544.55
941.67	7531.85
941.85	7461.40
942.02	7394.64
942.19	7395.46
942.36	7368.02
942.53	7309.65
942.70	7290.81
942.87	7225.48
943.04	7197.63
943.21	7194.35
943.38	7166.91
943.56	7112.02
943.73	7118.37
943.90	7112.02
944.07	7043.00
944.24	7060.21
944.41	7029.69
944.58	6951.05
944.75	6989.55
944.92	6985.66
945.09	7002.45
945.26	6932.21
945.43	7001.84
945.60	6978.29
945.78	6895.96
945.95	6860.33
946.12	6913.16
946.29	6849.88
946.46	6850.50
946.63	6808.72
946.80	6876.30
946.97	6891.45
947.14	6887.97
947.31	6915.83
947.48	6823.67
947.65	6857.25
947.82	6857.66
947.99	6763.46
948.16	6770.21
948.33	6845.38
948.50	6784.76
948.67	6776.15
948.84	6748.51
949.01	6806.05
949.18	6672.53
949.35	6800.52
949.52	6763.66
949.69	6796.63
949.86	6796.43
950.03	6702.84
950.20	6738.06
950.38	6717.58
950.55	6763.05
950.72	6730.48
950.89	6744.00
951.06	6710.82
951.23	6692.60
951.40	6814.86
951.57	6777.79
951.74	6758.95
951.91	6721.47
952.08	6734.17
952.25	6753.42
952.42	6689.32
952.59	6759.57
952.76	6674.17
952.92	6734.38
953.09	6699.56
953.26	6682.36
953.43	6721.06
953.60	6667.20
953.77	6637.51
953.94	6721.88
954.11	6705.29
954.28	6684.20
954.45	6682.36
954.62	6622.15
954.79	6625.63
954.96	6655.53
955.13	6629.11
955.30	6659.42
955.47	6627.27
955.64	6599.41
955.81	6617.64
955.98	6584.26
956.15	6548.62
956.32	6535.93
956.49	6561.73
956.66	6504.80
956.83	6535.93
957.00	6584.26
957.17	6503.98
957.33	6537.77
957.50	6546.99
957.67	6510.33
957.84	6472.44
958.01	6462.20
958.18	6481.45
958.35	6461.59
958.52	6450.53
958.69	6433.32
958.86	6458.92
959.03	6460.77
959.20	6398.30
959.37	6379.67
959.53	6404.24
959.70	6392.36
959.87	6388.27
960.04	6437.01
960.21	6361.85
960.38	6407.11
960.55	6298.77
960.72	6332.15
960.89	6297.54
961.06	6309.42
961.23	6199.04
961.39	6221.56
961.56	6267.85
961.73	6192.69
961.90	6239.38
962.07	6121.42
962.24	6161.56
962.41	6136.37
962.58	6175.69
962.75	6112.82
962.91	6109.34
963.08	6155.41
963.25	6057.73
963.42	6145.38
963.59	6048.92
963.76	6042.16
963.93	5984.20
964.09	5978.27
964.26	5997.11
964.43	6014.10
964.60	5940.99
964.77	5889.79
964.94	5930.75
965.11	5915.60
965.27	5893.07
965.44	5874.23
965.61	5893.48
965.78	5844.33
965.95	5890.00
966.12	5774.29
966.29	5806.65
966.45	5801.73
966.62	5770.40
966.79	5774.08
966.96	5743.36
967.13	5743.36
967.30	5684.18
967.46	5646.90
967.63	5608.20
967.80	5656.53
967.97	5618.23
968.14	5625.20
968.30	5551.06
968.47	5557.41
968.64	5675.58
968.81	5534.47
968.98	5520.95
969.15	5535.29
969.31	5522.80
969.48	5529.76
969.65	5542.66
969.82	5404.63
969.99	5455.21
970.15	5388.86
970.32	5374.11
970.49	5356.09
970.66	5425.31
970.82	5352.00
970.99	5355.68
971.16	5267.42
971.33	5288.92
971.50	5259.02
971.66	5323.32
971.83	5283.39
972.00	5240.38
972.17	5225.64
972.34	5168.09
972.50	5194.92
972.67	5139.21
972.84	5146.59
973.01	5139.42
973.17	5140.03
973.34	5133.07
973.51	5062.62
973.68	5093.54
973.84	5034.15
974.01	5034.97
974.18	5026.16
974.35	5027.19
974.51	4960.22
974.68	4946.50
974.85	4928.07
975.02	4940.76
975.18	4920.28
975.35	4852.91
975.52	4874.82
975.69	4843.90
975.85	4781.23
976.02	4777.95
976.19	4752.97
976.36	4742.52
976.52	4734.74
976.69	4768.12
976.86	4732.90
977.02	4682.93
977.19	4719.17
977.36	4693.16
977.53	4626.81
977.69	4658.14
977.86	4646.68
978.03	4629.47
978.19	4621.08
978.36	4569.47
978.53	4554.72
978.70	4558.41
978.86	4498.40
979.03	4469.73
979.20	4457.24
979.36	4460.31
979.53	4483.66
979.70	4443.72
979.86	4430.62
980.03	4423.45
980.20	4370.20
980.36	4377.98
980.53	4371.43
980.70	4336.61
980.86	4291.15
981.03	4296.68
981.20	4216.60
981.36	4212.51
981.53	4161.92
981.70	4209.84
981.86	4179.12
982.03	4149.43
982.20	4168.27
982.36	4133.05
982.53	4142.06
982.70	4122.81
982.86	4112.16
983.03	4121.37
983.20	4071.20
983.36	4114.41
983.53	4038.43
983.70	4025.94
983.86	4076.52
984.03	4025.53
984.20	3982.31
984.36	3924.56
984.53	3943.20
984.70	3932.75
984.86	3877.05
985.03	3931.93
985.19	3844.49
985.36	3827.08
985.53	3821.14
985.69	3787.35
985.86	3770.15
986.03	3785.71
986.19	3773.01
986.36	3786.73
986.52	3685.97
986.69	3725.91
986.86	3698.47
987.02	3677.99
987.19	3676.55
987.35	3663.45
987.52	3600.98
987.69	3615.32
987.85	3602.62
988.02	3580.71
988.18	3594.84
988.35	3604.87
988.52	3564.73
988.68	3543.84
988.85	3471.96
989.01	3483.63
989.18	3473.80
989.35	3478.92
989.51	3418.10
989.68	3466.23
989.84	3434.89
990.01	3420.76
990.17	3403.76
990.34	3355.02
990.51	3363.42
990.67	3366.08
990.84	3332.70
991.00	3311.81
991.17	3314.06
991.33	3307.71
991.50	3283.34
991.66	3283.75
991.83	3231.53
992.00	3271.06
992.16	3266.55
992.33	3222.31
992.49	3154.94
992.66	3167.22
992.82	3113.16
992.99	3130.56
993.15	3085.92
993.32	3113.98
993.48	3057.66
993.65	3090.22
993.82	3108.24
993.98	3042.71
994.15	3010.14
994.31	3010.14
994.48	3047.01
994.64	3025.71
994.81	3033.70
994.97	2974.92
995.14	2941.13
995.30	2944.40
995.47	2939.28
995.63	2936.01
995.80	2924.13
995.96	2892.80
996.13	2867.40
996.29	2874.77
996.46	2838.93
996.62	2847.54
996.79	2830.95
996.95	2841.39
997.12	2788.55
997.28	2810.26
997.45	2778.11
997.61	2767.87
997.78	2723.63
997.94	2728.96
998.11	2715.85
998.27	2751.49
998.44	2705.41
998.60	2691.48
998.77	2675.30
998.93	2668.75
999.10	2622.87
999.26	2592.15
999.43	2602.39
999.59	2579.46
999.75	2587.65
999.92	2566.76
1000.08	2525.80
1000.25	2541.77
1000.41	2532.56
1000.58	2540.54
1000.74	2509.83
1000.91	2508.39
1001.07	2488.53
1001.24	2429.95
1001.40	2481.77
1001.56	2475.83
1001.73	2402.10
1001.89	2389.61
1002.06	2410.29
1002.22	2413.57
1002.39	2349.67
1002.55	2394.12
1002.71	2360.73
1002.88	2349.88
1003.04	2310.35
1003.21	2355.00
1003.37	2314.24
1003.54	2265.50
1003.70	2256.29
1003.86	2282.91
1004.03	2227.41
1004.19	2244.41
1004.36	2214.10
1004.52	2217.79
1004.68	2202.22
1004.85	2191.98
1005.01	2203.04
1005.18	2160.85
1005.34	2174.16
1005.50	2140.99
1005.67	2129.11
1005.83	2082.00
1006.00	2115.80
1006.16	2081.39
1006.32	2062.96
1006.49	2099.41
1006.65	2050.88
1006.82	2056.20
1006.98	2023.84
1007.14	2052.72
1007.31	2020.77
1007.47	2009.71
1007.63	1998.65
1007.80	1955.85
1007.96	2009.92
1008.13	1952.78
1008.29	1927.18
1008.45	1957.28
1008.62	1921.24
1008.78	1931.07
1008.94	1928.82
1009.11	1921.03
1009.27	1894.82
1009.43	1896.87
1009.60	1867.38
1009.76	1859.80
1009.92	1835.63
1010.09	1862.46
1010.25	1810.24
1010.42	1863.28
1010.58	1817.61
1010.74	1796.72
1010.91	1806.35
1011.07	1772.15
1011.23	1761.70
1011.40	1743.48
1011.56	1753.51
1011.72	1764.98
1011.89	1725.04
1012.05	1726.27
1012.21	1659.30
1012.37	1696.17
1012.54	1678.15
1012.70	1655.41
1012.86	1624.49
1013.03	1613.84
1013.19	1580.87
1013.35	1649.88
1013.52	1590.49
1013.68	1589.06
1013.84	1606.06
1014.01	1612.00
1014.17	1554.04
1014.33	1601.76
1014.49	1549.12
1014.66	1539.50
1014.82	1557.72
1014.98	1528.44
1015.15	1523.93
1015.31	1517.99
1015.47	1514.10
1015.63	1520.25
1015.80	1476.83
1015.96	1465.98
1016.12	1464.95
1016.29	1472.94
1016.45	1432.18
1016.61	1437.51
1016.77	1425.02
1016.94	1439.35
1017.10	1405.36
1017.26	1397.57
1017.42	1392.04
1017.59	1347.19
1017.75	1394.91
1017.91	1360.10
1018.07	1338.18
1018.24	1353.34
1018.40	1318.52
1018.56	1312.79
1018.72	1328.97
1018.89	1297.02
1019.05	1314.22
1019.21	1278.18
1019.37	1288.83
1019.54	1290.87
1019.70	1247.66
1019.86	1261.38
1020.02	1261.18
1020.19	1234.56
1020.35	1228.21
1020.51	1254.63
1020.67	1227.80
1020.83	1224.11
1021.00	1183.36
1021.16	1196.67
1021.32	1179.87
1021.48	1156.12
1021.64	1183.15
1021.81	1150.18
1021.97	1147.11
1022.13	1142.81
1022.29	1123.76
1022.45	1140.76
1022.62	1122.12
1022.78	1110.24
1022.94	1106.15
1023.10	1096.73
1023.26	1055.97
1023.43	1096.11
1023.59	1093.45
1023.75	1078.09
1023.91	1070.10
1024.07	1037.75
1024.24	1053.72
1024.40	1051.47
1024.56	1065.19
1024.72	1033.85
1024.88	1015.63
1025.04	1008.66
1025.21	1018.08
1025.37	1011.74
1025.53	986.96
1025.69	997.81
1025.85	981.63
1026.01	983.27
1026.18	945.38
1026.34	949.68
1026.50	930.02
1026.66	933.91
1026.82	941.49
1026.98	944.15
1027.14	912.20
1027.31	911.59
1027.47	918.76
1027.63	900.74
1027.79	881.69
1027.95	875.34
1028.11	873.70
1028.27	861.82
1028.44	865.72
1028.60	878.21
1028.76	859.57
1028.92	865.10
1029.08	811.24
1029.24	825.17
1029.40	778.68
1029.56	824.96
1029.73	831.31
1029.89	833.15
1030.05	804.48
1030.21	785.44
1030.37	807.76
1030.53	803.05
1030.69	777.24
1030.85	783.80
1031.01	755.33
1031.17	747.34
1031.34	766.18
1031.50	740.59
1031.66	763.52
1031.82	754.72
1031.98	747.14
1032.14	724.00
1032.30	732.39
1032.46	752.46
1032.62	696.35
1032.78	707.20
1032.94	698.60
1033.10	693.89
1033.27	677.30
1033.43	687.13
1033.59	670.34
1033.75	697.99
1033.91	699.22
1034.07	696.76
1034.23	666.65
1034.39	665.22
1034.55	630.40
1034.71	668.09
1034.87	646.38
1035.03	641.87
1035.19	645.97
1035.35	632.86
1035.51	631.02
1035.67	640.85
1035.83	612.18
1035.99	608.90
1036.16	605.01
1036.32	584.73
1036.48	609.31
1036.64	583.10
1036.80	581.87
1036.96	584.53
1037.12	576.13
1037.28	565.69
1037.44	536.40
1037.60	551.76
1037.76	555.24
1037.92	535.58
1038.08	566.30
1038.24	533.13
1038.40	538.25
1038.56	548.08
1038.72	514.49
1038.88	524.73
1039.04	530.05
1039.20	512.24
1039.36	496.47
1039.52	515.51
1039.68	465.75
1039.84	509.98
1040.00	501.18
1040.16	485.41
1040.32	478.85
1040.48	474.55
1040.64	464.31
1040.80	480.70
1040.96	471.28
1041.12	472.10
1041.28	438.51
1041.44	441.58
1041.60	453.26
1041.76	443.42
1041.92	446.09
1042.08	430.93
1042.24	457.15
1042.39	418.03
1042.55	412.91
1042.71	409.43
1042.87	430.11
1043.03	429.29
1043.19	412.30
