345.44	83.871
345.66	83.871
345.88	83.871
346.10	500.000
346.31	-376.471
346.53	230.435
346.75	764.706
346.97	-273.684
347.19	192.308
347.41	139.744
347.63	175.333
347.85	-232.143
348.07	71.667
348.29	42.391
348.51	-70.909
348.73	-1045.455
348.95	756.250
349.17	584.211
349.39	247.059
349.61	72.685
349.83	99.091
350.05	37.681
350.27	79.730
350.49	-2.041
350.71	-6.742
350.93	55.414
351.15	468.421
351.37	-217.857
351.59	80.864
351.80	7.477
352.02	75.974
352.24	-21.176
352.46	22.667
352.68	72.535
352.90	64.831
353.12	61.979
353.34	80.186
353.56	-23.695
353.78	57.391
354.00	110.145
354.22	-11.558
354.44	60.135
354.66	74.648
354.88	-115.686
355.09	15.152
355.31	10.112
355.53	27.907
355.75	80.447
355.97	69.872
356.19	30.909
356.41	126.471
356.63	23.243
356.85	110.769
357.07	38.824
357.29	65.782
357.50	62.802
357.72	-3.571
357.94	55.479
358.16	9.740
358.38	55.621
358.60	25.683
358.82	-191.837
359.04	65.698
359.26	60.769
359.48	-84.615
359.69	41.554
359.91	-75.000
360.13	76.471
360.35	52.761
360.57	7.273
360.79	-84.746
361.01	20.486
361.23	-18.824
361.45	98.718
361.66	14.729
361.88	1.961
362.10	129.293
362.32	40.306
362.54	78.469
362.76	132.353
362.98	75.735
363.20	22.535
363.41	38.095
363.63	43.478
363.85	64.557
364.07	105.495
364.29	36.585
364.51	43.191
364.73	43.137
364.94	62.948
365.16	15.528
365.38	-30.841
365.60	9.827
365.82	63.563
366.04	11.180
366.26	41.026
366.47	-0.559
366.69	-43.243
366.91	40.385
367.13	-25.735
367.35	2.247
367.57	58.879
367.79	-22.727
368.00	-26.667
368.22	5.725
368.44	41.143
368.66	65.143
368.88	32.540
369.10	23.729
369.31	94.253
369.53	48.673
369.75	11.556
369.97	224.615
370.19	50.307
370.41	56.522
370.62	61.589
370.84	44.444
371.06	-18.493
371.28	54.950
371.50	37.864
371.71	82.857
371.93	-8.280
372.15	-33.333
372.37	15.284
372.59	55.625
372.80	59.259
373.02	5.392
373.24	73.077
373.46	18.487
373.68	-122.314
373.90	60.000
374.11	-4.902
374.33	56.731
374.55	49.160
374.77	7.843
374.98	61.376
375.20	25.620
375.42	44.643
375.64	8.333
375.86	95.536
376.07	66.897
376.29	43.158
376.51	76.543
376.73	42.446
376.95	11.858
377.16	40.094
377.38	13.548
377.60	-4.505
377.82	44.444
378.03	40.780
378.25	28.326
378.47	-54.472
378.69	8.879
378.91	79.339
379.12	42.437
379.34	7.186
379.56	-41.667
379.78	91.908
379.99	37.619
380.21	-7.115
380.43	58.378
380.65	-52.655
380.86	-5.051
381.08	75.949
381.30	4.500
381.52	-17.910
381.73	48.485
381.95	62.016
382.17	50.746
382.39	37.240
382.60	-63.441
382.82	20.800
383.04	-9.091
383.26	-23.316
383.47	73.822
383.69	39.695
383.91	36.364
384.13	28.017
384.34	86.614
384.56	29.044
384.78	77.826
385.00	46.230
385.21	17.213
385.43	54.967
385.65	24.823
385.86	24.424
386.08	5.634
386.30	0.000
386.52	94.393
386.73	73.413
386.95	-10.084
387.17	31.864
387.38	35.612
387.60	22.727
387.82	33.668
388.04	37.229
388.25	39.614
388.47	-3.084
388.69	60.684
388.90	42.763
389.12	-20.588
389.34	19.066
389.56	31.164
389.77	20.064
389.99	47.778
390.21	21.404
390.42	23.457
390.64	56.818
390.86	64.171
391.07	43.114
391.29	19.219
391.51	-72.500
391.72	25.339
391.94	-11.613
392.16	29.552
392.38	27.778
392.59	44.149
392.81	-34.419
393.03	0.000
393.24	14.417
393.46	32.653
393.68	-17.844
393.89	-1.942
394.11	3.247
394.33	-74.332
394.54	20.488
394.76	34.286
394.98	21.865
395.19	25.926
395.41	54.762
395.63	-40.074
395.84	29.915
396.06	41.455
396.28	19.521
396.49	50.901
396.71	26.027
396.93	-14.359
397.14	28.784
397.36	40.602
397.57	10.511
397.79	31.343
398.01	35.242
398.22	22.071
398.44	11.437
398.66	26.558
398.87	18.653
399.09	31.322
399.31	-17.378
399.52	-24.686
399.74	-0.667
399.96	27.543
400.17	17.241
400.39	77.211
400.60	9.906
400.82	22.541
401.04	50.526
401.25	33.871
401.47	11.009
401.69	31.980
401.90	-9.328
402.12	14.615
402.33	18.400
402.55	25.915
402.77	-27.749
402.98	29.039
403.20	-56.442
403.41	37.214
403.63	42.813
403.85	37.226
404.06	13.216
404.28	34.006
404.49	1.351
404.71	42.005
404.93	17.822
405.14	-2.572
405.36	-6.716
405.57	44.853
405.79	23.821
406.01	-14.689
406.22	17.068
406.44	10.101
406.65	44.571
406.87	6.549
407.09	-8.244
407.30	46.522
407.52	48.373
407.73	20.779
407.95	18.342
408.17	11.209
408.38	26.452
408.60	30.909
408.81	2.105
409.03	7.609
409.24	4.032
409.46	38.835
409.68	21.157
409.89	-7.901
410.11	-20.579
410.32	8.108
410.54	13.420
410.75	4.276
410.97	24.814
411.18	21.236
411.40	16.409
411.62	5.028
411.83	37.723
412.05	19.284
412.26	33.484
412.48	33.333
412.69	23.285
412.91	5.882
413.12	35.177
413.34	21.839
413.56	-5.166
413.77	24.735
413.99	24.823
414.20	18.899
414.42	19.069
414.63	7.112
414.85	34.554
415.06	22.030
415.28	16.068
415.49	47.849
415.71	11.720
415.92	3.063
416.14	17.447
416.35	32.311
416.57	41.701
416.79	11.732
417.00	18.472
417.22	5.988
417.43	4.330
417.65	25.046
417.86	35.221
418.08	3.672
418.29	-7.576
418.51	20.323
418.72	10.801
418.94	11.765
419.15	22.917
419.37	12.224
419.58	13.366
419.80	12.420
420.01	25.180
420.23	18.079
420.44	5.200
420.66	-8.761
420.87	16.800
421.09	-3.950
421.30	3.463
421.52	26.116
421.73	10.135
421.95	4.184
422.16	-0.361
422.38	24.567
422.59	-1.141
422.81	17.437
423.02	-3.487
423.23	15.789
423.45	6.100
423.66	13.483
423.88	8.069
424.09	33.333
424.31	15.081
424.52	7.246
424.74	27.586
424.95	-13.949
425.17	21.826
425.38	12.129
425.60	9.167
425.81	25.436
426.03	14.340
426.24	4.622
426.45	5.137
426.67	18.759
426.88	-11.028
427.10	9.561
427.31	26.546
427.53	11.353
427.74	15.940
427.96	9.499
428.17	3.830
428.39	9.780
428.60	1.543
428.81	6.984
429.03	0.368
429.24	13.728
429.46	3.567
429.67	21.957
429.89	21.602
430.10	20.162
430.31	9.122
430.53	5.365
430.74	-4.801
430.96	-2.806
431.17	7.194
431.39	13.777
431.60	-27.919
431.81	16.503
432.03	10.388
432.24	4.661
432.46	27.747
432.67	0.650
432.89	-4.972
433.10	18.323
433.31	16.667
433.53	12.775
433.74	13.161
433.96	8.990
434.17	0.484
434.38	-7.801
434.60	13.528
434.81	8.772
435.03	12.080
435.24	6.238
435.45	3.563
435.67	10.387
435.88	7.950
436.10	12.404
436.31	-1.842
436.52	5.408
436.74	4.954
436.95	7.357
437.17	5.018
437.38	-11.076
437.59	8.302
437.81	16.438
438.02	9.258
438.23	16.886
438.45	7.007
438.66	12.660
438.88	13.298
439.09	15.359
439.30	15.398
439.52	20.452
439.73	3.682
439.94	0.090
440.16	0.269
440.37	8.864
440.58	8.434
440.80	5.906
441.01	6.775
441.23	-3.653
441.44	5.512
441.65	19.464
441.87	9.799
442.08	6.411
442.29	5.103
442.51	8.516
442.72	8.051
442.93	7.265
443.15	-5.459
443.36	7.222
443.57	9.541
443.79	8.197
444.00	8.155
444.21	-1.676
444.43	12.999
444.64	-3.755
444.85	11.075
445.07	10.121
445.28	13.442
445.49	6.980
445.71	8.011
445.92	6.555
446.13	14.958
446.35	-0.846
446.56	3.525
446.77	3.610
446.99	7.601
447.20	9.877
447.41	0.806
447.63	4.354
447.84	-1.818
448.05	-0.145
448.27	9.306
448.48	8.263
448.69	7.889
448.90	10.795
449.12	4.430
449.33	6.705
449.54	1.841
449.76	8.403
449.97	2.721
450.18	0.345
450.40	-5.186
450.61	1.762
450.82	-0.194
451.03	6.620
451.25	10.979
451.46	0.674
451.67	-3.718
451.89	-2.424
452.10	-3.451
452.31	6.065
452.52	7.607
452.74	2.683
452.95	2.822
453.16	5.739
453.38	7.661
453.59	7.775
453.80	4.207
454.01	4.096
454.23	6.196
454.44	6.014
454.65	9.222
454.86	0.551
455.08	7.483
455.29	5.463
455.50	9.165
455.71	3.365
455.93	8.368
456.14	9.051
456.35	1.863
456.56	0.663
456.78	2.188
456.99	-4.899
457.20	4.416
457.41	8.761
457.63	10.248
457.84	6.998
458.05	5.311
458.26	2.213
458.48	13.211
458.69	14.985
458.90	4.360
459.11	7.290
459.33	4.171
459.54	-2.397
459.75	2.021
459.96	3.941
460.18	4.590
460.39	7.902
460.60	3.096
460.81	3.540
461.02	3.721
461.24	3.378
461.45	5.714
461.66	-2.873
461.87	9.482
462.09	3.880
462.30	1.446
462.51	0.653
462.72	2.442
462.93	1.186
463.15	-1.580
463.36	3.507
463.57	1.680
463.78	-4.133
463.99	5.952
464.21	2.390
464.42	3.201
464.63	1.785
464.84	-0.431
465.05	3.242
465.27	5.015
465.48	0.806
465.69	6.627
465.90	6.970
466.11	5.150
466.33	6.758
466.54	5.058
466.75	4.673
466.96	1.033
467.17	3.663
467.38	-1.002
467.60	-1.088
467.81	-0.606
468.02	4.058
468.23	3.320
468.44	1.248
468.65	6.310
468.87	5.341
469.08	3.801
469.29	1.686
469.50	0.972
469.71	3.516
469.92	0.913
470.14	0.924
470.35	1.980
470.56	6.120
470.77	1.517
470.98	6.153
471.19	3.603
471.41	6.188
471.62	0.945
471.83	3.795
472.04	2.158
472.25	0.952
472.46	3.968
472.67	2.129
472.89	4.197
473.10	3.328
473.31	1.152
473.52	0.595
473.73	5.440
473.94	3.139
474.15	4.484
474.37	1.420
474.58	3.198
474.79	3.512
475.00	0.173
475.21	0.255
475.42	0.416
475.63	-0.463
475.84	0.820
476.06	-2.066
476.27	3.236
476.48	2.719
476.69	6.003
476.90	1.997
477.11	0.343
477.32	4.076
477.53	1.013
477.74	2.302
477.96	-0.899
478.17	1.401
478.38	1.150
478.59	2.974
478.80	1.823
479.01	3.477
479.22	1.564
479.43	1.864
479.64	2.501
479.85	2.747
480.06	3.342
480.28	1.608
480.49	3.456
480.70	4.896
480.91	4.865
481.12	2.006
481.33	1.706
481.54	3.449
481.75	0.603
481.96	0.562
482.17	0.898
482.38	1.800
482.59	3.489
482.81	1.395
483.02	2.967
483.23	2.351
483.44	1.980
483.65	4.464
483.86	3.029
484.07	3.172
484.28	3.196
484.49	1.313
484.70	3.408
484.91	2.048
485.12	3.485
485.33	4.124
485.54	2.747
485.75	2.025
485.96	1.246
486.17	4.292
486.38	5.073
486.60	4.708
486.81	3.732
487.02	5.304
487.23	2.197
487.44	4.993
487.65	1.959
487.86	2.513
488.07	2.844
488.28	4.198
488.49	2.975
488.70	3.687
488.91	4.426
489.12	4.718
489.33	5.543
489.54	3.832
489.75	4.553
489.96	2.849
490.17	5.410
490.38	3.975
490.59	4.334
490.80	4.696
491.01	6.274
491.22	4.876
491.43	4.435
491.64	5.256
491.85	5.065
492.06	5.022
492.27	6.575
492.48	4.647
492.69	5.251
492.90	4.387
493.11	5.766
493.32	6.668
493.53	6.119
493.74	7.833
493.95	6.775
494.16	6.589
494.37	8.560
494.58	6.393
494.79	8.450
495.00	6.726
495.21	8.562
495.42	9.251
495.63	8.085
495.84	9.026
496.05	8.693
496.26	8.205
496.47	9.843
496.68	9.406
496.89	9.228
497.10	9.682
497.31	11.088
497.52	11.583
497.73	10.673
497.94	11.129
498.15	11.979
498.36	11.444
498.57	14.075
498.78	11.378
498.99	11.730
499.19	13.253
499.40	12.213
499.61	13.343
499.82	13.644
500.03	14.278
500.24	14.403
500.45	14.500
500.66	14.624
500.87	15.680
501.08	16.534
501.29	15.672
501.50	15.872
501.71	16.309
501.92	16.201
502.13	18.150
502.34	17.676
502.55	18.831
502.76	17.320
502.96	18.508
503.17	20.341
503.38	20.154
503.59	20.488
503.80	19.647
504.01	21.366
504.22	21.786
504.43	22.276
504.64	22.827
504.85	24.205
505.06	23.573
505.27	23.954
505.47	24.289
505.68	24.526
505.89	24.539
506.10	25.336
506.31	25.630
506.52	24.648
506.73	25.426
506.94	27.157
507.15	26.501
507.36	29.192
507.56	27.238
507.77	28.591
507.98	28.792
508.19	29.795
508.40	29.271
508.61	29.270
508.82	30.146
509.03	30.647
509.24	31.274
509.44	31.411
509.65	31.469
509.86	32.100
510.07	32.686
510.28	33.447
510.49	33.636
510.70	34.712
510.91	35.089
511.11	33.347
511.32	34.022
511.53	34.760
511.74	34.185
511.95	34.843
512.16	34.969
512.37	35.862
512.58	36.281
512.78	36.846
512.99	36.318
513.20	37.025
513.41	37.420
513.62	36.884
513.83	37.640
514.04	38.622
514.24	38.034
514.45	38.092
514.66	38.575
514.87	39.110
515.08	38.858
515.29	38.774
515.49	39.213
515.70	40.247
515.91	39.390
516.12	40.608
516.33	40.150
516.54	39.796
516.74	41.293
516.95	41.184
517.16	41.435
517.37	41.704
517.58	41.080
517.79	41.894
517.99	41.421
518.20	41.919
518.41	42.403
518.62	42.636
518.83	43.133
519.03	42.276
519.24	42.351
519.45	43.633
519.66	43.369
519.87	43.119
520.07	43.908
520.28	43.619
520.49	43.163
520.70	43.930
520.91	43.053
521.12	42.806
521.32	43.347
521.53	43.242
521.74	44.616
521.95	43.912
522.15	44.416
522.36	44.494
522.57	45.361
522.78	43.712
522.99	43.924
523.19	44.320
523.40	44.153
523.61	44.785
523.82	43.880
524.03	44.413
524.23	44.660
524.44	44.532
524.65	44.629
524.86	44.050
525.06	45.076
525.27	44.859
525.48	44.862
525.69	44.374
525.89	44.482
526.10	45.100
526.31	45.448
526.52	45.086
526.72	45.663
526.93	44.923
527.14	44.704
527.35	44.538
527.56	44.414
527.76	44.380
527.97	43.719
528.18	45.041
528.38	44.093
528.59	44.671
528.80	44.290
529.01	44.339
529.21	44.196
529.42	44.030
529.63	43.820
529.84	44.488
530.04	44.092
530.25	44.264
530.46	44.406
530.67	43.356
530.87	44.603
531.08	43.910
531.29	44.291
531.50	44.010
531.70	44.115
531.91	43.355
532.12	43.491
532.32	44.298
532.53	43.190
532.74	42.742
532.95	42.847
533.15	42.610
533.36	43.779
533.57	43.253
533.77	42.895
533.98	43.000
534.19	43.362
534.39	43.082
534.60	42.625
534.81	42.354
535.02	43.406
535.22	42.820
535.43	42.946
535.64	42.789
535.84	42.373
536.05	41.940
536.26	41.669
536.46	41.285
536.67	41.994
536.88	41.908
537.08	41.748
537.29	42.159
537.50	41.622
537.70	42.040
537.91	41.897
538.12	41.745
538.33	41.945
538.53	40.954
538.74	41.531
538.95	41.146
539.15	40.136
539.36	40.228
539.57	40.161
539.77	40.227
539.98	40.232
540.18	40.141
540.39	39.672
540.60	39.838
540.80	40.400
541.01	40.052
541.22	40.359
541.42	38.766
541.63	39.690
541.84	39.791
542.04	39.406
542.25	39.516
542.46	38.834
542.66	38.859
542.87	37.602
543.08	38.410
543.28	38.551
543.49	37.883
543.69	38.344
543.90	38.349
544.11	37.721
544.31	37.905
544.52	36.495
544.73	36.770
544.93	36.563
545.14	37.537
545.34	37.133
545.55	36.852
545.76	36.828
545.96	36.286
546.17	36.133
546.38	36.266
546.58	36.140
546.79	35.961
546.99	35.655
547.20	35.789
547.41	35.493
547.61	35.376
547.82	35.769
548.02	35.263
548.23	34.774
548.44	35.030
548.64	35.350
548.85	34.777
549.05	33.560
549.26	34.621
549.47	34.322
549.67	33.722
549.88	33.865
550.08	33.328
550.29	32.944
550.50	33.038
550.70	32.786
550.91	33.289
551.11	33.099
551.32	32.450
551.52	32.888
551.73	31.992
551.94	32.188
552.14	31.473
552.35	31.449
552.55	31.750
552.76	31.478
552.96	31.452
553.17	31.233
553.38	32.171
553.58	31.357
553.79	30.484
553.99	31.067
554.20	30.734
554.40	30.152
554.61	30.779
554.81	29.888
555.02	29.701
555.23	29.873
555.43	29.477
555.64	29.507
555.84	29.159
556.05	29.096
556.25	28.459
556.46	28.477
556.66	28.589
556.87	28.825
557.07	28.276
557.28	28.124
557.48	27.846
557.69	27.900
557.90	28.099
558.10	27.256
558.31	27.795
558.51	27.491
558.72	26.565
558.92	27.177
559.13	26.913
559.33	26.269
559.54	26.196
559.74	26.383
559.95	26.071
560.15	25.952
560.36	25.858
560.56	25.323
560.77	25.174
560.97	25.445
561.18	24.853
561.38	24.516
561.59	24.814
561.79	24.605
562.00	24.214
562.20	24.438
562.41	24.063
562.61	23.964
562.82	23.985
563.02	23.082
563.23	23.140
563.43	22.962
563.64	23.020
563.84	22.731
564.05	22.529
564.25	22.124
564.46	22.468
564.66	22.612
564.87	22.097
565.07	21.338
565.28	21.659
565.48	21.807
565.68	21.342
565.89	21.001
566.09	21.326
566.30	20.696
566.50	20.815
566.71	20.322
566.91	20.376
567.12	19.862
567.32	20.024
567.53	20.138
567.73	19.679
567.94	19.302
568.14	19.521
568.34	19.457
568.55	19.190
568.75	18.737
568.96	18.735
569.16	18.281
569.37	18.233
569.57	17.810
569.78	18.045
569.98	17.782
570.18	17.502
570.39	17.671
570.59	17.359
570.80	17.082
571.00	17.329
571.21	16.951
571.41	16.522
571.61	16.602
571.82	16.659
572.02	15.822
572.23	16.372
572.43	15.445
572.64	15.794
572.84	15.609
573.04	15.155
573.25	15.020
573.45	15.227
573.66	15.014
573.86	14.994
574.06	14.505
574.27	14.147
574.47	14.550
574.68	13.877
574.88	14.210
575.08	13.829
575.29	14.018
575.49	13.548
575.70	13.016
575.90	13.425
576.10	13.195
576.31	12.916
576.51	12.749
576.72	12.574
576.92	12.338
577.12	12.132
577.33	12.119
577.53	11.839
577.73	12.154
577.94	11.460
578.14	11.308
578.35	11.255
578.55	11.124
578.75	10.428
578.96	10.869
579.16	11.000
579.36	10.375
579.57	10.218
579.77	10.605
579.98	10.442
580.18	9.643
580.38	10.254
580.59	9.767
580.79	9.867
580.99	9.475
581.20	9.290
581.40	9.110
581.60	8.906
581.81	8.781
582.01	8.953
582.21	8.950
582.42	8.919
582.62	7.870
582.82	8.113
583.03	7.849
583.23	8.019
583.43	7.991
583.64	8.071
583.84	7.599
584.04	7.834
584.25	7.455
584.45	7.387
584.65	7.410
584.86	6.593
585.06	7.088
585.26	6.945
585.47	6.722
585.67	6.781
585.87	6.410
586.08	6.519
586.28	6.367
586.48	6.284
586.69	6.212
586.89	6.056
587.09	5.977
587.30	5.847
587.50	5.736
587.70	5.623
587.90	5.226
588.11	5.534
588.31	5.486
588.51	5.274
588.72	5.156
588.92	4.934
589.12	4.830
589.33	4.782
589.53	4.852
589.73	4.737
589.93	4.686
590.14	4.965
590.34	4.621
590.54	4.337
590.75	4.391
590.95	4.190
591.15	4.335
591.35	4.028
591.56	3.920
591.76	4.221
591.96	3.770
592.16	3.952
592.37	3.821
592.57	3.432
592.77	3.608
592.97	3.590
593.18	3.295
593.38	3.306
593.58	3.346
593.79	3.194
593.99	3.304
594.19	2.988
594.39	2.988
594.60	3.313
594.80	3.019
595.00	3.038
595.20	2.970
595.41	2.847
595.61	3.061
595.81	2.728
596.01	2.639
596.21	2.502
596.42	2.649
596.62	2.571
596.82	2.685
597.02	2.327
597.23	2.357
597.43	2.251
597.63	2.430
597.83	2.161
598.04	2.264
598.24	2.318
598.44	2.221
598.64	2.205
598.84	1.924
599.05	2.207
599.25	1.968
599.45	2.197
599.65	2.043
599.85	1.805
600.06	2.006
600.26	1.934
600.46	1.790
600.66	1.782
600.87	1.722
601.07	1.693
601.27	1.871
601.47	1.596
601.67	1.688
601.87	1.396
602.08	1.532
602.28	1.732
602.48	1.499
602.68	1.485
602.88	1.400
603.09	1.438
603.29	1.480
603.49	1.334
603.69	1.578
603.89	1.337
604.10	1.305
604.30	1.472
604.50	1.387
604.70	1.271
604.90	1.107
605.10	1.244
605.31	1.175
605.51	1.297
605.71	1.023
605.91	1.102
606.11	0.980
606.31	1.118
606.52	0.905
606.72	1.310
606.92	0.808
607.12	1.184
607.32	0.946
607.52	0.965
607.72	0.896
607.93	0.842
608.13	0.906
608.33	0.791
608.53	0.898
608.73	0.969
608.93	0.980
609.13	0.724
609.34	0.847
609.54	0.877
609.74	0.923
609.94	0.766
610.14	0.853
610.34	0.701
610.54	0.804
610.74	0.617
610.95	0.682
611.15	0.826
611.35	0.728
611.55	0.673
611.75	0.771
611.95	0.675
612.15	0.590
612.35	0.587
612.56	0.505
612.76	0.759
612.96	0.764
613.16	0.656
613.36	0.432
613.56	0.412
613.76	0.471
613.96	0.577
614.16	0.533
614.36	0.508
614.57	0.682
614.77	0.548
614.97	0.377
615.17	0.554
615.37	0.508
615.57	0.456
615.77	0.474
615.97	0.496
616.17	0.490
616.37	0.458
616.57	0.712
616.78	0.266
616.98	0.432
617.18	0.733
617.38	0.515
617.58	0.466
617.78	0.456
617.98	0.528
618.18	0.408
618.38	0.500
618.58	0.327
618.78	0.265
618.98	0.254
619.18	0.417
619.38	0.314
619.58	0.183
619.79	0.281
619.99	0.254
620.19	0.271
620.39	0.288
620.59	0.298
620.79	0.330
620.99	0.270
621.19	0.196
621.39	0.445
621.59	0.362
621.79	0.364
621.99	0.247
622.19	0.238
622.39	0.303
622.59	0.176
622.79	0.274
622.99	0.389
623.19	0.092
623.39	0.241
623.59	0.539
623.79	0.228
623.99	0.266
624.19	0.239
624.39	0.352
624.59	0.212
624.79	0.081
624.99	0.117
625.19	0.182
625.39	0.105
625.59	0.332
625.79	0.330
625.99	0.308
626.19	0.204
626.39	0.219
626.59	0.230
626.79	0.231
626.99	0.261
627.19	0.172
627.39	0.328
627.59	0.255
627.79	0.189
627.99	0.206
628.19	0.169
628.39	0.055
628.59	0.269
628.79	0.092
628.99	0.102
629.19	0.086
629.39	0.265
629.59	0.057
629.79	0.188
629.99	0.120
630.19	0.171
630.39	0.117
630.59	0.118
630.79	0.013
630.99	0.093
631.19	0.050
631.39	0.203
631.59	0.128
631.79	0.086
631.99	0.184
632.19	0.156
632.39	0.206
632.59	0.135
632.79	0.218
632.99	0.126
633.19	0.166
633.39	0.130
633.58	0.020
633.78	0.301
633.98	0.219
634.18	0.240
634.38	0.130
634.58	0.203
634.78	0.140
634.98	0.154
635.18	0.061
635.38	0.070
635.58	0.233
635.78	0.076
635.98	0.134
636.18	0.141
636.38	0.166
636.57	0.053
636.77	0.102
636.97	0.087
637.17	0.238
637.37	0.043
637.57	0.326
637.77	0.160
637.97	-0.006
638.17	0.018
638.37	0.235
638.57	0.226
638.76	0.130
638.96	0.130
639.16	0.253
639.36	0.263
639.56	0.110
639.76	0.199
639.96	-0.087
640.16	0.117
640.36	0.287
640.56	0.115
640.75	0.145
640.95	0.160
641.15	0.213
641.35	0.169
641.55	0.282
641.75	0.022
641.95	0.022
642.15	0.101
642.34	0.104
642.54	0.141
642.74	0.144
642.94	0.097
643.14	0.149
643.34	0.272
643.54	0.193
643.74	0.071
643.93	0.193
644.13	0.125
644.33	0.182
644.53	0.090
644.73	0.194
644.93	0.146
645.13	0.080
645.32	0.077
645.52	0.090
645.72	0.256
645.92	0.105
646.12	0.145
646.32	0.183
646.52	0.189
646.71	0.192
646.91	0.091
647.11	0.129
647.31	0.141
647.51	0.187
647.71	0.061
647.90	0.140
648.10	0.239
648.30	0.062
648.50	-0.008
648.70	0.118
648.89	0.019
649.09	0.264
649.29	0.295
649.49	-0.059
649.69	0.265
649.89	0.215
650.08	0.238
650.28	0.097
650.48	-0.023
650.68	0.046
650.88	0.064
651.07	0.170
651.27	0.190
651.47	0.111
651.67	0.111
651.87	0.142
652.06	0.061
652.26	0.242
652.46	0.223
652.66	0.235
652.86	0.278
653.05	0.273
653.25	0.135
653.45	0.016
653.65	0.144
653.85	0.192
654.04	0.117
654.24	0.085
654.44	0.087
654.64	0.122
654.83	0.058
655.03	0.077
655.23	0.193
655.43	0.055
655.63	0.203
655.82	0.075
656.02	0.118
656.22	0.082
656.42	0.068
656.61	0.124
656.81	0.103
657.01	0.076
657.21	0.181
657.40	0.095
657.60	0.088
657.80	-0.099
658.00	0.110
658.19	0.063
658.39	0.242
658.59	0.079
658.79	0.193
658.98	0.178
659.18	0.096
659.38	0.136
659.58	0.158
659.77	0.128
659.97	0.096
660.17	0.140
660.36	0.288
660.56	0.136
660.76	0.179
660.96	-0.071
661.15	0.009
661.35	0.060
661.55	0.131
661.75	0.174
661.94	0.016
662.14	0.156
662.34	0.079
662.53	0.233
662.73	0.183
662.93	0.094
663.13	0.158
663.32	0.097
663.52	0.032
663.72	0.156
663.91	0.137
664.11	0.204
664.31	0.144
664.50	0.111
664.70	0.101
664.90	0.102
665.10	0.123
665.29	0.125
665.49	0.240
665.69	0.106
665.88	0.172
666.08	0.159
666.28	0.085
666.47	0.009
666.67	0.104
666.87	0.039
667.06	0.174
667.26	0.072
667.46	0.138
667.65	0.132
667.85	0.100
668.05	0.040
668.24	0.152
668.44	0.058
668.64	0.178
668.83	0.066
669.03	0.101
669.23	0.097
669.42	0.157
669.62	0.058
669.82	0.101
670.01	0.148
670.21	0.076
670.41	0.143
670.60	0.188
670.80	0.099
671.00	0.149
671.19	0.079
671.39	0.066
671.58	0.213
671.78	0.242
671.98	0.158
672.17	0.122
672.37	0.130
672.57	0.175
672.76	0.081
672.96	-0.027
673.15	0.144
673.35	0.060
673.55	0.021
673.74	0.085
673.94	0.212
674.14	0.167
674.33	0.119
674.53	0.081
674.72	0.186
674.92	0.211
675.12	0.177
675.31	0.172
675.51	0.186
675.70	0.115
675.90	0.065
676.10	0.055
676.29	0.080
676.49	0.120
676.68	0.189
676.88	0.162
677.08	0.154
677.27	0.162
677.47	0.193
677.66	0.178
677.86	-0.016
678.06	0.221
678.25	0.073
678.45	0.060
678.64	0.083
678.84	0.091
679.03	0.192
679.23	0.224
679.43	0.104
679.62	0.139
679.82	0.119
680.01	0.218
680.21	0.129
680.40	0.130
680.60	0.101
680.80	0.074
680.99	0.038
681.19	0.205
681.38	0.044
681.58	0.109
681.77	-0.016
681.97	0.166
682.16	0.081
682.36	0.067
682.56	0.111
682.75	0.179
682.95	0.093
683.14	0.158
683.34	0.101
683.53	0.085
683.73	0.152
683.92	0.187
684.12	0.119
684.31	0.155
684.51	0.163
684.70	0.060
684.90	0.130
685.10	0.181
685.29	0.154
685.49	0.135
685.68	0.054
685.88	0.077
686.07	0.138
686.27	0.101
686.46	0.099
686.66	0.141
686.85	0.148
687.05	0.038
687.24	0.174
687.44	0.150
687.63	0.071
687.83	0.118
688.02	0.137
688.22	0.183
688.41	0.068
688.61	0.131
688.80	0.164
689.00	0.160
689.19	0.165
689.39	0.056
689.58	0.154
689.78	0.171
689.97	0.236
690.17	0.201
690.36	0.189
690.56	0.020
690.75	0.166
690.95	0.148
691.14	0.128
691.34	0.128
691.53	0.130
691.72	0.148
691.92	0.183
692.11	0.120
692.31	0.166
692.50	0.104
692.70	0.072
692.89	0.129
693.09	0.201
693.28	0.266
693.48	0.124
693.67	0.184
693.87	0.112
694.06	0.256
694.25	0.168
694.45	0.160
694.64	0.069
694.84	0.278
695.03	0.259
695.23	0.191
695.42	0.210
695.62	0.209
695.81	0.157
696.00	0.177
696.20	0.196
696.39	0.131
696.59	0.247
696.78	0.125
696.98	0.212
697.17	0.243
697.36	0.165
697.56	0.230
697.75	0.178
697.95	0.195
698.14	0.210
698.34	0.170
698.53	0.144
698.72	0.249
698.92	0.149
699.11	0.215
699.31	0.127
699.50	0.240
699.69	0.157
699.89	0.203
700.08	0.271
700.28	0.156
700.47	0.241
700.66	0.174
700.86	0.222
701.05	0.235
701.25	0.276
701.44	0.252
701.63	0.275
701.83	0.182
702.02	0.307
702.21	0.248
702.41	0.269
702.60	0.196
702.80	0.235
702.99	0.352
703.18	0.324
703.38	0.340
703.57	0.327
703.77	0.281
703.96	0.304
704.15	0.248
704.35	0.201
704.54	0.377
704.73	0.386
704.93	0.261
705.12	0.277
705.31	0.253
705.51	0.307
705.70	0.321
705.89	0.401
706.09	0.387
706.28	0.503
706.48	0.426
706.67	0.499
706.86	0.378
707.06	0.543
707.25	0.503
707.44	0.479
707.64	0.438
707.83	0.436
708.02	0.493
708.22	0.508
708.41	0.501
708.60	0.464
708.80	0.502
708.99	0.528
709.18	0.698
709.38	0.616
709.57	0.644
709.76	0.678
709.95	0.707
710.15	0.647
710.34	0.777
710.53	0.713
710.73	0.674
710.92	0.742
711.11	0.771
711.31	0.630
711.50	0.843
711.69	0.798
711.89	0.929
712.08	0.935
712.27	0.877
712.46	0.895
712.66	0.973
712.85	0.965
713.04	1.054
713.24	1.008
713.43	1.056
713.62	1.041
713.81	1.055
714.01	1.108
714.20	1.171
714.39	1.297
714.59	1.290
714.78	1.344
714.97	1.331
715.16	1.308
715.36	1.315
715.55	1.368
715.74	1.427
715.93	1.564
716.13	1.542
716.32	1.637
716.51	1.637
716.71	1.534
716.90	1.688
717.09	1.749
717.28	1.853
717.48	1.927
717.67	1.891
717.86	2.014
718.05	2.102
718.25	2.138
718.44	2.037
718.63	2.285
718.82	2.222
719.02	2.329
719.21	2.405
719.40	2.462
719.59	2.505
719.78	2.515
719.98	2.672
720.17	2.662
720.36	2.726
720.55	2.772
720.75	2.957
720.94	2.985
721.13	3.020
721.32	3.053
721.51	3.187
721.71	3.136
721.90	3.359
722.09	3.435
722.28	3.575
722.48	3.579
722.67	3.677
722.86	3.815
723.05	3.962
723.24	3.880
723.44	4.132
723.63	4.201
723.82	4.189
724.01	4.429
724.20	4.508
724.40	4.467
724.59	4.575
724.78	4.789
724.97	4.648
725.16	4.957
725.35	5.026
725.55	5.227
725.74	5.308
725.93	5.277
726.12	5.627
726.31	5.775
726.51	5.882
726.70	5.867
726.89	6.016
727.08	6.223
727.27	6.390
727.46	6.412
727.66	6.483
727.85	6.698
728.04	6.692
728.23	6.990
728.42	7.116
728.61	7.259
728.81	7.236
729.00	7.460
729.19	7.522
729.38	7.672
729.57	7.968
729.76	8.232
729.95	8.195
730.15	8.432
730.34	8.588
730.53	8.712
730.72	8.766
730.91	9.082
731.10	9.208
731.29	9.501
731.49	9.468
731.68	9.745
731.87	9.949
732.06	10.174
732.25	10.219
732.44	10.390
732.63	10.707
732.82	10.776
733.02	10.852
733.21	11.121
733.40	11.328
733.59	11.548
733.78	11.651
733.97	12.001
734.16	11.970
734.35	12.311
734.54	12.513
734.74	12.768
734.93	12.872
735.12	13.080
735.31	13.248
735.50	13.444
735.69	13.725
735.88	13.836
736.07	13.946
736.26	14.172
736.45	14.579
736.64	14.609
736.84	15.061
737.03	15.098
737.22	15.420
737.41	15.592
737.60	15.590
737.79	15.997
737.98	16.121
738.17	16.440
738.36	16.591
738.55	16.892
738.74	17.098
738.93	17.288
739.12	17.669
739.32	17.614
739.51	17.860
739.70	18.212
739.89	18.374
740.08	18.750
740.27	18.874
740.46	19.089
740.65	19.022
740.84	19.603
741.03	19.781
741.22	20.019
741.41	20.049
741.60	20.365
741.79	20.700
741.98	20.864
742.17	21.026
742.36	21.383
742.55	21.495
742.74	21.750
742.93	22.001
743.12	22.219
743.31	22.556
743.51	22.790
743.70	22.958
743.89	23.293
744.08	23.364
744.27	23.702
744.46	23.938
744.65	24.324
744.84	24.334
745.03	24.563
745.22	24.775
745.41	25.266
745.60	25.386
745.79	25.491
745.98	25.688
746.17	26.083
746.36	26.321
746.55	26.457
746.74	26.839
746.93	27.081
747.12	27.266
747.31	27.461
747.50	27.725
747.69	28.014
747.88	28.190
748.07	28.269
748.26	28.778
748.45	29.080
748.64	29.076
748.83	29.161
749.02	29.487
749.21	29.721
749.40	29.951
749.59	30.143
749.77	30.535
749.96	30.571
750.15	30.911
750.34	31.064
750.53	31.181
750.72	31.468
750.91	31.807
751.10	31.951
751.29	32.372
751.48	32.599
751.67	32.892
751.86	32.930
752.05	33.244
752.24	33.570
752.43	33.429
752.62	33.801
752.81	33.936
753.00	34.181
753.19	33.980
753.38	34.508
753.57	34.841
753.76	35.238
753.94	35.502
754.13	35.395
754.32	35.617
754.51	35.840
754.70	36.133
754.89	36.234
755.08	36.548
755.27	36.805
755.46	36.730
755.65	37.217
755.84	37.351
756.03	37.587
756.22	37.884
756.40	37.868
756.59	37.871
756.78	38.330
756.97	38.467
757.16	38.825
757.35	38.819
757.54	39.204
757.73	39.291
757.92	39.565
758.11	39.808
758.29	39.774
758.48	40.112
758.67	40.195
758.86	40.755
759.05	40.479
759.24	40.838
759.43	40.944
759.62	40.996
759.81	41.368
759.99	41.297
760.18	41.623
760.37	41.874
760.56	41.915
760.75	42.415
760.94	42.325
761.13	42.574
761.32	42.904
761.50	42.916
761.69	43.012
761.88	43.185
762.07	43.308
762.26	43.559
762.45	43.590
762.64	43.836
762.82	44.160
763.01	44.256
763.20	44.476
763.39	44.688
763.58	44.847
763.77	44.828
763.96	45.106
764.14	45.158
764.33	45.197
764.52	45.495
764.71	45.455
764.90	45.896
765.09	45.964
765.27	45.581
765.46	46.315
765.65	46.421
765.84	46.615
766.03	46.618
766.22	46.854
766.40	46.911
766.59	47.001
766.78	47.132
766.97	47.283
767.16	47.600
767.35	47.430
767.53	47.899
767.72	47.822
767.91	47.961
768.10	47.968
768.29	47.997
768.47	48.574
768.66	48.397
768.85	48.574
769.04	48.838
769.23	49.149
769.41	48.884
769.60	49.227
769.79	49.330
769.98	49.457
770.17	49.627
770.35	49.422
770.54	49.991
770.73	49.911
770.92	50.125
771.10	50.253
771.29	50.141
771.48	50.140
771.67	50.321
771.86	50.415
772.04	50.602
772.23	50.587
772.42	50.971
772.61	50.973
772.79	51.195
772.98	51.254
773.17	51.459
773.36	51.813
773.54	51.583
773.73	51.663
773.92	51.652
774.11	51.709
774.30	51.612
774.48	52.113
774.67	52.084
774.86	52.089
775.05	52.279
775.23	52.604
775.42	52.442
775.61	52.583
775.79	52.664
775.98	52.573
776.17	52.852
776.36	52.855
776.54	53.093
776.73	53.282
776.92	53.266
777.11	53.132
777.29	53.437
777.48	53.207
777.67	53.721
777.85	53.767
778.04	53.722
778.23	53.570
778.42	53.838
778.60	54.230
778.79	53.865
778.98	54.170
779.16	54.035
779.35	54.471
779.54	54.573
779.73	54.346
779.91	54.588
780.10	54.990
780.29	54.731
780.47	54.698
780.66	54.811
780.85	54.770
781.03	54.938
781.22	55.031
781.41	55.183
781.60	54.814
781.78	55.338
781.97	55.620
782.16	55.246
782.34	55.065
782.53	55.508
782.72	55.474
782.90	55.485
783.09	55.751
783.28	55.765
783.46	55.950
783.65	55.766
783.84	56.054
784.02	56.031
784.21	55.749
784.40	56.052
784.58	56.006
784.77	56.251
784.96	56.202
785.14	56.642
785.33	56.365
785.52	56.372
785.70	56.647
785.89	56.381
786.08	56.457
786.26	56.667
786.45	56.842
786.63	56.426
786.82	57.112
787.01	56.556
787.19	56.652
787.38	56.670
787.57	56.662
787.75	56.656
787.94	56.778
788.13	57.158
788.31	57.324
788.50	57.273
788.68	57.245
788.87	57.321
789.06	57.420
789.24	57.104
789.43	57.436
789.61	57.504
789.80	57.537
789.99	57.700
790.17	57.574
790.36	57.564
790.55	57.914
790.73	57.889
790.92	57.919
791.10	57.625
791.29	57.806
791.48	57.794
791.66	57.913
791.85	57.787
792.03	58.131
792.22	58.262
792.40	57.846
792.59	58.304
792.78	57.925
792.96	58.265
793.15	58.019
793.33	58.170
793.52	58.347
793.71	58.583
793.89	58.390
794.08	58.244
794.26	58.174
794.45	58.606
794.63	58.509
794.82	58.582
795.01	58.713
795.19	58.697
795.38	58.695
795.56	58.482
795.75	58.694
795.93	58.281
796.12	58.615
796.30	58.811
796.49	58.767
796.68	58.879
796.86	58.924
797.05	58.698
797.23	59.143
797.42	59.127
797.60	59.114
797.79	59.291
797.97	58.906
798.16	58.922
798.34	59.006
798.53	59.130
798.71	59.072
798.90	59.313
799.08	59.144
799.27	59.424
799.46	59.306
799.64	59.295
799.83	59.330
800.01	59.413
800.20	59.258
800.38	59.461
800.57	59.177
800.75	59.379
800.94	59.155
801.12	59.628
801.31	59.507
801.49	59.327
801.68	59.317
801.86	59.313
802.05	59.663
802.23	59.908
802.42	60.083
802.60	59.496
802.79	59.528
802.97	59.895
803.16	59.999
803.34	59.768
803.53	60.163
803.71	59.608
803.90	59.815
804.08	59.622
804.27	59.650
804.45	59.770
804.63	59.566
804.82	59.891
805.00	59.891
805.19	59.891
805.37	60.259
805.56	60.031
805.74	59.742
805.93	59.865
806.11	60.202
806.30	60.381
806.48	59.947
806.67	60.004
806.85	60.040
807.04	59.976
807.22	60.038
807.40	60.120
807.59	60.061
807.77	59.940
807.96	59.901
808.14	60.098
808.33	59.919
808.51	60.285
808.69	59.973
808.88	60.049
809.06	60.011
809.25	60.253
809.43	59.921
809.62	60.217
809.80	59.982
809.99	60.406
810.17	60.320
810.35	60.390
810.54	60.217
810.72	60.580
810.91	60.035
811.09	60.168
811.27	60.165
811.46	59.989
811.64	60.325
811.83	60.263
812.01	60.429
812.19	60.671
812.38	60.304
812.56	60.349
812.75	60.860
812.93	60.676
813.11	60.333
813.30	60.124
813.48	60.387
813.67	60.419
813.85	60.621
814.03	60.451
814.22	60.541
814.40	60.387
814.59	60.278
814.77	60.364
814.95	60.452
815.14	60.615
815.32	60.365
815.50	60.285
815.69	60.438
815.87	60.206
816.06	60.525
816.24	60.418
816.42	60.168
816.61	60.563
816.79	60.335
816.97	60.761
817.16	60.584
817.34	60.630
817.52	60.499
817.71	60.742
817.89	60.650
818.07	60.509
818.26	60.604
818.44	60.657
818.63	60.226
818.81	60.739
818.99	60.604
819.18	60.561
819.36	60.617
819.54	60.524
819.73	60.330
819.91	60.667
820.09	60.550
820.28	60.819
820.46	60.490
820.64	60.901
820.83	60.661
821.01	60.694
821.19	60.822
821.37	60.580
821.56	60.988
821.74	60.396
821.92	60.725
822.11	60.804
822.29	60.780
822.47	60.704
822.66	60.676
822.84	60.732
823.02	60.413
823.21	60.878
823.39	60.921
823.57	60.694
823.75	60.645
823.94	60.586
824.12	60.829
824.30	60.830
824.49	60.992
824.67	61.102
824.85	60.829
825.03	60.807
825.22	60.639
825.40	60.790
825.58	60.693
825.77	60.791
825.95	61.049
826.13	60.885
826.31	60.855
826.50	60.775
826.68	61.112
826.86	60.823
827.04	61.205
827.23	60.705
827.41	61.037
827.59	60.722
827.78	61.029
827.96	60.891
828.14	60.939
828.32	60.959
828.51	60.844
828.69	60.757
828.87	61.208
829.05	61.240
829.23	61.112
829.42	60.879
829.60	60.837
829.78	61.030
829.96	61.018
830.15	60.941
830.33	60.920
830.51	60.912
830.69	61.200
830.88	60.719
831.06	60.589
831.24	60.934
831.42	60.637
831.60	60.716
831.79	60.985
831.97	60.930
832.15	60.921
832.33	60.858
832.52	60.913
832.70	60.610
832.88	60.718
833.06	60.504
833.24	61.173
833.43	60.755
833.61	60.877
833.79	61.034
833.97	60.881
834.15	61.048
834.34	60.784
834.52	60.700
834.70	60.454
834.88	60.782
835.06	60.783
835.25	61.260
835.43	60.715
835.61	60.911
835.79	60.943
835.97	60.872
836.15	61.142
836.34	60.810
836.52	60.735
836.70	60.787
836.88	60.952
837.06	60.993
837.24	60.867
837.43	60.729
837.61	60.989
837.79	60.377
837.97	60.757
838.15	60.659
838.33	60.632
838.52	60.577
838.70	61.011
838.88	60.873
839.06	60.747
839.24	60.721
839.42	60.959
839.60	61.317
839.79	60.645
839.97	60.876
840.15	61.036
840.33	60.790
840.51	61.153
840.69	60.743
840.87	61.150
841.06	61.098
841.24	60.964
841.42	61.048
841.60	60.559
841.78	60.648
841.96	61.118
842.14	60.392
842.32	61.053
842.51	60.853
842.69	60.761
842.87	60.912
843.05	60.890
843.23	61.207
843.41	60.592
843.59	60.722
843.77	60.605
843.95	60.884
844.14	60.846
844.32	61.016
844.50	61.041
844.68	61.082
844.86	60.831
845.04	60.956
845.22	60.540
845.40	61.043
845.58	60.921
845.76	60.643
845.94	60.730
846.12	61.073
846.31	61.182
846.49	60.813
846.67	61.094
846.85	60.909
847.03	60.956
847.21	60.847
847.39	61.040
847.57	60.946
847.75	60.810
847.93	61.148
848.11	60.869
848.29	60.683
848.47	60.953
848.65	61.013
848.83	60.839
849.02	60.692
849.20	60.487
849.38	60.851
849.56	60.778
849.74	60.768
849.92	60.793
850.10	60.869
850.28	60.977
850.46	61.029
850.64	60.538
850.82	60.629
851.00	60.643
851.18	60.760
851.36	60.938
851.54	61.162
851.72	60.915
851.90	60.801
852.08	60.754
852.26	60.499
852.44	60.840
852.62	60.793
852.80	60.537
852.98	60.919
853.16	60.572
853.34	61.213
853.52	60.943
853.70	60.907
853.88	60.670
854.06	60.680
854.24	60.979
854.42	60.874
854.60	60.975
854.78	60.928
854.96	61.136
855.14	60.801
855.32	60.601
855.50	60.653
855.68	60.662
855.86	60.574
856.04	60.757
856.22	60.807
856.40	60.700
856.58	60.365
856.76	60.348
856.94	60.865
857.12	60.400
857.30	60.951
857.48	60.728
857.66	60.314
857.84	60.602
858.02	60.617
858.20	60.612
858.38	60.707
858.56	60.758
858.74	60.731
858.92	60.186
859.10	60.455
859.28	60.609
859.46	60.636
859.64	60.690
859.81	60.560
859.99	61.006
860.17	60.890
860.35	60.802
860.53	60.757
860.71	60.957
860.89	60.608
861.07	60.881
861.25	61.062
861.43	60.632
861.61	60.834
861.79	60.886
861.97	60.723
862.15	60.422
862.33	61.140
862.50	60.401
862.68	60.607
862.86	60.576
863.04	60.346
863.22	60.397
863.40	60.545
863.58	60.874
863.76	60.555
863.94	61.012
864.12	60.778
864.30	60.529
864.47	60.510
864.65	60.968
864.83	60.630
865.01	60.866
865.19	60.591
865.37	60.618
865.55	60.982
865.73	60.318
865.91	60.535
866.09	60.852
866.26	60.306
866.44	60.554
866.62	60.645
866.80	60.799
866.98	60.717
867.16	60.309
867.34	60.481
867.52	60.599
867.69	60.497
867.87	60.762
868.05	60.509
868.23	60.465
868.41	60.709
868.59	60.890
868.77	60.702
868.94	60.995
869.12	60.426
869.30	60.523
869.48	60.678
869.66	60.382
869.84	61.233
870.02	60.666
870.19	60.504
870.37	61.049
870.55	60.850
870.73	60.394
870.91	60.996
871.09	60.487
871.26	61.005
871.44	60.541
871.62	60.326
871.80	60.493
871.98	60.601
872.16	60.568
872.33	60.851
872.51	60.536
872.69	60.482
872.87	60.542
873.05	60.141
873.22	60.602
873.40	60.384
873.58	60.439
873.76	60.316
873.94	60.643
874.12	60.574
874.29	60.659
874.47	60.761
874.65	60.252
874.83	60.480
875.01	60.514
875.18	60.515
875.36	60.773
875.54	60.178
875.72	60.571
875.89	60.388
876.07	60.324
876.25	60.402
876.43	60.301
876.61	60.304
876.78	60.735
876.96	60.774
877.14	60.282
877.32	60.782
877.49	60.500
877.67	60.505
877.85	60.408
878.03	60.628
878.21	60.644
878.38	60.647
878.56	60.458
878.74	60.452
878.92	60.192
879.09	60.661
879.27	60.565
879.45	60.768
879.63	60.447
879.80	60.252
879.98	60.731
880.16	60.499
880.34	60.502
880.51	60.010
880.69	60.793
880.87	60.303
881.05	60.720
881.22	60.380
881.40	60.488
881.58	60.616
881.75	60.012
881.93	60.652
882.11	60.456
882.29	60.364
882.46	60.230
882.64	60.431
882.82	60.402
883.00	60.070
883.17	60.088
883.35	60.349
883.53	60.341
883.70	60.606
883.88	60.128
884.06	60.553
884.23	60.064
884.41	60.409
884.59	60.547
884.77	60.222
884.94	60.248
885.12	60.409
885.30	60.374
885.47	60.514
885.65	60.383
885.83	60.156
886.00	60.882
886.18	60.181
886.36	60.228
886.53	60.739
886.71	60.473
886.89	60.341
887.07	60.597
887.24	60.645
887.42	60.559
887.60	60.280
887.77	60.542
887.95	60.445
888.13	60.264
888.30	60.215
888.48	60.336
888.66	60.411
888.83	60.335
889.01	60.621
889.18	60.553
889.36	60.447
889.54	60.554
889.71	60.506
889.89	60.590
890.07	60.424
890.24	60.239
890.42	59.980
890.60	60.118
890.77	59.998
890.95	60.118
891.13	60.006
891.30	60.229
891.48	60.023
891.65	60.296
891.83	60.251
892.01	60.334
892.18	60.351
892.36	60.185
892.54	60.376
892.71	60.249
892.89	60.660
893.06	60.631
893.24	60.373
893.42	60.285
893.59	60.114
893.77	60.411
893.94	60.435
894.12	60.526
894.30	60.323
894.47	60.308
894.65	60.562
894.82	60.133
895.00	59.991
895.18	60.103
895.35	60.067
895.53	60.088
895.70	59.977
895.88	60.587
896.06	60.259
896.23	60.245
896.41	60.016
896.58	60.437
896.76	59.886
896.93	59.797
897.11	59.966
897.29	60.219
897.46	59.851
897.64	60.306
897.81	60.153
897.99	60.444
898.16	60.340
898.34	60.265
898.52	60.473
898.69	60.009
898.87	59.862
899.04	60.395
899.22	60.129
899.39	60.002
899.57	60.176
899.74	60.328
899.92	59.985
900.10	60.538
900.27	60.040
900.45	60.362
900.62	60.170
900.80	60.481
900.97	59.868
901.15	59.826
901.32	60.392
901.50	60.418
901.67	60.158
901.85	60.475
902.02	59.907
902.20	59.763
902.37	60.133
902.55	60.147
902.72	59.914
902.90	60.234
903.07	59.968
903.25	60.236
903.43	60.283
903.60	60.020
903.78	59.682
903.95	59.939
904.13	59.806
904.30	59.979
904.48	59.819
904.65	59.848
904.83	59.848
905.00	60.075
905.17	60.113
905.35	59.835
905.52	60.142
905.70	60.119
905.87	59.998
906.05	59.889
906.22	59.932
906.40	60.098
906.57	60.171
906.75	59.925
906.92	60.070
907.10	60.106
907.27	59.856
907.45	59.866
907.62	59.866
907.80	59.848
907.97	59.820
908.15	59.778
908.32	59.989
908.49	59.721
908.67	59.993
908.84	60.097
909.02	60.297
909.19	59.976
909.37	60.236
909.54	60.034
909.72	59.697
909.89	59.969
910.07	59.756
910.24	60.033
910.41	60.053
910.59	59.889
910.76	60.024
910.94	59.789
911.11	60.315
911.29	60.105
911.46	60.346
911.63	60.141
911.81	60.062
911.98	59.819
912.16	60.217
912.33	60.144
912.50	60.342
912.68	59.894
912.85	59.824
913.03	59.704
913.20	59.798
913.38	59.602
913.55	60.105
913.72	59.802
913.90	59.575
914.07	59.712
914.25	59.598
914.42	60.112
914.59	59.868
914.77	59.919
914.94	60.134
915.11	59.579
915.29	59.712
915.46	60.355
915.64	59.837
915.81	60.278
915.98	59.842
916.16	60.175
916.33	59.921
916.51	59.910
916.68	59.882
916.85	60.195
917.03	60.078
917.20	59.806
917.37	59.887
917.55	59.842
917.72	59.408
917.89	60.244
918.07	59.769
918.24	59.969
918.42	59.714
918.59	59.864
918.76	59.244
918.94	60.484
919.11	59.700
919.28	60.030
919.46	60.057
919.63	59.720
919.80	60.081
919.98	60.149
920.15	59.975
920.32	60.135
920.50	59.975
920.67	59.789
920.84	59.817
921.02	59.705
921.19	60.147
921.36	59.800
921.54	59.633
921.71	59.678
921.88	59.853
922.06	59.763
922.23	59.307
922.40	59.886
922.57	60.171
922.75	60.155
922.92	59.875
923.09	59.898
923.27	60.225
923.44	59.945
923.61	60.220
923.79	59.352
923.96	59.929
924.13	59.686
924.30	59.947
924.48	59.914
924.65	60.163
924.82	59.988
925.00	60.089
925.17	59.994
925.34	59.956
925.51	60.087
925.69	59.707
925.86	59.412
926.03	59.864
926.21	60.284
926.38	59.735
926.55	59.986
926.72	59.848
926.90	59.620
927.07	59.843
927.24	59.691
927.41	59.873
927.59	59.619
927.76	59.872
927.93	59.770
928.10	59.363
928.28	59.359
928.45	59.706
928.62	59.582
928.79	60.405
928.97	59.678
929.14	59.779
929.31	59.817
929.48	60.196
929.66	60.093
929.83	60.489
930.00	59.734
930.17	60.109
930.34	60.123
930.52	59.155
930.69	60.513
930.86	60.155
931.03	60.592
931.21	60.258
931.38	59.508
931.55	59.678
931.72	59.730
931.89	59.779
932.07	59.707
932.24	60.005
932.41	59.469
932.58	59.837
932.75	59.986
932.93	59.793
933.10	59.805
933.27	59.761
933.44	59.536
933.61	60.036
933.79	59.833
933.96	59.904
934.13	60.253
934.30	60.060
934.47	59.589
934.65	59.935
934.82	59.955
934.99	59.616
935.16	60.348
935.33	59.694
935.50	59.953
935.68	59.909
935.85	59.510
936.02	59.870
936.19	60.316
936.36	59.620
936.53	60.519
936.71	59.698
936.88	59.369
937.05	60.066
937.22	59.126
937.39	59.581
937.56	59.398
937.74	59.671
937.91	59.846
938.08	59.768
938.25	59.886
938.42	59.911
938.59	59.914
938.76	59.971
938.94	59.928
939.11	60.541
939.28	59.792
939.45	59.429
939.62	60.081
939.79	60.056
939.96	59.757
940.13	59.498
940.31	59.947
940.48	60.389
940.65	59.734
940.82	59.504
940.99	60.294
941.16	60.355
941.33	59.720
941.50	59.915
941.67	59.750
941.85	59.818
942.02	59.488
942.19	60.039
942.36	60.046
942.53	59.531
942.70	60.061
942.87	59.246
943.04	59.599
943.21	59.861
943.38	59.568
943.56	59.356
943.73	59.951
943.90	59.991
944.07	59.656
944.24	59.571
944.41	59.626
944.58	59.886
944.75	59.612
944.92	59.321
945.09	60.056
945.26	59.787
945.43	59.668
945.60	59.823
945.78	59.800
945.95	59.516
946.12	59.630
946.29	59.413
946.46	59.465
946.63	59.677
946.80	59.561
946.97	60.250
947.14	59.977
947.31	60.176
947.48	59.377
947.65	60.488
947.82	59.415
947.99	60.168
948.16	59.562
948.33	59.849
948.50	59.501
948.67	60.036
948.84	59.632
949.01	59.679
949.18	60.280
949.35	60.342
949.52	59.872
949.69	59.540
949.86	59.691
950.03	59.931
950.20	59.459
950.38	60.786
950.55	59.998
950.72	60.565
950.89	59.681
951.06	59.454
951.23	60.267
951.40	59.735
951.57	59.618
951.74	59.952
951.91	60.207
952.08	59.945
952.25	59.755
952.42	59.854
952.59	59.891
952.76	60.032
952.92	59.721
953.09	59.640
953.26	59.753
953.43	60.033
953.60	59.654
953.77	59.604
953.94	59.647
954.11	59.952
954.28	59.376
954.45	60.134
954.62	59.907
954.79	60.104
954.96	60.096
955.13	59.552
955.30	60.446
955.47	59.777
955.64	59.861
955.81	59.566
955.98	58.761
956.15	59.573
956.32	59.742
956.49	59.625
956.66	59.323
956.83	60.428
957.00	59.924
957.17	59.649
957.33	59.785
957.50	59.687
957.67	59.201
957.84	59.343
958.01	59.533
958.18	59.859
958.35	59.351
958.52	59.594
958.69	59.558
958.86	59.609
959.03	59.307
959.20	59.835
959.37	59.804
959.53	59.529
959.70	59.341
959.87	59.257
960.04	59.900
960.21	59.617
960.38	60.064
960.55	59.331
960.72	58.994
960.89	59.715
961.06	60.035
961.23	59.957
961.39	59.770
961.56	59.887
961.73	60.213
961.90	60.291
962.07	58.912
962.24	59.555
962.41	59.940
962.58	59.069
962.75	59.644
962.91	59.661
963.08	59.610
963.25	59.685
963.42	59.594
963.59	59.493
963.76	59.649
963.93	60.054
964.09	59.829
964.26	59.827
964.43	58.963
964.60	59.734
964.77	60.071
964.94	59.105
965.11	59.472
965.27	59.601
965.44	59.866
965.61	59.625
965.78	60.142
965.95	60.135
966.12	59.848
966.29	59.740
966.45	58.942
966.62	59.539
966.79	60.332
966.96	59.813
967.13	59.661
967.30	59.651
967.46	59.497
967.63	59.332
967.80	59.704
967.97	59.259
968.14	59.774
968.30	59.809
968.47	59.976
968.64	60.012
968.81	59.794
968.98	59.571
969.15	59.291
969.31	59.943
969.48	59.838
969.65	59.903
969.82	59.677
969.99	59.433
970.15	59.236
970.32	60.242
970.49	59.180
970.66	59.540
970.82	59.336
970.99	59.779
971.16	59.093
971.33	60.161
971.50	60.164
971.66	59.303
971.83	59.582
972.00	59.111
972.17	60.002
972.34	59.940
972.50	60.575
972.67	59.853
972.84	59.644
973.01	59.994
973.17	60.305
973.34	60.034
973.51	59.576
973.68	59.978
973.84	59.504
974.01	59.623
974.18	60.008
974.35	60.238
974.51	59.560
974.68	59.717
974.85	59.467
975.02	59.613
975.18	59.590
975.35	59.759
975.52	59.326
975.69	59.776
975.85	59.963
976.02	59.979
976.19	59.826
976.36	59.116
976.52	59.883
976.69	59.774
976.86	59.920
977.02	60.151
977.19	59.358
977.36	60.070
977.53	59.405
977.69	59.607
977.86	58.868
978.03	59.633
978.19	59.125
978.36	60.027
978.53	59.682
978.70	59.158
978.86	60.008
979.03	59.695
979.20	59.629
979.36	59.198
979.53	59.728
979.70	60.092
979.86	59.786
980.03	60.185
980.20	59.224
980.36	60.082
980.53	59.352
980.70	59.708
980.86	59.478
981.03	60.095
981.20	59.937
981.36	59.928
981.53	60.068
981.70	59.972
981.86	59.851
982.03	59.104
982.20	59.830
982.36	59.488
982.53	60.598
982.70	60.296
982.86	59.685
983.03	59.745
983.20	60.028
983.36	60.267
983.53	60.354
983.70	59.768
983.86	58.757
984.03	59.006
984.20	59.508
984.36	60.166
984.53	59.548
984.70	59.910
984.86	59.305
985.03	59.175
985.19	59.698
985.36	59.494
985.53	59.243
985.69	59.730
985.86	60.092
986.03	59.142
986.19	59.370
986.36	59.296
986.52	58.656
986.69	59.159
986.86	60.051
987.02	58.972
987.19	58.680
987.35	59.712
987.52	59.598
987.69	58.780
987.85	59.363
988.02	59.376
988.18	60.346
988.35	58.002
988.52	58.849
988.68	59.614
988.85	59.051
989.01	59.926
989.18	59.473
989.35	60.024
989.51	59.623
989.68	58.464
989.84	59.341
990.01	59.177
990.17	59.782
990.34	59.798
990.51	58.966
990.67	60.254
990.84	59.303
991.00	59.716
991.17	60.600
991.33	58.489
991.50	59.507
991.66	59.624
991.83	58.745
992.00	59.913
992.16	59.002
992.33	58.332
992.49	59.489
992.66	60.273
992.82	58.670
992.99	60.293
993.15	59.490
993.32	59.253
993.48	59.921
993.65	60.334
993.82	58.386
993.98	59.258
994.15	59.145
994.31	59.733
994.48	59.929
994.64	58.304
994.81	58.919
994.97	59.363
995.14	59.605
995.30	59.461
995.47	59.489
995.63	59.999
995.80	58.643
995.96	58.712
996.13	60.046
996.29	59.712
996.46	59.637
996.62	60.082
996.79	59.919
996.95	59.399
997.12	60.243
997.28	59.531
997.45	59.351
997.61	59.041
997.78	59.974
997.94	60.429
998.11	59.057
998.27	59.037
998.44	60.498
998.60	59.774
998.77	60.438
998.93	59.397
999.10	60.502
999.26	59.041
999.43	59.833
999.59	61.186
999.75	60.217
999.92	60.172
1000.08	60.030
1000.25	60.639
1000.41	59.801
1000.58	61.803
1000.74	59.698
1000.91	58.370
1001.07	59.090
1001.24	59.257
1001.40	59.351
1001.56	59.638
1001.73	59.297
1001.89	58.890
1002.06	58.264
1002.22	59.551
1002.39	59.355
1002.55	60.036
1002.71	59.982
1002.88	60.075
1003.04	61.159
1003.21	59.725
1003.37	60.306
1003.54	58.343
1003.70	60.234
1003.86	59.809
1004.03	60.562
1004.19	59.615
1004.36	58.523
1004.52	59.963
1004.68	61.189
1004.85	60.399
1005.01	59.444
1005.18	58.715
1005.34	60.397
1005.50	58.589
1005.67	59.396
1005.83	60.757
1006.00	59.966
1006.16	58.361
1006.32	61.147
1006.49	60.847
1006.65	60.161
1006.82	60.639
1006.98	59.355
1007.14	60.236
1007.31	61.235
1007.47	59.324
1007.63	59.331
1007.80	58.828
1007.96	60.013
1008.13	60.359
1008.29	59.165
1008.45	59.935
1008.62	58.794
1008.78	60.077
1008.94	60.341
1009.11	58.687
1009.27	59.998
1009.43	59.791
1009.60	58.409
1009.76	60.350
1009.92	60.572
1010.09	59.921
1010.25	59.224
1010.42	59.084
1010.58	59.629
1010.74	59.283
1010.91	59.515
1011.07	59.994
1011.23	59.280
1011.40	58.308
1011.56	57.664
1011.72	61.343
1011.89	58.238
1012.05	59.313
1012.21	59.070
1012.37	58.236
1012.54	58.469
1012.70	60.909
1012.86	59.235
1013.03	59.187
1013.19	58.843
1013.35	59.404
1013.52	59.142
1013.68	60.280
1013.84	58.933
1014.01	60.745
1014.17	59.265
1014.33	58.670
1014.49	60.056
1014.66	58.467
1014.82	58.663
1014.98	59.850
1015.15	59.956
1015.31	61.021
1015.47	60.053
1015.63	60.564
1015.80	58.556
1015.96	58.461
1016.12	58.990
1016.29	59.630
1016.45	60.337
1016.61	60.000
1016.77	59.608
1016.94	59.048
1017.10	59.227
1017.26	58.490
1017.42	59.769
1017.59	59.893
1017.75	59.325
1017.91	58.235
1018.07	60.935
1018.24	61.201
1018.40	58.557
1018.56	59.583
1018.72	60.751
1018.89	60.830
1019.05	60.044
1019.21	58.289
1019.37	61.925
1019.54	60.778
1019.70	58.515
1019.86	60.985
1020.02	60.268
1020.19	62.565
1020.35	57.662
1020.51	60.441
1020.67	60.957
1020.83	60.022
1021.00	61.682
1021.16	59.273
1021.32	60.905
1021.48	62.489
1021.64	60.648
1021.81	59.243
1021.97	58.074
1022.13	58.466
1022.29	59.698
1022.45	60.827
1022.62	59.483
1022.78	58.595
1022.94	62.248
1023.10	61.750
1023.26	61.211
1023.43	59.536
1023.59	57.564
1023.75	61.922
1023.91	59.234
1024.07	57.971
1024.24	60.911
1024.40	58.960
1024.56	61.555
1024.72	62.083
1024.88	60.397
1025.04	61.335
1025.21	60.502
1025.37	59.795
1025.53	59.814
1025.69	59.343
1025.85	59.793
1026.01	61.414
1026.18	58.750
1026.34	59.540
1026.50	58.411
1026.66	59.273
1026.82	59.394
1026.98	57.553
1027.14	57.793
1027.31	62.552
1027.47	58.798
1027.63	58.940
1027.79	57.085
1027.95	61.586
1028.11	58.477
1028.27	59.615
1028.44	61.863
1028.60	58.070
1028.76	56.653
1028.92	58.148
1029.08	59.175
1029.24	59.574
1029.40	60.212
1029.56	60.464
1029.73	59.063
1029.89	63.552
1030.05	57.317
1030.21	57.451
1030.37	58.894
1030.53	63.455
1030.69	61.816
1030.85	59.979
1031.01	60.323
1031.17	58.049
1031.34	56.639
1031.50	59.627
1031.66	59.509
1031.82	59.093
1031.98	60.856
1032.14	61.011
1032.30	57.534
1032.46	60.617
1032.62	60.336
1032.78	57.048
1032.94	59.431
1033.10	60.474
1033.27	55.172
1033.43	57.533
1033.59	60.945
1033.75	57.988
1033.91	58.641
1034.07	58.296
1034.23	61.586
1034.39	60.954
1034.55	60.736
1034.71	58.778
1034.87	57.022
1035.03	61.928
1035.19	59.734
1035.35	60.553
1035.51	64.181
1035.67	60.207
1035.83	62.593
1035.99	62.672
1036.16	61.810
1036.32	63.557
1036.48	60.044
1036.64	60.994
1036.80	59.633
1036.96	64.148
1037.12	58.444
1037.28	53.551
1037.44	65.259
1037.60	60.478
1037.76	65.398
1037.92	57.959
1038.08	60.796
1038.24	56.883
1038.40	56.353
1038.56	57.841
1038.72	61.850
1038.88	60.286
1039.04	56.666
1039.20	60.801
1039.36	55.234
1039.52	59.147
1039.68	61.402
1039.84	58.239
1040.00	60.598
1040.16	60.113
1040.32	61.649
1040.48	58.286
1040.64	58.124
1040.80	53.535
1040.96	63.963
1041.12	57.904
1041.28	57.478
1041.44	61.046
1041.60	60.410
1041.76	58.094
1041.92	65.829
1042.08	56.861
1042.24	61.591
1042.39	56.865
1042.55	60.321
1042.71	58.931
1042.87	64.773
1043.03	60.031
1043.19	57.808
