345.44	-12.18
345.66	-12.18
345.88	-12.18
346.10	1.13
346.31	-11.98
346.53	-1.23
346.75	-0.41
346.97	10.45
347.19	7.99
347.41	-11.26
347.63	2.98
347.85	3.27
348.07	3.38
348.29	4.29
348.51	4.64
348.73	5.74
348.95	6.06
349.17	5.95
349.39	6.00
349.61	5.70
349.83	6.67
350.05	5.77
350.27	6.64
350.49	6.11
350.71	6.35
350.93	6.18
351.15	6.24
351.37	5.91
351.59	6.21
351.80	5.30
352.02	5.42
352.24	4.81
352.46	6.20
352.68	6.43
352.90	6.82
353.12	7.09
353.34	7.42
353.56	7.12
353.78	7.67
354.00	7.26
354.22	7.66
354.44	7.90
354.66	8.91
354.88	8.56
355.09	9.37
355.31	9.03
355.53	9.29
355.75	9.35
355.97	9.88
356.19	9.69
356.41	11.02
356.63	10.77
356.85	10.84
357.07	10.76
357.29	11.47
357.50	11.21
357.72	11.67
357.94	10.04
358.16	10.31
358.38	10.32
358.60	11.26
358.82	11.09
359.04	13.62
359.26	13.04
359.48	12.84
359.69	13.01
359.91	13.23
360.13	12.55
360.35	12.98
360.57	12.39
360.79	12.89
361.01	11.90
361.23	12.73
361.45	13.34
361.66	12.99
361.88	12.55
362.10	11.98
362.32	10.92
362.54	12.11
362.76	12.26
362.98	12.77
363.20	11.79
363.41	12.00
363.63	8.96
363.85	9.17
364.07	9.19
364.29	9.63
364.51	8.88
364.73	9.96
364.94	8.31
365.16	8.30
365.38	7.95
365.60	8.00
365.82	7.67
366.04	7.02
366.26	6.92
366.47	7.93
366.69	8.11
366.91	8.90
367.13	8.93
367.35	8.05
367.57	7.16
367.79	8.09
368.00	7.99
368.22	8.30
368.44	8.35
368.66	8.56
368.88	8.40
369.10	8.42
369.31	7.89
369.53	9.08
369.75	9.02
369.97	9.30
370.19	9.47
370.41	8.55
370.62	8.41
370.84	8.58
371.06	8.34
371.28	8.65
371.50	7.80
371.71	7.94
371.93	8.29
372.15	8.96
372.37	8.29
372.59	8.81
372.80	8.71
373.02	9.15
373.24	9.77
373.46	10.14
373.68	10.46
373.90	11.05
374.11	10.85
374.33	11.89
374.55	11.59
374.77	11.86
374.98	12.44
375.20	13.10
375.42	12.52
375.64	11.46
375.86	11.55
376.07	12.35
376.29	12.43
376.51	12.80
376.73	12.54
376.95	12.99
377.16	12.71
377.38	13.73
377.60	12.86
377.82	13.18
378.03	13.04
378.25	13.45
378.47	12.99
378.69	13.33
378.91	12.42
379.12	12.50
379.34	11.88
379.56	12.37
379.78	11.14
379.99	11.47
380.21	11.14
380.43	10.99
380.65	10.06
380.86	9.56
381.08	8.82
381.30	9.42
381.52	8.96
381.73	8.85
381.95	7.51
382.17	8.13
382.39	6.75
382.60	5.55
382.82	5.19
383.04	4.70
383.26	5.28
383.47	5.74
383.69	6.02
383.91	5.58
384.13	5.48
384.34	6.68
384.56	6.67
384.78	8.52
385.00	8.09
385.21	7.80
385.43	8.46
385.65	9.12
385.86	8.06
386.08	8.00
386.30	7.99
386.52	8.14
386.73	8.71
386.95	8.78
387.17	9.44
387.38	9.06
387.60	10.00
387.82	9.16
388.04	9.08
388.25	8.67
388.47	9.38
388.69	9.13
388.90	8.00
389.12	8.37
389.34	7.84
389.56	8.41
389.77	9.72
389.99	8.76
390.21	9.09
390.42	9.44
390.64	9.44
390.86	9.57
391.07	9.48
391.29	8.83
391.51	8.94
391.72	9.66
391.94	10.41
392.16	10.63
392.38	10.77
392.59	10.42
392.81	9.87
393.03	10.01
393.24	10.22
393.46	11.21
393.68	10.40
393.89	11.09
394.11	11.52
394.33	11.88
394.54	12.22
394.76	12.92
394.98	14.02
395.19	14.54
395.41	15.16
395.63	15.77
395.84	16.09
396.06	16.73
396.28	16.09
396.49	15.82
396.71	14.87
396.93	15.61
397.14	16.56
397.36	17.58
397.57	17.46
397.79	17.38
398.01	17.44
398.22	17.97
398.44	16.64
398.66	15.47
398.87	14.72
399.09	15.21
399.31	15.14
399.52	14.80
399.74	14.77
399.96	14.59
400.17	14.71
400.39	14.64
400.60	13.91
400.82	14.72
401.04	14.67
401.25	15.04
401.47	14.04
401.69	13.51
401.90	13.21
402.12	13.59
402.33	13.79
402.55	12.83
402.77	13.01
402.98	13.56
403.20	14.58
403.41	15.04
403.63	15.19
403.85	14.69
404.06	14.25
404.28	14.70
404.49	14.20
404.71	13.83
404.93	13.68
405.14	14.34
405.36	13.47
405.57	14.22
405.79	13.66
406.01	13.92
406.22	14.12
406.44	15.02
406.65	14.74
406.87	13.84
407.09	14.80
407.30	15.00
407.52	14.41
407.73	14.92
407.95	15.37
408.17	16.24
408.38	16.76
408.60	17.76
408.81	17.90
409.03	18.52
409.24	18.95
409.46	19.09
409.68	18.46
409.89	19.13
410.11	18.55
410.32	18.41
410.54	18.08
410.75	17.33
410.97	16.63
411.18	17.23
411.40	18.47
411.62	18.54
411.83	18.40
412.05	19.64
412.26	18.36
412.48	17.71
412.69	16.30
412.91	15.94
413.12	15.36
413.34	15.12
413.56	14.60
413.77	14.50
413.99	13.55
414.20	14.74
414.42	14.20
414.63	13.82
414.85	13.91
415.06	14.38
415.28	14.46
415.49	14.04
415.71	13.29
415.92	13.05
416.14	12.96
416.35	12.69
416.57	11.59
416.79	12.51
417.00	12.12
417.22	12.75
417.43	12.54
417.65	12.28
417.86	11.30
418.08	11.56
418.29	11.29
418.51	11.76
418.72	11.18
418.94	10.98
419.15	10.83
419.37	11.37
419.58	10.98
419.80	11.53
420.01	11.78
420.23	12.37
420.44	11.36
420.66	11.55
420.87	11.72
421.09	11.45
421.30	11.24
421.52	11.06
421.73	11.12
421.95	11.34
422.16	10.42
422.38	9.57
422.59	9.03
422.81	9.07
423.02	9.73
423.23	9.73
423.45	9.99
423.66	10.39
423.88	11.30
424.09	11.46
424.31	10.97
424.52	11.89
424.74	11.37
424.95	12.03
425.17	11.96
425.38	11.89
425.60	11.59
425.81	11.62
426.03	11.54
426.24	11.26
426.45	10.88
426.67	11.77
426.88	12.67
427.10	13.21
427.31	12.52
427.53	12.43
427.74	12.25
427.96	12.42
428.17	12.41
428.39	12.06
428.60	11.73
428.81	12.62
429.03	11.50
429.24	11.68
429.46	12.01
429.67	11.24
429.89	11.34
430.10	12.54
430.31	11.98
430.53	12.45
430.74	11.93
430.96	12.88
431.17	12.68
431.39	14.54
431.60	17.81
431.81	22.97
432.03	28.46
432.24	36.06
432.46	42.62
432.67	49.03
432.89	52.17
433.10	56.00
433.31	56.74
433.53	57.53
433.74	58.00
433.96	58.62
434.17	59.05
434.38	59.08
434.60	58.60
434.81	58.78
435.03	58.58
435.24	59.19
435.45	58.60
435.67	58.31
435.88	56.66
436.10	53.48
436.31	49.09
436.52	43.72
436.74	36.15
436.95	30.15
437.17	24.20
437.38	20.77
437.59	17.68
437.81	16.59
438.02	15.64
438.23	15.51
438.45	14.82
438.66	15.07
438.88	14.98
439.09	15.91
439.30	15.62
439.52	16.46
439.73	16.76
439.94	16.88
440.16	17.59
440.37	18.10
440.58	16.81
440.80	16.91
441.01	16.22
441.23	15.92
441.44	15.37
441.65	15.39
441.87	14.59
442.08	14.21
442.29	12.99
442.51	14.12
442.72	14.30
442.93	14.21
443.15	13.63
443.36	14.00
443.57	12.48
443.79	12.96
444.00	12.60
444.21	11.71
444.43	11.35
444.64	10.96
444.85	10.73
445.07	11.02
445.28	10.50
445.49	11.00
445.71	10.58
445.92	10.95
446.13	10.34
446.35	11.30
446.56	11.32
446.77	12.40
446.99	11.62
447.20	11.28
447.41	11.23
447.63	11.98
447.84	12.00
448.05	12.82
448.27	13.03
448.48	12.00
448.69	11.78
448.90	12.74
449.12	12.73
449.33	12.98
449.54	13.26
449.76	13.40
449.97	13.48
450.18	13.56
450.40	12.97
450.61	13.28
450.82	13.26
451.03	13.44
451.25	12.97
451.46	12.94
451.67	12.63
451.89	12.87
452.10	12.17
452.31	11.83
452.52	11.28
452.74	11.96
452.95	11.71
453.16	13.03
453.38	11.71
453.59	12.00
453.80	11.83
454.01	12.31
454.23	12.94
454.44	12.87
454.65	13.26
454.86	13.99
455.08	14.21
455.29	13.52
455.50	14.18
455.71	15.39
455.93	15.72
456.14	15.74
456.35	15.38
456.56	15.22
456.78	15.57
456.99	16.90
457.20	16.92
457.41	18.00
457.63	17.26
457.84	17.78
458.05	17.52
458.26	16.84
458.48	17.09
458.69	17.25
458.90	17.23
459.11	17.09
459.33	16.95
459.54	17.02
459.75	16.75
459.96	16.00
460.18	14.86
460.39	15.00
460.60	14.41
460.81	14.51
461.02	14.64
461.24	14.86
461.45	14.05
461.66	13.08
461.87	12.53
462.09	12.38
462.30	12.22
462.51	12.74
462.72	13.60
462.93	13.33
463.15	12.78
463.36	12.50
463.57	12.45
463.78	12.01
463.99	11.48
464.21	11.42
464.42	11.48
464.63	11.94
464.84	11.50
465.05	12.21
465.27	11.79
465.48	12.65
465.69	11.99
465.90	12.35
466.11	11.83
466.33	12.16
466.54	12.94
466.75	12.86
466.96	11.85
467.17	12.17
467.38	11.94
467.60	11.64
467.81	11.82
468.02	12.58
468.23	12.29
468.44	12.73
468.65	13.37
468.87	12.96
469.08	11.94
469.29	11.72
469.50	11.30
469.71	11.61
469.92	10.58
470.14	10.20
470.35	9.78
470.56	11.13
470.77	11.20
470.98	10.53
471.19	10.10
471.41	10.25
471.62	9.62
471.83	9.08
472.04	9.23
472.25	9.77
472.46	9.44
472.67	9.94
472.89	9.46
473.10	9.66
473.31	10.11
473.52	11.25
473.73	11.03
473.94	11.74
474.15	12.43
474.37	14.03
474.58	13.74
474.79	13.98
475.00	12.88
475.21	12.23
475.42	11.65
475.63	12.09
475.84	12.99
476.06	13.30
476.27	13.52
476.48	13.82
476.69	13.24
476.90	13.01
477.11	12.59
477.32	13.08
477.53	13.50
477.74	13.63
477.96	13.67
478.17	14.24
478.38	14.36
478.59	14.09
478.80	13.03
479.01	14.26
479.22	14.24
479.43	15.39
479.64	16.22
479.85	17.36
480.06	17.10
480.28	16.93
480.49	16.34
480.70	16.60
480.91	17.11
481.12	17.68
481.33	18.61
481.54	19.40
481.75	19.07
481.96	18.66
482.17	18.42
482.38	18.79
482.59	18.88
482.81	19.32
483.02	20.30
483.23	23.10
483.44	37.40
483.65	76.85
483.86	133.50
484.07	208.63
484.28	294.49
484.49	389.58
484.70	474.70
484.91	544.81
485.12	601.12
485.33	642.89
485.54	669.03
485.75	681.10
485.96	685.08
486.17	687.15
486.38	687.75
486.60	688.35
486.81	688.02
487.02	687.77
487.23	686.62
487.44	684.83
487.65	681.73
487.86	666.40
488.07	626.98
488.28	569.57
488.49	494.41
488.70	407.87
488.91	312.71
489.12	226.95
489.33	157.27
489.54	101.26
489.75	59.00
489.96	32.83
490.17	20.46
490.38	16.01
490.59	13.56
490.80	12.98
491.01	11.59
491.22	11.76
491.43	11.50
491.64	11.87
491.85	12.92
492.06	13.92
492.27	14.22
492.48	14.26
492.69	14.95
492.90	15.04
493.11	14.82
493.32	16.16
493.53	17.04
493.74	16.66
493.95	16.71
494.16	16.14
494.37	16.03
494.58	16.46
494.79	16.22
495.00	17.42
495.21	17.60
495.42	18.23
495.63	18.09
495.84	18.37
496.05	18.68
496.26	17.75
496.47	16.73
496.68	16.74
496.89	16.37
497.10	15.68
497.31	15.22
497.52	15.52
497.73	14.71
497.94	13.28
498.15	14.06
498.36	13.96
498.57	14.16
498.78	13.79
498.99	12.67
499.19	12.91
499.40	11.02
499.61	11.09
499.82	11.24
500.03	11.17
500.24	10.68
500.45	10.32
500.66	10.70
500.87	11.52
501.08	11.36
501.29	11.35
501.50	11.04
501.71	11.29
501.92	11.84
502.13	11.89
502.34	12.78
502.55	12.92
502.76	12.84
502.96	13.20
503.17	13.30
503.38	13.75
503.59	13.37
503.80	15.07
504.01	14.76
504.22	15.15
504.43	14.85
504.64	15.01
504.85	14.91
505.06	14.76
505.27	14.58
505.47	14.34
505.68	14.18
505.89	14.95
506.10	14.45
506.31	13.50
506.52	12.85
506.73	13.10
506.94	11.64
507.15	11.19
507.36	10.37
507.56	10.51
507.77	10.74
507.98	11.04
508.19	10.27
508.40	9.89
508.61	9.13
508.82	9.30
509.03	9.70
509.24	9.57
509.44	9.37
509.65	9.47
509.86	10.06
510.07	10.92
510.28	10.27
510.49	11.32
510.70	11.07
510.91	12.33
511.11	11.49
511.32	12.24
511.53	12.35
511.74	13.38
511.95	13.11
512.16	12.29
512.37	11.47
512.58	11.87
512.78	11.60
512.99	12.16
513.20	11.68
513.41	11.68
513.62	11.83
513.83	12.35
514.04	12.60
514.24	12.74
514.45	13.09
514.66	12.79
514.87	11.76
515.08	12.65
515.29	11.83
515.49	12.55
515.70	12.07
515.91	12.18
516.12	11.87
516.33	11.92
516.54	11.93
516.74	12.72
516.95	12.58
517.16	13.23
517.37	13.21
517.58	13.59
517.79	12.81
517.99	12.82
518.20	12.83
518.41	12.69
518.62	12.79
518.83	11.67
519.03	12.11
519.24	12.82
519.45	12.72
519.66	12.61
519.87	12.45
520.07	13.44
520.28	12.92
520.49	12.55
520.70	11.87
520.91	12.80
521.12	12.54
521.32	13.03
521.53	12.45
521.74	12.36
521.95	12.20
522.15	12.77
522.36	12.55
522.57	12.74
522.78	12.43
522.99	12.26
523.19	11.91
523.40	12.46
523.61	12.45
523.82	12.69
524.03	12.82
524.23	13.44
524.44	12.88
524.65	13.22
524.86	13.40
525.06	13.96
525.27	13.92
525.48	13.95
525.69	13.44
525.89	14.03
526.10	13.54
526.31	14.13
526.52	13.79
526.72	13.79
526.93	14.13
527.14	13.08
527.35	12.55
527.56	13.43
527.76	12.71
527.97	12.63
528.18	11.92
528.38	12.11
528.59	11.47
528.80	11.15
529.01	11.07
529.21	10.70
529.42	10.91
529.63	10.53
529.84	10.81
530.04	10.45
530.25	10.33
530.46	10.06
530.67	9.48
530.87	9.91
531.08	9.98
531.29	8.20
531.50	9.34
531.70	8.61
531.91	8.63
532.12	8.99
532.32	9.00
532.53	9.31
532.74	8.88
532.95	8.96
533.15	9.99
533.36	10.37
533.57	10.84
533.77	10.95
533.98	10.16
534.19	10.71
534.39	11.34
534.60	11.46
534.81	11.55
535.02	11.42
535.22	10.79
535.43	10.84
535.64	11.53
535.84	11.57
536.05	12.84
536.26	13.04
536.46	12.89
536.67	12.71
536.88	12.81
537.08	13.65
537.29	12.93
537.50	12.26
537.70	12.07
537.91	12.05
538.12	11.75
538.33	12.67
538.53	12.03
538.74	10.99
538.95	11.16
539.15	11.21
539.36	10.78
539.57	11.14
539.77	11.42
539.98	11.86
540.18	11.46
540.39	11.17
540.60	10.05
540.80	9.46
541.01	8.72
541.22	8.40
541.42	7.43
541.63	8.24
541.84	7.58
542.04	7.69
542.25	7.21
542.46	7.88
542.66	7.12
542.87	7.61
543.08	7.70
543.28	7.27
543.49	7.91
543.69	8.92
543.90	9.06
544.11	9.00
544.31	8.62
544.52	8.42
544.73	8.11
544.93	8.74
545.14	8.90
545.34	9.22
545.55	8.96
545.76	9.13
545.96	8.68
546.17	9.72
546.38	9.50
546.58	9.64
546.79	9.43
546.99	9.95
547.20	9.30
547.41	10.05
547.61	9.71
547.82	9.50
548.02	8.85
548.23	9.67
548.44	9.39
548.64	9.77
548.85	9.96
549.05	9.76
549.26	9.66
549.47	9.86
549.67	10.66
549.88	11.09
550.08	11.55
550.29	12.10
550.50	12.24
550.70	12.94
550.91	13.40
551.11	13.02
551.32	12.72
551.52	11.98
551.73	11.07
551.94	11.32
552.14	11.37
552.35	11.56
552.55	10.31
552.76	11.15
552.96	11.19
553.17	11.55
553.38	12.39
553.58	12.19
553.79	12.71
553.99	12.55
554.20	12.73
554.40	12.75
554.61	12.25
554.81	11.70
555.02	10.95
555.23	10.83
555.43	10.51
555.64	10.76
555.84	12.05
556.05	12.67
556.25	12.75
556.46	12.88
556.66	12.93
556.87	13.02
557.07	12.28
557.28	11.87
557.48	12.21
557.69	11.95
557.90	12.25
558.10	12.04
558.31	11.82
558.51	11.97
558.72	11.06
558.92	11.86
559.13	11.82
559.33	11.66
559.54	11.44
559.74	12.47
559.95	12.30
560.15	12.23
560.36	11.55
560.56	11.24
560.77	11.01
560.97	11.64
561.18	12.03
561.38	12.14
561.59	12.27
561.79	12.37
562.00	12.51
562.20	12.92
562.41	12.50
562.61	11.85
562.82	11.31
563.02	12.15
563.23	10.43
563.43	10.15
563.64	10.03
563.84	10.24
564.05	9.30
564.25	10.18
564.46	9.94
564.66	10.90
564.87	11.70
565.07	11.98
565.28	10.84
565.48	10.93
565.68	10.61
565.89	11.13
566.09	9.79
566.30	9.80
566.50	9.31
566.71	9.98
566.91	9.97
567.12	10.60
567.32	10.77
567.53	12.35
567.73	12.23
567.94	13.28
568.14	13.30
568.34	13.69
568.55	13.11
568.75	13.32
568.96	12.33
569.16	11.98
569.37	11.39
569.57	11.76
569.78	11.83
569.98	12.11
570.18	11.97
570.39	12.32
570.59	11.69
570.80	12.18
571.00	11.28
571.21	12.31
571.41	12.00
571.61	11.74
571.82	10.60
572.02	11.53
572.23	11.23
572.43	11.50
572.64	11.34
572.84	11.26
573.04	11.01
573.25	11.54
573.45	11.16
573.66	11.62
573.86	11.51
574.06	11.78
574.27	11.71
574.47	11.90
574.68	12.94
574.88	13.50
575.08	12.14
575.29	11.75
575.49	11.49
575.70	11.55
575.90	11.45
576.10	12.35
576.31	11.65
576.51	12.04
576.72	11.54
576.92	11.53
577.12	11.57
577.33	11.90
577.53	12.44
577.73	13.26
577.94	13.98
578.14	13.84
578.35	13.52
578.55	14.00
578.75	15.36
578.96	14.89
579.16	15.91
579.36	17.90
579.57	19.36
579.77	20.44
579.98	21.20
580.18	22.21
580.38	22.04
580.59	23.05
580.79	22.39
580.99	23.22
581.20	23.23
581.40	23.74
581.60	23.42
581.81	23.42
582.01	22.75
582.21	21.93
582.42	22.65
582.62	23.58
582.82	23.48
583.03	22.14
583.23	21.45
583.43	20.15
583.64	18.93
583.84	17.87
584.04	16.49
584.25	15.78
584.45	14.83
584.65	14.29
584.86	12.87
585.06	13.62
585.26	13.08
585.47	13.59
585.67	13.03
585.87	13.39
586.08	13.14
586.28	13.24
586.48	12.93
586.69	12.96
586.89	11.81
587.09	11.78
587.30	11.87
587.50	11.95
587.70	12.10
587.90	12.96
588.11	13.81
588.31	14.45
588.51	14.95
588.72	15.52
588.92	16.00
589.12	17.26
589.33	17.26
589.53	17.52
589.73	16.46
589.93	16.77
590.14	16.80
590.34	16.97
590.54	17.14
590.75	17.29
590.95	17.77
591.15	18.25
591.35	17.95
591.56	18.27
591.76	18.26
591.96	19.90
592.16	19.56
592.37	20.10
592.57	19.49
592.77	19.69
592.97	19.54
593.18	19.62
593.38	19.05
593.58	18.49
593.79	18.64
593.99	19.08
594.19	18.68
594.39	18.24
594.60	17.60
594.80	17.82
595.00	18.19
595.20	17.88
595.41	17.50
595.61	18.44
595.81	17.39
596.01	18.28
596.21	17.05
596.42	16.71
596.62	16.20
596.82	16.66
597.02	16.84
597.23	16.46
597.43	16.05
597.63	16.38
597.83	16.47
598.04	16.04
598.24	16.18
598.44	16.49
598.64	15.82
598.84	16.67
599.05	16.14
599.25	15.97
599.45	15.18
599.65	15.17
599.85	14.65
600.06	15.21
600.26	14.48
600.46	14.57
600.66	15.17
600.87	15.57
601.07	15.99
601.27	15.91
601.47	15.59
601.67	16.11
601.87	16.36
602.08	17.00
602.28	16.86
602.48	17.47
602.68	17.37
602.88	18.10
603.09	17.91
603.29	18.15
603.49	18.82
603.69	19.10
603.89	19.41
604.10	19.00
604.30	18.56
604.50	19.13
604.70	18.49
604.90	18.16
605.10	17.90
605.31	16.88
605.51	16.46
605.71	17.10
605.91	17.01
606.11	16.25
606.31	15.32
606.52	15.06
606.72	14.28
606.92	14.35
607.12	13.66
607.32	14.12
607.52	13.86
607.72	13.67
607.93	13.88
608.13	13.69
608.33	14.55
608.53	14.59
608.73	14.33
608.93	14.36
609.13	13.95
609.34	13.45
609.54	13.11
609.74	13.21
609.94	13.35
610.14	13.70
610.34	13.92
610.54	14.50
610.74	15.28
610.95	15.39
611.15	15.41
611.35	16.56
611.55	16.16
611.75	16.47
611.95	15.71
612.15	16.08
612.35	16.83
612.56	16.74
612.76	16.01
612.96	16.38
613.16	16.20
613.36	16.84
613.56	16.93
613.76	17.64
613.96	18.10
614.16	18.15
614.36	17.97
614.57	17.97
614.77	17.57
614.97	18.40
615.17	17.98
615.37	17.74
615.57	17.60
615.77	17.22
615.97	17.58
616.17	18.19
616.37	17.63
616.57	17.21
616.78	16.50
616.98	17.59
617.18	16.36
617.38	17.21
617.58	16.09
617.78	16.81
617.98	17.15
618.18	16.36
618.38	15.77
618.58	15.31
618.78	15.11
618.98	15.86
619.18	14.29
619.38	14.62
619.58	14.63
619.79	14.05
619.99	14.21
620.19	13.60
620.39	13.11
620.59	12.93
620.79	12.86
620.99	13.16
621.19	12.08
621.39	13.41
621.59	13.23
621.79	13.93
621.99	13.07
622.19	12.69
622.39	12.73
622.59	12.49
622.79	12.46
622.99	12.69
623.19	11.24
623.39	11.29
623.59	11.76
623.79	12.68
623.99	12.85
624.19	12.58
624.39	12.02
624.59	12.76
624.79	12.83
624.99	12.31
625.19	11.01
625.39	12.91
625.59	12.87
625.79	13.03
625.99	13.51
626.19	14.10
626.39	14.16
626.59	14.58
626.79	15.58
626.99	16.18
627.19	16.35
627.39	16.74
627.59	16.57
627.79	16.36
627.99	15.09
628.19	14.90
628.39	15.13
628.59	16.76
628.79	16.55
628.99	16.69
629.19	16.46
629.39	17.46
629.59	16.82
629.79	16.66
629.99	16.36
630.19	16.63
630.39	16.54
630.59	16.98
630.79	15.88
630.99	14.74
631.19	14.51
631.39	15.08
631.59	15.67
631.79	16.69
631.99	16.62
632.19	18.13
632.39	19.02
632.59	19.59
632.79	18.95
632.99	19.17
633.19	19.34
633.39	20.44
633.58	20.43
633.78	20.10
633.98	20.15
634.18	20.48
634.38	19.62
634.58	19.85
634.78	19.81
634.98	21.38
635.18	22.10
635.38	22.87
635.58	22.47
635.78	22.62
635.98	22.94
636.18	23.31
636.38	22.36
636.57	21.64
636.77	20.73
636.97	20.63
637.17	19.56
637.37	20.00
637.57	19.12
637.77	19.38
637.97	19.08
638.17	19.27
638.37	18.57
638.57	19.38
638.76	19.67
638.96	19.84
639.16	19.60
639.36	19.68
639.56	18.53
639.76	19.16
639.96	19.17
640.16	18.32
640.36	17.95
640.56	18.63
640.75	19.34
640.95	21.05
641.15	21.64
641.35	22.65
641.55	22.31
641.75	23.70
641.95	23.79
642.15	25.85
642.34	25.87
642.54	26.44
642.74	26.02
642.94	26.05
643.14	26.58
643.34	26.55
643.54	26.84
643.74	27.07
643.93	26.71
644.13	26.63
644.33	27.69
644.53	28.21
644.73	27.77
644.93	28.27
645.13	27.58
645.32	27.56
645.52	27.82
645.72	28.12
645.92	27.89
646.12	28.48
646.32	27.46
646.52	27.89
646.71	28.69
646.91	29.58
647.11	29.40
647.31	29.08
647.51	28.42
647.71	29.17
647.90	30.26
648.10	30.92
648.30	31.09
648.50	31.21
648.70	31.81
648.89	33.50
649.09	33.76
649.29	33.90
649.49	34.82
649.69	34.83
649.89	35.38
650.08	36.72
650.28	38.69
650.48	41.52
650.68	44.07
650.88	47.88
651.07	51.52
651.27	55.10
651.47	57.93
651.67	61.68
651.87	63.22
652.06	65.07
652.26	66.90
652.46	70.56
652.66	73.72
652.86	78.88
653.05	85.19
653.25	109.31
653.45	232.95
653.65	577.11
653.85	1102.72
654.04	1746.57
654.24	2508.27
654.44	3361.30
654.64	4212.62
654.83	4932.64
655.03	5573.37
655.23	6173.33
655.43	6730.37
655.63	7215.09
655.82	7612.39
656.02	7914.52
656.22	8121.86
656.42	8251.21
656.61	8326.66
656.81	8370.48
657.01	8392.86
657.21	8403.16
657.40	8390.76
657.60	8276.08
657.80	7937.37
658.00	7416.09
658.19	6774.81
658.39	6014.07
658.59	5160.71
658.79	4308.80
658.98	3587.02
659.18	2943.59
659.38	2340.03
659.58	1780.58
659.77	1293.89
659.97	893.67
660.17	589.21
660.36	379.84
660.56	248.10
660.76	169.74
660.96	122.06
661.15	94.49
661.35	76.35
661.55	64.50
661.75	55.28
661.94	49.02
662.14	44.48
662.34	42.41
662.53	39.39
662.73	37.15
662.93	33.61
663.13	32.77
663.32	31.84
663.52	31.55
663.72	30.34
663.91	29.10
664.11	28.02
664.31	28.13
664.50	27.82
664.70	27.79
664.90	26.71
665.10	28.58
665.29	27.86
665.49	28.12
665.69	27.61
665.88	27.95
666.08	27.16
666.28	27.00
666.47	25.66
666.67	27.07
666.87	27.33
667.06	28.01
667.26	27.08
667.46	26.59
667.65	26.75
667.85	26.72
668.05	26.64
668.24	26.90
668.44	25.82
668.64	25.81
668.83	25.01
669.03	24.68
669.23	22.69
669.42	22.09
669.62	21.48
669.82	21.33
670.01	21.16
670.21	21.45
670.41	21.19
670.60	21.51
670.80	19.85
671.00	20.23
671.19	20.71
671.39	21.54
671.58	20.78
671.78	19.83
671.98	18.97
672.17	18.01
672.37	17.53
672.57	17.77
672.76	17.20
672.96	17.67
673.15	17.78
673.35	18.40
673.55	18.43
673.74	18.28
673.94	18.10
674.14	17.13
674.33	16.64
674.53	16.22
674.72	15.78
674.92	15.97
675.12	13.96
675.31	13.14
675.51	13.33
675.70	13.42
675.90	11.99
676.10	12.54
676.29	12.66
676.49	13.18
676.68	12.68
676.88	12.56
677.08	12.31
677.27	12.87
677.47	11.50
677.66	12.06
677.86	11.00
678.06	10.93
678.25	11.62
678.45	12.36
678.64	11.85
678.84	11.80
679.03	11.16
679.23	12.23
679.43	12.83
679.62	12.14
679.82	12.08
680.01	13.11
680.21	12.71
680.40	13.62
680.60	13.85
680.80	14.86
680.99	14.73
681.19	15.14
681.38	14.33
681.58	15.03
681.77	14.35
681.97	15.14
682.16	14.78
682.36	14.04
682.56	13.19
682.75	13.98
682.95	13.30
683.14	14.69
683.34	14.31
683.53	13.24
683.73	12.32
683.92	12.33
684.12	12.58
684.31	12.86
684.51	11.21
684.70	10.65
684.90	10.25
685.10	10.88
685.29	10.56
685.49	11.12
685.68	10.73
685.88	11.29
686.07	11.19
686.27	11.78
686.46	11.26
686.66	12.07
686.85	11.20
687.05	11.73
687.24	11.67
687.44	11.95
687.63	11.82
687.83	12.56
688.02	12.11
688.22	11.63
688.41	11.73
688.61	12.84
688.80	12.76
689.00	12.34
689.19	11.77
689.39	11.54
689.58	11.70
689.78	11.56
689.97	11.41
690.17	11.43
690.36	10.04
690.56	10.61
690.75	10.25
690.95	11.79
691.14	11.27
691.34	9.91
691.53	9.98
691.72	10.24
691.92	9.40
692.11	9.43
692.31	10.00
692.50	10.19
692.70	10.33
692.89	10.07
693.09	10.13
693.28	10.59
693.48	10.39
693.67	9.45
693.87	8.74
694.06	9.05
694.25	9.13
694.45	9.66
694.64	10.17
694.84	10.04
695.03	9.22
695.23	9.48
695.42	9.74
695.62	9.91
695.81	9.50
696.00	10.77
696.20	10.77
696.39	10.61
696.59	10.66
696.78	10.11
696.98	10.48
697.17	10.96
697.36	10.71
697.56	11.07
697.75	10.88
697.95	12.09
698.14	11.86
698.34	11.93
698.53	11.45
698.72	11.51
698.92	11.73
699.11	11.97
699.31	11.87
699.50	12.00
699.69	12.04
699.89	13.06
700.08	11.77
700.28	11.95
700.47	10.99
700.66	10.35
700.86	10.48
701.05	10.14
701.25	9.62
701.44	9.82
701.63	9.51
701.83	10.53
702.02	9.38
702.21	9.17
702.41	9.33
702.60	9.36
702.80	9.06
702.99	8.79
703.18	8.90
703.38	9.72
703.57	10.21
703.77	10.06
703.96	9.92
704.15	10.95
704.35	11.05
704.54	11.90
704.73	12.50
704.93	13.23
705.12	13.87
705.31	13.64
705.51	13.49
705.70	13.75
705.89	13.16
706.09	13.29
706.28	13.44
706.48	13.45
706.67	14.75
706.86	15.16
707.06	15.07
707.25	15.01
707.44	13.65
707.64	13.46
707.83	12.75
708.02	12.22
708.22	11.47
708.41	10.92
708.60	10.66
708.80	10.08
708.99	8.68
709.18	7.87
709.38	7.91
709.57	7.21
709.76	6.91
709.95	7.05
710.15	7.53
710.34	7.96
710.53	7.96
710.73	6.79
710.92	5.83
711.11	5.49
711.31	5.24
711.50	6.92
711.69	6.71
711.89	7.28
712.08	8.11
712.27	8.73
712.46	8.88
712.66	9.46
712.85	9.07
713.04	9.68
713.24	9.93
713.43	10.88
713.62	10.76
713.81	11.04
714.01	11.19
714.20	11.38
714.39	11.00
714.59	10.99
714.78	10.85
714.97	11.09
715.16	11.52
715.36	11.63
715.55	10.40
715.74	10.44
715.93	10.77
716.13	10.37
716.32	9.99
716.51	10.13
716.71	9.80
716.90	10.40
717.09	11.01
717.28	12.05
717.48	10.98
717.67	10.62
717.86	10.66
718.05	10.73
718.25	10.64
718.44	10.08
718.63	9.71
718.82	9.99
719.02	9.58
719.21	8.73
719.40	9.40
719.59	9.48
719.78	8.70
719.98	8.21
720.17	8.34
720.36	8.56
720.55	8.83
720.75	9.00
720.94	8.30
721.13	7.90
721.32	6.48
721.51	7.02
721.71	7.76
721.90	8.16
722.09	8.09
722.28	8.32
722.48	8.16
722.67	8.14
722.86	8.20
723.05	8.55
723.24	9.25
723.44	8.69
723.63	8.45
723.82	8.81
724.01	8.65
724.20	8.50
724.40	8.07
724.59	8.43
724.78	8.12
724.97	8.32
725.16	8.18
725.35	9.13
725.55	8.74
725.74	9.33
725.93	8.84
726.12	8.17
726.31	8.33
726.51	9.05
726.70	9.27
726.89	10.40
727.08	10.62
727.27	10.42
727.46	9.51
727.66	9.57
727.85	9.49
728.04	10.26
728.23	10.04
728.42	9.89
728.61	8.95
728.81	8.95
729.00	10.20
729.19	11.20
729.38	10.76
729.57	10.62
729.76	10.53
729.95	10.06
730.15	10.78
730.34	10.48
730.53	9.93
730.72	10.34
730.91	9.11
731.10	9.02
731.29	9.11
731.49	10.20
731.68	10.85
731.87	10.97
732.06	10.07
732.25	9.46
732.44	9.40
732.63	9.84
732.82	9.74
733.02	8.60
733.21	8.21
733.40	8.19
733.59	8.72
733.78	8.33
733.97	8.89
734.16	9.00
734.35	9.15
734.54	9.27
734.74	9.48
734.93	9.65
735.12	9.78
735.31	10.47
735.50	9.86
735.69	9.29
735.88	9.85
736.07	10.42
736.26	11.37
736.45	11.95
736.64	11.94
736.84	12.62
737.03	11.96
737.22	11.64
737.41	12.20
737.60	12.33
737.79	11.72
737.98	11.63
738.17	11.30
738.36	11.19
738.55	11.35
738.74	10.90
738.93	11.17
739.12	11.97
739.32	11.01
739.51	11.05
739.70	11.22
739.89	11.22
740.08	11.25
740.27	11.44
740.46	10.39
740.65	10.38
740.84	9.25
741.03	9.61
741.22	8.95
741.41	8.50
741.60	8.63
741.79	9.27
741.98	8.12
742.17	8.25
742.36	8.30
742.55	8.12
742.74	8.22
742.93	8.23
743.12	7.47
743.31	7.61
743.51	7.78
743.70	8.54
743.89	7.87
744.08	8.46
744.27	7.96
744.46	9.13
744.65	9.02
744.84	10.45
745.03	10.56
745.22	11.85
745.41	11.71
745.60	11.76
745.79	12.83
745.98	13.77
746.17	13.52
746.36	12.75
746.55	12.23
746.74	11.36
746.93	12.08
747.12	11.95
747.31	12.06
747.50	11.46
747.69	10.92
747.88	11.47
748.07	10.41
748.26	10.45
748.45	10.04
748.64	10.14
748.83	9.23
749.02	8.92
749.21	8.10
749.40	8.04
749.59	7.52
749.77	6.92
749.96	6.39
750.15	6.53
750.34	6.72
750.53	6.33
750.72	6.13
750.91	5.44
751.10	5.71
751.29	6.50
751.48	6.18
751.67	6.38
751.86	6.20
752.05	7.10
752.24	7.36
752.43	7.67
752.62	8.10
752.81	8.07
753.00	8.31
753.19	8.84
753.38	8.68
753.57	8.54
753.76	8.07
753.94	8.63
754.13	8.66
754.32	8.57
754.51	9.29
754.70	10.02
754.89	9.59
755.08	10.06
755.27	9.67
755.46	10.95
755.65	10.19
755.84	10.13
756.03	9.43
756.22	9.18
756.40	7.79
756.59	7.84
756.78	8.01
756.97	8.28
757.16	7.38
757.35	7.96
757.54	8.34
757.73	8.51
757.92	8.36
758.11	8.45
758.29	9.30
758.48	9.90
758.67	10.35
758.86	11.43
759.05	10.50
759.24	10.45
759.43	9.30
759.62	10.30
759.81	10.53
759.99	11.13
760.18	11.62
760.37	12.92
760.56	12.26
760.75	11.95
760.94	11.84
761.13	12.22
761.32	11.48
761.50	11.52
761.69	11.25
761.88	11.38
762.07	10.90
762.26	11.38
762.45	10.74
762.64	9.94
762.82	9.05
763.01	9.87
763.20	9.18
763.39	10.55
763.58	9.83
763.77	10.02
763.96	9.32
764.14	9.31
764.33	9.06
764.52	9.42
764.71	9.92
764.90	10.64
765.09	10.21
765.27	10.96
765.46	10.80
765.65	11.01
765.84	10.74
766.03	11.83
766.22	10.39
766.40	10.89
766.59	11.82
766.78	11.47
766.97	9.92
767.16	10.54
767.35	9.78
767.53	9.91
767.72	9.13
767.91	9.69
768.10	8.49
768.29	9.34
768.47	9.01
768.66	9.04
768.85	7.98
769.04	8.95
769.23	8.23
769.41	8.61
769.60	8.64
769.79	8.99
769.98	7.85
770.17	8.63
770.35	7.91
770.54	7.39
770.73	7.51
770.92	8.83
771.10	8.49
771.29	8.80
771.48	9.22
771.67	9.33
771.86	9.05
772.04	9.11
772.23	8.49
772.42	8.65
772.61	7.96
772.79	8.44
772.98	8.38
773.17	9.12
773.36	8.34
773.54	7.92
773.73	7.50
773.92	8.41
774.11	7.69
774.30	8.90
774.48	10.24
774.67	12.99
774.86	14.60
775.05	18.69
775.23	22.61
775.42	26.26
775.61	30.35
775.79	33.43
775.98	37.31
776.17	40.26
776.36	43.01
776.54	46.58
776.73	49.14
776.92	51.07
777.11	52.44
777.29	54.18
777.48	55.00
777.67	55.92
777.85	55.85
778.04	56.46
778.23	55.80
778.42	54.13
778.60	51.37
778.79	49.66
778.98	45.14
779.16	41.03
779.35	36.71
779.54	33.52
779.73	30.24
779.91	26.95
780.10	23.44
780.29	20.17
780.47	16.54
780.66	13.63
780.85	11.15
781.03	9.71
781.22	7.90
781.41	7.79
781.60	7.38
781.78	6.91
781.97	6.32
782.16	5.99
782.34	6.09
782.53	6.65
782.72	5.90
782.90	6.18
783.09	5.69
783.28	6.35
783.46	6.00
783.65	5.69
783.84	5.39
784.02	5.57
784.21	5.72
784.40	6.53
784.58	6.53
784.77	6.44
784.96	6.24
785.14	6.47
785.33	5.78
785.52	5.71
785.70	5.61
785.89	5.95
786.08	6.25
786.26	6.40
786.45	4.98
786.63	4.83
786.82	4.84
787.01	5.49
787.19	5.30
787.38	5.28
787.57	5.96
787.75	6.46
787.94	6.44
788.13	6.71
788.31	6.53
788.50	6.89
788.68	7.10
788.87	6.93
789.06	7.32
789.24	7.50
789.43	7.02
789.61	6.97
789.80	7.32
789.99	6.47
790.17	6.61
790.36	7.35
790.55	7.47
790.73	7.84
790.92	7.42
791.10	7.79
791.29	7.65
791.48	7.76
791.66	7.31
791.85	7.77
792.03	7.88
792.22	7.64
792.40	7.68
792.59	8.21
792.78	8.39
792.96	8.43
793.15	8.58
793.33	8.93
793.52	8.29
793.71	7.98
793.89	8.09
794.08	8.24
794.26	8.27
794.45	9.58
794.63	8.98
794.82	8.50
795.01	6.88
795.19	6.86
795.38	6.60
795.56	6.80
795.75	5.61
795.93	6.12
796.12	6.35
796.30	6.83
796.49	5.78
796.68	6.08
796.86	5.43
797.05	5.71
797.23	5.40
797.42	6.09
797.60	5.91
797.79	6.79
797.97	6.57
798.16	7.63
798.34	7.36
798.53	7.60
798.71	8.41
798.90	9.31
799.08	9.48
799.27	9.08
799.46	9.28
799.64	10.32
799.83	9.52
800.01	9.04
800.20	8.53
800.38	8.85
800.57	8.88
800.75	9.94
800.94	10.13
801.12	10.40
801.31	10.07
801.49	9.97
801.68	9.37
801.86	9.62
802.05	9.22
802.23	7.76
802.42	7.71
802.60	7.66
802.79	7.55
802.97	6.92
803.16	7.70
803.34	7.44
803.53	7.31
803.71	8.00
803.90	7.81
804.08	8.16
804.27	8.72
804.45	7.77
804.63	6.89
804.82	6.60
805.00	6.22
805.19	7.18
805.37	6.90
805.56	7.27
805.74	6.59
805.93	6.44
806.11	6.39
806.30	6.86
806.48	6.59
806.67	6.19
806.85	5.56
807.04	5.20
807.22	5.10
807.40	5.34
807.59	4.20
807.77	5.03
807.96	4.95
808.14	4.96
808.33	5.53
808.51	5.79
808.69	4.79
808.88	5.34
809.06	4.37
809.25	5.03
809.43	4.75
809.62	5.23
809.80	4.62
809.99	5.59
810.17	5.78
810.35	6.57
810.54	6.89
810.72	8.30
810.91	8.04
811.09	8.37
811.27	8.63
811.46	9.38
811.64	8.70
811.83	9.97
812.01	9.14
812.19	9.64
812.38	10.14
812.56	10.70
812.75	9.65
812.93	9.99
813.11	10.70
813.30	10.38
813.48	10.49
813.67	10.48
813.85	10.57
814.03	10.25
814.22	9.07
814.40	9.93
814.59	9.70
814.77	10.43
814.95	9.99
815.14	9.82
815.32	9.38
815.50	10.29
815.69	8.33
815.87	8.43
816.06	7.85
816.24	7.41
816.42	7.67
816.61	9.06
816.79	8.82
816.97	8.77
817.16	9.19
817.34	9.56
817.52	9.83
817.71	9.41
817.89	8.49
818.07	9.34
818.26	8.44
818.44	8.16
818.63	7.31
818.81	8.22
818.99	8.21
819.18	8.65
819.36	8.62
819.54	9.10
819.73	9.00
819.91	8.99
820.09	9.01
820.28	8.70
820.46	8.10
820.64	8.56
820.83	7.80
821.01	8.00
821.19	7.41
821.37	7.90
821.56	7.93
821.74	8.88
821.92	8.70
822.11	8.73
822.29	8.43
822.47	8.95
822.66	8.40
822.84	8.24
823.02	9.22
823.21	8.84
823.39	8.45
823.57	9.37
823.75	9.60
823.94	9.73
824.12	10.19
824.30	9.76
824.49	9.29
824.67	9.27
824.85	9.95
825.03	10.85
825.22	10.96
825.40	11.24
825.58	11.03
825.77	11.78
825.95	11.60
826.13	12.44
826.31	12.05
826.50	12.30
826.68	12.04
826.86	11.34
827.04	10.91
827.23	11.22
827.41	10.21
827.59	10.86
827.78	10.82
827.96	10.83
828.14	11.01
828.32	11.80
828.51	12.01
828.69	11.64
828.87	10.48
829.05	10.07
829.23	10.26
829.42	10.79
829.60	9.96
829.78	10.85
829.96	10.34
830.15	10.34
830.33	9.83
830.51	9.74
830.69	9.10
830.88	10.46
831.06	10.58
831.24	10.80
831.42	10.01
831.60	10.34
831.79	9.44
831.97	9.99
832.15	9.71
832.33	10.08
832.52	10.33
832.70	11.01
832.88	10.90
833.06	10.81
833.24	10.68
833.43	10.26
833.61	9.52
833.79	9.42
833.97	9.47
834.15	9.44
834.34	9.67
834.52	10.49
834.70	9.57
834.88	9.25
835.06	9.60
835.25	10.02
835.43	9.43
835.61	10.30
835.79	9.11
835.97	8.88
836.15	7.98
836.34	7.78
836.52	7.63
836.70	8.00
836.88	7.09
837.06	7.18
837.24	7.86
837.43	8.41
837.61	7.74
837.79	8.20
837.97	8.74
838.15	9.59
838.33	8.98
838.52	8.89
838.70	9.88
838.88	9.83
839.06	9.22
839.24	10.11
839.42	9.57
839.60	10.25
839.79	10.44
839.97	10.89
840.15	9.96
840.33	10.11
840.51	10.28
840.69	10.62
840.87	10.31
841.06	10.26
841.24	9.97
841.42	10.90
841.60	10.86
841.78	11.55
841.96	11.97
842.14	14.59
842.32	16.60
842.51	18.59
842.69	20.49
842.87	23.63
843.05	25.53
843.23	28.78
843.41	30.97
843.59	33.31
843.77	34.94
843.95	37.22
844.14	38.41
844.32	39.52
844.50	40.02
844.68	41.18
844.86	40.97
845.04	40.92
845.22	40.09
845.40	40.20
845.58	39.27
845.76	38.56
845.94	36.04
846.12	34.39
846.31	31.57
846.49	30.17
846.67	26.96
846.85	25.01
847.03	21.44
847.21	19.63
847.39	16.83
847.57	15.73
847.75	14.01
847.93	12.79
848.11	10.85
848.29	10.44
848.47	8.69
848.65	8.46
848.83	8.75
849.02	9.82
849.20	9.87
849.38	9.99
849.56	8.96
849.74	8.91
849.92	8.71
850.10	8.68
850.28	7.81
850.46	6.95
850.64	6.24
850.82	7.55
851.00	7.38
851.18	8.81
851.36	8.76
851.54	9.03
851.72	8.79
851.90	9.46
852.08	10.05
852.26	10.43
852.44	10.01
852.62	10.33
852.80	10.35
852.98	9.82
853.16	9.17
853.34	10.42
853.52	10.49
853.70	9.73
853.88	10.24
854.06	10.96
854.24	11.36
854.42	10.88
854.60	10.21
854.78	9.71
854.96	8.93
855.14	8.10
855.32	7.60
855.50	7.79
855.68	6.92
855.86	6.62
856.04	6.94
856.22	6.77
856.40	5.89
856.58	5.34
856.76	5.66
856.94	6.98
857.12	5.43
857.30	5.62
857.48	5.94
857.66	5.53
857.84	5.64
858.02	5.79
858.20	5.78
858.38	5.28
858.56	5.25
858.74	4.35
858.92	4.07
859.10	4.30
859.28	3.94
859.46	4.92
859.64	4.67
859.81	3.85
859.99	4.22
860.17	4.65
860.35	5.03
860.53	4.09
860.71	2.99
860.89	4.07
861.07	4.17
861.25	4.44
861.43	4.73
861.61	3.43
861.79	3.19
861.97	3.96
862.15	3.79
862.33	4.20
862.50	4.28
862.68	5.21
862.86	4.65
863.04	4.67
863.22	4.74
863.40	6.02
863.58	7.29
863.76	7.66
863.94	7.63
864.12	8.06
864.30	8.75
864.47	8.53
864.65	8.02
864.83	7.32
865.01	6.97
865.19	6.78
865.37	7.27
865.55	7.87
865.73	7.85
865.91	8.77
866.09	8.72
866.26	9.87
866.44	9.05
866.62	9.89
866.80	9.21
866.98	9.10
867.16	8.35
867.34	7.59
867.52	7.35
867.69	6.97
867.87	6.28
868.05	6.62
868.23	6.89
868.41	6.99
868.59	7.35
868.77	8.07
868.94	8.43
869.12	8.97
869.30	9.65
869.48	9.21
869.66	9.21
869.84	9.42
870.02	8.20
870.19	8.60
870.37	7.76
870.55	8.92
870.73	8.50
870.91	8.15
871.09	8.51
871.26	9.08
871.44	9.37
871.62	9.09
871.80	9.10
871.98	9.08
872.16	9.09
872.33	9.00
872.51	8.75
872.69	8.07
872.87	7.53
873.05	7.55
873.22	8.08
873.40	8.43
873.58	8.58
873.76	9.38
873.94	9.51
874.12	10.13
874.29	9.64
874.47	10.19
874.65	10.43
874.83	10.08
875.01	9.20
875.18	9.18
875.36	8.64
875.54	8.07
875.72	7.76
875.89	8.29
876.07	7.64
876.25	7.49
876.43	7.64
876.61	8.36
876.78	7.68
876.96	7.07
877.14	6.06
877.32	5.72
877.49	4.86
877.67	5.06
877.85	5.24
878.03	5.87
878.21	5.65
878.38	6.02
878.56	6.31
878.74	7.39
878.92	7.51
879.09	8.78
879.27	8.71
879.45	9.72
879.63	9.39
879.80	9.80
879.98	9.48
880.16	9.46
880.34	9.25
880.51	10.45
880.69	10.49
880.87	11.34
881.05	10.98
881.22	11.71
881.40	10.89
881.58	10.46
881.75	10.32
881.93	9.42
882.11	8.47
882.29	8.26
882.46	7.74
882.64	7.88
882.82	7.65
883.00	7.46
883.17	7.20
883.35	7.49
883.53	7.81
883.70	8.17
883.88	8.29
884.06	7.76
884.23	6.30
884.41	6.16
884.59	5.66
884.77	6.30
884.94	5.71
885.12	6.97
885.30	6.02
885.47	6.01
885.65	5.90
885.83	6.79
886.00	6.68
886.18	7.12
886.36	6.57
886.53	6.41
886.71	6.31
886.89	6.24
887.07	5.75
887.24	5.72
887.42	5.46
887.60	5.87
887.77	6.02
887.95	6.68
888.13	6.80
888.30	7.55
888.48	7.14
888.66	7.62
888.83	6.72
889.01	8.53
889.18	8.09
889.36	8.68
889.54	8.68
889.71	8.76
889.89	8.08
890.07	8.29
890.24	8.42
890.42	8.63
890.60	8.82
890.77	9.42
890.95	9.43
891.13	9.81
891.30	9.32
891.48	10.61
891.65	10.56
891.83	11.56
892.01	11.32
892.18	11.02
892.36	10.88
892.54	11.78
892.71	11.47
892.89	11.02
893.06	11.45
893.24	11.29
893.42	10.82
893.59	10.28
893.77	10.06
893.94	10.09
894.12	9.93
894.30	9.42
894.47	8.43
894.65	8.09
894.82	7.50
895.00	8.20
895.18	8.50
895.35	8.59
895.53	8.37
895.70	8.65
895.88	9.06
896.06	8.62
896.23	7.48
896.41	8.03
896.58	8.73
896.76	9.47
896.93	9.41
897.11	9.83
897.29	10.00
897.46	10.07
897.64	9.68
897.81	10.02
897.99	12.69
898.16	13.09
898.34	13.41
898.52	13.70
898.69	12.95
898.87	11.61
899.04	10.60
899.22	9.17
899.39	7.75
899.57	7.54
899.74	7.92
899.92	8.24
900.10	7.53
900.27	7.71
900.45	6.97
900.62	6.89
900.80	7.02
900.97	7.63
901.15	8.21
901.32	8.39
901.50	8.84
901.67	5.89
901.85	5.95
902.02	6.26
902.20	6.72
902.37	6.90
902.55	6.64
902.72	7.01
902.90	7.85
903.07	8.36
903.25	8.15
903.43	8.97
903.60	8.84
903.78	9.09
903.95	8.10
904.13	7.61
904.30	7.55
904.48	7.20
904.65	6.61
904.83	5.82
905.00	5.46
905.17	4.72
905.35	4.81
905.52	5.22
905.70	4.99
905.87	4.21
906.05	4.00
906.22	4.68
906.40	5.51
906.57	6.28
906.75	5.82
906.92	6.27
907.10	4.99
907.27	5.23
907.45	4.88
907.62	5.53
907.80	6.26
907.97	6.21
908.15	6.78
908.32	8.31
908.49	8.57
908.67	9.08
908.84	9.39
909.02	10.12
909.19	9.42
909.37	9.80
909.54	10.37
909.72	10.90
909.89	10.09
910.07	8.85
910.24	8.09
910.41	8.01
910.59	8.25
910.76	9.07
910.94	8.44
911.11	7.90
911.29	7.91
911.46	7.40
911.63	7.95
911.81	7.45
911.98	6.70
912.16	7.16
912.33	6.63
912.50	6.80
912.68	6.70
912.85	6.27
913.03	5.49
913.20	5.61
913.38	4.88
913.55	5.31
913.72	5.64
913.90	6.27
914.07	6.65
914.25	6.87
914.42	6.65
914.59	6.95
914.77	6.88
914.94	7.60
915.11	7.44
915.29	7.05
915.46	6.58
915.64	6.46
915.81	6.57
915.98	6.90
916.16	6.29
916.33	6.25
916.51	7.07
916.68	6.94
916.85	6.64
917.03	7.03
917.20	6.51
917.37	6.58
917.55	6.40
917.72	6.74
917.89	6.16
918.07	6.65
918.24	6.79
918.42	7.37
918.59	6.78
918.76	6.75
918.94	6.67
919.11	7.39
919.28	7.17
919.46	7.33
919.63	6.69
919.80	7.30
919.98	6.90
920.15	6.56
920.32	8.19
920.50	8.08
920.67	8.15
920.84	8.53
921.02	8.20
921.19	8.02
921.36	7.90
921.54	8.01
921.71	7.17
921.88	7.58
922.06	7.24
922.23	7.49
922.40	7.47
922.57	7.99
922.75	7.35
922.92	8.47
923.09	8.20
923.27	9.50
923.44	9.39
923.61	9.61
923.79	10.26
923.96	9.37
924.13	10.81
924.30	10.92
924.48	11.54
924.65	13.16
924.82	12.36
925.00	12.93
925.17	13.56
925.34	13.68
925.51	13.49
925.69	13.94
925.86	13.05
926.03	13.94
926.21	13.48
926.38	14.76
926.55	13.43
926.72	13.57
926.90	12.41
927.07	12.29
927.24	12.33
927.41	12.47
927.59	11.67
927.76	10.71
927.93	11.04
928.10	11.16
928.28	10.48
928.45	10.61
928.62	10.03
928.79	9.52
928.97	9.68
929.14	8.78
929.31	8.99
929.48	9.42
929.66	8.42
929.83	8.25
930.00	7.59
930.17	8.80
930.34	8.48
930.52	9.05
930.69	9.37
930.86	9.74
931.03	8.44
931.21	9.07
931.38	8.70
931.55	7.28
931.72	6.60
931.89	6.27
932.07	6.22
932.24	6.71
932.41	7.30
932.58	7.50
932.75	8.75
932.93	8.62
933.10	8.30
933.27	9.22
933.44	9.08
933.61	8.82
933.79	7.54
933.96	7.42
934.13	6.20
934.30	5.89
934.47	5.12
934.65	6.12
934.82	5.82
934.99	5.81
935.16	6.72
935.33	6.80
935.50	7.00
935.68	7.22
935.85	7.24
936.02	7.52
936.19	7.11
936.36	7.02
936.53	6.63
936.71	6.57
936.88	5.64
937.05	5.62
937.22	6.27
937.39	6.65
937.56	6.91
937.74	8.29
937.91	8.16
938.08	8.54
938.25	8.63
938.42	8.90
938.59	9.05
938.76	9.52
938.94	8.94
939.11	9.32
939.28	10.05
939.45	10.13
939.62	8.56
939.79	9.58
939.96	9.05
940.13	9.23
940.31	9.10
940.48	9.20
940.65	8.55
940.82	8.46
940.99	8.19
941.16	8.99
941.33	9.10
941.50	9.83
941.67	8.95
941.85	8.30
942.02	8.01
942.19	8.09
942.36	7.14
942.53	7.00
942.70	5.97
942.87	5.43
943.04	4.89
943.21	5.73
943.38	4.69
943.56	5.21
943.73	4.43
943.90	4.38
944.07	3.90
944.24	4.84
944.41	4.33
944.58	4.44
944.75	3.63
944.92	3.38
945.09	3.30
945.26	3.25
945.43	3.64
945.60	4.55
945.78	4.83
945.95	5.65
946.12	6.02
946.29	6.32
946.46	6.34
946.63	6.56
946.80	6.55
946.97	6.24
947.14	6.24
947.31	7.52
947.48	8.29
947.65	9.78
947.82	9.30
947.99	10.10
948.16	10.35
948.33	10.17
948.50	10.03
948.67	9.89
948.84	10.55
949.01	10.88
949.18	9.79
949.35	8.86
949.52	8.44
949.69	9.11
949.86	8.72
950.03	8.81
950.20	8.75
950.38	7.89
950.55	8.41
950.72	8.74
950.89	7.99
951.06	8.02
951.23	6.87
951.40	7.15
951.57	6.45
951.74	6.94
951.91	6.54
952.08	7.00
952.25	6.87
952.42	6.83
952.59	6.38
952.76	7.01
952.92	7.48
953.09	6.81
953.26	6.79
953.43	7.49
953.60	6.69
953.77	7.15
953.94	8.12
954.11	8.47
954.28	7.90
954.45	7.80
954.62	6.85
954.79	6.93
954.96	7.00
955.13	6.69
955.30	5.94
955.47	6.86
955.64	6.19
955.81	6.37
955.98	6.34
956.15	6.74
956.32	6.61
956.49	6.82
956.66	7.23
956.83	7.13
957.00	6.89
957.17	8.69
957.33	7.69
957.50	7.63
957.67	7.47
957.84	7.11
958.01	7.34
958.18	8.52
958.35	8.62
958.52	9.27
958.69	9.84
958.86	9.99
959.03	9.79
959.20	9.98
959.37	9.65
959.53	10.69
959.70	10.32
959.87	9.69
960.04	8.84
960.21	9.00
960.38	8.70
960.55	9.34
960.72	7.84
960.89	9.06
961.06	8.58
961.23	8.11
961.39	9.00
961.56	9.45
961.73	8.09
961.90	8.05
962.07	7.68
962.24	7.52
962.41	7.63
962.58	7.65
962.75	7.86
962.91	7.79
963.08	6.72
963.25	7.03
963.42	6.58
963.59	6.37
963.76	6.51
963.93	6.30
964.09	5.81
964.26	7.37
964.43	6.83
964.60	7.33
964.77	7.38
964.94	6.94
965.11	6.51
965.27	7.73
965.44	8.11
965.61	7.56
965.78	7.09
965.95	7.41
966.12	7.00
966.29	7.45
966.45	7.80
966.62	7.82
966.79	7.30
966.96	9.59
967.13	10.41
967.30	10.88
967.46	10.99
967.63	11.27
967.80	9.81
967.97	11.80
968.14	11.19
968.30	11.97
968.47	11.99
968.64	12.95
968.81	11.69
968.98	11.92
969.15	12.29
969.31	13.20
969.48	12.48
969.65	12.45
969.82	12.26
969.99	12.18
970.15	12.26
970.32	12.85
970.49	11.23
970.66	11.41
970.82	10.40
970.99	10.75
971.16	10.42
971.33	11.52
971.50	9.81
971.66	10.50
971.83	9.80
972.00	10.08
972.17	8.19
972.34	9.39
972.50	8.49
972.67	8.40
972.84	7.79
973.01	8.38
973.17	8.37
973.34	8.57
973.51	8.29
973.68	8.83
973.84	9.05
974.01	9.04
974.18	8.83
974.35	9.26
974.51	8.53
974.68	8.71
974.85	7.52
975.02	7.31
975.18	6.71
975.35	6.55
975.52	6.06
975.69	6.92
975.85	6.82
976.02	7.50
976.19	7.39
976.36	7.95
976.52	7.37
976.69	7.41
976.86	7.31
977.02	8.58
977.19	9.12
977.36	8.30
977.53	7.89
977.69	7.90
977.86	7.75
978.03	8.90
978.19	9.14
978.36	9.33
978.53	7.86
978.70	8.63
978.86	8.27
979.03	8.42
979.20	8.46
979.36	8.67
979.53	8.13
979.70	8.67
979.86	8.52
980.03	9.13
980.20	8.86
980.36	8.59
980.53	7.67
980.70	6.32
980.86	6.37
981.03	7.49
981.20	7.78
981.36	8.50
981.53	7.17
981.70	6.59
981.86	7.57
982.03	8.48
982.20	8.02
982.36	9.02
982.53	8.47
982.70	8.06
982.86	7.51
983.03	7.48
983.20	6.84
983.36	5.45
983.53	5.33
983.70	5.87
983.86	5.17
984.03	4.76
984.20	5.12
984.36	4.79
984.53	3.95
984.70	4.00
984.86	3.66
985.03	4.30
985.19	4.45
985.36	4.05
985.53	3.74
985.69	2.95
985.86	2.80
986.03	3.30
986.19	3.78
986.36	4.08
986.52	4.42
986.69	4.48
986.86	5.36
987.02	4.89
987.19	4.63
987.35	5.57
987.52	5.62
987.69	6.08
987.85	6.96
988.02	8.36
988.18	7.71
988.35	8.11
988.52	7.72
988.68	7.70
988.85	6.98
989.01	7.45
989.18	8.03
989.35	7.36
989.51	7.80
989.68	7.90
989.84	7.49
990.01	7.65
990.17	7.62
990.34	8.18
990.51	9.00
990.67	8.67
990.84	8.09
991.00	7.83
991.17	7.07
991.33	6.34
991.50	6.07
991.66	6.50
991.83	5.37
992.00	6.26
992.16	6.72
992.33	7.43
992.49	7.69
992.66	8.03
992.82	9.20
992.99	8.82
993.15	8.72
993.32	9.68
993.48	9.06
993.65	9.27
993.82	8.55
993.98	8.31
994.15	8.69
994.31	8.71
994.48	8.20
994.64	8.60
994.81	9.85
994.97	10.17
995.14	9.46
995.30	10.61
995.47	10.60
995.63	10.54
995.80	10.27
995.96	10.96
996.13	10.41
996.29	10.73
996.46	10.33
996.62	11.00
996.79	10.30
996.95	10.40
997.12	10.32
997.28	10.99
997.45	11.05
997.61	10.97
997.78	11.12
997.94	12.61
998.11	12.44
998.27	11.29
998.44	10.22
998.60	11.38
998.77	11.01
998.93	10.83
999.10	10.77
999.26	11.17
999.43	10.44
999.59	10.86
999.75	10.01
999.92	9.98
1000.08	9.27
1000.25	9.02
1000.41	9.03
1000.58	9.44
1000.74	8.85
1000.91	8.59
1001.07	9.05
1001.24	8.67
1001.40	7.98
1001.56	8.42
1001.73	8.46
1001.89	8.97
1002.06	8.56
1002.22	8.28
1002.39	7.72
1002.55	8.57
1002.71	8.71
1002.88	9.15
1003.04	9.80
1003.21	10.21
1003.37	9.79
1003.54	9.72
1003.70	9.51
1003.86	9.42
1004.03	10.21
1004.19	10.98
1004.36	10.90
1004.52	11.05
1004.68	10.55
1004.85	10.66
1005.01	9.66
1005.18	10.19
1005.34	10.05
1005.50	10.10
1005.67	10.19
1005.83	10.35
1006.00	8.94
1006.16	8.53
1006.32	7.86
1006.49	7.38
1006.65	7.05
1006.82	8.87
1006.98	9.27
1007.14	9.68
1007.31	9.77
1007.47	8.43
1007.63	8.02
1007.80	8.74
1007.96	8.89
1008.13	9.44
1008.29	9.52
1008.45	10.12
1008.62	9.42
1008.78	9.31
1008.94	9.49
1009.11	10.32
1009.27	10.23
1009.43	11.00
1009.60	10.61
1009.76	10.44
1009.92	9.70
1010.09	10.25
1010.25	9.00
1010.42	7.70
1010.58	7.20
1010.74	8.30
1010.91	8.39
1011.07	8.69
1011.23	7.84
1011.40	7.70
1011.56	7.95
1011.72	7.15
1011.89	7.07
1012.05	7.02
1012.21	6.96
1012.37	6.41
1012.54	5.33
1012.70	5.91
1012.86	5.55
1013.03	5.61
1013.19	6.34
1013.35	6.49
1013.52	5.13
1013.68	5.36
1013.84	6.11
1014.01	7.35
1014.17	6.39
1014.33	6.99
1014.49	6.73
1014.66	6.79
1014.82	6.33
1014.98	6.50
1015.15	7.60
1015.31	8.09
1015.47	8.54
1015.63	8.41
1015.80	8.92
1015.96	9.15
1016.12	8.43
1016.29	8.61
1016.45	8.76
1016.61	8.51
1016.77	8.96
1016.94	9.08
1017.10	9.12
1017.26	9.10
1017.42	8.28
1017.59	9.11
1017.75	8.59
1017.91	8.62
1018.07	9.47
1018.24	9.76
1018.40	9.33
1018.56	8.76
1018.72	8.11
1018.89	8.48
1019.05	7.72
1019.21	8.11
1019.37	8.14
1019.54	9.20
1019.70	8.62
1019.86	8.47
1020.02	8.14
1020.19	8.39
1020.35	8.92
1020.51	9.18
1020.67	8.88
1020.83	9.51
1021.00	9.02
1021.16	9.87
1021.32	9.33
1021.48	8.66
1021.64	8.19
1021.81	8.54
1021.97	8.66
1022.13	9.37
1022.29	9.04
1022.45	10.19
1022.62	9.57
1022.78	10.05
1022.94	9.69
1023.10	10.02
1023.26	10.59
1023.43	10.29
1023.59	9.31
1023.75	9.12
1023.91	8.49
1024.07	9.01
1024.24	8.08
1024.40	8.27
1024.56	7.51
1024.72	7.64
1024.88	7.18
1025.04	7.56
1025.21	7.91
1025.37	7.44
1025.53	7.00
1025.69	6.88
1025.85	7.12
1026.01	6.26
1026.18	5.43
1026.34	5.18
1026.50	4.54
1026.66	4.07
1026.82	5.20
1026.98	6.42
1027.14	6.74
1027.31	7.20
1027.47	6.85
1027.63	7.45
1027.79	7.05
1027.95	7.07
1028.11	7.03
1028.27	6.54
1028.44	6.43
1028.60	5.80
1028.76	5.49
1028.92	6.29
1029.08	5.54
1029.24	5.42
1029.40	6.03
1029.56	6.77
1029.73	6.47
1029.89	7.72
1030.05	7.70
1030.21	7.19
1030.37	7.20
1030.53	8.09
1030.69	8.42
1030.85	9.29
1031.01	9.35
1031.17	9.40
1031.34	9.06
1031.50	9.30
1031.66	10.65
1031.82	10.74
1031.98	11.66
1032.14	12.11
1032.30	12.14
1032.46	13.30
1032.62	12.31
1032.78	12.62
1032.94	11.93
1033.10	13.03
1033.27	12.91
1033.43	13.56
1033.59	13.34
1033.75	12.52
1033.91	11.59
1034.07	11.28
1034.23	10.65
1034.39	10.76
1034.55	10.79
1034.71	11.33
1034.87	12.12
1035.03	11.57
1035.19	11.20
1035.35	10.53
1035.51	11.01
1035.67	10.51
1035.83	10.16
1035.99	10.70
1036.16	10.78
1036.32	11.39
1036.48	10.40
1036.64	8.99
1036.80	7.67
1036.96	8.05
1037.12	9.07
1037.28	8.80
1037.44	7.94
1037.60	7.70
1037.76	7.56
1037.92	7.54
1038.08	7.98
1038.24	8.15
1038.40	7.61
1038.56	7.34
1038.72	6.46
1038.88	6.37
1039.04	5.77
1039.20	6.55
1039.36	6.61
1039.52	6.22
1039.68	5.68
1039.84	6.37
1040.00	7.51
1040.16	8.05
1040.32	8.65
1040.48	8.72
1040.64	9.31
1040.80	10.05
1040.96	10.66
1041.12	10.47
1041.28	10.96
1041.44	10.52
1041.60	9.68
1041.76	3.38
1041.92	26.73
1042.08	22.94
1042.24	16.90
1042.39	9.22
1042.55	13.41
1042.71	7.07
1042.87	14.95
1043.03	13.52
1043.19	7.99
