345.44	-3.17
345.66	-3.17
345.88	-3.17
346.10	0.11
346.31	-2.96
346.53	-14.84
346.75	1.34
346.97	-7.47
347.19	9.12
347.41	4.82
347.63	5.64
347.85	-2.76
348.07	3.80
348.29	-4.80
348.51	9.53
348.73	16.29
348.95	14.45
349.17	-5.62
349.39	36.15
349.61	19.98
349.83	27.55
350.05	26.53
350.27	16.70
350.49	27.55
350.71	21.61
350.93	12.81
351.15	36.15
351.37	12.40
351.59	18.34
351.80	31.24
352.02	10.96
352.24	22.64
352.46	24.89
352.68	34.93
352.90	56.22
353.12	7.69
353.34	32.06
353.56	28.37
353.78	32.47
354.00	32.26
354.22	6.25
354.44	36.15
354.66	34.72
354.88	27.96
355.09	42.91
355.31	28.17
355.53	23.87
355.75	14.04
355.97	50.70
356.19	4.41
356.41	0.11
356.63	22.64
356.85	11.37
357.07	16.49
357.29	30.22
357.50	42.30
357.72	31.03
357.94	23.87
358.16	34.11
358.38	27.55
358.60	34.31
358.82	35.75
359.04	17.31
359.26	14.04
359.48	44.76
359.69	4.62
359.91	33.08
360.13	8.10
360.35	18.95
360.57	17.11
360.79	50.90
361.01	27.35
361.23	98.00
361.45	13.22
361.66	22.43
361.88	28.58
362.10	43.53
362.32	25.91
362.54	17.72
362.76	8.30
362.98	35.13
363.20	50.49
363.41	40.25
363.63	25.30
363.85	6.46
364.07	2.16
364.29	50.70
364.51	17.31
364.73	53.36
364.94	10.56
365.16	27.14
365.38	38.20
365.60	36.97
365.82	32.47
366.04	32.26
366.26	17.52
366.47	48.44
366.69	39.02
366.91	15.06
367.13	14.24
367.35	15.88
367.57	24.28
367.79	23.46
368.00	22.43
368.22	36.56
368.44	30.22
368.66	21.61
368.88	17.11
369.10	47.42
369.31	20.18
369.53	34.72
369.75	-0.91
369.97	21.41
370.19	42.91
370.41	22.02
370.62	14.04
370.84	26.94
371.06	36.36
371.28	23.87
371.50	22.02
371.71	20.59
371.93	24.28
372.15	45.78
372.37	29.81
372.59	39.43
372.80	43.12
373.02	28.78
373.24	42.09
373.46	32.67
373.68	22.64
373.90	28.37
374.11	24.07
374.33	34.93
374.55	20.79
374.77	15.88
374.98	35.54
375.20	28.99
375.42	34.52
375.64	10.96
375.86	43.94
376.07	23.66
376.29	3.80
376.51	31.03
376.73	1.75
376.95	16.90
377.16	30.01
377.38	16.08
377.60	18.75
377.82	36.56
378.03	34.93
378.25	27.35
378.47	37.18
378.69	23.66
378.91	26.32
379.12	49.88
379.34	37.38
379.56	26.32
379.78	23.66
379.99	38.82
380.21	37.38
380.43	23.66
380.65	51.31
380.86	40.66
381.08	5.84
381.30	37.38
381.52	45.58
381.73	35.95
381.95	1.13
382.17	41.07
382.39	25.30
382.60	27.35
382.82	21.20
383.04	19.16
383.26	23.66
383.47	29.19
383.69	18.95
383.91	25.91
384.13	39.84
384.34	41.27
384.56	8.30
384.78	36.56
385.00	44.96
385.21	14.65
385.43	41.27
385.65	17.31
385.86	42.91
386.08	23.46
386.30	30.42
386.52	14.45
386.73	43.94
386.95	36.77
387.17	25.71
387.38	40.25
387.60	30.42
387.82	4.21
388.04	29.60
388.25	48.03
388.47	23.66
388.69	31.65
388.90	29.60
389.12	27.96
389.34	32.06
389.56	28.37
389.77	8.30
389.99	29.60
390.21	18.34
390.42	46.60
390.64	25.30
390.86	39.43
391.07	16.70
391.29	58.89
391.51	29.40
391.72	34.11
391.94	-0.71
392.16	33.08
392.38	14.65
392.59	36.36
392.81	43.94
393.03	33.49
393.24	45.78
393.46	30.63
393.68	16.70
393.89	49.06
394.11	52.74
394.33	32.88
394.54	29.19
394.76	35.54
394.98	23.46
395.19	35.75
395.41	21.20
395.63	16.70
395.84	18.54
396.06	38.82
396.28	34.93
396.49	22.02
396.71	35.54
396.93	21.00
397.14	44.76
397.36	24.89
397.57	26.32
397.79	19.36
398.01	30.63
398.22	41.07
398.44	29.81
398.66	34.52
398.87	51.10
399.09	34.52
399.31	34.72
399.52	37.38
399.74	15.88
399.96	28.37
400.17	13.42
400.39	24.89
400.60	18.34
400.82	31.85
401.04	37.38
401.25	42.91
401.47	30.63
401.69	47.83
401.90	35.34
402.12	37.38
402.33	25.71
402.55	41.68
402.77	30.42
402.98	36.15
403.20	48.65
403.41	33.49
403.63	42.71
403.85	50.29
404.06	37.59
404.28	43.94
404.49	22.23
404.71	33.49
404.93	41.68
405.14	39.64
405.36	-2.96
405.57	42.09
405.79	39.64
406.01	24.28
406.22	8.71
406.44	17.52
406.65	33.08
406.87	17.72
407.09	66.06
407.30	28.37
407.52	31.65
407.73	42.09
407.95	43.73
408.17	33.49
408.38	20.79
408.60	35.54
408.81	46.39
409.03	38.82
409.24	27.14
409.46	21.20
409.68	35.95
409.89	7.69
410.11	38.00
410.32	29.60
410.54	48.65
410.75	43.53
410.97	21.20
411.18	41.27
411.40	44.55
411.62	29.40
411.83	33.08
412.05	15.88
412.26	27.76
412.48	45.37
412.69	38.41
412.91	39.84
413.12	24.28
413.34	50.90
413.56	42.30
413.77	23.46
413.99	32.26
414.20	25.10
414.42	35.34
414.63	35.13
414.85	30.83
415.06	9.94
415.28	26.12
415.49	25.91
415.71	34.52
415.92	49.26
416.14	46.39
416.35	25.30
416.57	16.90
416.79	27.76
417.00	33.90
417.22	50.49
417.43	31.85
417.65	20.39
417.86	37.38
418.08	34.52
418.29	-1.12
418.51	47.62
418.72	22.64
418.94	57.45
419.15	24.89
419.37	41.89
419.58	33.08
419.80	51.10
420.01	40.66
420.23	21.61
420.44	22.64
420.66	46.39
420.87	44.35
421.09	43.53
421.30	33.70
421.52	32.26
421.73	47.21
421.95	43.32
422.16	45.17
422.38	36.15
422.59	20.39
422.81	25.91
423.02	50.29
423.23	49.67
423.45	22.43
423.66	34.31
423.88	31.65
424.09	30.01
424.31	44.55
424.52	29.40
424.74	36.15
424.95	46.60
425.17	38.82
425.38	55.00
425.60	50.29
425.81	45.58
426.03	28.37
426.24	36.56
426.45	16.08
426.67	60.32
426.88	19.77
427.10	40.46
427.31	34.31
427.53	38.61
427.74	43.73
427.96	30.63
428.17	52.95
428.39	39.43
428.60	17.11
428.81	27.96
429.03	23.87
429.24	35.13
429.46	19.16
429.67	49.88
429.89	11.58
430.10	61.34
430.31	27.76
430.53	47.62
430.74	45.17
430.96	37.59
431.17	45.58
431.39	40.46
431.60	18.95
431.81	30.83
432.03	19.16
432.24	40.66
432.46	26.94
432.67	13.22
432.89	36.97
433.10	39.43
433.31	51.51
433.53	34.52
433.74	56.43
433.96	30.22
434.17	44.55
434.38	31.85
434.60	44.14
434.81	56.22
435.03	25.51
435.24	36.97
435.45	17.72
435.67	51.92
435.88	24.69
436.10	50.29
436.31	34.31
436.52	35.75
436.74	31.03
436.95	14.65
437.17	43.94
437.38	32.67
437.59	31.44
437.81	47.21
438.02	11.37
438.23	45.37
438.45	46.19
438.66	42.50
438.88	44.14
439.09	41.48
439.30	41.48
439.52	5.64
439.73	49.88
439.94	45.98
440.16	36.97
440.37	44.35
440.58	51.51
440.80	32.47
441.01	44.35
441.23	41.89
441.44	39.43
441.65	39.23
441.87	43.32
442.08	47.21
442.29	50.08
442.51	47.42
442.72	23.87
442.93	50.08
443.15	35.95
443.36	39.64
443.57	57.25
443.79	32.26
444.00	34.31
444.21	53.77
444.43	32.67
444.64	49.47
444.85	3.18
445.07	34.31
445.28	35.13
445.49	39.64
445.71	32.06
445.92	37.18
446.13	27.96
446.35	31.85
446.56	65.44
446.77	39.64
446.99	46.60
447.20	39.64
447.41	19.16
447.63	41.48
447.84	29.40
448.05	57.45
448.27	56.63
448.48	49.26
448.69	35.13
448.90	42.91
449.12	25.91
449.33	52.95
449.54	51.51
449.76	38.41
449.97	49.06
450.18	39.23
450.40	24.89
450.61	20.18
450.82	25.10
451.03	25.10
451.25	63.60
451.46	28.78
451.67	51.51
451.89	60.94
452.10	45.37
452.31	43.53
452.52	28.99
452.74	41.48
452.95	30.63
453.16	32.67
453.38	30.01
453.59	51.31
453.80	24.28
454.01	44.76
454.23	22.23
454.44	39.64
454.65	55.61
454.86	40.66
455.08	34.11
455.29	46.19
455.50	40.46
455.71	54.38
455.93	58.48
456.14	43.32
456.35	46.39
456.56	40.66
456.78	47.01
456.99	31.65
457.20	27.55
457.41	50.90
457.63	48.03
457.84	39.02
458.05	28.99
458.26	46.80
458.48	15.27
458.69	55.20
458.90	40.25
459.11	27.76
459.33	13.63
459.54	43.94
459.75	36.97
459.96	35.13
460.18	53.77
460.39	26.94
460.60	45.17
460.81	51.31
461.02	32.47
461.24	78.75
461.45	40.87
461.66	36.56
461.87	45.98
462.09	34.11
462.30	34.72
462.51	42.91
462.72	18.75
462.93	27.55
463.15	42.91
463.36	32.26
463.57	67.28
463.78	22.84
463.99	38.82
464.21	45.58
464.42	45.17
464.63	21.20
464.84	40.87
465.05	57.04
465.27	29.81
465.48	39.84
465.69	45.17
465.90	40.66
466.11	45.78
466.33	44.14
466.54	74.86
466.75	41.07
466.96	38.41
467.17	54.38
467.38	34.52
467.60	50.29
467.81	51.10
468.02	35.13
468.23	27.55
468.44	40.46
468.65	11.78
468.87	23.46
469.08	24.89
469.29	49.47
469.50	49.47
469.71	44.76
469.92	39.02
470.14	47.83
470.35	41.89
470.56	52.95
470.77	34.11
470.98	39.84
471.19	37.79
471.41	31.44
471.62	46.39
471.83	26.73
472.04	53.97
472.25	55.20
472.46	38.61
472.67	50.70
472.89	36.56
473.10	29.60
473.31	37.79
473.52	53.36
473.73	35.95
473.94	28.78
474.15	37.38
474.37	35.95
474.58	41.48
474.79	40.05
475.00	46.39
475.21	40.25
475.42	43.53
475.63	43.73
475.84	47.01
476.06	37.79
476.27	21.00
476.48	46.39
476.69	52.33
476.90	43.94
477.11	52.54
477.32	45.98
477.53	44.96
477.74	33.70
477.96	21.82
478.17	50.29
478.38	44.14
478.59	44.35
478.80	43.12
479.01	50.29
479.22	58.48
479.43	50.49
479.64	58.07
479.85	31.03
480.06	34.52
480.28	50.29
480.49	56.84
480.70	39.43
480.91	40.46
481.12	68.72
481.33	45.37
481.54	63.19
481.75	23.05
481.96	42.09
482.17	51.31
482.38	66.06
482.59	27.55
482.81	52.74
483.02	12.81
483.23	63.60
483.44	43.32
483.65	44.14
483.86	42.91
484.07	24.89
484.28	42.71
484.49	49.47
484.70	32.06
484.91	57.04
485.12	55.00
485.33	73.63
485.54	35.34
485.75	35.54
485.96	37.79
486.17	56.22
486.38	53.36
486.60	33.70
486.81	36.36
487.02	44.76
487.23	49.26
487.44	52.95
487.65	55.82
487.86	60.32
488.07	50.49
488.28	52.74
488.49	27.14
488.70	56.02
488.91	50.49
489.12	41.89
489.33	45.78
489.54	33.70
489.75	39.02
489.96	38.82
490.17	58.07
490.38	62.37
490.59	42.71
490.80	41.27
491.01	43.32
491.22	41.07
491.43	40.46
491.64	60.32
491.85	59.91
492.06	22.43
492.27	29.40
492.48	36.36
492.69	48.85
492.90	37.38
493.11	36.77
493.32	53.56
493.53	43.94
493.74	73.02
493.95	36.97
494.16	47.21
494.37	42.50
494.58	45.17
494.79	52.33
495.00	48.24
495.21	59.50
495.42	53.36
495.63	55.00
495.84	54.18
496.05	55.41
496.26	50.49
496.47	32.26
496.68	47.62
496.89	34.72
497.10	44.35
497.31	66.06
497.52	45.17
497.73	58.89
497.94	45.37
498.15	53.36
498.36	52.54
498.57	65.24
498.78	54.59
498.99	29.60
499.19	67.08
499.40	26.73
499.61	52.33
499.82	25.30
500.03	24.89
500.24	60.73
500.45	46.80
500.66	52.95
500.87	71.79
501.08	33.90
501.29	56.84
501.50	27.96
501.71	36.77
501.92	47.21
502.13	61.34
502.34	16.49
502.55	53.77
502.76	36.77
502.96	39.02
503.17	47.21
503.38	40.66
503.59	23.05
503.80	58.48
504.01	52.74
504.22	57.45
504.43	49.67
504.64	27.96
504.85	38.41
505.06	58.89
505.27	48.65
505.47	65.85
505.68	43.32
505.89	43.12
506.10	67.69
506.31	29.60
506.52	55.20
506.73	48.85
506.94	33.29
507.15	45.58
507.36	47.42
507.56	43.73
507.77	81.21
507.98	48.03
508.19	37.38
508.40	70.56
508.61	47.62
508.82	66.26
509.03	36.56
509.24	38.82
509.44	72.40
509.65	42.91
509.86	51.10
510.07	71.79
510.28	15.06
510.49	50.70
510.70	41.48
510.91	57.45
511.11	51.31
511.32	46.60
511.53	36.36
511.74	51.72
511.95	75.89
512.16	44.96
512.37	51.31
512.58	53.36
512.78	37.18
512.99	57.66
513.20	46.60
513.41	42.50
513.62	39.84
513.83	75.89
514.04	56.02
514.24	43.32
514.45	39.23
514.66	38.82
514.87	68.72
515.08	37.38
515.29	49.06
515.49	48.85
515.70	39.02
515.91	61.14
516.12	40.25
516.33	79.78
516.54	65.03
516.74	49.67
516.95	34.11
517.16	40.66
517.37	61.96
517.58	69.74
517.79	39.02
517.99	57.25
518.20	71.99
518.41	43.73
518.62	49.06
518.83	52.13
519.03	50.70
519.24	53.56
519.45	64.42
519.66	43.32
519.87	57.86
520.07	54.79
520.28	48.85
520.49	54.59
520.70	60.32
520.91	58.07
521.12	39.84
521.32	53.36
521.53	76.50
521.74	51.72
521.95	28.99
522.15	55.20
522.36	53.56
522.57	56.43
522.78	61.55
522.99	45.17
523.19	52.95
523.40	52.33
523.61	48.44
523.82	52.13
524.03	42.71
524.23	37.59
524.44	30.42
524.65	69.95
524.86	51.72
525.06	63.60
525.27	34.31
525.48	42.30
525.69	49.47
525.89	68.10
526.10	51.31
526.31	69.95
526.52	54.18
526.72	52.54
526.93	26.32
527.14	78.14
527.35	64.01
527.56	48.85
527.76	70.97
527.97	63.60
528.18	59.91
528.38	36.97
528.59	35.54
528.80	53.36
529.01	70.36
529.21	57.66
529.42	63.39
529.63	62.98
529.84	56.84
530.04	31.24
530.25	50.08
530.46	50.29
530.67	36.15
530.87	37.18
531.08	47.01
531.29	34.93
531.50	63.39
531.70	65.24
531.91	58.68
532.12	59.30
532.32	36.56
532.53	57.45
532.74	55.20
532.95	70.15
533.15	61.34
533.36	47.62
533.57	55.20
533.77	39.23
533.98	59.71
534.19	48.85
534.39	38.61
534.60	46.19
534.81	49.26
535.02	51.31
535.22	58.27
535.43	64.62
535.64	56.02
535.84	53.77
536.05	54.59
536.26	77.52
536.46	43.73
536.67	51.10
536.88	38.41
537.08	49.88
537.29	37.79
537.50	38.41
537.70	56.63
537.91	69.54
538.12	62.98
538.33	54.79
538.53	45.58
538.74	39.43
538.95	55.41
539.15	58.68
539.36	40.46
539.57	74.45
539.77	43.12
539.98	55.41
540.18	59.91
540.39	53.97
540.60	51.51
540.80	54.38
541.01	56.43
541.22	49.06
541.42	45.58
541.63	67.08
541.84	55.82
542.04	47.42
542.25	67.49
542.46	66.87
542.66	43.53
542.87	48.85
543.08	47.42
543.28	61.14
543.49	25.30
543.69	64.83
543.90	67.90
544.11	59.09
544.31	33.70
544.52	68.92
544.73	60.53
544.93	53.97
545.14	57.45
545.34	63.80
545.55	59.71
545.76	40.05
545.96	48.44
546.17	46.80
546.38	28.58
546.58	44.96
546.79	68.51
546.99	38.20
547.20	64.42
547.41	59.50
547.61	49.47
547.82	76.50
548.02	36.15
548.23	66.87
548.44	57.45
548.64	74.66
548.85	80.39
549.05	53.36
549.26	56.63
549.47	80.19
549.67	48.03
549.88	45.78
550.08	61.14
550.29	60.12
550.50	56.22
550.70	51.92
550.91	72.40
551.11	65.44
551.32	61.96
551.52	77.11
551.73	69.13
551.94	51.72
552.14	56.22
552.35	65.24
552.55	52.33
552.76	53.56
552.96	40.05
553.17	51.51
553.38	76.09
553.58	52.54
553.79	62.78
553.99	70.15
554.20	46.19
554.40	70.36
554.61	63.60
554.81	75.68
555.02	34.93
555.23	72.40
555.43	71.58
555.64	78.55
555.84	64.42
556.05	50.70
556.25	54.79
556.46	61.55
556.66	71.38
556.87	59.30
557.07	45.37
557.28	50.70
557.48	42.71
557.69	74.25
557.90	68.51
558.10	73.63
558.31	72.20
558.51	69.33
558.72	49.26
558.92	52.74
559.13	61.34
559.33	67.28
559.54	57.86
559.74	64.42
559.95	81.62
560.15	78.14
560.36	46.80
560.56	45.58
560.77	36.56
560.97	72.20
561.18	86.53
561.38	63.80
561.59	59.09
561.79	95.75
562.00	67.69
562.20	116.64
562.41	74.04
562.61	69.33
562.82	88.17
563.02	93.91
563.23	73.43
563.43	65.03
563.64	70.77
563.84	92.68
564.05	79.78
564.25	58.48
564.46	64.62
564.66	73.02
564.87	66.46
565.07	70.56
565.28	79.78
565.48	70.36
565.68	74.04
565.89	72.81
566.09	71.17
566.30	64.83
566.50	72.20
566.71	54.59
566.91	76.91
567.12	65.65
567.32	67.08
567.53	67.49
567.73	34.93
567.94	81.62
568.14	97.39
568.34	87.56
568.55	78.34
568.75	74.66
568.96	71.58
569.16	78.34
569.37	89.20
569.57	72.40
569.78	89.20
569.98	82.85
570.18	60.94
570.39	82.03
570.59	82.64
570.80	63.39
571.00	81.01
571.21	73.02
571.41	59.09
571.61	82.44
571.82	79.98
572.02	70.97
572.23	107.42
572.43	90.84
572.64	85.72
572.84	105.38
573.04	61.14
573.25	80.60
573.45	76.50
573.66	87.97
573.86	70.15
574.06	71.58
574.27	59.30
574.47	76.09
574.68	95.14
574.88	88.99
575.08	80.60
575.29	100.87
575.49	95.14
575.70	99.03
575.90	100.67
576.10	85.92
576.31	59.91
576.51	88.79
576.72	104.56
576.92	94.52
577.12	76.09
577.33	101.08
577.53	97.59
577.73	80.39
577.94	79.16
578.14	102.30
578.35	88.17
578.55	104.35
578.75	106.40
578.96	106.60
579.16	90.63
579.36	107.63
579.57	72.81
579.77	83.46
579.98	96.36
580.18	120.74
580.38	93.50
580.59	101.48
580.79	150.84
580.99	105.79
581.20	113.57
581.40	126.88
581.60	107.42
581.81	106.60
582.01	84.90
582.21	125.65
582.42	109.88
582.62	119.30
582.82	106.81
583.03	112.75
583.23	120.74
583.43	140.19
583.64	142.03
583.84	152.68
584.04	150.84
584.25	138.55
584.45	157.80
584.65	197.13
584.86	190.98
585.06	197.74
585.26	224.16
585.47	214.33
585.67	253.03
585.87	266.14
586.08	293.58
586.28	327.38
586.48	344.99
586.69	389.22
586.89	385.95
587.09	433.87
587.30	454.15
587.50	495.72
587.70	550.19
587.90	606.10
588.11	668.16
588.31	712.19
588.51	733.28
588.72	811.11
588.92	897.33
589.12	939.72
589.33	982.93
589.53	1050.92
589.73	1157.01
589.93	1230.33
590.14	1318.39
590.34	1463.18
590.54	1518.47
590.75	1602.24
590.95	1667.57
591.15	1780.82
591.35	1947.32
591.56	2014.70
591.76	2084.12
591.96	2279.91
592.16	2327.63
592.37	2463.00
592.57	2607.38
592.77	2628.06
592.97	2796.82
593.18	2978.47
593.38	3063.46
593.58	3216.45
593.79	3302.87
593.99	3500.29
594.19	3615.80
594.39	3746.66
594.60	3853.16
594.80	3985.05
595.00	4130.66
595.20	4208.48
595.41	4410.41
595.61	4545.99
595.81	4711.67
596.01	4774.95
596.21	4956.60
596.42	5090.34
596.62	5258.48
596.82	5377.26
597.02	5523.48
597.23	5626.90
597.43	5814.29
597.63	5943.11
597.83	6072.34
598.04	6211.60
598.24	6374.62
598.44	6546.85
598.64	6660.92
598.84	6743.25
599.05	6895.42
599.25	7058.43
599.45	7157.35
599.65	7304.81
599.85	7436.08
600.06	7567.56
600.26	7650.30
600.46	7815.98
600.66	7986.57
600.87	8008.69
601.07	8192.19
601.27	8313.02
601.47	8376.51
601.67	8481.16
601.87	8677.76
602.08	8770.74
602.28	8868.22
602.48	8963.66
602.68	9141.22
602.88	9260.41
603.09	9270.04
603.29	9448.00
603.49	9529.51
603.69	9580.10
603.89	9675.12
604.10	9802.10
604.30	9934.81
604.50	10030.24
604.70	10214.15
604.90	10180.56
605.10	10338.05
605.31	10370.61
605.51	10477.11
605.71	10687.64
605.91	10614.32
606.11	10832.64
606.31	10841.65
606.52	10897.56
606.72	11036.41
606.92	11108.70
607.12	11169.94
607.32	11310.22
607.52	11363.88
607.72	11358.96
607.93	11469.35
608.13	11447.64
608.33	11609.64
608.53	11720.23
608.73	11803.99
608.93	11880.38
609.13	12013.09
609.34	11990.15
609.54	12083.54
609.74	12211.12
609.94	12200.27
610.14	12331.95
610.34	12308.61
610.54	12425.34
610.74	12474.90
610.95	12523.64
611.15	12702.23
611.35	12617.85
611.55	12761.21
611.75	12697.52
611.95	12882.65
612.15	12799.92
612.35	13015.98
612.56	13035.43
612.76	13092.57
612.96	13130.46
613.16	13136.60
613.36	13320.71
613.56	13318.67
613.76	13282.21
613.96	13530.02
614.16	13417.38
614.36	13518.55
614.57	13637.33
614.77	13660.88
614.97	13715.15
615.17	13685.05
615.37	13688.73
615.57	13897.22
615.77	13859.74
615.97	13895.78
616.17	13911.35
616.37	14096.28
616.57	14065.76
616.78	14163.25
616.98	14185.78
617.18	14294.73
617.38	14316.23
617.58	14265.03
617.78	14367.64
617.98	14363.74
618.18	14534.54
618.38	14450.37
618.58	14675.24
618.78	14548.88
618.98	14622.20
619.18	14652.71
619.38	14663.98
619.58	14701.86
619.79	14966.05
619.99	14902.36
620.19	14873.28
620.39	14881.88
620.59	14952.54
620.79	15123.54
620.99	15028.31
621.19	15144.63
621.39	15076.44
621.59	15192.76
621.79	15045.92
621.99	15298.44
622.19	15219.39
622.39	15340.22
622.59	15293.32
622.79	15380.56
622.99	15467.39
623.19	15486.24
623.39	15551.16
623.59	15575.12
623.79	15600.72
623.99	15658.47
624.19	15670.55
624.39	15695.74
624.59	15617.72
624.79	15648.03
624.99	15685.09
625.19	15788.31
625.39	15796.30
625.59	15893.37
625.79	15780.53
625.99	15894.60
626.19	15921.22
626.39	16060.49
626.59	15984.51
626.79	15982.87
626.99	16070.73
627.19	16207.74
627.39	16095.51
627.59	16251.15
627.79	16187.26
627.99	16335.94
628.19	16347.82
628.39	16445.71
628.59	16555.89
628.79	16471.72
628.99	16380.79
629.19	16577.60
629.39	16527.63
629.59	16523.74
629.79	16603.40
629.99	16679.79
630.19	16635.56
630.39	16605.66
630.59	16701.71
630.79	16662.79
630.99	16750.04
631.19	16753.52
631.39	16858.58
631.59	16860.63
631.79	16908.14
631.99	16886.02
632.19	16774.41
632.39	16906.91
632.59	16888.48
632.79	16971.42
632.99	17147.55
633.19	17095.32
633.39	17030.61
633.58	17159.02
633.78	17127.48
633.98	17096.14
634.18	17168.85
634.38	17188.30
634.58	17231.92
634.78	17218.00
634.98	17338.83
635.18	17260.19
635.38	17306.06
635.58	17264.90
635.78	17254.45
635.98	17333.09
636.18	17348.04
636.38	17365.25
636.57	17394.12
636.77	17475.84
636.97	17561.03
637.17	17399.65
637.37	17516.80
637.57	17523.15
637.77	17581.51
637.97	17708.69
638.17	17699.07
638.37	17710.53
638.57	17650.53
638.76	17846.31
638.96	17772.18
639.16	17858.60
639.36	17849.18
639.56	17870.89
639.76	17821.53
639.96	17874.58
640.16	17980.46
640.36	18015.48
640.56	17985.17
640.75	17973.49
640.95	18106.82
641.15	18056.44
641.35	18053.16
641.55	18159.04
641.75	18108.86
641.95	18190.17
642.15	18125.45
642.34	18035.75
642.54	18241.37
642.74	18246.90
642.94	18360.36
643.14	18221.50
643.34	18224.17
643.54	18303.01
643.74	18325.74
643.93	18380.63
644.13	18375.51
644.33	18468.90
644.53	18475.86
644.73	18495.93
644.93	18498.39
645.13	18525.63
645.32	18546.31
645.52	18550.00
645.72	18612.05
645.92	18635.60
646.12	18735.95
646.32	18594.03
646.52	18805.99
646.71	18715.68
646.91	18744.55
647.11	18719.16
647.31	18798.83
647.51	18852.69
647.71	18888.73
647.90	18862.72
648.10	18931.94
648.30	18917.20
648.50	18954.88
648.70	18902.25
648.89	19026.97
649.09	18960.41
649.29	19046.42
649.49	19027.17
649.69	19222.14
649.89	19173.19
650.08	19080.42
650.28	19107.25
650.48	19206.37
650.68	19251.63
650.88	19248.35
651.07	19229.92
651.27	19138.79
651.47	19378.20
651.67	19392.12
651.87	19328.23
652.06	19412.19
652.26	19242.62
652.46	19531.79
652.66	19477.11
652.86	19471.17
653.05	19581.15
653.25	19682.93
653.45	19537.94
653.65	19482.44
653.85	19526.88
654.04	19604.29
654.24	19622.11
654.44	19808.27
654.64	19751.75
654.83	19725.74
655.03	19731.67
655.23	19809.91
655.43	20024.74
655.63	19865.41
655.82	19936.06
656.02	19656.31
656.22	19867.46
656.42	20055.66
656.61	19934.01
656.81	19952.45
657.01	19993.41
657.21	19999.75
657.40	20259.03
657.60	20043.17
657.80	19988.90
658.00	20101.54
658.19	20056.48
658.39	20163.80
658.59	20227.08
658.79	20251.04
658.98	20252.88
659.18	20342.38
659.38	20286.26
659.58	20388.66
659.77	20267.22
659.97	20354.05
660.17	20333.98
660.36	20526.29
660.56	20545.54
660.76	20415.29
660.96	20471.20
661.15	20525.26
661.35	20555.98
661.55	20639.95
661.75	20713.47
661.94	20670.26
662.14	20560.49
662.34	20786.38
662.53	20583.43
662.73	20839.83
662.93	20603.70
663.13	20714.09
663.32	20873.21
663.52	20734.97
663.72	20861.13
663.91	20833.28
664.11	20951.24
664.31	20878.74
664.50	20906.39
664.70	20983.60
664.90	20908.85
665.10	21093.78
665.29	21123.68
665.49	21106.68
665.69	21110.78
665.88	21382.95
666.08	21142.93
666.28	21229.15
666.47	21286.49
666.67	21257.62
666.87	21093.78
667.06	21390.53
667.26	21360.83
667.46	21325.40
667.65	21316.60
667.85	21365.13
668.05	21413.47
668.24	21371.48
668.44	21455.45
668.64	21530.41
668.83	21729.06
669.03	21409.17
669.23	21617.04
669.42	21612.94
669.62	21575.26
669.82	21767.56
670.01	21770.22
670.21	21652.26
670.41	21730.08
670.60	21635.26
670.80	21893.31
671.00	21914.60
671.19	21858.90
671.39	21775.14
671.58	21770.43
671.78	21863.20
671.98	21999.80
672.17	21958.64
672.37	21998.16
672.57	22031.34
672.76	21998.78
672.96	21978.09
673.15	22157.29
673.35	22204.19
673.55	22052.64
673.74	22176.95
673.94	22171.62
674.14	22231.84
674.33	22241.05
674.53	22344.47
674.72	22137.22
674.92	22141.93
675.12	22431.31
675.31	22333.82
675.51	22440.93
675.70	22535.75
675.90	22514.05
676.10	22659.04
676.29	22627.71
676.49	22438.27
676.68	22632.83
676.88	22581.83
677.08	22648.80
677.27	22624.43
677.47	22737.68
677.66	22640.00
677.86	22740.76
678.06	22514.66
678.25	22820.22
678.45	22828.20
678.64	22613.37
678.84	22909.30
679.03	22745.47
679.23	22781.10
679.43	22895.58
679.62	22902.14
679.82	22862.00
680.01	22966.03
680.21	22937.16
680.40	23042.22
680.60	23031.16
680.80	23045.08
680.99	22890.67
681.19	22908.48
681.38	23089.52
681.58	22953.74
681.77	23091.37
681.97	23137.86
682.16	23050.41
682.36	23047.34
682.56	23126.39
682.75	23293.30
682.95	23308.45
683.14	23234.52
683.34	23245.17
683.53	23179.23
683.73	23243.33
683.92	23284.29
684.12	23434.81
684.31	23362.52
684.51	23484.99
684.70	23228.99
684.90	23420.48
685.10	23450.17
685.29	23379.72
685.49	23443.82
685.68	23471.68
685.88	23571.62
686.07	23577.97
686.27	23509.36
686.46	23624.66
686.66	23496.05
686.85	23621.79
687.05	23535.78
687.24	23531.27
687.44	23778.05
687.63	23703.71
687.83	23724.60
688.02	23698.80
688.22	23666.64
688.41	23759.82
688.61	23592.10
688.80	23574.28
689.00	23797.71
689.19	23773.34
689.39	23728.90
689.58	23745.28
689.78	23809.80
689.97	23903.59
690.17	23794.03
690.36	23991.86
690.56	23675.86
690.75	24037.32
690.95	23974.86
691.14	23825.77
691.34	24109.21
691.53	23947.42
691.72	24051.87
691.92	24029.13
692.11	23996.16
692.31	24033.43
692.50	23862.22
692.70	24040.81
692.89	24035.07
693.09	24186.21
693.28	24080.33
693.48	24165.53
693.67	24029.75
693.87	24187.03
694.06	24242.33
694.25	24002.92
694.45	24195.22
694.64	24052.27
694.84	24279.39
695.03	24259.53
695.23	24242.53
695.42	24312.78
695.62	24367.25
695.81	24363.77
696.00	24195.02
696.20	24360.08
696.39	24423.37
696.59	24285.95
696.78	24418.86
696.98	24351.28
697.17	24243.35
697.36	24542.97
697.56	24610.14
697.75	24436.27
697.95	24347.59
698.14	24352.92
698.34	24413.54
698.53	24367.25
698.72	24700.46
698.92	24440.36
699.11	24599.29
699.31	24551.57
699.50	24484.19
699.69	24555.67
699.89	24604.00
700.08	24746.54
700.28	24494.64
700.47	24589.05
700.66	24685.92
700.86	24585.36
701.05	24764.76
701.25	24550.55
701.44	24654.17
701.63	24636.56
701.83	24811.66
702.02	24791.39
702.21	24692.06
702.41	24865.93
702.60	24759.23
702.80	24602.97
702.99	24753.70
703.18	24749.61
703.38	24820.06
703.57	24784.63
703.77	24958.30
703.96	24696.16
704.15	24765.99
704.35	24775.82
704.54	24799.37
704.73	24787.50
704.93	24904.23
705.12	24728.51
705.31	24795.69
705.51	24895.63
705.70	24894.19
705.89	24962.19
706.09	24890.51
706.28	24987.17
706.48	24924.91
706.67	24940.89
706.86	24941.30
707.06	24793.23
707.25	24960.34
707.44	24784.22
707.64	25048.82
707.83	24951.95
708.02	24841.15
708.22	24939.25
708.41	24891.12
708.60	24916.52
708.80	24654.38
708.99	25007.24
709.18	24780.12
709.38	25108.00
709.57	25010.93
709.76	24899.72
709.95	24924.30
710.15	25012.98
710.34	25052.50
710.53	24865.52
710.73	25070.32
710.92	25084.04
711.11	24925.12
711.31	25013.80
711.50	24882.32
711.69	25057.83
711.89	24916.72
712.08	25013.80
712.27	24988.81
712.46	25056.60
712.66	24957.07
712.85	24830.50
713.04	25094.90
713.24	24942.94
713.43	24895.01
713.62	25014.00
713.81	25045.74
714.01	25094.49
714.20	25161.66
714.39	25167.60
714.59	24934.54
714.78	25207.74
714.97	24986.76
715.16	25038.37
715.36	25171.49
715.55	25098.79
715.74	25126.84
715.93	25131.35
716.13	25056.60
716.32	24879.04
716.51	25168.42
716.71	25289.86
716.90	25031.20
717.09	24927.78
717.28	25046.77
717.48	25094.69
717.67	24956.45
717.86	25042.06
718.05	25126.64
718.25	24810.84
718.44	25136.47
718.63	25045.13
718.82	25140.77
719.02	25127.46
719.21	25046.15
719.40	25092.23
719.59	25019.74
719.78	24900.95
719.98	25056.39
720.17	25079.33
720.36	24891.94
720.55	24970.79
720.75	24945.19
720.94	25029.57
721.13	24904.64
721.32	24992.91
721.51	24994.55
721.71	24852.83
721.90	24890.71
722.09	24932.90
722.28	24787.29
722.48	24899.72
722.67	24926.55
722.86	24869.82
723.05	24809.82
723.24	25135.85
723.44	24967.10
723.63	24907.71
723.82	24714.59
724.01	24947.44
724.20	24923.48
724.40	24896.45
724.59	24930.65
724.78	24729.33
724.97	24841.36
725.16	24791.59
725.35	24931.26
725.55	24761.28
725.74	24846.68
725.93	24946.42
726.12	25055.57
726.31	24927.78
726.51	24942.32
726.70	24834.39
726.89	24886.00
727.08	24843.00
727.27	24917.13
727.46	25030.79
727.66	24904.23
727.85	25076.87
728.04	24895.83
728.23	25149.37
728.42	24997.82
728.61	25021.17
728.81	24864.91
729.00	24907.92
729.19	25109.23
729.38	24992.50
729.57	24932.70
729.76	24923.89
729.95	25178.86
730.15	24955.22
730.34	25035.50
730.53	25152.03
730.72	25060.90
730.91	25113.53
731.10	24935.97
731.29	25013.80
731.49	24988.81
731.68	25078.92
731.87	25200.78
732.06	25111.07
732.25	25069.30
732.44	24966.69
732.63	25141.18
732.82	25072.16
733.02	25118.86
733.21	24974.88
733.40	25009.90
733.59	25080.15
733.78	24957.07
733.97	25140.16
734.16	25012.36
734.35	24975.70
734.54	24996.80
734.74	25078.51
734.93	25019.53
735.12	25244.19
735.31	25113.33
735.50	25193.81
735.69	25210.40
735.88	25205.90
736.07	25203.44
736.26	25111.69
736.45	25125.21
736.64	25132.37
736.84	25000.48
737.03	25099.81
737.22	25039.60
737.41	25116.81
737.60	25097.56
737.79	25025.88
737.98	25096.74
738.17	25254.23
738.36	25254.84
738.55	25279.83
738.74	25168.01
738.93	25086.50
739.12	25074.01
739.32	25042.88
739.51	25073.80
739.70	25116.40
739.89	25008.88
740.08	25081.58
740.27	25113.12
740.46	25117.63
740.65	25086.91
740.84	25352.94
741.03	25171.28
741.22	25239.48
741.41	25082.20
741.60	25115.17
741.79	25202.41
741.98	25180.91
742.17	25199.75
742.36	25270.41
742.55	25194.43
742.74	25175.59
742.93	25171.28
743.12	25044.72
743.31	25028.75
743.51	25197.50
743.70	25128.69
743.89	25259.76
744.08	25011.75
744.27	25245.83
744.46	25174.36
744.65	25178.04
744.84	25175.79
745.03	25207.33
745.22	25302.35
745.41	25277.78
745.60	25206.51
745.79	25101.65
745.98	24967.92
746.17	25057.62
746.36	25231.09
746.55	24918.77
746.74	25211.83
746.93	25306.25
747.12	24997.82
747.31	25215.11
747.50	25230.68
747.69	25076.05
747.88	25290.27
748.07	25029.16
748.26	25127.25
748.45	25204.67
748.64	25185.42
748.83	25149.58
749.02	25142.61
749.21	25231.90
749.40	25218.59
749.59	25058.03
749.77	25262.42
749.96	25121.93
750.15	25262.01
750.34	25302.97
750.53	25067.45
750.72	25103.91
750.91	25124.59
751.10	25281.67
751.29	25020.96
751.48	25094.90
751.67	25024.45
751.86	25032.64
752.05	25235.18
752.24	24980.82
752.43	25093.46
752.62	25093.87
752.81	25039.40
753.00	25042.88
753.19	25112.10
753.38	24958.71
753.57	25031.41
753.76	25076.05
753.94	25073.39
754.13	25078.92
754.32	25169.85
754.51	25019.33
754.70	25064.59
754.89	25118.65
755.08	24934.74
755.27	25082.40
755.46	25217.77
755.65	24906.28
755.84	24919.18
756.03	25006.63
756.22	25138.93
756.40	25119.06
756.59	25045.95
756.78	24999.66
756.97	25056.60
757.16	25049.02
757.35	25201.19
757.54	25085.68
757.73	25100.43
757.92	24908.74
758.11	25128.07
758.29	25281.88
758.48	25392.47
758.67	25153.88
758.86	25112.71
759.05	25300.72
759.24	25178.66
759.43	25277.78
759.62	25073.19
759.81	25080.76
759.99	25007.86
760.18	24935.56
760.37	25207.12
760.56	25149.17
760.75	25052.30
760.94	25069.91
761.13	25119.88
761.32	25165.76
761.50	25105.75
761.69	25231.70
761.88	24989.43
762.07	24990.65
762.26	25203.44
762.45	25080.15
762.64	25099.61
762.82	25194.63
763.01	25163.91
763.20	25146.71
763.39	24944.17
763.58	25192.99
763.77	24988.40
763.96	25063.56
764.14	24923.89
764.33	24958.09
764.52	24925.53
764.71	24991.27
764.90	25224.33
765.09	25059.47
765.27	25015.43
765.46	25004.17
765.65	24969.36
765.84	24937.82
766.03	25074.21
766.22	24882.11
766.40	24876.17
766.59	25097.97
766.78	24995.36
766.97	24937.61
767.16	24922.66
767.35	24971.81
767.53	24685.30
767.72	24926.55
767.91	24886.21
768.10	24894.19
768.29	25105.54
768.47	24990.04
768.66	25002.74
768.85	24864.50
769.04	24889.69
769.23	24915.90
769.41	24795.28
769.60	24837.06
769.79	24810.23
769.98	24781.76
770.17	24923.69
770.35	24722.37
770.54	24853.64
770.73	25013.80
770.92	24937.41
771.10	24897.27
771.29	24858.56
771.48	24997.82
771.67	24979.19
771.86	24725.85
772.04	25008.06
772.23	24789.13
772.42	24819.85
772.61	24821.29
772.79	24747.15
772.98	24953.79
773.17	24938.64
773.36	24770.91
773.54	24962.39
773.73	24839.31
773.92	24841.36
774.11	24885.80
774.30	24654.38
774.48	24721.76
774.67	24544.61
774.86	24913.04
775.05	24814.32
775.23	24756.37
775.42	24570.82
775.61	24847.91
775.79	24659.09
775.98	24632.87
776.17	24517.16
776.36	24536.82
776.54	24838.69
776.73	24782.79
776.92	24700.25
777.11	24447.53
777.29	24685.30
777.48	24537.44
777.67	24586.59
777.85	24664.62
778.04	24722.98
778.23	24658.27
778.42	24754.32
778.60	24638.61
778.79	24758.62
778.98	24652.74
779.16	24569.59
779.35	24610.55
779.54	24650.49
779.73	24488.49
779.91	24543.38
780.10	24599.29
780.29	24552.80
780.47	24501.80
780.66	24533.96
780.85	24474.36
781.03	24448.56
781.22	24531.09
781.41	24323.02
781.60	24392.24
781.78	24464.53
781.97	24454.70
782.16	24436.68
782.34	24377.08
782.53	24391.01
782.72	24415.38
782.90	24344.72
783.09	24485.42
783.28	24692.26
783.46	24356.19
783.65	24265.06
783.84	24323.02
784.02	24416.20
784.21	24385.27
784.40	24342.68
784.58	24397.56
784.77	24261.99
784.96	24368.69
785.14	24308.68
785.33	24265.47
785.52	24152.63
785.70	24102.45
785.89	24092.21
786.08	24214.27
786.26	24326.70
786.45	23967.28
786.63	24208.53
786.82	24170.44
787.01	24252.16
787.19	24148.32
787.38	24374.22
787.57	24195.22
787.75	24282.88
787.94	24181.50
788.13	24177.82
788.31	24222.87
788.50	24078.08
788.68	24095.49
788.87	24506.92
789.06	24262.40
789.24	24266.90
789.43	24457.36
789.61	24343.50
789.80	24233.32
789.99	24199.93
790.17	24324.45
790.36	24193.99
790.55	24437.91
790.73	24309.70
790.92	24352.30
791.10	24392.03
791.29	24399.20
791.48	24328.96
791.66	24390.19
791.85	24433.61
792.03	24598.06
792.22	24742.03
792.40	24661.55
792.59	24596.22
792.78	24831.53
792.96	24632.67
793.15	24608.09
793.33	24862.04
793.52	24874.74
793.71	24915.29
793.89	24872.08
794.08	24978.98
794.26	24769.47
794.45	24868.80
794.63	24802.45
794.82	24782.58
795.01	25034.48
795.19	24839.51
795.38	24844.63
795.56	24961.98
795.75	25064.18
795.93	24989.83
796.12	24967.92
796.30	24970.17
796.49	24949.69
796.68	24979.39
796.86	25126.64
797.05	25159.82
797.23	25250.34
797.42	25265.29
797.60	25392.26
797.79	25274.09
797.97	25464.14
798.16	25310.96
798.34	25261.80
798.53	25471.52
798.71	25276.14
798.90	25453.49
799.08	25274.09
799.27	25556.10
799.46	25282.08
799.64	25376.70
799.83	25414.79
800.01	25405.98
800.20	25424.82
800.38	25241.94
800.57	25536.64
800.75	25244.19
800.94	25507.56
801.12	25246.45
801.31	25239.28
801.49	25317.10
801.68	25232.52
801.86	25368.09
802.05	25406.60
802.23	25426.05
802.42	25362.57
802.60	25464.14
802.79	25347.61
802.97	25454.31
803.16	25454.11
803.34	25673.45
803.53	25347.82
803.71	25525.17
803.90	25382.23
804.08	25384.89
804.27	25422.78
804.45	25350.89
804.63	25211.02
804.82	25215.11
805.00	25255.87
805.19	25361.95
805.37	25219.62
805.56	25249.93
805.74	25180.30
805.93	25053.32
806.11	25165.14
806.30	25060.69
806.48	24976.73
806.67	25097.56
806.85	25330.62
807.04	24929.21
807.22	24985.94
807.40	24930.65
807.59	24846.89
807.77	24918.77
807.96	24842.59
808.14	24859.79
808.33	24756.78
808.51	24769.47
808.69	24722.37
808.88	24900.34
809.06	24557.92
809.25	24710.90
809.43	24626.32
809.62	24521.67
809.80	24656.22
809.99	24719.50
810.17	24419.68
810.35	24573.28
810.54	24589.87
810.72	24538.67
810.91	24516.34
811.09	24625.30
811.27	24372.58
811.46	24408.62
811.64	24447.12
811.83	24382.61
812.01	24289.84
812.19	24235.98
812.38	24342.88
812.56	24224.10
812.75	24326.29
812.93	24305.20
813.11	24086.27
813.30	24191.13
813.48	24240.28
813.67	24021.35
813.85	24053.50
814.03	24130.30
814.22	23932.26
814.40	23867.75
814.59	23828.64
814.77	23875.94
814.95	23856.69
815.14	23626.71
815.32	23758.39
815.50	23791.77
815.69	23541.10
815.87	23707.81
816.06	23445.87
816.24	23646.16
816.42	23572.64
816.61	23549.50
816.79	23524.51
816.97	23363.34
817.16	23473.11
817.34	23216.50
817.52	23380.95
817.71	23354.12
817.89	23230.63
818.07	23429.08
818.26	23081.95
818.44	23160.18
818.63	23148.92
818.81	23071.50
818.99	23021.74
819.18	23128.85
819.36	22972.59
819.54	22871.01
819.73	22919.13
819.91	22997.16
820.09	22933.88
820.28	22899.68
820.46	22951.08
820.64	22655.36
820.83	22716.38
821.01	22648.80
821.19	22702.66
821.37	22567.09
821.56	22626.48
821.74	22504.42
821.92	22541.69
822.11	22636.92
822.29	22505.24
822.47	22456.09
822.66	22439.70
822.84	22434.58
823.02	22536.37
823.21	22344.88
823.39	22286.72
823.57	22370.89
823.75	22304.74
823.94	22279.55
824.12	22306.38
824.30	22242.89
824.49	22214.02
824.67	22159.54
824.85	22135.79
825.03	22142.75
825.22	22019.46
825.40	21996.11
825.58	22063.70
825.77	22042.81
825.95	21807.09
826.13	21908.26
826.31	21817.53
826.50	21855.01
826.68	21762.03
826.86	21715.75
827.04	21713.70
827.23	21832.69
827.41	21738.68
827.59	21629.73
827.78	21741.76
827.96	21568.70
828.14	21522.62
828.32	21680.11
828.51	21507.47
828.69	21586.93
828.87	21640.38
829.05	21574.23
829.23	21580.58
829.42	21521.19
829.60	21363.70
829.78	21412.24
829.96	21180.41
830.15	21352.23
830.33	21410.80
830.51	21392.17
830.69	21272.36
830.88	21267.65
831.06	21347.73
831.24	21174.06
831.42	21233.45
831.60	21269.70
831.79	21058.14
831.97	21171.19
832.15	21029.88
832.33	21214.20
832.52	20963.32
832.70	21018.00
832.88	20964.96
833.06	20932.19
833.24	20954.72
833.43	20852.53
833.61	20958.61
833.79	20862.56
833.97	20876.90
834.15	20885.09
834.34	20786.17
834.52	20771.84
834.70	20705.48
834.88	20732.93
835.06	20784.33
835.25	20608.41
835.43	20715.72
835.61	20768.36
835.79	20623.57
835.97	20636.26
836.15	20772.25
836.34	20570.32
836.52	20673.33
836.70	20668.62
836.88	20464.03
837.06	20516.25
837.24	20449.69
837.43	20592.03
837.61	20449.90
837.79	20488.40
837.97	20320.67
838.15	20373.10
838.33	20416.11
838.52	20405.05
838.70	20450.10
838.88	20228.51
839.06	20418.15
839.24	20314.73
839.42	20282.37
839.60	20336.44
839.79	20186.94
839.97	20245.31
840.15	20226.46
840.33	20275.62
840.51	20236.09
840.69	20172.40
840.87	20198.00
841.06	20133.08
841.24	19982.14
841.42	20040.30
841.60	20137.17
841.78	20044.81
841.96	20103.38
842.14	20067.13
842.32	19992.59
842.51	20124.48
842.69	19876.67
842.87	19946.30
843.05	19922.75
843.23	19927.67
843.41	19810.11
843.59	19842.27
843.77	19996.27
843.95	19855.37
844.14	19832.44
844.32	19692.97
844.50	19850.25
844.68	19857.83
844.86	19880.36
845.04	19815.44
845.22	19718.77
845.40	19754.61
845.58	19517.25
845.76	19551.86
845.94	19615.15
846.12	19602.45
846.31	19700.96
846.49	19691.13
846.67	19518.89
846.85	19596.10
847.03	19646.68
847.21	19555.75
847.39	19515.82
847.57	19392.12
847.75	19470.97
847.93	19426.32
848.11	19389.25
848.29	19480.18
848.47	19288.08
848.65	19383.93
848.83	19416.08
849.02	19452.33
849.20	19391.71
849.38	19352.60
849.56	19457.25
849.74	19294.64
849.92	19328.63
850.10	19308.77
850.28	19337.03
850.46	19335.39
850.64	19345.02
850.82	19356.28
851.00	19211.29
851.18	19328.63
851.36	19313.68
851.54	19230.54
851.72	19087.38
851.90	19188.76
852.08	19125.89
852.26	19002.80
852.44	19068.95
852.62	19141.45
852.80	19187.94
852.98	18952.42
853.16	19158.24
853.34	18954.27
853.52	18915.97
853.70	18995.02
853.88	18996.86
854.06	18831.18
854.24	19026.97
854.42	18987.65
854.60	18904.71
854.78	19008.33
854.96	18952.42
855.14	18933.99
855.32	18762.99
855.50	18889.76
855.68	18871.53
855.86	18848.39
856.04	18842.65
856.22	18887.91
856.40	18868.25
856.58	18784.90
856.76	18613.07
856.94	18790.02
857.12	18821.56
857.30	18639.49
857.48	18623.52
857.66	18773.84
857.84	18572.93
858.02	18609.18
858.20	18675.54
858.38	18561.06
858.56	18552.66
858.74	18705.03
858.92	18591.78
859.10	18528.49
859.28	18509.24
859.46	18547.74
859.64	18663.66
859.81	18597.71
859.99	18354.83
860.17	18605.50
860.35	18468.28
860.53	18451.69
860.71	18439.82
860.89	18422.61
861.07	18405.82
861.25	18332.71
861.43	18510.88
861.61	18492.45
861.79	18328.41
861.97	18316.94
862.15	18379.20
862.33	18448.01
862.50	18510.06
862.68	18251.81
862.86	18354.83
863.04	18386.77
863.22	18449.65
863.40	18369.37
863.58	18315.91
863.76	18189.96
863.94	18109.48
864.12	18081.22
864.30	18191.60
864.47	18143.07
864.65	18090.43
864.83	18227.24
865.01	18078.55
865.19	18146.75
865.37	18197.95
865.55	18022.24
865.73	18010.15
865.91	18025.10
866.09	17996.84
866.26	17881.54
866.44	17966.74
866.62	18015.68
866.80	17963.25
866.98	17944.82
867.16	17855.12
867.34	18009.95
867.52	17977.79
867.69	17728.35
867.87	17849.80
868.05	17725.48
868.23	17654.83
868.41	17659.95
868.59	17600.35
868.77	17664.46
868.94	17563.08
869.12	17716.68
869.30	17638.24
869.48	17601.58
869.66	17645.41
869.84	17585.61
870.02	17466.83
870.19	17614.89
870.37	17434.26
870.55	17411.33
870.73	17286.81
870.91	17486.28
871.09	17396.79
871.26	17350.50
871.44	17272.68
871.62	17324.49
871.80	17263.46
871.98	17216.36
872.16	17301.56
872.33	17159.84
872.51	17012.79
872.69	17030.40
872.87	17049.04
873.05	17075.05
873.22	17127.89
873.40	17045.15
873.58	17134.44
873.76	16921.45
873.94	16996.41
874.12	16886.23
874.29	16779.94
874.47	16852.03
874.65	16845.88
874.83	16800.01
875.01	16703.96
875.18	16747.99
875.36	16858.78
875.54	16681.02
875.72	16644.77
875.89	16815.98
876.07	16594.60
876.25	16607.50
876.43	16687.98
876.61	16552.61
876.78	16577.60
876.96	16664.43
877.14	16611.39
877.32	16724.64
877.49	16516.77
877.67	16660.13
877.85	16487.69
878.03	16623.68
878.21	16595.01
878.38	16467.21
878.56	16570.02
878.74	16536.64
878.92	16562.44
879.09	16531.72
879.27	16576.98
879.45	16561.42
879.63	16657.67
879.80	16686.35
879.98	16601.15
880.16	16677.33
880.34	16807.38
880.51	16723.41
880.69	16750.65
880.87	16716.04
881.05	16719.52
881.22	16740.21
881.40	16704.98
881.58	16650.71
881.75	16726.49
881.93	16633.71
882.11	16724.64
882.29	16728.74
882.46	16797.14
882.64	16732.02
882.82	16820.08
883.00	16751.68
883.17	16934.76
883.35	16853.25
883.53	16895.85
883.70	17067.06
883.88	17058.26
884.06	16890.94
884.23	16923.09
884.41	17127.07
884.59	17039.21
884.77	17056.62
884.94	17104.34
885.12	17149.80
885.30	17208.78
885.47	17118.26
885.65	17055.39
885.83	17198.13
886.00	17260.19
886.18	17245.24
886.36	17358.90
886.53	17273.29
886.71	17303.81
886.89	17459.66
887.07	17379.38
887.24	17494.27
887.42	17451.47
887.60	17571.48
887.77	17399.45
887.95	17632.71
888.13	17684.53
888.30	17503.89
888.48	17597.28
888.66	17752.52
888.83	17660.15
889.01	17662.20
889.18	17824.61
889.36	17787.95
889.54	17813.34
889.71	17800.24
889.89	17884.82
890.07	17956.29
890.24	17872.32
890.42	17950.56
890.60	17807.40
890.77	17939.91
890.95	17914.10
891.13	18041.28
891.30	18092.69
891.48	17954.24
891.65	18075.07
891.83	18241.37
892.01	18056.03
892.18	18234.20
892.36	18228.47
892.54	18193.45
892.71	18253.04
892.89	18092.89
893.06	18325.13
893.24	18177.68
893.42	18081.42
893.59	18209.22
893.77	18200.82
893.94	18326.56
894.12	18184.02
894.30	18293.18
894.47	18106.00
894.65	18380.43
894.82	18308.13
895.00	18246.08
895.18	18366.91
895.35	18399.68
895.53	18287.04
895.70	18311.41
895.88	18430.19
896.06	18387.18
896.23	18469.31
896.41	18490.40
896.58	18432.85
896.76	18376.94
896.93	18467.26
897.11	18463.78
897.29	18431.21
897.46	18412.78
897.64	18220.48
897.81	18268.61
897.99	18314.48
898.16	18344.18
898.34	18195.90
898.52	18383.91
898.69	18269.83
898.87	18226.83
899.04	18208.60
899.22	18250.38
899.39	18278.03
899.57	18139.38
899.74	18334.14
899.92	18197.34
900.10	18144.29
900.27	18269.02
900.45	18180.75
900.62	18223.14
900.80	18236.66
900.97	18260.21
901.15	18167.85
901.32	18183.00
901.50	18346.02
901.67	18165.18
901.85	18015.27
902.02	18173.79
902.20	18111.73
902.37	18159.04
902.55	18047.02
902.72	18112.76
902.90	18104.15
903.07	17914.51
903.25	18189.14
903.43	18026.95
903.60	17991.52
903.78	17902.84
903.95	17968.58
904.13	17888.91
904.30	17752.52
904.48	17980.46
904.65	17789.38
904.83	17864.95
905.00	17748.63
905.17	17727.94
905.35	17689.03
905.52	17639.06
905.70	17561.24
905.87	17618.99
906.05	17662.41
906.22	17515.98
906.40	17527.65
906.57	17476.25
906.75	17602.81
906.92	17469.69
907.10	17511.47
907.27	17356.03
907.45	17413.37
907.62	17499.80
907.80	17441.84
907.97	17362.18
908.15	17225.17
908.32	17177.65
908.49	17238.89
908.67	17046.38
908.84	17017.09
909.02	16991.90
909.19	17099.42
909.37	16844.45
909.54	16932.10
909.72	16935.17
909.89	16951.76
910.07	16851.82
910.24	16946.44
910.41	16875.78
910.59	16807.99
910.76	16696.18
910.94	16596.64
911.11	16609.14
911.29	16592.34
911.46	16585.99
911.63	16438.54
911.81	16313.41
911.98	16482.37
912.16	16449.81
912.33	16382.84
912.50	16253.00
912.68	16304.19
912.85	16142.61
913.03	16282.69
913.20	16223.50
913.38	16046.15
913.55	16004.58
913.72	15987.78
913.90	15934.54
914.07	15995.98
914.25	16063.56
914.42	15897.88
914.59	15985.12
914.77	15843.40
914.94	15883.54
915.11	15863.47
915.29	15905.45
915.46	15703.53
915.64	15738.34
915.81	15547.47
915.98	15574.09
916.16	15575.32
916.33	15455.31
916.51	15413.53
916.68	15417.22
916.85	15489.72
917.03	15268.13
917.20	15100.81
917.37	15298.64
917.55	15127.02
917.72	15110.43
917.89	15193.17
918.07	15109.00
918.24	15137.67
918.42	14994.31
918.59	14898.06
918.76	14876.97
918.94	14754.50
919.11	14820.24
919.28	14790.34
919.46	14730.74
919.63	14712.72
919.80	14650.05
919.98	14628.14
920.15	14534.34
920.32	14502.19
920.50	14413.71
920.67	14445.66
920.84	14344.70
921.02	14364.36
921.19	14329.34
921.36	14171.64
921.54	14162.22
921.71	14129.05
921.88	13993.88
922.06	14047.74
922.23	13914.01
922.40	13925.48
922.57	13849.70
922.75	13786.83
922.92	13951.08
923.09	13679.72
923.27	13820.21
923.44	13716.18
923.61	13708.60
923.79	13637.53
923.96	13646.75
924.13	13516.29
924.30	13455.47
924.48	13399.56
924.65	13394.65
924.82	13427.62
925.00	13233.27
925.17	13150.94
925.34	13166.09
925.51	13087.25
925.69	13092.37
925.86	13052.22
926.03	12955.15
926.21	12814.66
926.38	12795.20
926.55	12942.66
926.72	12756.09
926.90	12880.40
927.07	12742.57
927.24	12692.40
927.41	12570.54
927.59	12583.44
927.76	12642.22
927.93	12412.03
928.10	12516.48
928.28	12473.26
928.45	12439.27
928.62	12376.80
928.79	12233.45
928.97	12272.97
929.14	12177.13
929.31	12184.91
929.48	12151.32
929.66	12053.43
929.83	11907.82
930.00	12079.44
930.17	11918.88
930.34	11894.71
930.52	11883.86
930.69	11769.17
930.86	11752.17
931.03	11791.29
931.21	11649.37
931.38	11632.16
931.55	11665.95
931.72	11434.53
931.89	11429.82
932.07	11484.91
932.24	11409.14
932.41	11303.46
932.58	11230.56
932.75	11231.58
932.93	11197.99
933.10	11049.11
933.27	11041.32
933.44	10987.87
933.61	10971.28
933.79	10858.03
933.96	10783.28
934.13	10800.28
934.30	10690.51
934.47	10680.27
934.65	10594.46
934.82	10455.81
934.99	10515.61
935.16	10292.18
935.33	10228.28
935.50	10222.34
935.68	10086.56
935.85	10015.50
936.02	9927.84
936.19	9864.15
936.36	9756.84
936.53	9647.07
936.71	9656.49
936.88	9614.71
937.05	9476.68
937.22	9309.97
937.39	9246.69
937.56	9220.27
937.74	9156.58
937.91	9018.55
938.08	9018.14
938.25	8972.06
938.42	8883.17
938.59	8716.88
938.76	8701.52
938.94	8585.20
939.11	8590.32
939.28	8477.06
939.45	8434.06
939.62	8311.59
939.79	8279.02
939.96	8248.30
940.13	8120.51
940.31	8116.21
940.48	8059.69
940.65	7940.09
940.82	7919.81
940.99	7837.07
941.16	7830.93
941.33	7775.02
941.50	7665.66
941.67	7611.59
941.85	7660.54
942.02	7591.32
942.19	7526.40
942.36	7445.71
942.53	7431.78
942.70	7421.54
942.87	7375.87
943.04	7377.71
943.21	7290.26
943.38	7330.61
943.56	7258.73
943.73	7256.47
943.90	7272.45
944.07	7142.20
944.24	7170.46
944.41	7175.78
944.58	7169.43
944.75	7082.81
944.92	7124.99
945.09	7158.79
945.26	7124.17
945.43	7094.48
945.60	7112.50
945.78	7093.66
945.95	7026.28
946.12	7032.02
946.29	6991.47
946.46	7012.36
946.63	7028.53
946.80	7007.44
946.97	7064.17
947.14	6969.55
947.31	6995.97
947.48	6961.77
947.65	6952.15
947.82	6978.36
947.99	6949.69
948.16	6989.01
948.33	6901.97
948.50	6851.18
948.67	6954.19
948.84	6913.03
949.01	6983.68
949.18	6882.31
949.35	6919.58
949.52	6932.48
949.69	6909.96
949.86	6891.73
950.03	6865.72
950.20	6863.06
950.38	6910.37
950.55	6929.00
950.72	6881.08
950.89	6794.25
951.06	6833.16
951.23	6866.34
951.40	6868.79
951.57	6931.87
951.74	6908.93
951.91	6902.58
952.08	6836.84
952.25	6772.54
952.42	6806.33
952.59	6836.03
952.76	6836.03
952.92	6856.10
953.09	6854.66
953.26	6909.34
953.43	6832.75
953.60	6803.67
953.77	6797.93
953.94	6758.61
954.11	6772.95
954.28	6860.19
954.45	6784.01
954.62	6753.08
954.79	6797.32
954.96	6803.46
955.13	6762.09
955.30	6762.71
955.47	6705.16
955.64	6709.05
955.81	6725.03
955.98	6692.05
956.15	6634.10
956.32	6742.64
956.49	6625.90
956.66	6693.08
956.83	6667.68
957.00	6719.29
957.17	6639.63
957.33	6612.59
957.50	6645.97
957.67	6608.29
957.84	6569.79
958.01	6636.55
958.18	6549.31
958.35	6584.53
958.52	6511.42
958.69	6553.41
958.86	6610.13
959.03	6499.75
959.20	6534.97
959.37	6467.39
959.53	6486.85
959.70	6486.23
959.87	6465.96
960.04	6505.48
960.21	6445.48
960.38	6454.90
960.55	6450.80
960.72	6405.34
960.89	6362.33
961.06	6413.12
961.23	6326.29
961.39	6398.99
961.56	6359.46
961.73	6350.66
961.90	6306.22
962.07	6270.79
962.24	6256.65
962.41	6235.77
962.58	6245.60
962.75	6204.23
962.91	6214.06
963.08	6245.80
963.25	6192.35
963.42	6191.53
963.59	6119.44
963.76	6103.67
963.93	6116.98
964.09	6075.00
964.26	6093.23
964.43	6100.60
964.60	6039.37
964.77	5986.53
964.94	6050.01
965.11	5993.49
965.27	5982.02
965.44	5972.60
965.61	6001.48
965.78	5909.93
965.95	5979.16
966.12	5919.76
966.29	5906.25
966.45	5852.80
966.62	5852.18
966.79	5837.03
966.96	5830.06
967.13	5817.16
967.30	5803.85
967.46	5739.75
967.63	5741.18
967.80	5717.02
967.97	5699.61
968.14	5741.18
968.30	5671.14
968.47	5657.42
968.64	5716.20
968.81	5645.95
968.98	5587.58
969.15	5563.42
969.31	5583.90
969.48	5584.10
969.65	5608.06
969.82	5529.83
969.99	5526.35
970.15	5461.63
970.32	5497.27
970.49	5508.74
970.66	5411.05
970.82	5364.15
970.99	5376.23
971.16	5448.12
971.33	5364.97
971.50	5366.40
971.66	5345.92
971.83	5301.48
972.00	5310.70
972.17	5308.65
972.34	5231.65
972.50	5262.37
972.67	5247.42
972.84	5223.45
973.01	5204.82
973.17	5233.08
973.34	5193.76
973.51	5153.41
973.68	5149.73
973.84	5116.14
974.01	5114.71
974.18	5130.27
974.35	5057.98
974.51	5045.08
974.68	4999.41
974.85	4981.79
975.02	4978.31
975.18	4960.29
975.35	4982.82
975.52	4928.96
975.69	4908.68
975.85	4894.76
976.02	4897.21
976.19	4837.41
976.36	4876.12
976.52	4824.72
976.69	4794.20
976.86	4813.66
977.02	4752.42
977.19	4770.44
977.36	4729.08
977.53	4707.98
977.69	4702.66
977.86	4731.33
978.03	4693.44
978.19	4738.29
978.36	4665.59
978.53	4631.39
978.70	4613.57
978.86	4542.91
979.03	4534.52
979.20	4497.45
979.36	4498.88
979.53	4500.93
979.70	4494.17
979.86	4489.87
980.03	4461.61
980.20	4429.25
980.36	4390.96
980.53	4447.48
980.70	4389.93
980.86	4379.49
981.03	4345.70
981.20	4310.06
981.36	4285.69
981.53	4286.10
981.70	4276.27
981.86	4224.87
982.03	4267.67
982.20	4245.14
982.36	4205.20
982.53	4187.39
982.70	4138.85
982.86	4140.69
983.03	4148.48
983.20	4117.96
983.36	4125.95
983.53	4092.98
983.70	4062.87
983.86	4064.30
984.03	4087.24
984.20	4014.13
984.36	3940.40
984.53	4000.20
984.70	3950.44
984.86	3937.33
985.03	3900.47
985.19	3878.35
985.36	3899.24
985.53	3916.85
985.69	3896.37
985.86	3863.40
986.03	3853.98
986.19	3860.74
986.36	3860.74
986.52	3758.13
986.69	3811.79
986.86	3760.59
987.02	3733.97
987.19	3708.57
987.35	3691.16
987.52	3686.86
987.69	3664.13
987.85	3610.88
988.02	3636.69
988.18	3638.12
988.35	3603.31
988.52	3586.51
988.68	3556.82
988.85	3523.64
989.01	3527.33
989.18	3545.76
989.35	3521.39
989.51	3496.20
989.68	3494.35
989.84	3497.43
990.01	3497.63
990.17	3462.41
990.34	3405.88
990.51	3408.95
990.67	3399.12
990.84	3386.22
991.00	3350.18
991.17	3377.42
991.33	3346.08
991.50	3312.90
991.66	3307.17
991.83	3259.66
992.00	3295.50
992.16	3280.75
992.33	3244.50
992.49	3246.55
992.66	3198.22
992.82	3159.72
992.99	3212.76
993.15	3144.56
993.32	3167.29
993.48	3163.40
993.65	3130.64
993.82	3112.82
993.98	3105.45
994.15	3081.28
994.31	3063.46
994.48	3087.83
994.64	3037.66
994.81	3053.43
994.97	3020.86
995.14	2977.04
995.30	2936.28
995.47	3021.89
995.63	2960.65
995.80	2946.11
995.96	2959.63
996.13	2896.55
996.29	2872.59
996.46	2866.45
996.62	2892.05
996.79	2854.36
996.95	2827.54
997.12	2826.92
997.28	2849.24
997.45	2792.52
997.61	2810.74
997.78	2781.87
997.94	2772.04
998.11	2731.28
998.27	2779.41
998.44	2736.40
998.60	2726.57
998.77	2718.58
998.93	2672.10
999.10	2657.55
999.26	2673.94
999.43	2665.34
999.59	2652.43
999.75	2593.04
999.92	2566.01
1000.08	2567.03
1000.25	2594.27
1000.41	2550.86
1000.58	2517.47
1000.74	2528.12
1000.91	2530.79
1001.07	2482.45
1001.24	2492.69
1001.40	2446.61
1001.56	2448.87
1001.73	2427.57
1001.89	2386.61
1002.06	2391.11
1002.22	2398.28
1002.39	2354.66
1002.55	2369.20
1002.71	2373.50
1002.88	2377.19
1003.04	2355.48
1003.21	2348.11
1003.37	2324.76
1003.54	2329.67
1003.70	2278.48
1003.86	2295.06
1004.03	2256.77
1004.19	2285.64
1004.36	2262.71
1004.52	2269.06
1004.68	2256.77
1004.85	2223.39
1005.01	2213.15
1005.18	2184.27
1005.34	2204.95
1005.50	2177.51
1005.67	2194.71
1005.83	2193.69
1006.00	2127.54
1006.16	2113.82
1006.32	2083.51
1006.49	2099.28
1006.65	2092.72
1006.82	2067.13
1006.98	2052.99
1007.14	2061.19
1007.31	2056.68
1007.47	2002.82
1007.63	2018.79
1007.80	2016.95
1007.96	1998.72
1008.13	2016.34
1008.29	2000.36
1008.45	1977.42
1008.62	1949.98
1008.78	1946.09
1008.94	1966.37
1009.11	1951.01
1009.27	1908.82
1009.43	1920.29
1009.60	1885.27
1009.76	1901.65
1009.92	1877.69
1010.09	1869.50
1010.25	1863.15
1010.42	1865.20
1010.58	1834.27
1010.74	1832.63
1010.91	1799.05
1011.07	1799.05
1011.23	1774.27
1011.40	1779.80
1011.56	1779.80
1011.72	1786.35
1011.89	1726.55
1012.05	1712.62
1012.21	1708.32
1012.37	1695.62
1012.54	1703.41
1012.70	1698.70
1012.86	1676.37
1013.03	1658.15
1013.19	1665.52
1013.35	1647.50
1013.52	1644.22
1013.68	1653.03
1013.84	1621.49
1014.01	1610.22
1014.17	1602.44
1014.33	1610.43
1014.49	1581.76
1014.66	1580.53
1014.82	1566.40
1014.98	1559.84
1015.15	1517.45
1015.31	1557.18
1015.47	1505.78
1015.63	1543.25
1015.80	1507.62
1015.96	1492.67
1016.12	1466.46
1016.29	1461.95
1016.45	1444.95
1016.61	1466.66
1016.77	1442.09
1016.94	1434.71
1017.10	1399.90
1017.26	1427.54
1017.42	1436.97
1017.59	1372.86
1017.75	1389.66
1017.91	1386.79
1018.07	1352.79
1018.24	1395.60
1018.40	1301.39
1018.56	1372.66
1018.72	1324.94
1018.89	1342.76
1019.05	1307.12
1019.21	1309.58
1019.37	1261.86
1019.54	1288.08
1019.70	1279.48
1019.86	1275.18
1020.02	1282.75
1020.19	1262.27
1020.35	1255.11
1020.51	1251.42
1020.67	1217.83
1020.83	1226.64
1021.00	1253.26
1021.16	1204.73
1021.32	1159.47
1021.48	1191.00
1021.64	1206.16
1021.81	1200.02
1021.97	1166.02
1022.13	1184.25
1022.29	1192.85
1022.45	1153.32
1022.62	1142.26
1022.78	1140.21
1022.94	1091.06
1023.10	1112.57
1023.26	1097.41
1023.43	1106.63
1023.59	1096.80
1023.75	1087.38
1023.91	1052.15
1024.07	1095.57
1024.24	1053.18
1024.40	1044.78
1024.56	1060.96
1024.72	1038.64
1024.88	1049.69
1025.04	1016.52
1025.21	1003.00
1025.37	1023.48
1025.53	998.09
1025.69	1037.41
1025.85	990.10
1026.01	990.10
1026.18	966.55
1026.34	974.94
1026.50	956.10
1026.66	957.74
1026.82	938.08
1026.98	950.98
1027.14	934.19
1027.31	932.55
1027.47	944.84
1027.63	944.43
1027.79	909.61
1027.95	901.63
1028.11	890.57
1028.27	883.60
1028.44	867.22
1028.60	898.35
1028.76	869.27
1028.92	841.42
1029.08	853.91
1029.24	837.12
1029.40	840.80
1029.56	814.59
1029.73	843.26
1029.89	809.88
1030.05	843.05
1030.21	825.24
1030.37	810.49
1030.53	823.60
1030.69	770.35
1030.85	819.50
1031.01	791.86
1031.17	788.99
1031.34	784.69
1031.50	771.38
1031.66	789.60
1031.82	762.77
1031.98	750.69
1032.14	758.47
1032.30	716.69
1032.46	759.09
1032.62	749.26
1032.78	731.64
1032.94	709.94
1033.10	710.76
1033.27	726.12
1033.43	690.28
1033.59	684.54
1033.75	699.49
1033.91	689.46
1034.07	682.08
1034.23	659.97
1034.39	671.03
1034.55	636.62
1034.71	690.89
1034.87	663.24
1035.03	662.22
1035.19	666.72
1035.35	639.28
1035.51	620.24
1035.67	634.78
1035.83	623.51
1035.99	601.60
1036.16	588.90
1036.32	593.00
1036.48	602.01
1036.64	578.25
1036.80	596.68
1036.96	594.64
1037.12	582.14
1037.28	568.83
1037.44	563.10
1037.60	574.98
1037.76	538.52
1037.92	563.51
1038.08	555.11
1038.24	544.87
1038.40	560.03
1038.56	543.64
1038.72	531.97
1038.88	543.85
1039.04	519.27
1039.20	534.22
1039.36	492.44
1039.52	528.49
1039.68	501.45
1039.84	496.33
1040.00	516.40
1040.16	527.87
1040.32	470.12
1040.48	454.76
1040.64	494.90
1040.80	497.77
1040.96	476.67
1041.12	466.02
1041.28	456.40
1041.44	477.08
1041.60	477.29
1041.76	442.27
1041.92	468.48
1042.08	461.52
1042.24	445.75
1042.39	441.45
1042.55	437.97
1042.71	447.80
1042.87	442.68
1043.03	437.97
1043.19	440.63
