345.44	1.274
345.66	1.282
345.88	1.290
346.10	-5.762
346.31	-3.087
346.53	-1.282
346.75	-5.743
346.97	-6.349
347.19	2.791
347.41	2.276
347.63	1.385
347.85	2.140
348.07	2.651
348.29	1.796
348.51	0.779
348.73	-10.096
348.95	-0.657
349.17	4.594
349.39	-0.470
349.61	0.837
349.83	2.143
350.05	1.620
350.27	1.336
350.49	1.036
350.71	1.706
350.93	1.309
351.15	-4.264
351.37	3.312
351.59	1.344
351.80	1.861
352.02	1.802
352.24	-1.202
352.46	1.786
352.68	0.872
352.90	0.801
353.12	1.036
353.34	1.345
353.56	0.713
353.78	1.129
354.00	1.728
354.22	1.327
354.44	1.795
354.66	0.995
354.88	3.636
355.09	0.412
355.31	1.467
355.53	-2.560
355.75	1.838
355.97	1.907
356.19	-0.218
356.41	0.142
356.63	0.700
356.85	3.782
357.07	1.137
357.29	0.865
357.50	1.793
357.72	-0.141
357.94	1.274
358.16	0.514
358.38	0.632
358.60	1.434
358.82	2.134
359.04	0.070
359.26	0.534
359.48	4.024
359.69	0.978
359.91	-3.263
360.13	-0.151
360.35	1.598
360.57	1.663
360.79	-1.009
361.01	0.661
361.23	0.290
361.45	1.419
361.66	1.702
361.88	1.758
362.10	3.259
362.32	-0.402
362.54	0.803
362.76	4.490
362.98	1.304
363.20	1.175
363.41	4.162
363.63	0.169
363.85	4.392
364.07	1.608
364.29	0.865
364.51	0.763
364.73	2.168
364.94	2.091
365.16	1.689
365.38	-0.104
365.60	0.777
365.82	1.533
366.04	0.773
366.26	0.442
366.47	0.790
366.69	3.279
366.91	0.971
367.13	2.487
367.35	1.493
367.57	2.257
367.79	0.439
368.00	-2.232
368.22	1.309
368.44	1.809
368.66	0.840
368.88	1.628
369.10	0.276
369.31	-0.846
369.53	1.051
369.75	1.362
369.97	0.418
370.19	2.235
370.41	0.697
370.62	2.149
370.84	2.350
371.06	0.398
371.28	1.793
371.50	1.448
371.71	2.744
371.93	2.071
372.15	-16.305
372.37	1.236
372.59	2.320
372.80	2.767
373.02	1.325
373.24	1.146
373.46	0.703
373.68	0.164
373.90	-1.350
374.11	0.196
374.33	-0.193
374.55	0.170
374.77	2.176
374.98	0.594
375.20	0.530
375.42	0.938
375.64	9.870
375.86	1.069
376.07	3.913
376.29	0.821
376.51	4.337
376.73	1.280
376.95	1.329
377.16	0.784
377.38	2.260
377.60	0.976
377.82	2.537
378.03	0.912
378.25	-0.035
378.47	1.325
378.69	0.934
378.91	0.645
379.12	1.755
379.34	1.029
379.56	1.568
379.78	2.730
379.99	0.681
380.21	1.363
380.43	1.311
380.65	0.424
380.86	0.059
381.08	2.651
381.30	2.163
381.52	2.207
381.73	1.387
381.95	1.076
382.17	2.418
382.39	1.405
382.60	0.554
382.82	1.632
383.04	0.330
383.26	1.815
383.47	1.148
383.69	1.705
383.91	1.386
384.13	2.120
384.34	4.163
384.56	0.198
384.78	2.652
385.00	2.135
385.21	0.675
385.43	0.790
385.65	0.689
385.86	2.413
386.08	0.951
386.30	1.012
386.52	2.682
386.73	1.539
386.95	1.035
387.17	1.134
387.38	1.414
387.60	0.552
387.82	1.406
388.04	3.569
388.25	2.414
388.47	0.636
388.69	3.204
388.90	2.215
389.12	1.230
389.34	0.627
389.56	1.615
389.77	1.520
389.99	7.101
390.21	1.514
390.42	1.117
390.64	0.998
390.86	0.696
391.07	1.261
391.29	1.654
391.51	0.000
391.72	-0.999
391.94	2.791
392.16	1.952
392.38	1.555
392.59	1.914
392.81	0.578
393.03	-0.297
393.24	-0.524
393.46	1.106
393.68	1.011
393.89	0.467
394.11	1.544
394.33	2.014
394.54	2.759
394.76	1.945
394.98	2.556
395.19	2.820
395.41	3.481
395.63	-0.748
395.84	1.164
396.06	0.746
396.28	-0.194
396.49	0.950
396.71	4.838
396.93	1.973
397.14	2.030
397.36	1.987
397.57	0.624
397.79	2.362
398.01	1.069
398.22	1.911
398.44	2.053
398.66	0.482
398.87	-0.661
399.09	0.368
399.31	1.557
399.52	0.811
399.74	1.414
399.96	2.825
400.17	0.935
400.39	3.310
400.60	0.021
400.82	0.254
401.04	1.554
401.25	1.787
401.47	2.166
401.69	2.750
401.90	1.971
402.12	-0.035
402.33	0.200
402.55	1.756
402.77	1.226
402.98	1.369
403.20	1.761
403.41	1.923
403.63	2.383
403.85	-0.906
404.06	0.891
404.28	1.103
404.49	2.586
404.71	2.569
404.93	0.462
405.14	-0.324
405.36	1.812
405.57	2.944
405.79	0.688
406.01	-0.386
406.22	1.856
406.44	1.579
406.65	4.279
406.87	1.062
407.09	0.089
407.30	2.088
407.52	1.776
407.73	0.956
407.95	0.929
408.17	1.170
408.38	-0.494
408.60	0.683
408.81	1.174
409.03	1.984
409.24	0.600
409.46	0.725
409.68	1.844
409.89	0.143
410.11	0.373
410.32	1.313
410.54	0.276
410.75	0.545
410.97	-0.173
411.18	1.504
411.40	1.604
411.62	1.210
411.83	2.501
412.05	0.737
412.26	3.385
412.48	2.504
412.69	0.069
412.91	-0.355
413.12	1.847
413.34	2.111
413.56	1.076
413.77	1.463
413.99	1.751
414.20	0.854
414.42	2.223
414.63	1.812
414.85	0.460
415.06	0.734
415.28	0.771
415.49	2.469
415.71	2.028
415.92	0.461
416.14	0.512
416.35	2.253
416.57	2.858
416.79	2.832
417.00	1.314
417.22	1.434
417.43	1.276
417.65	1.633
417.86	2.175
418.08	0.788
418.29	0.936
418.51	0.792
418.72	1.167
418.94	0.646
419.15	0.387
419.37	1.087
419.58	0.542
419.80	1.555
420.01	1.300
420.23	1.461
420.44	0.570
420.66	-0.828
420.87	0.982
421.09	0.679
421.30	1.905
421.52	1.194
421.73	1.618
421.95	1.074
422.16	0.777
422.38	0.555
422.59	2.380
422.81	2.008
423.02	1.164
423.23	1.456
423.45	2.366
423.66	0.864
423.88	0.493
424.09	2.023
424.31	0.886
424.52	-0.676
424.74	0.898
424.95	0.953
425.17	1.037
425.38	0.924
425.60	0.475
425.81	2.247
426.03	0.788
426.24	2.327
426.45	0.845
426.67	1.025
426.88	0.557
427.10	1.532
427.31	1.877
427.53	1.176
427.74	0.889
427.96	2.001
428.17	2.632
428.39	0.847
428.60	1.266
428.81	0.022
429.03	1.928
429.24	1.214
429.46	0.252
429.67	1.507
429.89	1.286
430.10	1.792
430.31	1.353
430.53	0.872
430.74	0.794
430.96	0.980
431.17	1.025
431.39	1.506
431.60	-0.335
431.81	1.495
432.03	1.786
432.24	0.554
432.46	1.671
432.67	0.977
432.89	1.423
433.10	1.551
433.31	1.945
433.53	1.185
433.74	1.037
433.96	2.162
434.17	0.067
434.38	1.525
434.60	1.804
434.81	1.380
435.03	1.394
435.24	1.211
435.45	0.527
435.67	1.514
435.88	0.605
436.10	0.557
436.31	0.991
436.52	0.542
436.74	0.878
436.95	1.268
437.17	0.754
437.38	0.097
437.59	1.085
437.81	1.446
438.02	1.258
438.23	1.402
438.45	1.181
438.66	1.710
438.88	1.464
439.09	1.084
439.30	1.742
439.52	2.184
439.73	1.097
439.94	1.293
440.16	1.786
440.37	1.774
440.58	0.317
440.80	0.988
441.01	1.208
441.23	0.420
441.44	1.376
441.65	1.771
441.87	0.972
442.08	0.199
442.29	0.895
442.51	1.262
442.72	0.828
442.93	0.721
443.15	0.200
443.36	0.638
443.57	0.630
443.79	0.708
444.00	1.253
444.21	0.148
444.43	1.146
444.64	0.065
444.85	1.110
445.07	1.160
445.28	1.504
445.49	1.122
445.71	0.159
445.92	0.905
446.13	1.744
446.35	0.675
446.56	0.389
446.77	1.393
446.99	0.320
447.20	1.379
447.41	0.646
447.63	1.134
447.84	0.915
448.05	0.476
448.27	0.464
448.48	1.330
448.69	1.332
448.90	1.139
449.12	0.635
449.33	1.106
449.54	0.874
449.76	0.202
449.97	0.894
450.18	0.508
450.40	0.259
450.61	0.830
450.82	1.003
451.03	0.650
451.25	0.766
451.46	0.680
451.67	0.096
451.89	0.591
452.10	0.393
452.31	0.589
452.52	1.122
452.74	0.231
452.95	1.239
453.16	1.112
453.38	1.401
453.59	1.101
453.80	0.090
454.01	0.523
454.23	0.493
454.44	0.926
454.65	0.585
454.86	1.014
455.08	0.424
455.29	0.731
455.50	1.465
455.71	-0.585
455.93	0.903
456.14	1.165
456.35	0.298
456.56	0.889
456.78	1.343
456.99	0.396
457.20	0.839
457.41	1.333
457.63	1.334
457.84	0.578
458.05	1.110
458.26	0.187
458.48	1.544
458.69	1.558
458.90	0.845
459.11	1.106
459.33	1.358
459.54	0.637
459.75	1.044
459.96	0.826
460.18	0.789
460.39	0.639
460.60	0.912
460.81	0.856
461.02	0.983
461.24	0.548
461.45	0.836
461.66	0.468
461.87	0.992
462.09	0.352
462.30	0.183
462.51	0.016
462.72	0.575
462.93	0.373
463.15	0.000
463.36	0.915
463.57	0.701
463.78	0.450
463.99	0.823
464.21	0.787
464.42	0.767
464.63	0.145
464.84	0.560
465.05	0.479
465.27	0.526
465.48	0.287
465.69	0.830
465.90	0.929
466.11	0.719
466.33	0.840
466.54	1.494
466.75	0.870
466.96	0.107
467.17	0.848
467.38	0.396
467.60	0.816
467.81	0.727
468.02	0.571
468.23	0.466
468.44	0.703
468.65	0.875
468.87	0.583
469.08	0.810
469.29	0.274
469.50	-0.178
469.71	0.414
469.92	0.352
470.14	0.579
470.35	0.492
470.56	0.635
470.77	0.260
470.98	0.793
471.19	0.239
471.41	0.899
471.62	0.188
471.83	0.703
472.04	0.780
472.25	-0.077
472.46	0.712
472.67	0.422
472.89	0.841
473.10	0.596
473.31	0.266
473.52	-0.201
473.73	0.675
473.94	0.575
474.15	0.231
474.37	0.914
474.58	0.435
474.79	0.436
475.00	0.319
475.21	0.196
475.42	0.596
475.63	0.578
475.84	0.213
476.06	0.343
476.27	0.385
476.48	0.662
476.69	0.560
476.90	0.500
477.11	0.206
477.32	0.433
477.53	-0.155
477.74	0.431
477.96	0.335
478.17	0.230
478.38	0.130
478.59	0.486
478.80	0.333
479.01	0.086
479.22	0.572
479.43	0.395
479.64	0.687
479.85	0.158
480.06	0.215
480.28	0.363
480.49	0.441
480.70	0.633
480.91	0.672
481.12	-0.118
481.33	0.245
481.54	0.535
481.75	0.136
481.96	0.326
482.17	0.058
482.38	-0.110
482.59	0.619
482.81	0.345
483.02	0.156
483.23	0.323
483.44	0.242
483.65	0.368
483.86	0.174
484.07	0.433
484.28	0.336
484.49	0.124
484.70	0.427
484.91	0.262
485.12	0.139
485.33	0.517
485.54	0.298
485.75	0.353
485.96	0.222
486.17	0.600
486.38	0.609
486.60	0.667
486.81	0.390
487.02	0.567
487.23	0.207
487.44	0.487
487.65	0.035
487.86	0.435
488.07	0.254
488.28	0.472
488.49	0.455
488.70	0.186
488.91	0.474
489.12	0.067
489.33	0.355
489.54	0.163
489.75	0.333
489.96	0.392
490.17	0.428
490.38	0.110
490.59	0.205
490.80	0.452
491.01	0.471
491.22	0.086
491.43	0.218
491.64	0.305
491.85	0.245
492.06	0.462
492.27	0.117
492.48	0.455
492.69	0.186
492.90	0.373
493.11	0.182
493.32	0.302
493.53	0.161
493.74	0.750
493.95	0.193
494.16	0.213
494.37	0.273
494.58	0.066
494.79	0.256
495.00	0.290
495.21	0.230
495.42	0.467
495.63	0.280
495.84	0.280
496.05	0.448
496.26	0.090
496.47	0.255
496.68	0.113
496.89	0.227
497.10	0.211
497.31	0.522
497.52	0.507
497.73	0.060
497.94	0.060
498.15	0.385
498.36	0.019
498.57	0.426
498.78	0.297
498.99	0.272
499.19	0.348
499.40	0.169
499.61	0.280
499.82	0.355
500.03	0.314
500.24	0.514
500.45	0.195
500.66	0.083
500.87	0.178
501.08	0.330
501.29	0.317
501.50	0.247
501.71	0.259
501.92	0.101
502.13	0.284
502.34	0.030
502.55	0.199
502.76	0.272
502.96	0.071
503.17	0.326
503.38	0.128
503.59	0.335
503.80	0.009
504.01	0.329
504.22	0.517
504.43	0.326
504.64	0.158
504.85	0.317
505.06	0.431
505.27	0.266
505.47	0.178
505.68	0.374
505.89	0.295
506.10	0.170
506.31	0.177
506.52	0.393
506.73	0.124
506.94	0.401
507.15	0.197
507.36	0.241
507.56	0.280
507.77	0.282
507.98	0.459
508.19	0.324
508.40	0.286
508.61	0.171
508.82	0.136
509.03	0.303
509.24	0.325
509.44	0.358
509.65	0.392
509.86	0.434
510.07	0.391
510.28	0.155
510.49	0.273
510.70	0.293
510.91	0.285
511.11	0.155
511.32	0.148
511.53	0.237
511.74	0.056
511.95	0.256
512.16	0.379
512.37	0.206
512.58	0.254
512.78	0.238
512.99	0.293
513.20	0.150
513.41	0.284
513.62	0.168
513.83	0.276
514.04	0.309
514.24	0.350
514.45	0.370
514.66	0.189
514.87	0.384
515.08	0.271
515.29	0.338
515.49	0.169
515.70	0.166
515.91	0.198
516.12	0.190
516.33	0.181
516.54	0.144
516.74	0.217
516.95	0.234
517.16	0.297
517.37	0.374
517.58	0.256
517.79	0.257
517.99	0.105
518.20	0.265
518.41	0.307
518.62	0.431
518.83	0.320
519.03	0.309
519.24	0.213
519.45	-0.104
519.66	0.114
519.87	0.244
520.07	0.354
520.28	0.261
520.49	0.343
520.70	0.342
520.91	0.232
521.12	0.145
521.32	0.313
521.53	0.346
521.74	0.181
521.95	0.270
522.15	0.247
522.36	0.196
522.57	0.259
522.78	0.172
522.99	0.311
523.19	0.131
523.40	0.302
523.61	0.185
523.82	0.133
524.03	0.012
524.23	0.344
524.44	0.227
524.65	0.159
524.86	0.250
525.06	0.217
525.27	0.266
525.48	0.352
525.69	0.270
525.89	0.315
526.10	0.181
526.31	0.340
526.52	0.282
526.72	0.304
526.93	0.122
527.14	0.270
527.35	0.127
527.56	0.234
527.76	0.112
527.97	0.131
528.18	0.351
528.38	0.076
528.59	0.191
528.80	0.186
529.01	0.143
529.21	0.337
529.42	0.124
529.63	0.096
529.84	0.204
530.04	0.198
530.25	0.147
530.46	0.345
530.67	0.217
530.87	0.154
531.08	0.183
531.29	0.162
531.50	0.200
531.70	0.237
531.91	0.214
532.12	0.230
532.32	0.358
532.53	0.193
532.74	0.185
532.95	0.200
533.15	0.283
533.36	0.183
533.57	0.122
533.77	0.134
533.98	0.218
534.19	0.346
534.39	0.149
534.60	0.212
534.81	0.180
535.02	0.322
535.22	0.195
535.43	0.208
535.64	0.302
535.84	0.075
536.05	0.233
536.26	0.277
536.46	0.212
536.67	0.222
536.88	0.267
537.08	0.213
537.29	0.276
537.50	0.280
537.70	0.279
537.91	0.304
538.12	0.292
538.33	0.188
538.53	0.157
538.74	0.119
538.95	0.155
539.15	0.195
539.36	0.129
539.57	0.334
539.77	0.207
539.98	0.162
540.18	0.120
540.39	0.262
540.60	0.208
540.80	0.147
541.01	0.249
541.22	0.196
541.42	0.215
541.63	0.256
541.84	0.173
542.04	0.372
542.25	0.272
542.46	0.197
542.66	0.253
542.87	0.162
543.08	0.128
543.28	0.208
543.49	0.130
543.69	0.211
543.90	0.230
544.11	0.287
544.31	0.161
544.52	0.146
544.73	0.168
544.93	0.216
545.14	0.205
545.34	0.099
545.55	0.087
545.76	0.162
545.96	0.200
546.17	0.145
546.38	0.252
546.58	0.278
546.79	0.154
546.99	0.061
547.20	0.243
547.41	0.120
547.61	0.170
547.82	0.291
548.02	0.148
548.23	0.250
548.44	0.276
548.64	0.278
548.85	0.246
549.05	0.193
549.26	0.293
549.47	0.195
549.67	0.239
549.88	0.253
550.08	0.181
550.29	0.175
550.50	0.161
550.70	0.122
550.91	0.249
551.11	0.229
551.32	0.185
551.52	0.209
551.73	0.251
551.94	0.245
552.14	0.229
552.35	0.036
552.55	0.219
552.76	0.239
552.96	0.227
553.17	0.214
553.38	0.345
553.58	0.170
553.79	0.151
553.99	0.296
554.20	0.259
554.40	0.142
554.61	0.111
554.81	0.276
555.02	0.119
555.23	0.136
555.43	0.190
555.64	0.187
555.84	0.161
556.05	0.118
556.25	0.057
556.46	0.164
556.66	0.230
556.87	0.098
557.07	0.134
557.28	0.151
557.48	0.162
557.69	0.277
557.90	0.260
558.10	0.212
558.31	0.268
558.51	0.304
558.72	0.245
558.92	0.313
559.13	0.164
559.33	0.232
559.54	0.293
559.74	0.256
559.95	0.293
560.15	0.192
560.36	0.262
560.56	0.189
560.77	0.202
560.97	0.194
561.18	0.257
561.38	0.197
561.59	0.265
561.79	0.246
562.00	0.172
562.20	0.151
562.41	0.238
562.61	0.278
562.82	0.371
563.02	0.302
563.23	0.296
563.43	0.106
563.64	0.217
563.84	0.247
564.05	0.205
564.25	0.343
564.46	0.244
564.66	0.139
564.87	0.233
565.07	0.158
565.28	0.284
565.48	0.152
565.68	0.227
565.89	0.159
566.09	0.259
566.30	0.153
566.50	0.189
566.71	0.243
566.91	0.120
567.12	0.274
567.32	0.242
567.53	0.216
567.73	0.179
567.94	0.127
568.14	0.201
568.34	0.277
568.55	0.162
568.75	0.263
568.96	0.246
569.16	0.230
569.37	0.154
569.57	0.130
569.78	0.270
569.98	0.182
570.18	0.161
570.39	0.164
570.59	0.152
570.80	0.177
571.00	0.373
571.21	0.182
571.41	0.216
571.61	0.174
571.82	0.210
572.02	0.156
572.23	0.311
572.43	0.189
572.64	0.230
572.84	0.138
573.04	0.322
573.25	0.159
573.45	0.216
573.66	0.200
573.86	0.232
574.06	0.065
574.27	0.157
574.47	0.237
574.68	0.117
574.88	0.333
575.08	0.214
575.29	0.230
575.49	0.231
575.70	0.213
575.90	0.273
576.10	0.211
576.31	0.245
576.51	0.292
576.72	0.224
576.92	0.179
577.12	0.259
577.33	0.190
577.53	0.203
577.73	0.291
577.94	0.140
578.14	0.181
578.35	0.278
578.55	0.167
578.75	0.143
578.96	0.278
579.16	0.301
579.36	0.124
579.57	0.167
579.77	0.262
579.98	0.248
580.18	0.101
580.38	0.286
580.59	0.224
580.79	0.384
580.99	0.274
581.20	0.277
581.40	0.251
581.60	0.163
581.81	0.192
582.01	0.310
582.21	0.300
582.42	0.255
582.62	0.185
582.82	0.327
583.03	0.218
583.23	0.235
583.43	0.330
583.64	0.439
583.84	0.338
584.04	0.466
584.25	0.304
584.45	0.363
584.65	0.549
584.86	0.348
585.06	0.454
585.26	0.510
585.47	0.481
585.67	0.645
585.87	0.593
586.08	0.690
586.28	0.683
586.48	0.814
586.69	0.875
586.89	0.828
587.09	0.965
587.30	1.053
587.50	1.146
587.70	1.165
587.90	1.389
588.11	1.515
588.31	1.697
588.51	1.707
588.72	1.824
588.92	1.975
589.12	2.119
589.33	2.243
589.53	2.542
589.73	2.634
589.93	2.822
590.14	3.118
590.34	3.231
590.54	3.330
590.75	3.587
590.95	3.801
591.15	4.004
591.35	4.198
591.56	4.561
591.76	4.815
591.96	5.011
592.16	5.287
592.37	5.485
592.57	5.715
592.77	5.881
592.97	6.293
593.18	6.493
593.38	6.808
593.58	7.117
593.79	7.365
593.99	7.679
594.19	8.028
594.39	8.162
594.60	8.639
594.80	8.898
595.00	9.119
595.20	9.373
595.41	9.718
595.61	9.930
595.81	10.207
596.01	10.525
596.21	10.880
596.42	11.360
596.62	11.523
596.82	11.739
597.02	11.929
597.23	12.332
597.43	12.588
597.63	12.955
597.83	13.219
598.04	13.428
598.24	13.878
598.44	14.212
598.64	14.466
598.84	14.472
599.05	14.885
599.25	15.147
599.45	15.302
599.65	15.832
599.85	15.957
600.06	16.275
600.26	16.198
600.46	16.624
600.66	16.770
600.87	17.047
601.07	17.440
601.27	17.585
601.47	17.840
601.67	18.066
601.87	18.179
602.08	18.334
602.28	18.724
602.48	18.778
602.68	18.970
602.88	19.250
603.09	19.380
603.29	19.795
603.49	19.868
603.69	20.060
603.89	20.323
604.10	20.443
604.30	20.686
604.50	20.814
604.70	21.003
604.90	21.139
605.10	21.347
605.31	21.347
605.51	21.799
605.71	21.757
605.91	21.988
606.11	22.057
606.31	22.248
606.52	22.182
606.72	22.394
606.92	22.864
607.12	22.880
607.32	22.913
607.52	23.124
607.72	23.161
607.93	23.151
608.13	23.438
608.33	23.392
608.53	23.605
608.73	23.595
608.93	23.875
609.13	23.893
609.34	24.158
609.54	24.113
609.74	24.405
609.94	24.531
610.14	24.286
610.34	24.736
610.54	24.772
610.74	24.723
610.95	24.929
611.15	25.058
611.35	24.980
611.55	25.057
611.75	25.236
611.95	25.469
612.15	25.513
612.35	25.656
612.56	25.605
612.76	25.758
612.96	25.931
613.16	25.859
613.36	25.934
613.56	26.197
613.76	26.088
613.96	26.338
614.16	26.177
614.36	26.536
614.57	26.516
614.77	26.658
614.97	26.848
615.17	26.853
615.37	26.695
615.57	26.870
615.77	26.723
615.97	27.036
616.17	27.191
616.37	27.109
616.57	27.482
616.78	27.285
616.98	27.420
617.18	27.480
617.38	27.516
617.58	27.627
617.78	27.760
617.98	27.629
618.18	27.731
618.38	28.016
618.58	27.792
618.78	27.828
618.98	28.163
619.18	28.039
619.38	28.022
619.58	28.337
619.79	28.273
619.99	28.178
620.19	28.303
620.39	28.221
620.59	28.510
620.79	28.473
620.99	28.570
621.19	28.804
621.39	28.526
621.59	28.775
621.79	28.821
621.99	28.813
622.19	28.690
622.39	28.802
622.59	28.976
622.79	29.038
622.99	28.874
623.19	29.126
623.39	28.995
623.59	29.296
623.79	29.466
623.99	29.325
624.19	29.461
624.39	29.379
624.59	29.422
624.79	29.422
624.99	29.609
625.19	29.702
625.39	29.594
625.59	29.683
625.79	29.692
625.99	29.939
626.19	29.739
626.39	29.890
626.59	29.955
626.79	29.937
626.99	30.230
627.19	30.079
627.39	30.098
627.59	30.147
627.79	30.329
627.99	30.206
628.19	30.221
628.39	30.330
628.59	30.197
628.79	30.466
628.99	30.271
629.19	30.600
629.39	30.605
629.59	30.634
629.79	30.514
629.99	30.653
630.19	30.625
630.39	30.712
630.59	30.869
630.79	30.613
630.99	30.965
631.19	30.922
631.39	31.032
631.59	30.970
631.79	30.838
631.99	31.049
632.19	30.941
632.39	31.296
632.59	31.231
632.79	31.040
632.99	31.226
633.19	31.250
633.39	31.278
633.58	31.256
633.78	31.310
633.98	31.550
634.18	31.942
634.38	31.567
634.58	31.689
634.78	31.544
634.98	31.715
635.18	31.606
635.38	31.770
635.58	31.833
635.78	31.882
635.98	31.868
636.18	31.977
636.38	31.907
636.57	31.982
636.77	31.804
636.97	31.870
637.17	32.058
637.37	32.163
637.57	32.159
637.77	32.099
637.97	32.205
638.17	32.389
638.37	32.217
638.57	32.357
638.76	32.398
638.96	32.448
639.16	32.432
639.36	32.601
639.56	32.538
639.76	32.616
639.96	32.675
640.16	32.814
640.36	32.698
640.56	32.597
640.75	32.924
640.95	32.967
641.15	32.809
641.35	32.774
641.55	33.057
641.75	32.965
641.95	33.036
642.15	32.864
642.34	32.899
642.54	33.216
642.74	33.234
642.94	33.108
643.14	33.284
643.34	33.200
643.54	33.182
643.74	33.385
643.93	33.275
644.13	33.440
644.33	33.621
644.53	33.597
644.73	33.514
644.93	33.521
645.13	33.362
645.32	33.519
645.52	33.679
645.72	33.557
645.92	33.704
646.12	33.809
646.32	33.691
646.52	33.951
646.71	33.898
646.91	33.951
647.11	33.882
647.31	33.658
647.51	33.874
647.71	34.079
647.90	34.169
648.10	34.071
648.30	34.018
648.50	34.188
648.70	34.389
648.89	34.314
649.09	34.307
649.29	34.183
649.49	34.357
649.69	34.327
649.89	34.409
650.08	34.411
650.28	34.382
650.48	34.708
650.68	34.684
650.88	34.671
651.07	34.645
651.27	34.651
651.47	34.885
651.67	34.872
651.87	34.517
652.06	34.822
652.26	34.754
652.46	34.894
652.66	34.880
652.86	34.859
653.05	34.994
653.25	34.698
653.45	34.919
653.65	34.943
653.85	34.988
654.04	35.195
654.24	35.081
654.44	35.019
654.64	35.438
654.83	35.188
655.03	35.329
655.23	35.408
655.43	35.356
655.63	35.518
655.82	35.379
656.02	35.569
656.22	35.592
656.42	35.483
656.61	35.526
656.81	35.593
657.01	35.489
657.21	35.784
657.40	35.507
657.60	35.614
657.80	35.581
658.00	35.858
658.19	35.824
658.39	36.059
658.59	35.953
658.79	35.972
658.98	35.714
659.18	35.832
659.38	36.007
659.58	35.964
659.77	35.992
659.97	36.276
660.17	36.143
660.36	36.072
660.56	36.078
660.76	36.192
660.96	35.893
661.15	36.096
661.35	36.316
661.55	36.286
661.75	36.066
661.94	36.540
662.14	36.379
662.34	36.464
662.53	36.246
662.73	36.467
662.93	36.657
663.13	36.632
663.32	36.742
663.52	36.600
663.72	36.780
663.91	36.768
664.11	36.801
664.31	36.701
664.50	36.768
664.70	36.818
664.90	36.905
665.10	36.726
665.29	36.912
665.49	37.113
665.69	37.210
665.88	37.102
666.08	36.945
666.28	37.154
666.47	37.376
666.67	37.168
666.87	37.373
667.06	37.394
667.26	37.321
667.46	37.452
667.65	37.519
667.85	37.351
668.05	37.497
668.24	37.288
668.44	37.305
668.64	37.694
668.83	37.632
669.03	37.627
669.23	37.613
669.42	37.278
669.62	37.649
669.82	37.669
670.01	37.747
670.21	37.905
670.41	37.889
670.60	37.851
670.80	37.873
671.00	37.875
671.19	38.025
671.39	38.082
671.58	37.951
671.78	38.034
671.98	37.910
672.17	38.160
672.37	37.996
672.57	38.174
672.76	38.288
672.96	38.336
673.15	38.242
673.35	38.289
673.55	38.299
673.74	38.244
673.94	38.289
674.14	38.598
674.33	38.541
674.53	38.605
674.72	38.456
674.92	38.547
675.12	38.668
675.31	38.716
675.51	38.529
675.70	38.595
675.90	38.719
676.10	38.603
676.29	38.688
676.49	38.684
676.68	38.869
676.88	38.936
677.08	38.659
677.27	38.631
677.47	38.846
677.66	38.883
677.86	38.777
678.06	38.647
678.25	39.023
678.45	38.883
678.64	39.150
678.84	38.995
679.03	38.992
679.23	39.230
679.43	39.065
679.62	39.527
679.82	39.403
680.01	39.461
680.21	39.469
680.40	39.210
680.60	39.549
680.80	39.192
680.99	39.354
681.19	39.254
681.38	39.277
681.58	39.421
681.77	39.473
681.97	39.567
682.16	39.405
682.36	39.586
682.56	39.566
682.75	39.528
682.95	39.724
683.14	39.884
683.34	39.516
683.53	40.027
683.73	39.922
683.92	39.776
684.12	39.851
684.31	39.750
684.51	39.740
684.70	39.791
684.90	40.059
685.10	40.214
685.29	40.159
685.49	40.204
685.68	39.994
685.88	39.846
686.07	40.033
686.27	40.386
686.46	40.168
686.66	40.325
686.85	40.356
687.05	40.403
687.24	40.208
687.44	40.318
687.63	40.354
687.83	40.273
688.02	40.060
688.22	40.340
688.41	40.558
688.61	40.369
688.80	40.641
689.00	40.539
689.19	40.702
689.39	40.587
689.58	40.614
689.78	40.808
689.97	40.840
690.17	40.670
690.36	40.952
690.56	40.797
690.75	41.049
690.95	40.869
691.14	40.783
691.34	40.698
691.53	40.821
691.72	40.958
691.92	41.001
692.11	40.961
692.31	40.972
692.50	40.910
692.70	40.821
692.89	41.005
693.09	40.895
693.28	41.042
693.48	41.018
693.67	41.074
693.87	41.230
694.06	41.385
694.25	41.233
694.45	41.226
694.64	41.511
694.84	41.567
695.03	41.499
695.23	41.534
695.42	41.151
695.62	41.490
695.81	41.653
696.00	41.525
696.20	41.597
696.39	41.621
696.59	41.673
696.78	41.485
696.98	41.644
697.17	41.572
697.36	41.527
697.56	41.474
697.75	41.636
697.95	41.865
698.14	41.971
698.34	41.908
698.53	42.039
698.72	42.021
698.92	41.905
699.11	42.000
699.31	42.083
699.50	42.035
699.69	41.940
699.89	41.979
700.08	41.846
700.28	42.158
700.47	42.154
700.66	42.086
700.86	42.288
701.05	42.185
701.25	42.414
701.44	42.251
701.63	42.119
701.83	42.312
702.02	42.622
702.21	42.188
702.41	42.510
702.60	42.340
702.80	42.233
702.99	42.660
703.18	42.570
703.38	42.362
703.57	42.613
703.77	42.678
703.96	42.644
704.15	42.401
704.35	42.674
704.54	42.610
704.73	42.985
704.93	42.573
705.12	42.675
705.31	42.689
705.51	42.985
705.70	42.793
705.89	42.986
706.09	42.639
706.28	43.126
706.48	43.002
706.67	43.018
706.86	43.052
707.06	42.835
707.25	43.248
707.44	43.082
707.64	42.999
707.83	43.151
708.02	43.387
708.22	43.164
708.41	43.107
708.60	43.381
708.80	43.543
708.99	43.231
709.18	43.391
709.38	43.305
709.57	43.163
709.76	43.427
709.95	43.456
710.15	43.314
710.34	43.407
710.53	43.575
710.73	43.559
710.92	43.632
711.11	43.582
711.31	43.323
711.50	43.681
711.69	43.414
711.89	43.467
712.08	43.838
712.27	43.668
712.46	43.462
712.66	43.576
712.85	43.713
713.04	43.569
713.24	43.592
713.43	43.904
713.62	44.018
713.81	43.852
714.01	43.972
714.20	44.041
714.39	44.101
714.59	43.793
714.78	44.001
714.97	44.248
715.16	43.972
715.36	44.102
715.55	44.081
715.74	44.301
715.93	43.968
716.13	44.109
716.32	44.415
716.51	44.072
716.71	44.232
716.90	44.234
717.09	44.233
717.28	44.118
717.48	44.407
717.67	44.514
717.86	44.435
718.05	44.632
718.25	44.338
718.44	44.447
718.63	44.346
718.82	44.474
719.02	44.370
719.21	44.459
719.40	44.760
719.59	44.601
719.78	44.618
719.98	44.569
720.17	44.632
720.36	44.857
720.55	44.579
720.75	44.805
720.94	44.637
721.13	44.699
721.32	44.708
721.51	44.853
721.71	44.787
721.90	45.269
722.09	44.786
722.28	45.252
722.48	45.036
722.67	44.799
722.86	44.883
723.05	45.177
723.24	44.913
723.44	44.969
723.63	44.940
723.82	44.827
724.01	45.163
724.20	44.948
724.40	44.945
724.59	45.178
724.78	44.927
724.97	45.023
725.16	45.110
725.35	45.284
725.55	45.086
725.74	45.233
725.93	45.229
726.12	45.399
726.31	45.216
726.51	45.530
726.70	45.371
726.89	45.396
727.08	45.398
727.27	45.508
727.46	45.197
727.66	45.408
727.85	45.654
728.04	45.752
728.23	45.683
728.42	45.744
728.61	45.796
728.81	45.337
729.00	45.687
729.19	45.518
729.38	45.449
729.57	45.858
729.76	45.610
729.95	45.754
730.15	45.960
730.34	45.484
730.53	45.578
730.72	45.760
730.91	46.066
731.10	45.812
731.29	46.107
731.49	45.932
731.68	46.031
731.87	45.851
732.06	45.865
732.25	45.996
732.44	45.974
732.63	46.026
732.82	46.136
733.02	46.018
733.21	46.273
733.40	46.193
733.59	46.204
733.78	46.150
733.97	46.275
734.16	45.902
734.35	46.261
734.54	46.420
734.74	46.306
734.93	45.905
735.12	46.399
735.31	46.322
735.50	45.923
735.69	46.447
735.88	46.402
736.07	46.722
736.26	46.598
736.45	46.808
736.64	46.437
736.84	46.682
737.03	46.544
737.22	46.765
737.41	46.438
737.60	46.736
737.79	46.536
737.98	46.626
738.17	46.690
738.36	46.446
738.55	46.666
738.74	46.674
738.93	46.687
739.12	47.090
739.32	47.121
739.51	46.998
739.70	46.957
739.89	47.090
740.08	47.121
740.27	46.929
740.46	46.945
740.65	46.612
740.84	47.066
741.03	47.040
741.22	46.847
741.41	46.828
741.60	47.100
741.79	46.759
741.98	46.858
742.17	46.969
742.36	46.873
742.55	46.956
742.74	47.097
742.93	47.019
743.12	46.975
743.31	47.249
743.51	47.461
743.70	47.027
743.89	47.208
744.08	47.388
744.27	47.447
744.46	47.226
744.65	47.439
744.84	47.462
745.03	47.393
745.22	47.152
745.41	47.507
745.60	47.389
745.79	47.482
745.98	47.399
746.17	47.392
746.36	47.172
746.55	47.308
746.74	47.503
746.93	47.335
747.12	47.418
747.31	47.313
747.50	47.407
747.69	47.499
747.88	47.504
748.07	47.641
748.26	47.632
748.45	47.718
748.64	47.904
748.83	47.663
749.02	47.587
749.21	47.506
749.40	47.852
749.59	47.648
749.77	47.777
749.96	47.523
750.15	47.607
750.34	47.882
750.53	47.768
750.72	47.651
750.91	47.924
751.10	48.150
751.29	48.254
751.48	47.886
751.67	48.084
751.86	48.042
752.05	48.067
752.24	47.955
752.43	48.070
752.62	48.017
752.81	48.024
753.00	47.838
753.19	47.979
753.38	47.955
753.57	47.850
753.76	48.006
753.94	48.163
754.13	48.236
754.32	48.225
754.51	48.006
754.70	48.295
754.89	48.348
755.08	48.223
755.27	48.204
755.46	48.168
755.65	48.198
755.84	48.045
756.03	48.140
756.22	48.441
756.40	48.440
756.59	48.556
756.78	48.342
756.97	48.180
757.16	48.439
757.35	48.390
757.54	48.634
757.73	48.546
757.92	48.640
758.11	48.553
758.29	48.749
758.48	48.545
758.67	48.814
758.86	48.701
759.05	48.634
759.24	48.525
759.43	48.811
759.62	48.496
759.81	49.028
759.99	48.810
760.18	48.717
760.37	48.737
760.56	49.025
760.75	49.010
760.94	48.884
761.13	49.140
761.32	48.930
761.50	48.784
761.69	48.744
761.88	48.693
762.07	48.873
762.26	48.887
762.45	48.836
762.64	49.085
762.82	49.052
763.01	48.860
763.20	49.090
763.39	49.002
763.58	49.009
763.77	48.990
763.96	49.110
764.14	49.332
764.33	49.332
764.52	49.125
764.71	48.966
764.90	49.133
765.09	49.220
765.27	49.073
765.46	49.173
765.65	49.364
765.84	49.162
766.03	49.192
766.22	49.386
766.40	49.317
766.59	49.303
766.78	49.160
766.97	49.591
767.16	49.174
767.35	49.135
767.53	49.559
767.72	49.317
767.91	49.258
768.10	48.960
768.29	48.981
768.47	49.441
768.66	49.376
768.85	49.446
769.04	49.515
769.23	49.812
769.41	49.732
769.60	49.568
769.79	49.927
769.98	49.739
770.17	49.860
770.35	49.804
770.54	49.540
770.73	49.677
770.92	49.783
771.10	49.510
771.29	49.712
771.48	49.547
771.67	50.097
771.86	49.977
772.04	49.863
772.23	49.784
772.42	50.001
772.61	49.956
772.79	49.844
772.98	49.783
773.17	49.651
773.36	50.118
773.54	50.052
773.73	49.955
773.92	49.933
774.11	49.748
774.30	49.941
774.48	49.915
774.67	49.737
774.86	49.928
775.05	50.044
775.23	50.146
775.42	50.016
775.61	50.108
775.79	50.168
775.98	50.023
776.17	50.101
776.36	49.812
776.54	50.003
776.73	50.144
776.92	50.023
777.11	50.031
777.29	49.778
777.48	49.972
777.67	49.884
777.85	50.165
778.04	50.002
778.23	50.184
778.42	49.928
778.60	50.312
778.79	50.131
778.98	50.122
779.16	50.068
779.35	50.281
779.54	50.602
779.73	50.210
779.91	50.538
780.10	50.689
780.29	50.494
780.47	50.518
780.66	50.225
780.85	50.272
781.03	50.805
781.22	50.524
781.41	50.588
781.60	50.604
781.78	50.683
781.97	50.628
782.16	50.574
782.34	50.495
782.53	50.499
782.72	50.236
782.90	50.206
783.09	50.689
783.28	50.749
783.46	50.615
783.65	50.561
783.84	50.544
784.02	50.394
784.21	50.395
784.40	50.799
784.58	50.685
784.77	50.683
784.96	50.701
785.14	51.225
785.33	50.444
785.52	50.610
785.70	50.881
785.89	50.803
786.08	50.701
786.26	50.602
786.45	50.866
786.63	50.350
786.82	50.773
787.01	50.681
787.19	50.507
787.38	50.575
787.57	50.715
787.75	50.619
787.94	50.965
788.13	50.972
788.31	51.088
788.50	50.898
788.68	50.918
788.87	50.962
789.06	50.811
789.24	50.807
789.43	50.900
789.61	51.086
789.80	51.106
789.99	51.102
790.17	50.954
790.36	51.147
790.55	51.249
790.73	51.244
790.92	51.321
791.10	51.049
791.29	51.071
791.48	51.147
791.66	51.059
791.85	51.081
792.03	51.166
792.22	51.294
792.40	51.235
792.59	51.513
792.78	51.352
792.96	51.341
793.15	51.356
793.33	51.160
793.52	51.337
793.71	51.474
793.89	51.399
794.08	51.236
794.26	51.091
794.45	51.322
794.63	51.160
794.82	51.354
795.01	51.352
795.19	51.495
795.38	51.349
795.56	51.676
795.75	51.591
795.93	51.200
796.12	51.689
796.30	51.626
796.49	51.520
796.68	51.777
796.86	51.680
797.05	51.526
797.23	52.012
797.42	51.941
797.60	51.763
797.79	51.827
797.97	51.874
798.16	51.743
798.34	51.793
798.53	52.112
798.71	51.743
798.90	51.978
799.08	51.973
799.27	51.835
799.46	52.135
799.64	51.911
799.83	51.797
800.01	51.843
800.20	51.888
800.38	51.909
800.57	51.613
800.75	51.681
800.94	51.682
801.12	51.864
801.31	51.815
801.49	51.741
801.68	51.538
801.86	51.938
802.05	52.218
802.23	52.106
802.42	52.324
802.60	52.024
802.79	52.193
802.97	52.038
803.16	52.234
803.34	52.075
803.53	52.156
803.71	52.337
803.90	52.288
804.08	51.971
804.27	52.079
804.45	52.233
804.63	51.665
804.82	52.132
805.00	52.060
805.19	52.219
805.37	52.466
805.56	52.283
805.74	52.246
805.93	52.262
806.11	52.255
806.30	52.583
806.48	52.300
806.67	52.135
806.85	52.118
807.04	52.496
807.22	52.584
807.40	52.357
807.59	52.394
807.77	52.514
807.96	52.369
808.14	52.091
808.33	52.506
808.51	52.323
808.69	52.448
808.88	52.403
809.06	52.169
809.25	52.572
809.43	52.190
809.62	52.474
809.80	52.234
809.99	52.216
810.17	52.529
810.35	52.321
810.54	52.376
810.72	52.531
810.91	52.593
811.09	52.591
811.27	52.324
811.46	52.330
811.64	52.850
811.83	52.489
812.01	52.485
812.19	52.749
812.38	52.635
812.56	52.560
812.75	52.464
812.93	52.637
813.11	52.734
813.30	52.545
813.48	52.307
813.67	52.613
813.85	52.561
814.03	52.942
814.22	52.507
814.40	52.813
814.59	52.447
814.77	52.660
814.95	52.399
815.14	52.905
815.32	52.526
815.50	52.500
815.69	52.792
815.87	52.481
816.06	52.765
816.24	52.570
816.42	52.590
816.61	52.915
816.79	52.578
816.97	52.632
817.16	52.687
817.34	52.840
817.52	52.795
817.71	52.848
817.89	53.027
818.07	53.030
818.26	53.119
818.44	52.955
818.63	52.988
818.81	52.898
818.99	52.925
819.18	53.024
819.36	53.359
819.54	53.040
819.73	52.829
819.91	52.721
820.09	52.840
820.28	53.254
820.46	52.871
820.64	53.014
820.83	52.823
821.01	53.151
821.19	53.218
821.37	52.931
821.56	53.307
821.74	52.915
821.92	53.123
822.11	53.056
822.29	53.236
822.47	53.094
822.66	52.930
822.84	53.521
823.02	52.973
823.21	53.583
823.39	53.431
823.57	52.931
823.75	53.039
823.94	53.219
824.12	53.108
824.30	53.191
824.49	53.296
824.67	53.354
824.85	53.391
825.03	53.457
825.22	53.144
825.40	53.422
825.58	53.460
825.77	53.268
825.95	53.373
826.13	53.506
826.31	53.816
826.50	53.493
826.68	53.356
826.86	53.638
827.04	53.455
827.23	53.509
827.41	53.432
827.59	53.384
827.78	53.610
827.96	53.427
828.14	53.617
828.32	53.607
828.51	53.346
828.69	53.639
828.87	53.757
829.05	53.788
829.23	53.830
829.42	53.433
829.60	53.447
829.78	53.567
829.96	53.396
830.15	53.557
830.33	53.514
830.51	53.369
830.69	53.703
830.88	53.682
831.06	53.589
831.24	53.471
831.42	53.530
831.60	53.447
831.79	53.674
831.97	53.866
832.15	53.519
832.33	53.448
832.52	53.504
832.70	53.304
832.88	53.562
833.06	53.705
833.24	53.808
833.43	53.744
833.61	53.439
833.79	53.729
833.97	53.669
834.15	54.096
834.34	53.659
834.52	53.819
834.70	53.732
834.88	53.580
835.06	53.695
835.25	53.978
835.43	53.684
835.61	53.882
835.79	53.954
835.97	53.728
836.15	53.812
836.34	53.524
836.52	53.628
836.70	53.595
836.88	54.050
837.06	54.278
837.24	53.948
837.43	54.103
837.61	53.892
837.79	53.494
837.97	53.608
838.15	53.661
838.33	53.721
838.52	54.029
838.70	54.208
838.88	53.842
839.06	53.904
839.24	53.990
839.42	54.185
839.60	54.068
839.79	54.104
839.97	53.963
840.15	54.254
840.33	53.839
840.51	54.013
840.69	54.119
840.87	53.898
841.06	54.149
841.24	53.938
841.42	54.190
841.60	53.817
841.78	53.503
841.96	53.911
842.14	54.120
842.32	54.136
842.51	53.938
842.69	54.189
842.87	54.378
843.05	54.318
843.23	54.433
843.41	54.276
843.59	54.254
843.77	54.033
843.95	54.170
844.14	54.244
844.32	54.069
844.50	54.447
844.68	54.153
844.86	54.157
845.04	54.435
845.22	54.118
845.40	54.249
845.58	54.393
845.76	54.267
845.94	54.502
846.12	54.475
846.31	54.490
846.49	54.415
846.67	54.599
846.85	54.677
847.03	54.507
847.21	54.357
847.39	54.599
847.57	54.480
847.75	54.272
847.93	54.413
848.11	54.628
848.29	54.457
848.47	54.479
848.65	54.357
848.83	54.334
849.02	54.500
849.20	53.996
849.38	54.456
849.56	54.103
849.74	54.190
849.92	54.310
850.10	54.373
850.28	54.285
850.46	54.492
850.64	54.606
850.82	54.554
851.00	54.595
851.18	54.563
851.36	54.976
851.54	54.446
851.72	54.878
851.90	54.857
852.08	54.715
852.26	54.597
852.44	54.962
852.62	54.415
852.80	54.686
852.98	54.674
853.16	54.554
853.34	54.426
853.52	54.605
853.70	54.726
853.88	54.664
854.06	54.572
854.24	54.782
854.42	55.046
854.60	55.055
854.78	55.000
854.96	55.115
855.14	54.732
855.32	54.467
855.50	54.628
855.68	54.685
855.86	54.932
856.04	54.933
856.22	54.530
856.40	54.675
856.58	54.561
856.76	54.483
856.94	54.744
857.12	54.822
857.30	54.996
857.48	55.048
857.66	54.825
857.84	54.823
858.02	54.963
858.20	54.655
858.38	54.932
858.56	55.007
858.74	55.017
858.92	54.897
859.10	54.821
859.28	54.923
859.46	55.005
859.64	54.641
859.81	55.081
859.99	54.760
860.17	55.121
860.35	55.258
860.53	55.330
860.71	55.100
860.89	55.046
861.07	55.036
861.25	54.987
861.43	55.175
861.61	55.203
861.79	55.414
861.97	54.678
862.15	55.200
862.33	55.259
862.50	54.948
862.68	54.936
862.86	55.014
863.04	54.671
863.22	54.807
863.40	55.180
863.58	55.399
863.76	55.277
863.94	55.562
864.12	55.136
864.30	54.989
864.47	54.735
864.65	54.995
864.83	55.197
865.01	55.295
865.19	55.208
865.37	55.172
865.55	55.522
865.73	54.941
865.91	55.258
866.09	55.048
866.26	55.015
866.44	55.279
866.62	55.324
866.80	55.204
866.98	55.271
867.16	55.173
867.34	55.296
867.52	55.258
867.69	55.342
867.87	55.220
868.05	55.031
868.23	55.289
868.41	55.531
868.59	55.601
868.77	55.646
868.94	55.669
869.12	55.112
869.30	55.481
869.48	55.396
869.66	55.356
869.84	55.642
870.02	55.516
870.19	55.722
870.37	55.722
870.55	55.562
870.73	55.500
870.91	55.929
871.09	55.363
871.26	55.774
871.44	55.445
871.62	55.310
871.80	55.475
871.98	55.492
872.16	55.474
872.33	55.649
872.51	55.462
872.69	55.622
872.87	55.644
873.05	55.586
873.22	55.397
873.40	54.895
873.58	55.318
873.76	55.347
873.94	55.804
874.12	55.527
874.29	54.971
874.47	55.748
874.65	55.264
874.83	55.659
875.01	55.093
875.18	55.371
875.36	55.787
875.54	56.019
875.72	55.665
875.89	55.386
876.07	55.584
876.25	55.697
876.43	55.498
876.61	55.643
876.78	55.970
876.96	55.808
877.14	55.858
877.32	56.109
877.49	55.933
877.67	55.783
877.85	55.174
878.03	55.882
878.21	55.995
878.38	55.782
878.56	55.738
878.74	55.922
878.92	55.522
879.09	55.925
879.27	55.738
879.45	55.668
879.63	55.539
879.80	55.664
879.98	55.888
880.16	55.882
880.34	55.856
880.51	55.875
880.69	55.613
880.87	55.773
881.05	55.884
881.22	55.741
881.40	55.737
881.58	56.110
881.75	55.739
881.93	55.942
882.11	55.917
882.29	55.576
882.46	55.715
882.64	55.632
882.82	56.106
883.00	55.674
883.17	55.474
883.35	55.986
883.53	55.677
883.70	55.615
883.88	55.498
884.06	55.613
884.23	55.495
884.41	55.806
884.59	55.960
884.77	55.581
884.94	56.021
885.12	56.231
885.30	55.948
885.47	56.088
885.65	55.471
885.83	56.001
886.00	56.185
886.18	55.750
886.36	55.707
886.53	55.974
886.71	56.026
886.89	55.731
887.07	56.078
887.24	56.036
887.42	55.887
887.60	55.834
887.77	56.155
887.95	55.899
888.13	56.146
888.30	55.869
888.48	55.880
888.66	56.207
888.83	56.074
889.01	56.221
889.18	55.930
889.36	56.130
889.54	55.863
889.71	56.182
889.89	56.234
890.07	55.980
890.24	55.985
890.42	56.335
890.60	56.083
890.77	55.833
890.95	56.081
891.13	56.293
891.30	55.951
891.48	55.894
891.65	56.337
891.83	56.184
892.01	56.367
892.18	56.038
892.36	56.237
892.54	56.369
892.71	56.190
892.89	56.074
893.06	56.442
893.24	56.567
893.42	56.221
893.59	56.380
893.77	56.668
893.94	56.222
894.12	56.455
894.30	56.393
894.47	56.401
894.65	56.355
894.82	56.163
895.00	56.215
895.18	55.988
895.35	56.105
895.53	55.748
895.70	56.040
895.88	55.977
896.06	55.862
896.23	56.164
896.41	56.148
896.58	56.475
896.76	56.285
896.93	56.012
897.11	56.281
897.29	56.348
897.46	56.244
897.64	56.721
897.81	56.454
897.99	56.525
898.16	56.392
898.34	56.729
898.52	56.995
898.69	56.313
898.87	56.516
899.04	56.532
899.22	56.339
899.39	56.298
899.57	56.226
899.74	56.815
899.92	56.367
900.10	56.816
900.27	56.511
900.45	56.740
900.62	56.340
900.80	56.458
900.97	56.643
901.15	56.071
901.32	56.756
901.50	56.544
901.67	56.250
901.85	56.678
902.02	56.363
902.20	56.304
902.37	56.338
902.55	56.360
902.72	56.741
902.90	56.730
903.07	56.383
903.25	56.430
903.43	56.708
903.60	56.501
903.78	56.438
903.95	56.479
904.13	56.493
904.30	56.215
904.48	55.957
904.65	56.114
904.83	56.102
905.00	56.234
905.17	56.590
905.35	56.067
905.52	56.374
905.70	56.372
905.87	56.364
906.05	55.983
906.22	56.287
906.40	56.653
906.57	56.399
906.75	56.433
906.92	56.647
907.10	56.626
907.27	56.262
907.45	56.270
907.62	56.300
907.80	56.313
907.97	56.248
908.15	56.325
908.32	56.467
908.49	56.388
908.67	56.300
908.84	56.651
909.02	57.016
909.19	56.728
909.37	56.550
909.54	56.652
909.72	56.794
909.89	56.632
910.07	56.657
910.24	56.664
910.41	56.842
910.59	56.750
910.76	56.822
910.94	56.558
911.11	56.879
911.29	56.681
911.46	56.946
911.63	56.881
911.81	56.710
911.98	56.735
912.16	56.679
912.33	56.962
912.50	56.982
912.68	56.948
912.85	56.603
913.03	56.646
913.20	56.307
913.38	56.172
913.55	56.450
913.72	56.605
913.90	56.274
914.07	56.498
914.25	56.517
914.42	56.846
914.59	56.899
914.77	56.660
914.94	56.392
915.11	56.605
915.29	56.865
915.46	56.608
915.64	56.557
915.81	56.721
915.98	57.052
916.16	57.276
916.33	56.526
916.51	57.095
916.68	56.824
916.85	57.053
917.03	57.282
917.20	56.934
917.37	56.664
917.55	56.726
917.72	56.427
917.89	56.823
918.07	56.845
918.24	56.931
918.42	56.330
918.59	56.870
918.76	56.528
918.94	57.167
919.11	57.088
919.28	56.888
919.46	56.920
919.63	56.644
919.80	56.973
919.98	57.274
920.15	56.856
920.32	56.545
920.50	56.809
920.67	56.941
920.84	56.880
921.02	56.957
921.19	57.351
921.36	56.752
921.54	56.851
921.71	57.010
921.88	57.255
922.06	57.206
922.23	56.887
922.40	56.850
922.57	57.047
922.75	57.166
922.92	57.245
923.09	57.014
923.27	57.013
923.44	57.033
923.61	56.909
923.79	56.562
923.96	57.279
924.13	56.808
924.30	57.061
924.48	56.795
924.65	56.828
924.82	56.741
925.00	56.874
925.17	56.949
925.34	56.885
925.51	56.768
925.69	57.184
925.86	56.974
926.03	56.930
926.21	57.246
926.38	56.770
926.55	56.866
926.72	57.091
926.90	56.975
927.07	57.006
927.24	56.964
927.41	56.761
927.59	56.753
927.76	56.880
927.93	56.591
928.10	56.770
928.28	56.940
928.45	56.540
928.62	56.975
928.79	57.375
928.97	57.563
929.14	57.007
929.31	57.166
929.48	57.381
929.66	57.044
929.83	57.419
930.00	57.334
930.17	57.622
930.34	57.508
930.52	57.103
930.69	57.550
930.86	57.541
931.03	57.733
931.21	57.775
931.38	57.438
931.55	56.955
931.72	57.799
931.89	57.536
932.07	57.213
932.24	57.456
932.41	56.858
932.58	57.183
932.75	57.201
932.93	56.980
933.10	57.335
933.27	56.873
933.44	57.048
933.61	57.424
933.79	57.549
933.96	57.505
934.13	57.824
934.30	57.597
934.47	57.340
934.65	57.393
934.82	57.965
934.99	57.032
935.16	57.842
935.33	57.297
935.50	57.718
935.68	56.745
935.85	57.146
936.02	57.562
936.19	57.467
936.36	57.639
936.53	57.563
936.71	57.465
936.88	57.088
937.05	57.481
937.22	57.639
937.39	57.949
937.56	57.259
937.74	57.538
937.91	57.563
938.08	57.077
938.25	57.553
938.42	57.375
938.59	57.415
938.76	57.366
938.94	57.648
939.11	57.700
939.28	56.947
939.45	57.808
939.62	57.754
939.79	57.774
939.96	56.898
940.13	57.591
940.31	57.160
940.48	57.519
940.65	57.455
940.82	57.344
940.99	57.932
941.16	58.045
941.33	57.513
941.50	57.722
941.67	58.141
941.85	57.677
942.02	57.100
942.19	57.438
942.36	57.643
942.53	57.093
942.70	57.138
942.87	57.143
943.04	57.502
943.21	57.365
943.38	57.535
943.56	57.191
943.73	57.739
943.90	57.939
944.07	56.718
944.24	57.873
944.41	57.525
944.58	57.725
944.75	57.296
944.92	57.492
945.09	57.821
945.26	57.598
945.43	58.233
945.60	57.633
945.78	57.374
945.95	57.533
946.12	57.980
946.29	57.687
946.46	57.206
946.63	57.474
946.80	57.738
946.97	57.506
947.14	57.884
947.31	57.471
947.48	57.671
947.65	58.498
947.82	57.579
947.99	57.594
948.16	57.639
948.33	57.659
948.50	57.610
948.67	57.827
948.84	57.170
949.01	57.097
949.18	57.490
949.35	57.209
949.52	57.132
949.69	57.249
949.86	57.746
950.03	57.457
950.20	57.389
950.38	58.610
950.55	58.087
950.72	57.278
950.89	57.644
951.06	57.547
951.23	57.771
951.40	57.104
951.57	57.704
951.74	58.063
951.91	58.252
952.08	58.235
952.25	57.053
952.42	57.560
952.59	58.044
952.76	58.186
952.92	57.694
953.09	57.465
953.26	58.203
953.43	57.875
953.60	57.543
953.77	57.937
953.94	57.884
954.11	58.200
954.28	57.959
954.45	57.556
954.62	58.014
954.79	57.711
954.96	57.600
955.13	57.777
955.30	58.674
955.47	57.653
955.64	57.564
955.81	57.487
955.98	56.856
956.15	57.665
956.32	57.879
956.49	57.541
956.66	58.043
956.83	57.811
957.00	57.932
957.17	57.927
957.33	58.836
957.50	57.811
957.67	58.168
957.84	57.705
958.01	57.814
958.18	57.998
958.35	57.455
958.52	57.629
958.69	57.820
958.86	57.787
959.03	57.801
959.20	58.563
959.37	58.321
959.53	58.421
959.70	57.856
959.87	57.804
960.04	57.930
960.21	57.515
960.38	57.567
960.55	57.634
960.72	57.097
960.89	57.577
961.06	57.829
961.23	57.986
961.39	58.182
961.56	57.535
961.73	57.971
961.90	57.942
962.07	58.034
962.24	57.975
962.41	57.971
962.58	58.033
962.75	57.684
962.91	57.564
963.08	57.809
963.25	58.134
963.42	57.989
963.59	57.825
963.76	57.684
963.93	58.407
964.09	58.727
964.26	57.525
964.43	57.584
964.60	57.809
964.77	57.918
964.94	57.958
965.11	58.232
965.27	58.287
965.44	58.091
965.61	57.876
965.78	58.150
965.95	57.450
966.12	57.609
966.29	57.397
966.45	57.886
966.62	58.249
966.79	57.630
966.96	58.449
967.13	57.846
967.30	58.069
967.46	58.189
967.63	58.213
967.80	57.746
967.97	57.611
968.14	57.901
968.30	58.763
968.47	57.967
968.64	58.168
968.81	58.327
968.98	58.493
969.15	58.272
969.31	57.762
969.48	57.894
969.65	58.259
969.82	58.380
969.99	58.262
970.15	58.361
970.32	58.003
970.49	57.624
970.66	57.802
970.82	57.799
970.99	58.513
971.16	57.746
971.33	58.326
971.50	58.636
971.66	58.144
971.83	57.603
972.00	58.627
972.17	59.393
972.34	58.874
972.50	58.315
972.67	58.185
972.84	58.400
973.01	58.024
973.17	58.516
973.34	58.716
973.51	58.530
973.68	59.067
973.84	58.703
974.01	57.989
974.18	57.779
974.35	58.655
974.51	58.414
974.68	58.232
974.85	58.476
975.02	57.636
975.18	58.287
975.35	58.290
975.52	58.558
975.69	57.733
975.85	58.467
976.02	57.906
976.19	58.340
976.36	58.340
976.52	58.687
976.69	58.533
976.86	58.912
977.02	58.118
977.19	57.758
977.36	58.659
977.53	57.121
977.69	58.713
977.86	58.641
978.03	57.851
978.19	58.336
978.36	58.877
978.53	58.025
978.70	58.676
978.86	58.393
979.03	58.298
979.20	57.881
979.36	58.628
979.53	58.192
979.70	57.845
979.86	58.939
980.03	58.491
980.20	58.676
980.36	58.433
980.53	57.758
980.70	58.620
980.86	58.359
981.03	58.953
981.20	58.617
981.36	58.568
981.53	59.152
981.70	58.079
981.86	58.817
982.03	58.009
982.20	58.507
982.36	58.606
982.53	59.006
982.70	59.113
982.86	58.969
983.03	58.407
983.20	58.769
983.36	58.973
983.53	59.097
983.70	58.450
983.86	57.871
984.03	57.924
984.20	58.562
984.36	58.468
984.53	58.503
984.70	58.626
984.86	57.797
985.03	57.728
985.19	59.114
985.36	58.303
985.53	58.101
985.69	57.979
985.86	57.749
986.03	57.029
986.19	58.980
986.36	58.538
986.52	57.294
986.69	57.971
986.86	58.722
987.02	58.372
987.19	57.538
987.35	57.723
987.52	58.361
987.69	58.511
987.85	57.685
988.02	57.942
988.18	58.529
988.35	57.605
988.52	58.182
988.68	57.797
988.85	58.934
989.01	58.837
989.18	59.346
989.35	58.758
989.51	58.520
989.68	57.838
989.84	57.741
990.01	58.557
990.17	58.914
990.34	58.683
990.51	58.531
990.67	59.776
990.84	58.031
991.00	58.741
991.17	58.964
991.33	59.163
991.50	58.652
991.66	57.808
991.83	57.510
992.00	58.478
992.16	58.535
992.33	56.925
992.49	58.859
992.66	57.819
992.82	57.789
992.99	60.356
993.15	58.323
993.32	58.739
993.48	58.352
993.65	59.528
993.82	58.299
993.98	58.224
994.15	58.673
994.31	58.863
994.48	57.714
994.64	58.150
994.81	57.719
994.97	57.894
995.14	58.379
995.30	58.335
995.47	59.081
995.63	59.195
995.80	57.749
995.96	58.619
996.13	59.370
996.29	59.148
996.46	58.540
996.62	58.150
996.79	58.206
996.95	58.669
997.12	60.233
997.28	59.131
997.45	58.081
997.61	59.143
997.78	59.407
997.94	59.779
998.11	57.632
998.27	58.285
998.44	59.229
998.60	57.985
998.77	59.122
998.93	58.629
999.10	59.111
999.26	59.142
999.43	59.361
999.59	59.167
999.75	59.712
999.92	59.044
1000.08	58.949
1000.25	58.443
1000.41	59.034
1000.58	58.687
1000.74	58.074
1000.91	58.218
1001.07	58.452
1001.24	57.630
1001.40	57.585
1001.56	58.412
1001.73	59.230
1001.89	58.389
1002.06	58.454
1002.22	58.512
1002.39	58.413
1002.55	58.650
1002.71	58.594
1002.88	58.213
1003.04	58.091
1003.21	58.801
1003.37	59.782
1003.54	58.608
1003.70	58.943
1003.86	58.269
1004.03	58.871
1004.19	58.287
1004.36	57.324
1004.52	58.999
1004.68	58.058
1004.85	59.091
1005.01	57.749
1005.18	58.064
1005.34	58.819
1005.50	57.784
1005.67	58.300
1005.83	58.334
1006.00	59.469
1006.16	57.847
1006.32	60.071
1006.49	59.597
1006.65	59.214
1006.82	57.658
1006.98	57.653
1007.14	58.498
1007.31	59.174
1007.47	58.153
1007.63	58.249
1007.80	58.551
1007.96	58.111
1008.13	59.337
1008.29	58.539
1008.45	58.404
1008.62	58.397
1008.78	58.697
1008.94	60.263
1009.11	58.528
1009.27	58.952
1009.43	57.642
1009.60	59.685
1009.76	57.397
1009.92	59.127
1010.09	58.715
1010.25	59.140
1010.42	58.311
1010.58	57.986
1010.74	58.636
1010.91	58.786
1011.07	58.045
1011.23	57.766
1011.40	58.214
1011.56	58.687
1011.72	58.996
1011.89	58.539
1012.05	59.137
1012.21	58.904
1012.37	57.151
1012.54	57.936
1012.70	59.692
1012.86	58.758
1013.03	57.408
1013.19	58.341
1013.35	57.343
1013.52	58.463
1013.68	58.584
1013.84	57.671
1014.01	59.509
1014.17	58.842
1014.33	57.977
1014.49	60.926
1014.66	58.146
1014.82	58.166
1014.98	58.809
1015.15	59.694
1015.31	59.035
1015.47	59.681
1015.63	60.346
1015.80	58.760
1015.96	60.337
1016.12	59.527
1016.29	59.661
1016.45	60.313
1016.61	60.534
1016.77	57.345
1016.94	58.286
1017.10	57.476
1017.26	58.788
1017.42	59.329
1017.59	59.887
1017.75	59.153
1017.91	58.208
1018.07	60.641
1018.24	59.228
1018.40	59.301
1018.56	59.683
1018.72	57.940
1018.89	59.362
1019.05	59.154
1019.21	57.736
1019.37	60.865
1019.54	59.458
1019.70	57.190
1019.86	59.778
1020.02	59.146
1020.19	59.737
1020.35	57.647
1020.51	58.261
1020.67	62.118
1020.83	58.849
1021.00	59.461
1021.16	60.403
1021.32	57.937
1021.48	59.434
1021.64	59.300
1021.81	60.043
1021.97	57.181
1022.13	58.028
1022.29	60.951
1022.45	59.793
1022.62	60.201
1022.78	58.484
1022.94	58.001
1023.10	61.364
1023.26	62.298
1023.43	58.878
1023.59	58.797
1023.75	58.878
1023.91	59.376
1024.07	60.975
1024.24	59.076
1024.40	59.611
1024.56	59.063
1024.72	58.828
1024.88	59.188
1025.04	59.813
1025.21	59.210
1025.37	60.408
1025.53	58.670
1025.69	58.689
1025.85	60.341
1026.01	58.445
1026.18	58.636
1026.34	58.769
1026.50	57.518
1026.66	61.115
1026.82	58.393
1026.98	57.510
1027.14	59.392
1027.31	61.323
1027.47	58.608
1027.63	59.910
1027.79	58.021
1027.95	58.603
1028.11	58.012
1028.27	59.998
1028.44	57.769
1028.60	58.814
1028.76	57.420
1028.92	59.023
1029.08	59.547
1029.24	59.415
1029.40	60.517
1029.56	60.340
1029.73	61.371
1029.89	60.675
1030.05	58.215
1030.21	56.722
1030.37	57.739
1030.53	60.270
1030.69	58.662
1030.85	59.184
1031.01	58.831
1031.17	58.565
1031.34	58.789
1031.50	57.460
1031.66	61.350
1031.82	56.528
1031.98	59.359
1032.14	58.517
1032.30	58.171
1032.46	62.041
1032.62	60.496
1032.78	57.866
1032.94	60.296
1033.10	57.077
1033.27	60.460
1033.43	58.727
1033.59	62.144
1033.75	60.935
1033.91	58.716
1034.07	59.890
1034.23	64.261
1034.39	62.771
1034.55	58.984
1034.71	63.853
1034.87	56.174
1035.03	63.363
1035.19	63.866
1035.35	60.553
1035.51	61.342
1035.67	61.620
1035.83	59.411
1035.99	62.507
1036.16	62.701
1036.32	63.528
1036.48	62.569
1036.64	56.335
1036.80	60.746
1036.96	63.056
1037.12	56.042
1037.28	60.059
1037.44	61.939
1037.60	59.239
1037.76	62.060
1037.92	61.719
1038.08	59.749
1038.24	58.431
1038.40	59.234
1038.56	57.929
1038.72	60.144
1038.88	60.219
1039.04	56.178
1039.20	60.576
1039.36	61.668
1039.52	55.384
1039.68	64.680
1039.84	63.091
1040.00	56.261
1040.16	63.575
1040.32	62.282
1040.48	54.762
1040.64	60.264
1040.80	61.333
1040.96	59.112
1041.12	56.063
1041.28	57.331
1041.44	55.456
1041.60	62.646
1041.76	56.960
1041.92	61.300
1042.08	59.342
1042.24	59.136
1042.39	63.217
1042.55	59.367
1042.71	61.219
1042.87	59.045
1043.03	57.993
1043.19	59.686
