345.44	348.109
345.66	348.109
345.88	348.109
346.10	307.865
346.31	160.638
346.53	232.833
346.75	1171.034
346.97	-116.869
347.19	593.539
347.41	270.858
347.63	-2589.394
347.85	571.709
348.07	726.923
348.29	340.199
348.51	191.511
348.73	650.407
348.95	510.922
349.17	-71.958
349.39	-185.411
349.61	-47.790
349.83	-220.353
350.05	-107.628
350.27	-29.100
350.49	-5.813
350.71	336.030
350.93	-138.007
351.15	-112.330
351.37	-343.333
351.59	-588.774
351.80	-172.576
352.02	604.455
352.24	-58.870
352.46	-136.012
352.68	-2053.165
352.90	-181.238
353.12	-64.737
353.34	410.754
353.56	-1689.216
353.78	-104.017
354.00	-544.065
354.22	585.822
354.44	-254.519
354.66	-16930.435
354.88	-11071.875
355.09	868.121
355.31	3.143
355.53	-73.938
355.75	-360.368
355.97	-2093.500
356.19	-222.842
356.41	16.374
356.63	-55.075
356.85	-82.256
357.07	-78.575
357.29	-55.925
357.50	-55.190
357.72	-153.803
357.94	-174.465
358.16	-27.361
358.38	-32.432
358.60	-22.862
358.82	3.111
359.04	38.592
359.26	-100.832
359.48	-393.415
359.69	-234.579
359.91	-65.164
360.13	7142.857
360.35	-27.885
360.57	-39.178
360.79	-38.724
361.01	-594.128
361.23	-201.309
361.45	19.565
361.66	-19.821
361.88	42.124
362.10	-69.969
362.32	1850.226
362.54	-162.042
362.76	-16.489
362.98	-265.975
363.20	-57.110
363.41	-15.252
363.63	-186.090
363.85	-56.394
364.07	-11124.242
364.29	-242.440
364.51	25.533
364.73	-158.623
364.94	-975.556
365.16	-76.719
365.38	211.240
365.60	-67.212
365.82	-19.502
366.04	318.908
366.26	-7.501
366.47	-72.036
366.69	1758.077
366.91	2969.014
367.13	362.062
367.35	-63.105
367.57	6.031
367.79	-97.226
368.00	9031.373
368.22	27.090
368.44	-186.032
368.66	-9.159
368.88	39.211
369.10	12.176
369.31	-2.157
369.53	-114.525
369.75	-635.439
369.97	-52.965
370.19	-120.067
370.41	16.643
370.62	-47.726
370.84	-166.708
371.06	-37.036
371.28	-82.303
371.50	1.804
371.71	18.116
371.93	-13.844
372.15	-52.178
372.37	-130.363
372.59	-24.326
372.80	29.994
373.02	-33.212
373.24	-95.477
373.46	-2.099
373.68	-956.378
373.90	-34.943
374.11	-7.462
374.33	-26.340
374.55	20.749
374.77	28.961
374.98	22.442
375.20	19.688
375.42	-227.010
375.64	-403.867
375.86	-22.902
376.07	-21.273
376.29	-52.147
376.51	-22.981
376.73	-11.432
376.95	-11.895
377.16	-71.605
377.38	-65.875
377.60	-174.862
377.82	38.306
378.03	-412.515
378.25	22.220
378.47	-53.690
378.69	-15.429
378.91	-3.887
379.12	-9.266
379.34	-4.857
379.56	-2.890
379.78	-38.234
379.99	-135.014
380.21	-86.541
380.43	-28.337
380.65	34.783
380.86	18.382
381.08	5.965
381.30	-55.160
381.52	-4.160
381.73	-425.806
381.95	12.968
382.17	20.184
382.39	5.598
382.60	-24.152
382.82	5.567
383.04	4.139
383.26	-14.407
383.47	-24.648
383.69	31.703
383.91	36.396
384.13	11.142
384.34	-6.273
384.56	10.953
384.78	-0.776
385.00	0.409
385.21	-129.952
385.43	6.558
385.65	-28.531
385.86	-26.123
386.08	-12.597
386.30	19.586
386.52	-11.766
386.73	31.857
386.95	-54.925
387.17	41.610
387.38	-7.624
387.60	-9.956
387.82	11.208
388.04	2.463
388.25	-4.062
388.47	-4.169
388.69	-7.834
388.90	-3.504
389.12	-7.666
389.34	4.519
389.56	22.161
389.77	37.895
389.99	18.644
390.21	1.063
390.42	35.313
390.64	19.673
390.86	9.724
391.07	33.829
391.29	-10.000
391.51	41.945
391.72	20.005
391.94	-11.052
392.16	40.292
392.38	-27.201
392.59	4.401
392.81	-50.647
393.03	-1.446
393.24	26.345
393.46	21.691
393.68	29.209
393.89	29.948
394.11	-48.562
394.33	46.846
394.54	44.652
394.76	30.148
394.98	22.505
395.19	38.320
395.41	21.871
395.63	6.345
395.84	3.712
396.06	33.689
396.28	30.646
396.49	21.324
396.71	24.335
396.93	25.056
397.14	13.882
397.36	21.796
397.57	27.928
397.79	19.506
398.01	34.415
398.22	-30.072
398.44	-5.904
398.66	37.491
398.87	43.228
399.09	30.925
399.31	35.270
399.52	11.002
399.74	20.501
399.96	22.879
400.17	12.670
400.39	35.405
400.60	23.549
400.82	31.150
401.04	33.619
401.25	14.207
401.47	33.073
401.69	41.443
401.90	46.035
402.12	23.033
402.33	10.447
402.55	39.031
402.77	28.332
402.98	28.388
403.20	19.212
403.41	36.658
403.63	38.963
403.85	25.636
404.06	28.747
404.28	39.621
404.49	34.673
404.71	25.043
404.93	32.441
405.14	25.064
405.36	21.687
405.57	30.856
405.79	30.566
406.01	29.876
406.22	36.477
406.44	38.816
406.65	38.647
406.87	35.335
407.09	19.677
407.30	36.938
407.52	39.277
407.73	26.919
407.95	27.079
408.17	47.077
408.38	23.865
408.60	24.456
408.81	22.361
409.03	39.098
409.24	23.974
409.46	38.957
409.68	34.061
409.89	40.888
410.11	38.804
410.32	21.465
410.54	23.577
410.75	26.941
410.97	37.055
411.18	32.697
411.40	31.277
411.62	40.252
411.83	48.041
412.05	25.742
412.26	28.743
412.48	35.987
412.69	45.615
412.91	34.691
413.12	42.493
413.34	44.375
413.56	33.290
413.77	40.060
413.99	41.329
414.20	39.336
414.42	45.536
414.63	47.984
414.85	35.674
415.06	24.324
415.28	41.798
415.49	18.421
415.71	40.352
415.92	36.699
416.14	42.551
416.35	35.892
416.57	35.951
416.79	43.778
417.00	31.642
417.22	36.854
417.43	40.176
417.65	35.820
417.86	29.317
418.08	37.832
418.29	44.174
418.51	30.886
418.72	42.453
418.94	37.973
419.15	32.544
419.37	35.418
419.58	31.786
419.80	26.264
420.01	28.995
420.23	26.899
420.44	33.415
420.66	39.350
420.87	41.664
421.09	37.992
421.30	33.605
421.52	38.467
421.73	34.645
421.95	40.610
422.16	41.560
422.38	39.992
422.59	37.585
422.81	38.185
423.02	38.344
423.23	32.348
423.45	38.402
423.66	40.708
423.88	38.752
424.09	38.961
424.31	30.133
424.52	42.541
424.74	35.806
424.95	31.398
425.17	40.215
425.38	42.873
425.60	31.702
425.81	27.818
426.03	34.299
426.24	26.193
426.45	35.814
426.67	30.550
426.88	32.462
427.10	38.211
427.31	32.690
427.53	37.401
427.74	43.541
427.96	31.686
428.17	40.969
428.39	34.006
428.60	31.254
428.81	43.967
429.03	37.741
429.24	33.646
429.46	38.688
429.67	38.204
429.89	35.208
430.10	38.074
430.31	34.095
430.53	34.777
430.74	28.178
430.96	34.826
431.17	35.621
431.39	27.185
431.60	39.718
431.81	34.313
432.03	35.530
432.24	35.921
432.46	37.527
432.67	31.689
432.89	34.054
433.10	33.350
433.31	36.086
433.53	36.004
433.74	28.255
433.96	35.102
434.17	38.029
434.38	33.343
434.60	24.004
434.81	33.145
435.03	28.600
435.24	34.309
435.45	36.978
435.67	30.837
435.88	29.743
436.10	28.800
436.31	35.137
436.52	32.856
436.74	33.761
436.95	34.182
437.17	34.830
437.38	36.620
437.59	33.789
437.81	30.462
438.02	36.548
438.23	31.613
438.45	33.011
438.66	34.551
438.88	33.711
439.09	30.094
439.30	32.733
439.52	31.706
439.73	31.765
439.94	34.103
440.16	32.111
440.37	34.636
440.58	30.207
440.80	30.651
441.01	31.390
441.23	29.542
441.44	31.595
441.65	29.457
441.87	30.398
442.08	31.443
442.29	33.016
442.51	29.119
442.72	31.005
442.93	30.920
443.15	34.475
443.36	31.582
443.57	31.233
443.79	25.049
444.00	33.322
444.21	31.327
444.43	26.460
444.64	27.628
444.85	31.545
445.07	29.466
445.28	28.665
445.49	28.072
445.71	34.621
445.92	27.801
446.13	23.958
446.35	32.577
446.56	26.088
446.77	29.381
446.99	29.729
447.20	28.465
447.41	25.495
447.63	31.293
447.84	25.672
448.05	31.538
448.27	31.135
448.48	28.362
448.69	28.348
448.90	24.186
449.12	27.118
449.33	20.879
449.54	29.199
449.76	24.770
449.97	22.034
450.18	25.224
450.40	30.752
450.61	26.508
450.82	24.185
451.03	25.319
451.25	25.211
451.46	28.267
451.67	26.086
451.89	27.507
452.10	25.548
452.31	24.862
452.52	24.239
452.74	24.864
452.95	26.580
453.16	25.032
453.38	23.034
453.59	23.878
453.80	22.773
454.01	25.013
454.23	24.990
454.44	28.162
454.65	24.335
454.86	21.328
455.08	21.705
455.29	21.888
455.50	24.611
455.71	26.440
455.93	25.822
456.14	23.781
456.35	24.347
456.56	24.741
456.78	22.647
456.99	22.939
457.20	24.414
457.41	24.261
457.63	23.145
457.84	22.486
458.05	17.733
458.26	20.278
458.48	23.110
458.69	24.495
458.90	21.071
459.11	23.676
459.33	22.048
459.54	22.377
459.75	21.228
459.96	22.054
460.18	21.256
460.39	22.949
460.60	21.910
460.81	21.929
461.02	23.493
461.24	21.851
461.45	20.699
461.66	20.264
461.87	19.465
462.09	23.322
462.30	17.810
462.51	22.016
462.72	20.936
462.93	21.820
463.15	21.449
463.36	21.018
463.57	21.465
463.78	22.386
463.99	23.162
464.21	20.864
464.42	19.970
464.63	20.042
464.84	20.229
465.05	18.591
465.27	18.064
465.48	18.134
465.69	20.764
465.90	21.067
466.11	19.934
466.33	19.972
466.54	20.954
466.75	18.593
466.96	20.851
467.17	21.194
467.38	18.606
467.60	20.253
467.81	21.346
468.02	20.296
468.23	19.757
468.44	18.260
468.65	18.539
468.87	20.482
469.08	19.652
469.29	17.824
469.50	18.367
469.71	18.826
469.92	19.070
470.14	15.857
470.35	19.680
470.56	18.023
470.77	18.885
470.98	18.568
471.19	16.828
471.41	16.383
471.62	18.081
471.83	18.573
472.04	18.352
472.25	19.101
472.46	17.895
472.67	20.307
472.89	17.410
473.10	16.885
473.31	17.851
473.52	18.204
473.73	18.364
473.94	17.900
474.15	16.944
474.37	18.968
474.58	18.608
474.79	17.722
475.00	17.122
475.21	15.542
475.42	17.488
475.63	16.677
475.84	16.327
476.06	18.088
476.27	19.901
476.48	17.327
476.69	17.133
476.90	16.539
477.11	15.388
477.32	17.158
477.53	17.403
477.74	17.356
477.96	16.477
478.17	18.057
478.38	17.091
478.59	16.975
478.80	16.352
479.01	15.722
479.22	17.092
479.43	14.672
479.64	17.111
479.85	16.906
480.06	15.978
480.28	16.854
480.49	14.728
480.70	16.424
480.91	15.547
481.12	16.324
481.33	16.068
481.54	15.542
481.75	15.053
481.96	15.664
482.17	15.081
482.38	14.961
482.59	16.153
482.81	15.648
483.02	15.722
483.23	16.554
483.44	14.819
483.65	15.141
483.86	15.406
484.07	14.432
484.28	13.217
484.49	15.559
484.70	14.759
484.91	15.894
485.12	15.554
485.33	14.051
485.54	14.748
485.75	14.540
485.96	15.280
486.17	14.987
486.38	14.175
486.60	14.808
486.81	14.922
487.02	14.832
487.23	14.821
487.44	14.218
487.65	13.757
487.86	13.289
488.07	14.339
488.28	14.208
488.49	14.676
488.70	15.451
488.91	14.058
489.12	14.937
489.33	13.702
489.54	13.254
489.75	13.242
489.96	14.678
490.17	14.437
490.38	14.138
490.59	13.918
490.80	14.193
491.01	15.011
491.22	14.242
491.43	13.636
491.64	13.439
491.85	14.806
492.06	13.956
492.27	14.190
492.48	14.046
492.69	13.375
492.90	13.665
493.11	13.134
493.32	13.081
493.53	13.206
493.74	14.111
493.95	13.860
494.16	13.184
494.37	13.760
494.58	12.781
494.79	13.696
495.00	12.720
495.21	13.550
495.42	12.368
495.63	13.623
495.84	12.754
496.05	12.929
496.26	13.807
496.47	13.490
496.68	12.785
496.89	13.675
497.10	13.331
497.31	13.018
497.52	13.539
497.73	12.519
497.94	13.508
498.15	13.575
498.36	12.554
498.57	13.650
498.78	13.200
498.99	12.964
499.19	13.051
499.40	13.082
499.61	13.119
499.82	13.196
500.03	12.971
500.24	12.820
500.45	13.167
500.66	13.312
500.87	13.023
501.08	12.629
501.29	13.491
501.50	12.637
501.71	12.915
501.92	13.324
502.13	12.089
502.34	12.536
502.55	12.728
502.76	13.048
502.96	12.901
503.17	12.919
503.38	13.185
503.59	13.957
503.80	13.302
504.01	12.587
504.22	12.779
504.43	13.596
504.64	12.577
504.85	13.253
505.06	13.180
505.27	12.467
505.47	12.350
505.68	12.346
505.89	12.669
506.10	12.231
506.31	12.830
506.52	12.731
506.73	12.951
506.94	13.186
507.15	13.089
507.36	13.047
507.56	12.500
507.77	12.882
507.98	13.263
508.19	12.286
508.40	13.386
508.61	12.872
508.82	12.296
509.03	12.705
509.24	12.962
509.44	13.428
509.65	12.629
509.86	13.028
510.07	12.656
510.28	12.704
510.49	13.004
510.70	13.217
510.91	13.204
511.11	12.512
511.32	12.821
511.53	13.127
511.74	12.710
511.95	12.403
512.16	13.262
512.37	13.198
512.58	13.096
512.78	12.975
512.99	13.146
513.20	13.262
513.41	13.241
513.62	13.245
513.83	13.291
514.04	13.320
514.24	13.255
514.45	13.268
514.66	12.866
514.87	13.308
515.08	13.227
515.29	13.246
515.49	13.297
515.70	13.693
515.91	13.554
516.12	13.016
516.33	13.156
516.54	13.209
516.74	13.337
516.95	13.382
517.16	13.292
517.37	14.036
517.58	13.321
517.79	13.321
517.99	13.158
518.20	13.468
518.41	13.563
518.62	13.582
518.83	13.479
519.03	13.761
519.24	13.506
519.45	13.597
519.66	13.541
519.87	13.405
520.07	13.616
520.28	13.935
520.49	13.837
520.70	14.087
520.91	14.177
521.12	14.152
521.32	13.912
521.53	14.350
521.74	13.407
521.95	13.955
522.15	14.046
522.36	14.080
522.57	13.961
522.78	14.296
522.99	14.414
523.19	14.138
523.40	14.002
523.61	13.964
523.82	14.618
524.03	14.461
524.23	14.012
524.44	14.160
524.65	14.428
524.86	14.199
525.06	15.084
525.27	14.735
525.48	14.864
525.69	14.542
525.89	14.481
526.10	14.404
526.31	14.623
526.52	14.733
526.72	14.549
526.93	15.110
527.14	14.864
527.35	14.721
527.56	14.843
527.76	14.834
527.97	15.055
528.18	14.807
528.38	15.464
528.59	15.092
528.80	15.103
529.01	15.022
529.21	15.403
529.42	15.203
529.63	15.409
529.84	15.327
530.04	15.285
530.25	15.224
530.46	15.518
530.67	15.204
530.87	15.704
531.08	15.363
531.29	15.546
531.50	15.395
531.70	15.290
531.91	15.493
532.12	15.525
532.32	15.489
532.53	15.218
532.74	15.549
532.95	15.771
533.15	16.052
533.36	16.163
533.57	15.928
533.77	15.407
533.98	16.357
534.19	15.527
534.39	15.668
534.60	15.913
534.81	15.999
535.02	16.146
535.22	15.989
535.43	16.319
535.64	16.151
535.84	16.001
536.05	16.298
536.26	16.164
536.46	16.522
536.67	16.991
536.88	16.667
537.08	16.446
537.29	16.611
537.50	16.412
537.70	16.619
537.91	16.690
538.12	17.088
538.33	16.618
538.53	16.803
538.74	16.689
538.95	16.959
539.15	17.262
539.36	17.167
539.57	17.196
539.77	17.134
539.98	17.047
540.18	17.149
540.39	16.865
540.60	17.262
540.80	17.286
541.01	17.361
541.22	17.638
541.42	17.126
541.63	17.494
541.84	17.544
542.04	17.543
542.25	17.237
542.46	17.738
542.66	17.716
542.87	17.568
543.08	17.785
543.28	17.733
543.49	17.810
543.69	17.796
543.90	17.957
544.11	17.984
544.31	17.809
544.52	18.285
544.73	18.385
544.93	18.247
545.14	18.091
545.34	18.188
545.55	18.708
545.76	18.473
545.96	18.135
546.17	18.595
546.38	18.550
546.58	18.664
546.79	18.743
546.99	18.812
547.20	18.603
547.41	18.706
547.61	18.675
547.82	18.622
548.02	18.918
548.23	18.962
548.44	18.933
548.64	19.094
548.85	19.352
549.05	19.136
549.26	19.169
549.47	19.361
549.67	19.153
549.88	19.193
550.08	18.943
550.29	19.689
550.50	19.556
550.70	19.360
550.91	19.303
551.11	19.701
551.32	19.573
551.52	19.547
551.73	19.883
551.94	19.663
552.14	19.620
552.35	19.633
552.55	19.856
552.76	20.106
552.96	19.944
553.17	20.143
553.38	20.313
553.58	20.290
553.79	20.151
553.99	20.003
554.20	20.370
554.40	20.359
554.61	20.303
554.81	20.438
555.02	20.837
555.23	20.895
555.43	20.370
555.64	20.377
555.84	20.863
556.05	20.763
556.25	20.620
556.46	20.613
556.66	20.612
556.87	20.926
557.07	21.028
557.28	20.551
557.48	20.965
557.69	21.124
557.90	21.090
558.10	21.077
558.31	21.269
558.51	21.093
558.72	21.481
558.92	21.202
559.13	21.226
559.33	21.394
559.54	21.569
559.74	21.416
559.95	21.641
560.15	21.705
560.36	21.726
560.56	21.684
560.77	21.824
560.97	21.739
561.18	21.728
561.38	21.953
561.59	22.093
561.79	22.631
562.00	22.170
562.20	21.963
562.41	21.996
562.61	22.210
562.82	22.186
563.02	22.483
563.23	22.393
563.43	22.403
563.64	22.521
563.84	22.460
564.05	22.324
564.25	22.697
564.46	22.727
564.66	22.740
564.87	22.779
565.07	22.655
565.28	22.794
565.48	23.089
565.68	22.932
565.89	22.982
566.09	23.154
566.30	23.132
566.50	23.368
566.71	23.229
566.91	23.164
567.12	23.418
567.32	23.342
567.53	23.543
567.73	23.165
567.94	23.419
568.14	23.585
568.34	23.464
568.55	23.634
568.75	23.599
568.96	23.662
569.16	23.901
569.37	23.861
569.57	23.741
569.78	23.930
569.98	23.825
570.18	23.994
570.39	24.201
570.59	23.952
570.80	24.375
571.00	24.123
571.21	24.163
571.41	24.077
571.61	24.300
571.82	24.296
572.02	24.634
572.23	24.556
572.43	24.774
572.64	24.667
572.84	24.535
573.04	24.616
573.25	24.834
573.45	24.987
573.66	24.827
573.86	24.686
574.06	24.927
574.27	24.960
574.47	24.863
574.68	25.052
574.88	25.054
575.08	25.015
575.29	25.199
575.49	25.054
575.70	25.408
575.90	25.287
576.10	25.300
576.31	25.420
576.51	25.632
576.72	25.545
576.92	25.619
577.12	25.617
577.33	25.490
577.53	25.546
577.73	25.522
577.94	25.610
578.14	25.725
578.35	25.972
578.55	25.818
578.75	25.958
578.96	25.883
579.16	25.956
579.36	26.204
579.57	26.403
579.77	26.005
579.98	26.350
580.18	26.426
580.38	26.463
580.59	26.453
580.79	26.101
580.99	26.338
581.20	26.178
581.40	26.600
581.60	26.674
581.81	26.634
582.01	26.889
582.21	26.707
582.42	26.777
582.62	26.773
582.82	26.829
583.03	26.925
583.23	26.841
583.43	26.950
583.64	27.059
583.84	27.132
584.04	27.247
584.25	27.122
584.45	27.263
584.65	27.236
584.86	27.302
585.06	27.214
585.26	27.442
585.47	27.545
585.67	27.537
585.87	27.655
586.08	27.658
586.28	27.576
586.48	27.740
586.69	27.589
586.89	27.915
587.09	27.785
587.30	27.867
587.50	27.853
587.70	27.812
587.90	27.881
588.11	27.914
588.31	28.093
588.51	28.068
588.72	28.174
588.92	28.044
589.12	28.003
589.33	28.264
589.53	28.344
589.73	28.588
589.93	28.416
590.14	28.563
590.34	28.502
590.54	28.770
590.75	28.493
590.95	28.817
591.15	28.756
591.35	28.735
591.56	28.703
591.76	28.968
591.96	28.929
592.16	28.871
592.37	28.891
592.57	28.935
592.77	29.080
592.97	29.025
593.18	28.985
593.38	29.020
593.58	29.195
593.79	29.186
593.99	29.224
594.19	29.329
594.39	29.247
594.60	29.370
594.80	29.435
595.00	29.339
595.20	29.414
595.41	29.508
595.61	29.598
595.81	29.662
596.01	29.660
596.21	29.829
596.42	29.714
596.62	29.888
596.82	29.824
597.02	29.848
597.23	29.824
597.43	29.860
597.63	29.999
597.83	29.929
598.04	30.053
598.24	30.090
598.44	30.173
598.64	30.272
598.84	30.375
599.05	30.350
599.25	30.188
599.45	30.552
599.65	30.488
599.85	30.479
600.06	30.346
600.26	30.400
600.46	30.647
600.66	30.484
600.87	30.662
601.07	30.588
601.27	30.552
601.47	30.614
601.67	30.698
601.87	30.771
602.08	30.740
602.28	30.889
602.48	30.877
602.68	30.926
602.88	31.005
603.09	30.967
603.29	31.196
603.49	31.030
603.69	31.158
603.89	31.280
604.10	31.107
604.30	31.249
604.50	31.368
604.70	31.409
604.90	31.441
605.10	31.509
605.31	31.500
605.51	31.412
605.71	31.662
605.91	31.750
606.11	31.751
606.31	31.766
606.52	31.787
606.72	31.748
606.92	31.827
607.12	31.890
607.32	31.955
607.52	31.869
607.72	31.941
607.93	32.081
608.13	32.105
608.33	32.134
608.53	32.173
608.73	32.233
608.93	32.258
609.13	32.351
609.34	32.434
609.54	32.192
609.74	32.216
609.94	32.424
610.14	32.487
610.34	32.413
610.54	32.458
610.74	32.450
610.95	32.733
611.15	32.620
611.35	32.540
611.55	32.563
611.75	32.613
611.95	32.899
612.15	32.764
612.35	32.784
612.56	32.634
612.76	32.871
612.96	32.810
613.16	33.025
613.36	33.101
613.56	33.080
613.76	33.010
613.96	33.127
614.16	33.203
614.36	33.250
614.57	33.175
614.77	33.244
614.97	33.342
615.17	33.296
615.37	33.333
615.57	33.364
615.77	33.210
615.97	33.395
616.17	33.455
616.37	33.351
616.57	33.495
616.78	33.508
616.98	33.536
617.18	33.582
617.38	33.580
617.58	33.868
617.78	33.900
617.98	33.937
618.18	33.892
618.38	33.905
618.58	33.886
618.78	33.800
618.98	33.974
619.18	34.196
619.38	34.033
619.58	34.050
619.79	34.153
619.99	34.218
620.19	34.258
620.39	34.308
620.59	34.407
620.79	34.436
620.99	34.316
621.19	34.327
621.39	34.355
621.59	34.451
621.79	34.359
621.99	34.460
622.19	34.545
622.39	34.684
622.59	34.541
622.79	34.464
622.99	34.608
623.19	34.583
623.39	34.604
623.59	34.789
623.79	34.701
623.99	34.838
624.19	34.791
624.39	34.875
624.59	35.012
624.79	34.879
624.99	35.081
625.19	35.131
625.39	35.088
625.59	34.940
625.79	35.099
625.99	35.067
626.19	34.903
626.39	34.999
626.59	35.167
626.79	35.070
626.99	35.126
627.19	35.106
627.39	35.079
627.59	35.232
627.79	35.261
627.99	35.588
628.19	35.360
628.39	35.405
628.59	35.346
628.79	35.507
628.99	35.403
629.19	35.377
629.39	35.468
629.59	35.380
629.79	35.541
629.99	35.615
630.19	35.710
630.39	35.785
630.59	35.789
630.79	35.810
630.99	35.924
631.19	35.916
631.39	35.863
631.59	35.931
631.79	36.015
631.99	36.093
632.19	36.165
632.39	36.127
632.59	36.065
632.79	36.121
632.99	36.240
633.19	36.065
633.39	36.280
633.58	36.285
633.78	36.106
633.98	36.184
634.18	36.181
634.38	36.332
634.58	36.145
634.78	36.254
634.98	36.261
635.18	36.280
635.38	36.305
635.58	36.254
635.78	36.196
635.98	36.446
636.18	36.627
636.38	36.452
636.57	36.501
636.77	36.651
636.97	36.743
637.17	36.685
637.37	36.677
637.57	36.749
637.77	36.794
637.97	36.811
638.17	36.904
638.37	36.956
638.57	36.909
638.76	37.033
638.96	36.949
639.16	36.880
639.36	37.029
639.56	36.968
639.76	37.029
639.96	37.117
640.16	37.087
640.36	37.127
640.56	37.244
640.75	37.203
640.95	37.337
641.15	37.321
641.35	37.279
641.55	37.363
641.75	37.348
641.95	37.401
642.15	37.230
642.34	37.270
642.54	37.416
642.74	37.358
642.94	37.467
643.14	37.472
643.34	37.315
643.54	37.636
643.74	37.566
643.93	37.606
644.13	37.395
644.33	37.650
644.53	37.611
644.73	37.698
644.93	37.661
645.13	37.715
645.32	37.827
645.52	37.695
645.72	37.737
645.92	37.755
646.12	37.726
646.32	37.631
646.52	37.660
646.71	37.860
646.91	37.886
647.11	37.890
647.31	37.935
647.51	38.036
647.71	38.026
647.90	37.988
648.10	38.050
648.30	38.123
648.50	38.177
648.70	38.271
648.89	38.348
649.09	38.377
649.29	38.404
649.49	38.402
649.69	38.525
649.89	38.380
650.08	38.280
650.28	38.284
650.48	38.615
650.68	38.658
650.88	38.446
651.07	38.434
651.27	38.379
651.47	38.451
651.67	38.414
651.87	38.570
652.06	38.692
652.26	38.809
652.46	38.748
652.66	38.899
652.86	38.757
653.05	38.633
653.25	38.821
653.45	38.809
653.65	38.618
653.85	38.788
654.04	38.913
654.24	38.884
654.44	38.859
654.64	38.925
654.83	38.752
655.03	38.909
655.23	38.891
655.43	39.053
655.63	38.924
655.82	38.925
656.02	38.945
656.22	38.992
656.42	39.056
656.61	38.957
656.81	38.939
657.01	38.997
657.21	39.164
657.40	39.225
657.60	39.321
657.80	39.354
658.00	39.233
658.19	39.224
658.39	39.300
658.59	39.327
658.79	39.418
658.98	39.500
659.18	39.534
659.38	39.573
659.58	39.586
659.77	39.409
659.97	39.433
660.17	39.389
660.36	39.420
660.56	39.465
660.76	39.563
660.96	39.650
661.15	39.647
661.35	39.523
661.55	39.538
661.75	39.593
661.94	39.652
662.14	39.714
662.34	39.543
662.53	39.676
662.73	39.556
662.93	39.630
663.13	39.669
663.32	39.687
663.52	39.820
663.72	39.895
663.91	39.995
664.11	39.913
664.31	40.027
664.50	40.062
664.70	40.060
664.90	40.120
665.10	40.161
665.29	40.052
665.49	40.274
665.69	40.320
665.88	40.150
666.08	40.084
666.28	40.089
666.47	40.071
666.67	40.236
666.87	40.341
667.06	40.329
667.26	40.157
667.46	40.129
667.65	40.170
667.85	40.084
668.05	40.015
668.24	40.099
668.44	40.165
668.64	40.168
668.83	40.366
669.03	40.262
669.23	40.358
669.42	40.326
669.62	40.378
669.82	40.236
670.01	40.237
670.21	40.404
670.41	40.621
670.60	40.565
670.80	40.467
671.00	40.484
671.19	40.672
671.39	40.646
671.58	40.461
671.78	40.418
671.98	40.403
672.17	40.409
672.37	40.627
672.57	40.644
672.76	40.683
672.96	40.601
673.15	40.702
673.35	40.739
673.55	40.879
673.74	40.649
673.94	40.648
674.14	40.799
674.33	40.998
674.53	40.979
674.72	41.000
674.92	41.043
675.12	41.084
675.31	40.928
675.51	40.976
675.70	40.806
675.90	40.872
676.10	41.042
676.29	41.130
676.49	41.282
676.68	41.124
676.88	41.091
677.08	41.077
677.27	41.175
677.47	41.175
677.66	41.239
677.86	41.105
678.06	40.994
678.25	40.968
678.45	40.938
678.64	41.131
678.84	41.287
679.03	41.222
679.23	41.237
679.43	41.135
679.62	41.061
679.82	41.349
680.01	41.212
680.21	41.198
680.40	41.261
680.60	41.311
680.80	41.356
680.99	41.373
681.19	41.276
681.38	41.367
681.58	41.287
681.77	41.381
681.97	41.332
682.16	41.399
682.36	41.503
682.56	41.384
682.75	41.225
682.95	41.280
683.14	41.328
683.34	41.455
683.53	41.593
683.73	41.570
683.92	41.655
684.12	41.812
684.31	41.808
684.51	41.828
684.70	41.625
684.90	41.861
685.10	41.718
685.29	41.703
685.49	41.754
685.68	41.803
685.88	41.790
686.07	41.801
686.27	41.949
686.46	41.870
686.66	41.756
686.85	41.688
687.05	41.822
687.24	41.896
687.44	41.928
687.63	41.859
687.83	41.831
688.02	41.925
688.22	41.877
688.41	41.938
688.61	41.745
688.80	41.688
689.00	41.872
689.19	41.906
689.39	41.951
689.58	41.942
689.78	41.926
689.97	41.918
690.17	42.009
690.36	41.816
690.56	41.843
690.75	41.903
690.95	41.950
691.14	42.126
691.34	42.011
691.53	41.837
691.72	41.930
691.92	41.965
692.11	41.842
692.31	41.923
692.50	41.991
692.70	42.096
692.89	42.191
693.09	42.165
693.28	42.134
693.48	42.384
693.67	42.222
693.87	42.356
694.06	42.236
694.25	42.109
694.45	42.200
694.64	42.307
694.84	42.477
695.03	42.475
695.23	42.554
695.42	42.525
695.62	42.451
695.81	42.280
696.00	42.265
696.20	42.320
696.39	42.431
696.59	42.498
696.78	42.427
696.98	42.514
697.17	42.363
697.36	42.431
697.56	42.573
697.75	42.436
697.95	42.431
698.14	42.366
698.34	42.504
698.53	42.596
698.72	42.835
698.92	42.773
699.11	42.705
699.31	42.729
699.50	42.624
699.69	42.702
699.89	42.712
700.08	42.726
700.28	42.705
700.47	42.725
700.66	42.572
700.86	42.507
701.05	42.587
701.25	42.702
701.44	42.878
701.63	42.656
701.83	42.607
702.02	42.670
702.21	42.682
702.41	42.751
702.60	42.627
702.80	42.700
702.99	42.723
703.18	42.729
703.38	42.541
703.57	42.531
703.77	42.561
703.96	42.516
704.15	42.631
704.35	42.679
704.54	42.778
704.73	42.837
704.93	42.740
705.12	42.795
705.31	42.847
705.51	42.684
705.70	42.821
705.89	42.851
706.09	42.740
706.28	42.874
706.48	42.806
706.67	43.013
706.86	42.834
707.06	42.663
707.25	42.801
707.44	42.822
707.64	42.850
707.83	42.683
708.02	42.688
708.22	42.697
708.41	42.687
708.60	42.532
708.80	42.394
708.99	42.323
709.18	42.468
709.38	42.639
709.57	42.672
709.76	42.735
709.95	42.732
710.15	42.694
710.34	42.903
710.53	43.054
710.73	43.140
710.92	42.964
711.11	43.007
711.31	43.010
711.50	42.967
711.69	42.971
711.89	42.874
712.08	42.960
712.27	42.998
712.46	43.161
712.66	43.224
712.85	43.035
713.04	43.224
713.24	43.158
713.43	43.136
713.62	43.098
713.81	43.016
714.01	43.080
714.20	43.087
714.39	43.238
714.59	43.205
714.78	43.116
714.97	43.017
715.16	43.031
715.36	43.033
715.55	43.011
715.74	43.086
715.93	42.956
716.13	42.970
716.32	43.023
716.51	43.011
716.71	43.193
716.90	43.303
717.09	43.292
717.28	43.335
717.48	43.387
717.67	43.443
717.86	43.364
718.05	43.230
718.25	43.168
718.44	43.185
718.63	43.082
718.82	43.035
719.02	43.129
719.21	43.047
719.40	43.017
719.59	43.244
719.78	43.214
719.98	43.105
720.17	43.167
720.36	43.193
720.55	43.209
720.75	43.158
720.94	43.344
721.13	43.424
721.32	43.436
721.51	43.371
721.71	43.459
721.90	43.589
722.09	43.498
722.28	43.352
722.48	43.304
722.67	43.397
722.86	43.372
723.05	43.382
723.24	43.500
723.44	43.571
723.63	43.479
723.82	43.545
724.01	43.662
724.20	43.695
724.40	43.813
724.59	43.833
724.78	43.811
724.97	43.716
725.16	43.667
725.35	43.659
725.55	43.653
725.74	43.633
725.93	43.605
726.12	43.598
726.31	43.527
726.51	43.486
726.70	43.392
726.89	43.421
727.08	43.443
727.27	43.573
727.46	43.427
727.66	43.453
727.85	43.520
728.04	43.599
728.23	43.659
728.42	43.534
728.61	43.549
728.81	43.587
729.00	43.679
729.19	43.623
729.38	43.673
729.57	43.575
729.76	43.556
729.95	43.614
730.15	43.655
730.34	43.674
730.53	43.783
730.72	43.669
730.91	43.555
731.10	43.611
731.29	43.556
731.49	43.438
731.68	43.342
731.87	43.421
732.06	43.426
732.25	43.483
732.44	43.564
732.63	43.557
732.82	43.547
733.02	43.521
733.21	43.654
733.40	43.545
733.59	43.530
733.78	43.596
733.97	43.609
734.16	43.522
734.35	43.714
734.54	43.805
734.74	43.714
734.93	43.540
735.12	43.674
735.31	43.670
735.50	43.478
735.69	43.479
735.88	43.530
736.07	43.636
736.26	43.653
736.45	43.786
736.64	43.837
736.84	43.802
737.03	43.760
737.22	43.531
737.41	43.593
737.60	43.636
737.79	43.536
737.98	43.639
738.17	43.790
738.36	43.560
738.55	43.745
738.74	43.665
738.93	43.591
739.12	43.426
739.32	43.567
739.51	43.465
739.70	43.570
739.89	43.485
740.08	43.503
740.27	43.405
740.46	43.234
740.65	43.301
740.84	43.498
741.03	43.484
741.22	43.700
741.41	43.682
741.60	43.796
741.79	43.747
741.98	43.767
742.17	43.720
742.36	43.478
742.55	43.469
742.74	43.447
742.93	43.826
743.12	43.776
743.31	43.758
743.51	43.867
743.70	43.749
743.89	43.811
744.08	43.642
744.27	43.816
744.46	43.703
744.65	43.837
744.84	43.798
745.03	43.689
745.22	43.657
745.41	43.675
745.60	43.734
745.79	43.789
745.98	43.867
746.17	43.791
746.36	43.967
746.55	43.926
746.74	44.030
746.93	43.851
747.12	43.899
747.31	43.921
747.50	43.834
747.69	43.791
747.88	43.580
748.07	43.617
748.26	43.671
748.45	43.587
748.64	43.618
748.83	43.740
749.02	43.655
749.21	43.546
749.40	43.511
749.59	43.676
749.77	43.670
749.96	43.438
750.15	43.500
750.34	43.485
750.53	43.557
750.72	43.503
750.91	43.465
751.10	43.421
751.29	43.296
751.48	43.261
751.67	43.189
751.86	43.378
752.05	43.390
752.24	43.622
752.43	43.692
752.62	43.824
752.81	43.771
753.00	43.687
753.19	43.744
753.38	43.653
753.57	43.619
753.76	43.704
753.94	43.801
754.13	43.827
754.32	43.971
754.51	43.693
754.70	43.661
754.89	43.711
755.08	43.886
755.27	43.941
755.46	43.966
755.65	43.823
755.84	43.686
756.03	43.850
756.22	43.807
756.40	43.720
756.59	43.710
756.78	43.689
756.97	43.766
757.16	43.660
757.35	43.594
757.54	43.669
757.73	43.596
757.92	43.709
758.11	43.708
758.29	43.745
758.48	43.895
758.67	43.870
758.86	43.811
759.05	43.869
759.24	43.743
759.43	43.701
759.62	43.544
759.81	43.656
759.99	43.823
760.18	43.959
760.37	43.965
760.56	43.927
760.75	43.996
760.94	43.851
761.13	43.941
761.32	43.949
761.50	43.928
761.69	43.943
761.88	44.062
762.07	44.021
762.26	44.111
762.45	44.073
762.64	43.997
762.82	43.987
763.01	43.824
763.20	43.776
763.39	43.768
763.58	43.959
763.77	43.892
763.96	43.797
764.14	43.885
764.33	43.722
764.52	43.661
764.71	43.549
764.90	43.604
765.09	43.825
765.27	43.638
765.46	43.643
765.65	43.531
765.84	43.483
766.03	43.794
766.22	43.737
766.40	43.689
766.59	43.562
766.78	43.586
766.97	43.772
767.16	43.571
767.35	43.542
767.53	43.801
767.72	43.713
767.91	43.777
768.10	43.675
768.29	43.632
768.47	43.576
768.66	43.597
768.85	43.742
769.04	43.926
769.23	43.737
769.41	43.635
769.60	43.669
769.79	43.640
769.98	43.664
770.17	43.558
770.35	43.507
770.54	43.582
770.73	43.716
770.92	43.762
771.10	43.722
771.29	43.602
771.48	43.588
771.67	43.571
771.86	43.570
772.04	43.547
772.23	43.417
772.42	43.676
772.61	43.796
772.79	43.837
772.98	43.799
773.17	43.625
773.36	43.579
773.54	43.648
773.73	43.684
773.92	43.660
774.11	43.614
774.30	43.544
774.48	43.635
774.67	43.699
774.86	43.664
775.05	43.601
775.23	43.611
775.42	43.608
775.61	43.606
775.79	43.638
775.98	43.672
776.17	43.606
776.36	43.520
776.54	43.615
776.73	43.670
776.92	43.611
777.11	43.608
777.29	43.595
777.48	43.337
777.67	43.558
777.85	43.618
778.04	43.714
778.23	43.775
778.42	43.727
778.60	43.784
778.79	43.626
778.98	43.665
779.16	43.411
779.35	43.510
779.54	43.440
779.73	43.514
779.91	43.425
780.10	43.541
780.29	43.480
780.47	43.587
780.66	43.587
780.85	43.577
781.03	43.520
781.22	43.464
781.41	43.374
781.60	43.359
781.78	43.435
781.97	43.560
782.16	43.706
782.34	43.478
782.53	43.474
782.72	43.568
782.90	43.458
783.09	43.336
783.28	43.334
783.46	43.162
783.65	43.103
783.84	43.098
784.02	43.165
784.21	43.018
784.40	43.088
784.58	43.014
784.77	43.027
784.96	43.127
785.14	43.164
785.33	43.115
785.52	43.147
785.70	43.160
785.89	43.150
786.08	43.280
786.26	43.264
786.45	43.055
786.63	43.015
786.82	43.005
787.01	42.880
787.19	42.915
787.38	42.998
787.57	42.987
787.75	43.107
787.94	43.340
788.13	43.249
788.31	43.180
788.50	43.164
788.68	43.125
788.87	43.116
789.06	43.305
789.24	43.311
789.43	43.215
789.61	42.911
789.80	43.131
789.99	43.172
790.17	43.085
790.36	43.206
790.55	43.224
790.73	43.247
790.92	43.258
791.10	43.308
791.29	43.312
791.48	43.378
791.66	43.364
791.85	43.343
792.03	43.533
792.22	43.616
792.40	43.545
792.59	43.469
792.78	43.449
792.96	43.365
793.15	43.436
793.33	43.458
793.52	43.361
793.71	43.222
793.89	43.283
794.08	43.194
794.26	43.237
794.45	43.257
794.63	43.335
794.82	43.089
795.01	43.176
795.19	42.982
795.38	43.038
795.56	43.212
795.75	43.168
795.93	43.254
796.12	43.238
796.30	43.298
796.49	43.221
796.68	43.025
796.86	42.891
797.05	42.703
797.23	42.817
797.42	43.014
797.60	43.033
797.79	43.095
797.97	43.124
798.16	43.046
798.34	42.971
798.53	43.098
798.71	43.163
798.90	43.196
799.08	43.168
799.27	43.080
799.46	43.084
799.64	43.185
799.83	43.258
800.01	43.190
800.20	43.088
800.38	43.285
800.57	43.255
800.75	43.208
800.94	43.117
801.12	42.978
801.31	42.913
801.49	42.858
801.68	42.825
801.86	42.728
802.05	42.716
802.23	42.859
802.42	42.834
802.60	42.691
802.79	42.479
802.97	42.510
803.16	42.473
803.34	42.596
803.53	42.625
803.71	42.652
803.90	42.633
804.08	42.544
804.27	42.497
804.45	42.487
804.63	42.321
804.82	42.394
805.00	42.443
805.19	42.598
805.37	42.457
805.56	42.398
805.74	42.384
805.93	42.466
806.11	42.584
806.30	42.650
806.48	42.659
806.67	42.689
806.85	42.785
807.04	42.628
807.22	42.749
807.40	42.518
807.59	42.542
807.77	42.380
807.96	42.424
808.14	42.267
808.33	42.373
808.51	42.361
808.69	42.280
808.88	42.244
809.06	42.370
809.25	42.180
809.43	42.076
809.62	41.987
809.80	41.923
809.99	41.903
810.17	42.086
810.35	42.204
810.54	42.370
810.72	42.308
810.91	42.319
811.09	42.312
811.27	42.310
811.46	42.278
811.64	42.354
811.83	42.362
812.01	42.267
812.19	42.358
812.38	42.254
812.56	42.158
812.75	42.224
812.93	42.245
813.11	42.126
813.30	41.999
813.48	42.089
813.67	42.280
813.85	42.244
814.03	42.194
814.22	42.096
814.40	42.112
814.59	42.096
814.77	42.034
814.95	41.741
815.14	41.919
815.32	41.965
815.50	42.130
815.69	42.312
815.87	42.155
816.06	42.165
816.24	41.913
816.42	41.973
816.61	42.029
816.79	42.100
816.97	42.121
817.16	41.921
817.34	41.928
817.52	41.890
817.71	41.992
817.89	41.924
818.07	41.962
818.26	41.956
818.44	41.841
818.63	41.756
818.81	41.820
818.99	41.919
819.18	41.919
819.36	41.951
819.54	42.007
819.73	41.785
819.91	41.730
820.09	41.668
820.28	41.753
820.46	41.912
820.64	41.773
820.83	41.920
821.01	41.846
821.19	41.812
821.37	41.649
821.56	41.580
821.74	41.353
821.92	41.549
822.11	41.638
822.29	41.682
822.47	41.617
822.66	41.552
822.84	41.420
823.02	41.371
823.21	41.383
823.39	41.459
823.57	41.429
823.75	41.344
823.94	41.469
824.12	41.521
824.30	41.472
824.49	41.491
824.67	41.409
824.85	41.324
825.03	41.377
825.22	41.364
825.40	41.448
825.58	41.345
825.77	41.229
825.95	41.148
826.13	41.017
826.31	41.140
826.50	41.081
826.68	41.285
826.86	41.321
827.04	41.232
827.23	41.301
827.41	41.148
827.59	40.966
827.78	41.145
827.96	41.342
828.14	41.440
828.32	41.287
828.51	41.200
828.69	41.293
828.87	41.185
829.05	41.093
829.23	41.116
829.42	40.818
829.60	40.838
829.78	40.915
829.96	40.892
830.15	40.833
830.33	40.845
830.51	40.972
830.69	41.024
830.88	40.989
831.06	40.982
831.24	40.666
831.42	40.681
831.60	40.409
831.79	40.572
831.97	40.748
832.15	40.741
832.33	40.840
832.52	40.861
832.70	41.005
832.88	40.943
833.06	40.806
833.24	40.674
833.43	40.542
833.61	40.652
833.79	40.535
833.97	40.758
834.15	40.780
834.34	41.089
834.52	40.864
834.70	40.758
834.88	40.701
835.06	40.747
835.25	40.723
835.43	40.880
835.61	40.844
835.79	40.861
835.97	40.737
836.15	40.854
836.34	40.835
836.52	40.633
836.70	40.673
836.88	40.406
837.06	40.423
837.24	40.286
837.43	40.335
837.61	40.485
837.79	40.382
837.97	40.424
838.15	40.514
838.33	40.507
838.52	40.746
838.70	40.782
838.88	40.630
839.06	40.554
839.24	40.659
839.42	40.601
839.60	40.579
839.79	40.430
839.97	40.452
840.15	40.578
840.33	40.478
840.51	40.366
840.69	40.531
840.87	40.350
841.06	40.171
841.24	40.194
841.42	40.249
841.60	40.288
841.78	40.346
841.96	40.394
842.14	40.397
842.32	40.103
842.51	40.410
842.69	40.259
842.87	40.458
843.05	40.381
843.23	40.590
843.41	40.471
843.59	40.292
843.77	40.098
843.95	40.066
844.14	40.024
844.32	39.721
844.50	39.823
844.68	39.694
844.86	39.988
845.04	39.901
845.22	39.797
845.40	39.895
845.58	39.830
845.76	39.662
845.94	39.874
846.12	39.871
846.31	39.831
846.49	39.700
846.67	39.564
846.85	39.478
847.03	39.448
847.21	39.375
847.39	39.668
847.57	39.536
847.75	39.706
847.93	39.710
848.11	39.634
848.29	39.499
848.47	39.451
848.65	39.512
848.83	39.494
849.02	39.453
849.20	39.403
849.38	39.534
849.56	39.494
849.74	39.460
849.92	39.640
850.10	39.581
850.28	39.620
850.46	39.783
850.64	39.670
850.82	39.463
851.00	39.429
851.18	39.302
851.36	39.342
851.54	39.339
851.72	39.391
851.90	39.427
852.08	39.168
852.26	39.273
852.44	39.397
852.62	39.281
852.80	39.203
852.98	39.735
853.16	39.562
853.34	39.317
853.52	39.406
853.70	39.456
853.88	39.387
854.06	39.294
854.24	39.208
854.42	39.217
854.60	39.189
854.78	39.089
854.96	39.218
855.14	39.282
855.32	39.121
855.50	38.860
855.68	38.728
855.86	38.695
856.04	38.613
856.22	38.655
856.40	38.784
856.58	38.621
856.76	38.744
856.94	38.641
857.12	38.740
857.30	38.656
857.48	38.728
857.66	38.576
857.84	38.595
858.02	38.612
858.20	38.717
858.38	38.466
858.56	38.709
858.74	38.650
858.92	38.461
859.10	38.732
859.28	38.785
859.46	38.788
859.64	38.802
859.81	38.911
859.99	38.589
860.17	38.491
860.35	38.649
860.53	38.565
860.71	38.701
860.89	38.570
861.07	38.411
861.25	38.351
861.43	38.232
861.61	38.266
861.79	38.360
861.97	38.488
862.15	38.522
862.33	38.737
862.50	38.503
862.68	38.420
862.86	38.464
863.04	38.259
863.22	38.355
863.40	38.338
863.58	38.308
863.76	38.434
863.94	38.511
864.12	38.554
864.30	38.411
864.47	38.206
864.65	38.312
864.83	38.165
865.01	38.220
865.19	38.289
865.37	38.333
865.55	38.469
865.73	38.382
865.91	38.239
866.09	38.389
866.26	38.282
866.44	38.080
866.62	38.074
866.80	38.016
866.98	37.976
867.16	38.047
867.34	38.130
867.52	38.219
867.69	38.130
867.87	37.989
868.05	37.897
868.23	37.823
868.41	37.785
868.59	37.603
868.77	37.535
868.94	37.603
869.12	37.589
869.30	37.530
869.48	37.411
869.66	37.387
869.84	37.289
870.02	37.472
870.19	37.296
870.37	37.293
870.55	37.064
870.73	37.263
870.91	37.477
871.09	37.748
871.26	37.893
871.44	37.750
871.62	37.560
871.80	37.778
871.98	37.498
872.16	37.466
872.33	37.404
872.51	37.546
872.69	37.585
872.87	37.298
873.05	37.283
873.22	37.307
873.40	37.565
873.58	37.323
873.76	37.277
873.94	37.352
874.12	37.305
874.29	37.718
874.47	37.524
874.65	37.265
874.83	37.068
875.01	37.384
875.18	37.397
875.36	37.417
875.54	37.099
875.72	37.061
875.89	36.973
876.07	36.752
876.25	36.810
876.43	36.758
876.61	36.818
876.78	36.964
876.96	36.920
877.14	36.871
877.32	36.839
877.49	36.963
877.67	36.776
877.85	36.810
878.03	36.545
878.21	36.506
878.38	36.803
878.56	36.890
878.74	36.808
878.92	36.934
879.09	37.059
879.27	36.935
879.45	36.968
879.63	37.060
879.80	36.941
879.98	36.903
880.16	36.996
880.34	36.954
880.51	36.764
880.69	36.872
880.87	36.772
881.05	36.975
881.22	36.782
881.40	36.485
881.58	36.587
881.75	36.515
881.93	36.607
882.11	36.626
882.29	36.824
882.46	36.857
882.64	36.894
882.82	36.674
883.00	36.378
883.17	36.290
883.35	36.479
883.53	36.629
883.70	36.803
883.88	36.736
884.06	36.347
884.23	36.287
884.41	36.508
884.59	36.411
884.77	36.453
884.94	36.607
885.12	36.426
885.30	36.450
885.47	36.504
885.65	36.576
885.83	36.254
886.00	36.349
886.18	36.277
886.36	36.481
886.53	36.180
886.71	36.150
886.89	36.062
887.07	36.071
887.24	35.996
887.42	36.035
887.60	35.999
887.77	36.114
887.95	35.950
888.13	36.099
888.30	36.240
888.48	36.309
888.66	36.319
888.83	36.111
889.01	35.978
889.18	35.887
889.36	35.720
889.54	35.806
889.71	36.013
889.89	35.940
890.07	36.028
890.24	35.715
890.42	35.773
890.60	35.999
890.77	36.072
890.95	36.326
891.13	36.358
891.30	36.188
891.48	36.111
891.65	36.022
891.83	36.156
892.01	36.270
892.18	36.046
892.36	36.088
892.54	36.079
892.71	35.925
892.89	36.211
893.06	36.237
893.24	35.914
893.42	35.701
893.59	35.673
893.77	35.438
893.94	35.380
894.12	35.470
894.30	35.571
894.47	35.661
894.65	35.489
894.82	35.787
895.00	36.067
895.18	35.843
895.35	35.745
895.53	35.675
895.70	35.746
895.88	35.564
896.06	35.575
896.23	35.814
896.41	35.770
896.58	35.649
896.76	35.683
896.93	35.606
897.11	35.537
897.29	35.419
897.46	35.545
897.64	35.662
897.81	35.479
897.99	35.440
898.16	35.138
898.34	35.091
898.52	35.428
898.69	35.221
898.87	35.335
899.04	35.433
899.22	35.375
899.39	35.432
899.57	35.496
899.74	35.351
899.92	35.540
900.10	35.583
900.27	35.276
900.45	35.504
900.62	35.363
900.80	35.539
900.97	35.478
901.15	35.457
901.32	35.618
901.50	35.412
901.67	35.374
901.85	35.145
902.02	35.292
902.20	35.287
902.37	35.062
902.55	35.003
902.72	35.077
902.90	35.221
903.07	34.897
903.25	35.141
903.43	35.034
903.60	35.149
903.78	35.026
903.95	34.824
904.13	34.680
904.30	34.707
904.48	34.708
904.65	34.760
904.83	34.802
905.00	34.863
905.17	34.580
905.35	34.576
905.52	34.230
905.70	34.523
905.87	34.716
906.05	34.623
906.22	34.653
906.40	34.421
906.57	34.240
906.75	34.154
906.92	34.281
907.10	34.552
907.27	34.403
907.45	34.189
907.62	34.538
907.80	34.540
907.97	34.518
908.15	34.432
908.32	34.469
908.49	34.531
908.67	34.547
908.84	34.360
909.02	34.666
909.19	34.634
909.37	34.530
909.54	34.562
909.72	34.907
909.89	34.746
910.07	34.623
910.24	34.376
910.41	34.514
910.59	34.265
910.76	34.038
910.94	34.113
911.11	33.892
911.29	34.238
911.46	34.269
911.63	34.195
911.81	34.125
911.98	34.021
912.16	33.937
912.33	33.825
912.50	33.913
912.68	33.869
912.85	33.785
913.03	33.903
913.20	34.187
913.38	34.267
913.55	34.075
913.72	34.160
913.90	34.054
914.07	34.220
914.25	34.239
914.42	33.975
914.59	34.041
914.77	33.914
914.94	33.984
915.11	33.914
915.29	34.100
915.46	34.080
915.64	34.112
915.81	34.052
915.98	33.926
916.16	33.725
916.33	33.641
916.51	33.886
916.68	33.717
916.85	33.790
917.03	33.497
917.20	33.453
917.37	33.128
917.55	33.172
917.72	33.347
917.89	33.279
918.07	33.690
918.24	33.143
918.42	33.163
918.59	33.255
918.76	33.248
918.94	33.285
919.11	33.529
919.28	33.381
919.46	33.361
919.63	33.381
919.80	32.985
919.98	33.148
920.15	33.051
920.32	32.863
920.50	32.762
920.67	33.032
920.84	32.935
921.02	32.957
921.19	33.022
921.36	33.274
921.54	33.162
921.71	33.418
921.88	33.195
922.06	33.115
922.23	33.435
922.40	33.256
922.57	32.898
922.75	33.186
922.92	33.152
923.09	33.078
923.27	33.099
923.44	33.072
923.61	33.072
923.79	33.305
923.96	33.234
924.13	33.210
924.30	32.989
924.48	32.908
924.65	32.931
924.82	32.733
925.00	32.809
925.17	32.673
925.34	32.670
925.51	32.804
925.69	32.587
925.86	32.692
926.03	32.618
926.21	32.630
926.38	32.599
926.55	32.605
926.72	32.381
926.90	32.460
927.07	32.798
927.24	32.319
927.41	32.711
927.59	32.777
927.76	32.848
927.93	32.933
928.10	33.094
928.28	32.700
928.45	32.988
928.62	32.546
928.79	32.506
928.97	32.345
929.14	32.729
929.31	32.348
929.48	32.747
929.66	32.432
929.83	32.847
930.00	32.424
930.17	32.716
930.34	32.097
930.52	32.507
930.69	32.169
930.86	32.364
931.03	32.054
931.21	32.073
931.38	32.369
931.55	32.233
931.72	31.950
931.89	32.280
932.07	32.629
932.24	32.034
932.41	31.731
932.58	31.932
932.75	32.255
932.93	32.176
933.10	32.384
933.27	31.867
933.44	32.015
933.61	31.537
933.79	32.014
933.96	32.106
934.13	32.087
934.30	31.566
934.47	32.070
934.65	31.416
934.82	31.296
934.99	31.488
935.16	31.296
935.33	31.939
935.50	31.806
935.68	31.587
935.85	31.567
936.02	31.799
936.19	32.131
936.36	31.854
936.53	31.713
936.71	32.222
936.88	31.516
937.05	31.177
937.22	31.454
937.39	31.753
937.56	31.392
937.74	30.845
937.91	30.974
938.08	31.086
938.25	30.693
938.42	31.032
938.59	31.613
938.76	30.821
938.94	31.122
939.11	31.004
939.28	31.424
939.45	31.506
939.62	30.945
939.79	31.076
939.96	30.770
940.13	31.147
940.31	30.857
940.48	30.924
940.65	31.064
940.82	30.603
940.99	30.500
941.16	30.314
941.33	30.668
941.50	30.624
941.67	30.598
941.85	30.671
942.02	30.526
942.19	30.190
942.36	30.032
942.53	30.684
942.70	30.772
942.87	30.703
943.04	30.766
943.21	30.642
943.38	30.832
943.56	30.845
943.73	30.811
943.90	30.805
944.07	31.179
944.24	31.074
944.41	30.898
944.58	30.842
944.75	30.986
944.92	30.921
945.09	31.197
945.26	31.285
945.43	31.165
945.60	30.641
945.78	31.148
945.95	30.440
946.12	30.222
946.29	30.839
946.46	29.771
946.63	30.509
946.80	30.413
946.97	30.427
947.14	30.064
947.31	30.819
947.48	30.982
947.65	30.377
947.82	30.658
947.99	30.037
948.16	30.707
948.33	30.741
948.50	30.816
948.67	30.802
948.84	30.699
949.01	30.121
949.18	30.732
949.35	30.853
949.52	30.795
949.69	30.844
949.86	30.637
950.03	30.509
950.20	30.525
950.38	29.994
950.55	30.239
950.72	29.972
950.89	30.342
951.06	29.591
951.23	29.808
951.40	29.612
951.57	30.352
951.74	29.890
951.91	29.638
952.08	29.811
952.25	29.777
952.42	29.221
952.59	29.758
952.76	29.583
952.92	29.182
953.09	29.550
953.26	28.923
953.43	29.830
953.60	29.024
953.77	29.693
953.94	29.144
954.11	29.545
954.28	29.377
954.45	29.041
954.62	29.549
954.79	29.278
954.96	29.735
955.13	29.312
955.30	28.652
955.47	29.306
955.64	29.530
955.81	29.019
955.98	29.793
956.15	29.195
956.32	29.956
956.49	29.026
956.66	30.472
956.83	29.319
957.00	29.496
957.17	29.299
957.33	29.347
957.50	28.959
957.67	29.465
957.84	29.027
958.01	29.250
958.18	29.531
958.35	29.737
958.52	29.343
958.69	29.537
958.86	29.891
959.03	29.082
959.20	29.071
959.37	28.581
959.53	28.973
959.70	29.044
959.87	29.000
960.04	28.448
960.21	29.200
960.38	28.705
960.55	28.703
960.72	28.899
960.89	28.887
961.06	28.796
961.23	28.831
961.39	28.740
961.56	28.598
961.73	28.889
961.90	28.424
962.07	28.545
962.24	28.489
962.41	28.810
962.58	28.679
962.75	28.687
962.91	28.434
963.08	28.985
963.25	28.875
963.42	28.979
963.59	28.819
963.76	28.919
963.93	28.183
964.09	29.210
964.26	28.539
964.43	29.075
964.60	28.237
964.77	29.054
964.94	28.771
965.11	29.322
965.27	28.748
965.44	29.039
965.61	29.635
965.78	28.891
965.95	28.899
966.12	28.581
966.29	28.953
966.45	28.604
966.62	28.355
966.79	28.024
966.96	28.230
967.13	28.192
967.30	28.306
967.46	28.415
967.63	27.846
967.80	27.676
967.97	28.281
968.14	28.126
968.30	28.722
968.47	28.421
968.64	27.016
968.81	28.983
968.98	27.965
969.15	29.183
969.31	28.427
969.48	28.076
969.65	27.607
969.82	28.248
969.99	27.816
970.15	27.592
970.32	28.127
970.49	26.923
970.66	27.971
970.82	27.410
970.99	27.479
971.16	28.300
971.33	27.772
971.50	28.098
971.66	27.819
971.83	27.839
972.00	27.903
972.17	28.423
972.34	28.694
972.50	28.062
972.67	27.036
972.84	27.319
973.01	27.053
973.17	27.446
973.34	27.587
973.51	27.524
973.68	27.535
973.84	28.005
974.01	27.191
974.18	27.545
974.35	27.375
974.51	27.699
974.68	27.048
974.85	27.099
975.02	26.689
975.18	27.237
975.35	26.966
975.52	26.677
975.69	27.443
975.85	27.296
976.02	26.572
976.19	26.764
976.36	26.919
976.52	27.254
976.69	26.815
976.86	26.578
977.02	26.894
977.19	27.756
977.36	26.628
977.53	26.979
977.69	27.524
977.86	27.072
978.03	26.156
978.19	27.948
978.36	27.081
978.53	25.925
978.70	26.912
978.86	26.730
979.03	26.753
979.20	26.737
979.36	27.497
979.53	25.772
979.70	26.540
979.86	27.156
980.03	25.640
980.20	27.086
980.36	26.244
980.53	26.824
980.70	26.829
980.86	25.242
981.03	26.718
981.20	25.661
981.36	27.404
981.53	25.602
981.70	25.845
981.86	26.330
982.03	25.985
982.20	27.266
982.36	26.731
982.53	27.157
982.70	26.685
982.86	27.097
983.03	26.198
983.20	27.134
983.36	26.478
983.53	27.659
983.70	27.242
983.86	26.949
984.03	25.785
984.20	26.833
984.36	25.531
984.53	27.059
984.70	26.936
984.86	25.624
985.03	25.508
985.19	25.527
985.36	26.882
985.53	26.505
985.69	27.460
985.86	26.325
986.03	25.836
986.19	26.360
986.36	24.889
986.52	26.285
986.69	25.396
986.86	25.800
987.02	25.298
987.19	25.981
987.35	25.813
987.52	24.103
987.69	25.519
987.85	25.587
988.02	25.473
988.18	25.323
988.35	24.438
988.52	25.801
988.68	25.399
988.85	25.712
989.01	24.604
989.18	26.558
989.35	25.065
989.51	24.122
989.68	25.885
989.84	25.516
990.01	25.011
990.17	25.069
990.34	25.591
990.51	25.234
990.67	25.503
990.84	25.625
991.00	25.876
991.17	25.782
991.33	24.857
991.50	25.102
991.66	25.571
991.83	25.882
992.00	24.154
992.16	24.498
992.33	24.899
992.49	23.903
992.66	24.447
992.82	25.169
992.99	24.658
993.15	24.642
993.32	25.333
993.48	26.684
993.65	24.566
993.82	25.493
993.98	25.276
994.15	24.795
994.31	25.955
994.48	24.893
994.64	26.022
994.81	24.085
994.97	26.661
995.14	24.202
995.30	24.639
995.47	25.093
995.63	23.774
995.80	23.675
995.96	23.890
996.13	24.621
996.29	24.501
996.46	23.321
996.62	24.056
996.79	24.776
996.95	24.739
997.12	23.130
997.28	22.603
997.45	24.596
997.61	24.169
997.78	24.038
997.94	24.610
998.11	26.051
998.27	23.995
998.44	23.425
998.60	23.519
998.77	23.741
998.93	23.599
999.10	23.866
999.26	25.322
999.43	24.431
999.59	23.163
999.75	25.324
999.92	23.666
1000.08	23.075
1000.25	23.629
1000.41	22.386
1000.58	23.153
1000.74	24.174
1000.91	23.390
1001.07	24.053
1001.24	23.105
1001.40	24.170
1001.56	25.978
1001.73	21.071
1001.89	24.560
1002.06	22.263
1002.22	23.816
1002.39	23.887
1002.55	24.201
1002.71	22.496
1002.88	23.960
1003.04	22.752
1003.21	20.165
1003.37	22.835
1003.54	21.855
1003.70	25.960
1003.86	22.198
1004.03	22.622
1004.19	22.025
1004.36	23.472
1004.52	24.905
1004.68	24.017
1004.85	21.312
1005.01	22.341
1005.18	21.181
1005.34	23.030
1005.50	23.656
1005.67	23.060
1005.83	22.538
1006.00	21.164
1006.16	21.529
1006.32	22.930
1006.49	23.348
1006.65	21.139
1006.82	22.090
1006.98	23.369
1007.14	21.289
1007.31	22.882
1007.47	22.039
1007.63	22.944
1007.80	19.263
1007.96	19.076
1008.13	20.274
1008.29	23.298
1008.45	22.165
1008.62	23.449
1008.78	23.172
1008.94	21.831
1009.11	20.985
1009.27	20.901
1009.43	20.684
1009.60	17.816
1009.76	21.609
1009.92	20.327
1010.09	23.281
1010.25	21.767
1010.42	20.858
1010.58	21.082
1010.74	21.421
1010.91	21.914
1011.07	19.976
1011.23	23.871
1011.40	22.742
1011.56	19.742
1011.72	21.635
1011.89	21.363
1012.05	18.222
1012.21	22.301
1012.37	20.662
1012.54	21.203
1012.70	21.073
1012.86	18.391
1013.03	22.967
1013.19	24.068
1013.35	22.315
1013.52	18.145
1013.68	20.983
1013.84	21.951
1014.01	23.138
1014.17	22.329
1014.33	20.654
1014.49	21.532
1014.66	17.260
1014.82	22.552
1014.98	21.235
1015.15	23.504
1015.31	21.828
1015.47	23.928
1015.63	22.391
1015.80	14.295
1015.96	17.424
1016.12	14.937
1016.29	20.085
1016.45	23.393
1016.61	20.913
1016.77	21.286
1016.94	19.816
1017.10	19.878
1017.26	18.769
1017.42	19.060
1017.59	22.798
1017.75	20.341
1017.91	21.420
1018.07	18.575
1018.24	17.878
1018.40	16.638
1018.56	18.451
1018.72	20.219
1018.89	20.211
1019.05	20.499
1019.21	17.091
1019.37	20.655
1019.54	17.465
1019.70	17.145
1019.86	18.346
1020.02	17.529
1020.19	18.487
1020.35	16.659
1020.51	21.143
1020.67	14.715
1020.83	16.180
1021.00	14.391
1021.16	18.779
1021.32	18.396
1021.48	16.520
1021.64	16.519
1021.81	16.683
1021.97	16.934
1022.13	15.841
1022.29	17.512
1022.45	13.850
1022.62	18.127
1022.78	21.858
1022.94	19.121
1023.10	13.315
1023.26	21.343
1023.43	14.426
1023.59	15.416
1023.75	22.990
1023.91	15.206
1024.07	11.994
1024.24	15.152
1024.40	15.050
1024.56	12.559
1024.72	16.493
1024.88	17.250
1025.04	21.696
1025.21	13.358
1025.37	17.837
1025.53	17.329
1025.69	14.533
1025.85	21.587
1026.01	13.395
1026.18	18.182
1026.34	15.622
1026.50	14.094
1026.66	13.480
1026.82	18.275
1026.98	11.937
1027.14	15.597
1027.31	10.281
1027.47	16.271
1027.63	19.032
1027.79	10.356
1027.95	11.569
1028.11	-1.918
1028.27	10.748
1028.44	8.388
1028.60	18.476
1028.76	7.024
1028.92	13.301
1029.08	18.284
1029.24	12.164
1029.40	24.370
1029.56	16.804
1029.73	2.357
1029.89	13.734
1030.05	8.608
1030.21	14.651
1030.37	17.807
1030.53	13.994
1030.69	18.556
1030.85	14.602
1031.01	15.762
1031.17	6.818
1031.34	13.135
1031.50	6.649
1031.66	4.580
1031.82	5.886
1031.98	15.146
1032.14	7.135
1032.30	12.064
1032.46	2.516
1032.62	8.774
1032.78	-2.314
1032.94	9.755
1033.10	6.126
1033.27	5.240
1033.43	10.205
1033.59	15.957
1033.75	13.712
1033.91	4.767
1034.07	-7.854
1034.23	12.393
1034.39	15.569
1034.55	6.830
1034.71	-0.182
1034.87	13.965
1035.03	13.638
1035.19	20.157
1035.35	-1.289
1035.51	17.339
1035.67	11.592
1035.83	3.064
1035.99	-2.331
1036.16	0.911
1036.32	14.946
1036.48	-3.103
1036.64	6.408
1036.80	6.475
1036.96	9.536
1037.12	16.658
1037.28	3.098
1037.44	1.441
1037.60	2.441
1037.76	9.087
1037.92	-3.761
1038.08	1.478
1038.24	4.727
1038.40	2.923
1038.56	-4.872
1038.72	-4.042
1038.88	-8.106
1039.04	13.330
1039.20	-3.238
1039.36	23.856
1039.52	-12.494
1039.68	13.590
1039.84	-7.519
1040.00	-13.177
1040.16	11.530
1040.32	5.312
1040.48	-7.418
1040.64	0.024
1040.80	7.087
1040.96	-5.257
1041.12	9.148
1041.28	6.122
1041.44	5.998
1041.60	-9.415
1041.76	-4.356
1041.92	-3.126
1042.08	-20.317
1042.24	12.668
1042.39	4.083
1042.55	3.965
1042.71	-26.023
1042.87	-12.311
1043.03	-10.202
1043.19	-70.506
