345.44	-1.809
345.66	-1.809
345.88	-1.809
346.10	-0.791
346.31	-0.227
346.53	-3.133
346.75	-3.313
346.97	-2.359
347.19	-1.850
347.41	-2.661
347.63	-3.103
347.85	-1.203
348.07	-3.555
348.29	-2.989
348.51	-3.413
348.73	-4.072
348.95	-3.686
349.17	-3.314
349.39	-4.678
349.61	-3.921
349.83	-4.979
350.05	-4.677
350.27	-1.339
350.49	-4.709
350.71	-2.579
350.93	-2.178
351.15	-3.129
351.37	-2.362
351.59	-4.561
351.80	-3.513
352.02	-4.971
352.24	-5.442
352.46	-3.714
352.68	-3.391
352.90	-1.055
353.12	-5.601
353.34	-3.319
353.56	-3.596
353.78	-4.458
354.00	-2.744
354.22	-5.266
354.44	-5.731
354.66	-4.748
354.88	-4.516
355.09	-3.445
355.31	-5.154
355.53	-4.943
355.75	-3.641
355.97	-6.703
356.19	-5.036
356.41	-3.222
356.63	-5.327
356.85	-4.489
357.07	-2.140
357.29	-9.063
357.50	-6.634
357.72	-3.742
357.94	-2.088
358.16	-6.774
358.38	-4.670
358.60	-2.984
358.82	-4.587
359.04	-7.484
359.26	-4.743
359.48	-2.000
359.69	-4.247
359.91	-5.042
360.13	-4.131
360.35	-2.270
360.57	-6.544
360.79	-7.737
361.01	-1.278
361.23	-6.070
361.45	-4.737
361.66	-2.458
361.88	-6.074
362.10	-6.912
362.32	-3.933
362.54	-6.503
362.76	-1.496
362.98	-2.775
363.20	-4.491
363.41	-5.793
363.63	-6.100
363.85	-5.234
364.07	-2.908
364.29	-4.829
364.51	-4.604
364.73	-7.055
364.94	-2.162
365.16	-5.280
365.38	-5.000
365.60	-4.443
365.82	-6.839
366.04	-4.355
366.26	-4.320
366.47	-6.790
366.69	-5.106
366.91	-5.789
367.13	-5.255
367.35	-5.950
367.57	-7.405
367.79	-3.719
368.00	-3.352
368.22	-4.537
368.44	-5.138
368.66	-6.353
368.88	-4.695
369.10	-5.163
369.31	-4.292
369.53	-6.409
369.75	-5.060
369.97	-3.412
370.19	-5.908
370.41	-3.102
370.62	-8.195
370.84	-7.265
371.06	-3.885
371.28	-6.136
371.50	-5.341
371.71	-2.263
371.93	-5.725
372.15	-5.139
372.37	-5.931
372.59	-6.097
372.80	-6.121
373.02	-4.054
373.24	-6.260
373.46	-7.041
373.68	-6.421
373.90	-6.131
374.11	-3.618
374.33	-5.206
374.55	-1.851
374.77	-5.545
374.98	-5.503
375.20	-8.108
375.42	-6.869
375.64	-4.460
375.86	-8.127
376.07	-4.510
376.29	-7.821
376.51	-9.507
376.73	-8.295
376.95	-5.095
377.16	-6.046
377.38	-8.650
377.60	-6.538
377.82	-3.214
378.03	-7.116
378.25	-8.669
378.47	-5.273
378.69	-5.793
378.91	-6.678
379.12	-8.640
379.34	-8.139
379.56	-5.649
379.78	-7.783
379.99	-5.780
380.21	-3.767
380.43	-6.180
380.65	-7.065
380.86	-6.400
381.08	-4.712
381.30	-5.130
381.52	-5.291
381.73	-6.230
381.95	-6.597
382.17	-6.222
382.39	-7.836
382.60	-8.810
382.82	-7.482
383.04	-6.554
383.26	-6.990
383.47	-5.381
383.69	-8.431
383.91	-6.299
384.13	-8.710
384.34	-8.854
384.56	-7.203
384.78	-6.886
385.00	-8.361
385.21	-6.678
385.43	-9.526
385.65	-7.098
385.86	-7.895
386.08	-6.556
386.30	-7.140
386.52	-6.626
386.73	-8.082
386.95	-5.013
387.17	-7.200
387.38	-6.991
387.60	-6.486
387.82	-6.837
388.04	-8.767
388.25	-8.563
388.47	-7.032
388.69	-7.675
388.90	-6.511
389.12	-7.889
389.34	-7.793
389.56	-8.405
389.77	-5.967
389.99	-7.907
390.21	-6.048
390.42	-7.994
390.64	-8.421
390.86	-9.295
391.07	-5.751
391.29	-6.299
391.51	-8.642
391.72	-6.290
391.94	-9.385
392.16	-8.049
392.38	-7.066
392.59	-6.550
392.81	-7.130
393.03	-5.262
393.24	-9.389
393.46	-5.687
393.68	-8.484
393.89	-10.393
394.11	-9.606
394.33	-8.990
394.54	-8.083
394.76	-6.321
394.98	-8.023
395.19	-7.668
395.41	-6.624
395.63	-5.199
395.84	-10.101
396.06	-13.793
396.28	-9.873
396.49	-8.717
396.71	-7.897
396.93	-9.595
397.14	-10.265
397.36	-6.868
397.57	-8.339
397.79	-8.476
398.01	-9.593
398.22	-10.435
398.44	-7.096
398.66	-9.072
398.87	-10.005
399.09	-7.767
399.31	-11.664
399.52	-11.569
399.74	-9.773
399.96	-10.291
400.17	-10.104
400.39	-11.732
400.60	-8.962
400.82	-7.565
401.04	-9.647
401.25	-8.969
401.47	-10.300
401.69	-11.858
401.90	-10.301
402.12	-11.274
402.33	-7.372
402.55	-10.983
402.77	-9.961
402.98	-12.550
403.20	-10.330
403.41	-8.043
403.63	-12.184
403.85	-11.739
404.06	-12.628
404.28	-11.755
404.49	-12.484
404.71	-11.542
404.93	-12.545
405.14	-9.512
405.36	-9.920
405.57	-9.313
405.79	-12.150
406.01	-10.356
406.22	-10.612
406.44	-10.901
406.65	-14.360
406.87	-12.988
407.09	-11.464
407.30	-12.104
407.52	-11.551
407.73	-11.505
407.95	-10.440
408.17	-12.175
408.38	-11.696
408.60	-11.915
408.81	-11.718
409.03	-11.269
409.24	-9.195
409.46	-13.731
409.68	-10.827
409.89	-14.800
410.11	-11.282
410.32	-7.607
410.54	-10.374
410.75	-8.528
410.97	-13.033
411.18	-13.440
411.40	-11.760
411.62	-12.972
411.83	-14.198
412.05	-10.070
412.26	-11.602
412.48	-11.898
412.69	-14.801
412.91	-13.397
413.12	-11.959
413.34	-13.241
413.56	-11.594
413.77	-14.933
413.99	-15.576
414.20	-14.577
414.42	-12.843
414.63	-13.410
414.85	-16.120
415.06	-14.865
415.28	-14.141
415.49	-9.072
415.71	-15.611
415.92	-16.376
416.14	-15.312
416.35	-16.947
416.57	-13.604
416.79	-8.780
417.00	-14.470
417.22	-12.009
417.43	-13.724
417.65	-14.565
417.86	-16.055
418.08	-12.572
418.29	-15.888
418.51	-16.890
418.72	-13.684
418.94	-13.720
419.15	-15.167
419.37	-13.764
419.58	-13.670
419.80	-17.899
420.01	-14.810
420.23	-15.249
420.44	-14.799
420.66	-16.328
420.87	-17.005
421.09	-17.683
421.30	-17.966
421.52	-13.030
421.73	-18.143
421.95	-13.931
422.16	-17.586
422.38	-12.715
422.59	-17.072
422.81	-15.991
423.02	-15.952
423.23	-15.353
423.45	-18.089
423.66	-13.186
423.88	-15.595
424.09	-18.331
424.31	-16.721
424.52	-16.584
424.74	-15.899
424.95	-17.988
425.17	-18.650
425.38	-15.031
425.60	-21.937
425.81	-20.674
426.03	-17.109
426.24	-17.884
426.45	-17.961
426.67	-22.685
426.88	-20.304
427.10	-23.039
427.31	-20.975
427.53	-20.521
427.74	-19.958
427.96	-18.357
428.17	-18.792
428.39	-22.172
428.60	-20.280
428.81	-19.803
429.03	-20.966
429.24	-20.822
429.46	-18.114
429.67	-22.188
429.89	-22.979
430.10	-22.889
430.31	-20.017
430.53	-23.871
430.74	-18.922
430.96	-22.566
431.17	-21.624
431.39	-18.645
431.60	-27.072
431.81	-22.450
432.03	-22.389
432.24	-20.419
432.46	-21.016
432.67	-24.002
432.89	-25.768
433.10	-21.576
433.31	-25.513
433.53	-26.266
433.74	-24.795
433.96	-22.005
434.17	-24.695
434.38	-28.577
434.60	-26.728
434.81	-21.902
435.03	-24.223
435.24	-26.992
435.45	-22.785
435.67	-27.101
435.88	-30.317
436.10	-24.123
436.31	-23.845
436.52	-29.175
436.74	-27.490
436.95	-27.182
437.17	-30.258
437.38	-28.256
437.59	-28.257
437.81	-30.417
438.02	-25.637
438.23	-27.943
438.45	-32.312
438.66	-26.342
438.88	-30.780
439.09	-26.771
439.30	-32.787
439.52	-26.081
439.73	-28.209
439.94	-31.279
440.16	-29.161
440.37	-31.102
440.58	-34.238
440.80	-33.844
441.01	-34.096
441.23	-36.805
441.44	-28.476
441.65	-33.961
441.87	-30.766
442.08	-40.759
442.29	-29.737
442.51	-28.484
442.72	-34.273
442.93	-31.724
443.15	-34.755
443.36	-33.075
443.57	-36.802
443.79	-35.063
444.00	-38.914
444.21	-26.965
444.43	-38.756
444.64	-39.487
444.85	-38.538
445.07	-35.512
445.28	-38.029
445.49	-40.366
445.71	-38.141
445.92	-34.181
446.13	-42.000
446.35	-33.509
446.56	-42.178
446.77	-39.357
446.99	-35.531
447.20	-36.623
447.41	-42.992
447.63	-37.341
447.84	-34.447
448.05	-35.346
448.27	-36.752
448.48	-44.178
448.69	-40.393
448.90	-42.640
449.12	-46.088
449.33	-33.548
449.54	-41.712
449.76	-37.158
449.97	-48.120
450.18	-41.888
450.40	-41.190
450.61	-35.899
450.82	-44.331
451.03	-37.991
451.25	-42.535
451.46	-40.108
451.67	-42.751
451.89	-48.242
452.10	-43.563
452.31	-42.057
452.52	-47.186
452.74	-43.747
452.95	-43.736
453.16	-43.672
453.38	-51.650
453.59	-56.864
453.80	-49.050
454.01	-42.625
454.23	-46.880
454.44	-50.946
454.65	-47.600
454.86	-46.802
455.08	-50.387
455.29	-54.256
455.50	-43.914
455.71	-45.673
455.93	-53.362
456.14	-67.741
456.35	-46.447
456.56	-67.309
456.78	-53.054
456.99	-60.230
457.20	-54.708
457.41	-60.300
457.63	-56.817
457.84	-70.769
458.05	-58.375
458.26	-78.122
458.48	-66.012
458.69	-71.781
458.90	-54.739
459.11	-69.060
459.33	-48.542
459.54	-65.586
459.75	-67.285
459.96	-76.549
460.18	-73.276
460.39	-68.163
460.60	-78.670
460.81	-94.901
461.02	-84.089
461.24	-85.312
461.45	-78.303
461.66	-88.062
461.87	-76.333
462.09	-103.975
462.30	-88.856
462.51	-92.100
462.72	-86.778
462.93	-95.325
463.15	-100.514
463.36	-96.378
463.57	-159.914
463.78	-126.300
463.99	-133.646
464.21	-145.773
464.42	-192.288
464.63	-126.185
464.84	-160.166
465.05	-186.504
465.27	-152.404
465.48	-203.990
465.69	-198.650
465.90	-182.098
466.11	-183.658
466.33	-205.447
466.54	-166.002
466.75	-286.204
466.96	-213.687
467.17	-349.253
467.38	-297.792
467.60	-292.242
467.81	-599.014
468.02	-369.399
468.23	-965.895
468.44	-2356.896
468.65	-811.447
468.87	-3465.263
469.08	11923.538
469.29	22310.089
469.50	-647.626
469.71	-5810.413
469.92	-1762.804
470.14	499.778
470.35	511.450
470.56	437.411
470.77	287.546
470.98	517.278
471.19	262.268
471.41	279.808
471.62	252.664
471.83	237.612
472.04	244.049
472.25	184.552
472.46	226.252
472.67	185.769
472.89	154.835
473.10	115.754
473.31	149.408
473.52	136.896
473.73	140.139
473.94	146.710
474.15	124.551
474.37	113.091
474.58	130.069
474.79	106.124
475.00	101.864
475.21	97.403
475.42	97.250
475.63	84.932
475.84	85.361
476.06	83.650
476.27	94.273
476.48	81.530
476.69	78.774
476.90	87.721
477.11	74.964
477.32	66.709
477.53	71.623
477.74	67.558
477.96	63.894
478.17	59.664
478.38	61.554
478.59	66.847
478.80	65.163
479.01	55.818
479.22	51.649
479.43	56.035
479.64	57.552
479.85	55.133
480.06	50.599
480.28	51.823
480.49	52.619
480.70	49.697
480.91	52.724
481.12	45.922
481.33	43.183
481.54	48.850
481.75	46.246
481.96	45.990
482.17	45.398
482.38	45.700
482.59	45.069
482.81	41.585
483.02	40.673
483.23	43.422
483.44	42.076
483.65	40.254
483.86	37.464
484.07	39.240
484.28	37.684
484.49	38.838
484.70	38.966
484.91	37.405
485.12	38.972
485.33	36.772
485.54	37.218
485.75	35.819
485.96	37.339
486.17	33.819
486.38	34.723
486.60	35.849
486.81	34.461
487.02	33.796
487.23	33.558
487.44	31.663
487.65	33.412
487.86	31.883
488.07	32.102
488.28	29.998
488.49	30.697
488.70	30.611
488.91	30.487
489.12	30.765
489.33	30.343
489.54	28.960
489.75	29.488
489.96	30.343
490.17	30.368
490.38	29.976
490.59	29.030
490.80	27.439
491.01	28.978
491.22	26.700
491.43	27.714
491.64	27.893
491.85	28.444
492.06	28.044
492.27	24.718
492.48	26.944
492.69	24.855
492.90	25.260
493.11	24.256
493.32	26.360
493.53	26.611
493.74	26.157
493.95	25.443
494.16	25.104
494.37	25.174
494.58	25.567
494.79	23.819
495.00	26.437
495.21	24.126
495.42	25.167
495.63	22.603
495.84	24.289
496.05	23.992
496.26	23.710
496.47	24.083
496.68	23.988
496.89	21.994
497.10	24.046
497.31	22.867
497.52	23.067
497.73	22.686
497.94	22.981
498.15	22.228
498.36	22.361
498.57	21.449
498.78	23.075
498.99	21.921
499.19	21.153
499.40	22.876
499.61	22.016
499.82	21.964
500.03	20.961
500.24	21.405
500.45	21.295
500.66	20.858
500.87	21.156
501.08	20.382
501.29	20.631
501.50	20.629
501.71	20.253
501.92	20.314
502.13	20.275
502.34	21.170
502.55	20.798
502.76	20.403
502.96	19.920
503.17	20.279
503.38	19.151
503.59	20.447
503.80	20.559
504.01	19.245
504.22	19.386
504.43	20.282
504.64	18.518
504.85	19.315
505.06	19.485
505.27	18.718
505.47	19.856
505.68	19.817
505.89	18.271
506.10	18.233
506.31	18.862
506.52	17.546
506.73	18.502
506.94	19.150
507.15	17.368
507.36	18.548
507.56	18.433
507.77	18.368
507.98	17.798
508.19	18.471
508.40	17.243
508.61	18.759
508.82	17.946
509.03	17.465
509.24	18.719
509.44	18.503
509.65	17.964
509.86	18.494
510.07	17.240
510.28	16.905
510.49	17.410
510.70	17.472
510.91	17.217
511.11	17.745
511.32	17.387
511.53	17.615
511.74	17.994
511.95	17.783
512.16	16.469
512.37	17.431
512.58	16.438
512.78	16.992
512.99	17.389
513.20	17.689
513.41	16.376
513.62	17.530
513.83	16.804
514.04	17.164
514.24	17.070
514.45	17.679
514.66	16.758
514.87	17.000
515.08	17.930
515.29	16.731
515.49	16.444
515.70	16.256
515.91	17.150
516.12	17.069
516.33	16.167
516.54	16.478
516.74	16.424
516.95	16.324
517.16	16.437
517.37	16.368
517.58	16.793
517.79	16.584
517.99	15.913
518.20	16.172
518.41	16.269
518.62	15.952
518.83	16.929
519.03	16.615
519.24	16.249
519.45	16.475
519.66	16.935
519.87	16.223
520.07	16.198
520.28	16.850
520.49	15.978
520.70	16.438
520.91	16.133
521.12	16.538
521.32	16.333
521.53	16.079
521.74	16.169
521.95	16.491
522.15	15.977
522.36	16.750
522.57	16.347
522.78	16.263
522.99	15.815
523.19	15.638
523.40	16.207
523.61	15.990
523.82	16.086
524.03	16.268
524.23	16.055
524.44	16.567
524.65	16.343
524.86	15.976
525.06	15.934
525.27	15.976
525.48	15.772
525.69	15.773
525.89	16.642
526.10	16.301
526.31	16.412
526.52	15.869
526.72	15.807
526.93	16.079
527.14	15.682
527.35	16.200
527.56	16.313
527.76	15.695
527.97	15.835
528.18	16.194
528.38	16.411
528.59	16.780
528.80	16.144
529.01	16.612
529.21	15.494
529.42	16.497
529.63	16.568
529.84	16.366
530.04	16.423
530.25	15.866
530.46	16.506
530.67	16.337
530.87	16.275
531.08	16.237
531.29	16.582
531.50	17.049
531.70	16.598
531.91	16.332
532.12	16.779
532.32	16.025
532.53	16.453
532.74	16.273
532.95	16.737
533.15	16.132
533.36	16.680
533.57	16.429
533.77	16.473
533.98	15.951
534.19	16.702
534.39	16.483
534.60	16.321
534.81	17.057
535.02	16.480
535.22	16.616
535.43	16.225
535.64	16.248
535.84	16.634
536.05	16.832
536.26	16.767
536.46	16.595
536.67	17.037
536.88	17.018
537.08	17.175
537.29	16.581
537.50	16.777
537.70	17.136
537.91	16.790
538.12	16.830
538.33	17.301
538.53	16.914
538.74	16.728
538.95	17.359
539.15	16.571
539.36	16.849
539.57	16.829
539.77	17.180
539.98	16.812
540.18	16.643
540.39	17.477
540.60	17.904
540.80	17.145
541.01	16.854
541.22	16.507
541.42	17.576
541.63	17.018
541.84	17.341
542.04	17.463
542.25	17.591
542.46	17.389
542.66	17.778
542.87	17.501
543.08	17.256
543.28	17.521
543.49	17.128
543.69	17.721
543.90	17.613
544.11	17.430
544.31	17.343
544.52	17.804
544.73	17.594
544.93	17.593
545.14	17.767
545.34	17.503
545.55	17.821
545.76	17.579
545.96	18.076
546.17	18.212
546.38	18.280
546.58	17.746
546.79	17.943
546.99	18.073
547.20	18.541
547.41	18.019
547.61	18.008
547.82	18.548
548.02	18.198
548.23	18.400
548.44	18.216
548.64	18.106
548.85	18.147
549.05	18.421
549.26	18.429
549.47	18.748
549.67	18.290
549.88	18.419
550.08	18.308
550.29	18.734
550.50	18.874
550.70	18.444
550.91	18.644
551.11	18.538
551.32	18.829
551.52	18.578
551.73	18.050
551.94	18.546
552.14	18.685
552.35	19.150
552.55	18.871
552.76	19.038
552.96	19.079
553.17	18.960
553.38	18.950
553.58	19.393
553.79	19.041
553.99	19.284
554.20	19.329
554.40	19.315
554.61	19.306
554.81	19.305
555.02	19.799
555.23	19.205
555.43	19.441
555.64	19.595
555.84	19.041
556.05	19.155
556.25	19.207
556.46	19.041
556.66	19.727
556.87	19.253
557.07	19.770
557.28	19.510
557.48	19.275
557.69	19.924
557.90	19.925
558.10	19.176
558.31	19.637
558.51	20.171
558.72	19.766
558.92	19.603
559.13	19.875
559.33	20.026
559.54	20.520
559.74	20.434
559.95	20.221
560.15	19.747
560.36	20.154
560.56	20.014
560.77	20.625
560.97	20.581
561.18	19.997
561.38	20.636
561.59	20.518
561.79	20.799
562.00	20.246
562.20	20.277
562.41	20.669
562.61	20.383
562.82	20.867
563.02	20.492
563.23	20.457
563.43	20.752
563.64	21.064
563.84	20.743
564.05	20.824
564.25	20.852
564.46	21.041
564.66	21.011
564.87	21.069
565.07	20.918
565.28	21.037
565.48	21.151
565.68	21.382
565.89	21.183
566.09	21.468
566.30	21.398
566.50	21.450
566.71	21.422
566.91	21.623
567.12	21.635
567.32	21.621
567.53	21.610
567.73	21.653
567.94	21.773
568.14	21.562
568.34	21.674
568.55	21.574
568.75	21.630
568.96	21.520
569.16	21.918
569.37	22.150
569.57	21.790
569.78	22.022
569.98	22.306
570.18	22.108
570.39	22.165
570.59	22.069
570.80	22.293
571.00	22.046
571.21	22.000
571.41	22.371
571.61	22.453
571.82	22.531
572.02	22.547
572.23	22.564
572.43	22.554
572.64	22.646
572.84	22.387
573.04	22.544
573.25	22.646
573.45	22.979
573.66	23.131
573.86	22.948
574.06	23.126
574.27	22.956
574.47	23.012
574.68	22.957
574.88	22.978
575.08	23.253
575.29	23.229
575.49	23.238
575.70	23.236
575.90	23.213
576.10	23.471
576.31	23.160
576.51	23.122
576.72	23.374
576.92	23.306
577.12	23.333
577.33	23.373
577.53	23.478
577.73	23.860
577.94	23.612
578.14	23.654
578.35	23.653
578.55	23.771
578.75	23.643
578.96	23.908
579.16	23.876
579.36	23.929
579.57	24.096
579.77	24.062
579.98	23.931
580.18	24.172
580.38	24.720
580.59	24.136
580.79	24.571
580.99	24.493
581.20	24.190
581.40	24.132
581.60	24.651
581.81	24.089
582.01	24.696
582.21	24.608
582.42	24.378
582.62	24.935
582.82	25.019
583.03	24.384
583.23	24.594
583.43	24.537
583.64	25.072
583.84	24.667
584.04	24.776
584.25	24.665
584.45	24.775
584.65	24.882
584.86	24.656
585.06	24.848
585.26	25.058
585.47	25.126
585.67	25.131
585.87	25.142
586.08	25.632
586.28	25.526
586.48	25.062
586.69	25.572
586.89	25.522
587.09	25.287
587.30	25.282
587.50	25.720
587.70	25.672
587.90	25.676
588.11	25.756
588.31	25.847
588.51	25.737
588.72	25.614
588.92	26.117
589.12	25.636
589.33	25.764
589.53	26.040
589.73	25.999
589.93	25.808
590.14	26.147
590.34	26.271
590.54	26.098
590.75	26.116
590.95	26.403
591.15	26.058
591.35	26.404
591.56	26.370
591.76	26.492
591.96	26.442
592.16	26.227
592.37	26.641
592.57	26.642
592.77	26.698
592.97	26.657
593.18	26.635
593.38	26.682
593.58	26.681
593.79	26.740
593.99	26.858
594.19	26.958
594.39	26.999
594.60	26.806
594.80	26.914
595.00	26.853
595.20	26.834
595.41	26.786
595.61	26.900
595.81	26.917
596.01	26.930
596.21	26.998
596.42	27.065
596.62	27.211
596.82	27.237
597.02	27.523
597.23	27.265
597.43	27.402
597.63	27.684
597.83	27.348
598.04	27.390
598.24	27.474
598.44	27.430
598.64	27.312
598.84	27.723
599.05	27.767
599.25	27.666
599.45	27.996
599.65	28.208
599.85	28.052
600.06	28.458
600.26	28.034
600.46	28.148
600.66	28.201
600.87	27.828
601.07	28.068
601.27	27.977
601.47	27.858
601.67	28.137
601.87	28.321
602.08	28.178
602.28	28.170
602.48	28.493
602.68	28.506
602.88	28.542
603.09	28.224
603.29	28.678
603.49	28.225
603.69	28.089
603.89	28.412
604.10	28.463
604.30	28.684
604.50	28.534
604.70	28.767
604.90	28.916
605.10	28.816
605.31	28.681
605.51	28.874
605.71	28.651
605.91	28.968
606.11	28.974
606.31	29.033
606.52	28.968
606.72	29.011
606.92	28.826
607.12	29.042
607.32	29.147
607.52	29.340
607.72	29.136
607.93	29.066
608.13	28.892
608.33	29.514
608.53	29.376
608.73	29.383
608.93	29.484
609.13	29.877
609.34	29.554
609.54	29.688
609.74	29.457
609.94	29.536
610.14	29.750
610.34	29.369
610.54	29.978
610.74	29.642
610.95	29.579
611.15	29.612
611.35	29.730
611.55	29.820
611.75	29.690
611.95	29.777
612.15	30.249
612.35	30.336
612.56	30.134
612.76	29.936
612.96	29.908
613.16	30.123
613.36	30.318
613.56	29.835
613.76	30.107
613.96	30.204
614.16	30.082
614.36	30.347
614.57	30.553
614.77	30.109
614.97	30.627
615.17	30.747
615.37	30.483
615.57	30.863
615.77	30.872
615.97	30.727
616.17	31.045
616.37	30.527
616.57	30.997
616.78	31.006
616.98	30.782
617.18	30.941
617.38	30.912
617.58	30.720
617.78	31.006
617.98	30.779
618.18	30.920
618.38	31.049
618.58	30.992
618.78	31.087
618.98	31.216
619.18	30.994
619.38	31.150
619.58	31.205
619.79	31.221
619.99	31.386
620.19	31.286
620.39	31.570
620.59	31.628
620.79	31.263
620.99	31.314
621.19	31.465
621.39	31.365
621.59	31.243
621.79	31.291
621.99	31.491
622.19	31.476
622.39	31.482
622.59	31.548
622.79	31.509
622.99	31.593
623.19	31.623
623.39	31.615
623.59	31.876
623.79	31.897
623.99	31.683
624.19	31.827
624.39	31.831
624.59	32.221
624.79	31.580
624.99	31.814
625.19	31.666
625.39	31.992
625.59	32.004
625.79	31.923
625.99	32.146
626.19	32.382
626.39	32.147
626.59	32.080
626.79	32.341
626.99	32.252
627.19	32.172
627.39	32.110
627.59	32.458
627.79	32.254
627.99	32.376
628.19	32.545
628.39	32.397
628.59	32.476
628.79	32.436
628.99	32.668
629.19	32.791
629.39	32.728
629.59	32.360
629.79	32.599
629.99	32.821
630.19	32.585
630.39	32.877
630.59	32.977
630.79	32.506
630.99	32.971
631.19	32.767
631.39	32.799
631.59	32.707
631.79	32.942
631.99	33.059
632.19	33.186
632.39	33.089
632.59	32.955
632.79	33.167
632.99	33.059
633.19	33.095
633.39	33.288
633.58	33.403
633.78	33.440
633.98	33.322
634.18	33.332
634.38	33.465
634.58	33.382
634.78	33.445
634.98	33.727
635.18	33.501
635.38	33.772
635.58	33.772
635.78	33.315
635.98	33.522
636.18	33.759
636.38	33.670
636.57	33.670
636.77	33.515
636.97	33.658
637.17	33.487
637.37	33.911
637.57	34.042
637.77	34.108
637.97	33.719
638.17	34.023
638.37	33.863
638.57	33.979
638.76	33.847
638.96	33.875
639.16	33.565
639.36	33.773
639.56	33.663
639.76	34.049
639.96	33.856
640.16	34.200
640.36	34.339
640.56	34.180
640.75	34.382
640.95	34.437
641.15	34.647
641.35	34.364
641.55	34.500
641.75	34.632
641.95	34.536
642.15	34.652
642.34	34.582
642.54	34.481
642.74	34.552
642.94	34.611
643.14	34.334
643.34	34.296
643.54	34.445
643.74	34.527
643.93	34.276
644.13	34.512
644.33	34.987
644.53	34.625
644.73	34.716
644.93	34.755
645.13	34.856
645.32	34.520
645.52	34.803
645.72	34.697
645.92	34.676
646.12	34.802
646.32	34.784
646.52	34.961
646.71	34.954
646.91	34.782
647.11	34.891
647.31	35.270
647.51	35.320
647.71	35.027
647.90	35.230
648.10	35.136
648.30	35.080
648.50	34.954
648.70	35.413
648.89	35.267
649.09	35.331
649.29	35.538
649.49	35.372
649.69	35.217
649.89	35.429
650.08	35.294
650.28	35.203
650.48	35.534
650.68	35.370
650.88	35.701
651.07	35.404
651.27	35.803
651.47	35.662
651.67	35.593
651.87	35.671
652.06	35.729
652.26	36.108
652.46	35.907
652.66	35.740
652.86	35.947
653.05	35.811
653.25	35.632
653.45	35.903
653.65	35.644
653.85	36.241
654.04	35.609
654.24	35.891
654.44	35.466
654.64	35.809
654.83	35.801
655.03	35.945
655.23	35.966
655.43	36.045
655.63	36.107
655.82	36.074
656.02	36.288
656.22	36.085
656.42	36.140
656.61	36.203
656.81	35.980
657.01	35.754
657.21	36.154
657.40	36.180
657.60	36.182
657.80	36.116
658.00	36.174
658.19	36.406
658.39	36.156
658.59	36.032
658.79	35.755
658.98	36.015
659.18	36.086
659.38	36.238
659.58	36.180
659.77	36.338
659.97	36.360
660.17	36.353
660.36	36.618
660.56	36.464
660.76	36.333
660.96	36.578
661.15	36.545
661.35	36.682
661.55	36.858
661.75	36.604
661.94	36.524
662.14	36.489
662.34	36.589
662.53	36.906
662.73	36.773
662.93	36.708
663.13	36.470
663.32	37.157
663.52	36.910
663.72	36.823
663.91	37.021
664.11	36.940
664.31	36.996
664.50	36.896
664.70	36.712
664.90	36.901
665.10	36.811
665.29	36.876
665.49	36.658
665.69	36.829
665.88	36.987
666.08	36.649
666.28	36.662
666.47	36.640
666.67	37.071
666.87	36.872
667.06	37.003
667.26	37.125
667.46	36.784
667.65	37.002
667.85	37.209
668.05	37.132
668.24	37.109
668.44	37.127
668.64	37.197
668.83	37.222
669.03	37.511
669.23	37.208
669.42	37.314
669.62	37.524
669.82	37.276
670.01	37.196
670.21	37.242
670.41	37.202
670.60	37.256
670.80	37.134
671.00	37.418
671.19	37.561
671.39	37.495
671.58	37.655
671.78	37.548
671.98	37.433
672.17	37.571
672.37	37.640
672.57	37.678
672.76	37.508
672.96	37.653
673.15	37.729
673.35	37.553
673.55	37.674
673.74	37.727
673.94	37.865
674.14	37.700
674.33	37.884
674.53	37.735
674.72	37.872
674.92	37.920
675.12	37.748
675.31	37.710
675.51	37.588
675.70	37.631
675.90	38.050
676.10	37.944
676.29	37.927
676.49	37.841
676.68	37.613
676.88	37.787
677.08	37.664
677.27	37.596
677.47	37.828
677.66	37.994
677.86	38.061
678.06	38.295
678.25	37.781
678.45	38.095
678.64	38.213
678.84	37.818
679.03	38.117
679.23	38.195
679.43	38.000
679.62	37.987
679.82	38.050
680.01	38.083
680.21	38.147
680.40	38.173
680.60	38.162
680.80	38.333
680.99	37.884
681.19	38.148
681.38	38.214
681.58	38.218
681.77	37.952
681.97	38.037
682.16	38.235
682.36	37.986
682.56	37.925
682.75	38.123
682.95	38.182
683.14	37.952
683.34	38.363
683.53	38.396
683.73	38.500
683.92	38.339
684.12	38.450
684.31	38.332
684.51	38.359
684.70	38.192
684.90	38.257
685.10	38.370
685.29	38.232
685.49	38.494
685.68	38.214
685.88	38.424
686.07	38.060
686.27	38.764
686.46	38.801
686.66	38.508
686.85	38.690
687.05	38.786
687.24	38.898
687.44	38.757
687.63	38.577
687.83	38.952
688.02	38.790
688.22	38.897
688.41	39.021
688.61	39.104
688.80	38.795
689.00	38.773
689.19	38.919
689.39	38.440
689.58	38.508
689.78	38.861
689.97	38.655
690.17	38.717
690.36	38.875
690.56	38.771
690.75	38.952
690.95	38.916
691.14	38.848
691.34	38.734
691.53	39.041
691.72	39.131
691.92	38.779
692.11	38.968
692.31	39.092
692.50	39.138
692.70	39.070
692.89	39.141
693.09	38.921
693.28	39.074
693.48	39.052
693.67	39.026
693.87	39.096
694.06	39.030
694.25	39.237
694.45	39.142
694.64	39.165
694.84	39.066
695.03	39.181
695.23	39.130
695.42	39.216
695.62	39.369
695.81	39.334
696.00	39.281
696.20	39.567
696.39	39.028
696.59	39.488
696.78	39.219
696.98	39.371
697.17	39.208
697.36	39.274
697.56	39.397
697.75	39.182
697.95	39.534
698.14	39.776
698.34	39.819
698.53	39.587
698.72	39.233
698.92	39.326
699.11	39.454
699.31	39.574
699.50	39.697
699.69	39.754
699.89	39.549
700.08	39.455
700.28	39.267
700.47	39.349
700.66	39.335
700.86	39.322
701.05	39.004
701.25	39.606
701.44	39.338
701.63	39.322
701.83	39.271
702.02	39.367
702.21	39.471
702.41	39.673
702.60	39.400
702.80	39.531
702.99	39.507
703.18	39.496
703.38	39.283
703.57	39.496
703.77	39.458
703.96	39.264
704.15	39.300
704.35	39.478
704.54	39.377
704.73	39.576
704.93	39.675
705.12	39.602
705.31	39.641
705.51	39.704
705.70	40.108
705.89	39.744
706.09	39.968
706.28	39.727
706.48	39.828
706.67	39.674
706.86	39.933
707.06	39.449
707.25	39.591
707.44	39.646
707.64	39.866
707.83	40.134
708.02	40.151
708.22	39.875
708.41	39.875
708.60	39.874
708.80	39.925
708.99	40.129
709.18	40.052
709.38	40.157
709.57	39.909
709.76	40.157
709.95	39.980
710.15	40.211
710.34	40.099
710.53	39.801
710.73	39.871
710.92	39.855
711.11	39.829
711.31	39.755
711.50	40.084
711.69	39.789
711.89	39.819
712.08	39.638
712.27	39.878
712.46	40.121
712.66	40.293
712.85	39.914
713.04	39.934
713.24	40.251
713.43	39.996
713.62	40.045
713.81	39.828
714.01	40.204
714.20	40.298
714.39	40.049
714.59	40.170
714.78	39.937
714.97	39.961
715.16	40.138
715.36	39.920
715.55	40.377
715.74	40.013
715.93	40.136
716.13	40.163
716.32	40.450
716.51	40.245
716.71	40.377
716.90	40.262
717.09	40.490
717.28	40.547
717.48	40.634
717.67	40.382
717.86	40.534
718.05	40.521
718.25	40.142
718.44	40.532
718.63	40.398
718.82	40.303
719.02	40.454
719.21	40.551
719.40	40.322
719.59	40.627
719.78	40.458
719.98	40.396
720.17	40.766
720.36	40.992
720.55	40.711
720.75	40.436
720.94	40.467
721.13	40.426
721.32	40.663
721.51	40.867
721.71	40.786
721.90	40.762
722.09	40.653
722.28	40.832
722.48	40.585
722.67	40.645
722.86	40.732
723.05	40.767
723.24	40.561
723.44	40.371
723.63	40.505
723.82	40.775
724.01	40.702
724.20	40.653
724.40	40.590
724.59	40.745
724.78	40.727
724.97	40.471
725.16	40.479
725.35	40.465
725.55	40.369
725.74	40.643
725.93	40.199
726.12	40.260
726.31	40.392
726.51	40.264
726.70	40.429
726.89	40.369
727.08	40.746
727.27	41.023
727.46	40.709
727.66	40.844
727.85	40.797
728.04	40.844
728.23	40.572
728.42	40.682
728.61	40.527
728.81	40.644
729.00	40.502
729.19	40.419
729.38	40.813
729.57	40.505
729.76	40.816
729.95	40.616
730.15	40.621
730.34	40.798
730.53	40.897
730.72	41.325
730.91	41.101
731.10	40.799
731.29	41.027
731.49	40.868
731.68	40.884
731.87	41.087
732.06	41.109
732.25	40.997
732.44	40.830
732.63	40.819
732.82	40.736
733.02	40.901
733.21	41.000
733.40	40.831
733.59	40.651
733.78	40.979
733.97	40.409
734.16	40.624
734.35	40.753
734.54	40.925
734.74	40.404
734.93	40.724
735.12	40.544
735.31	40.864
735.50	40.851
735.69	40.853
735.88	40.768
736.07	40.781
736.26	40.710
736.45	40.807
736.64	40.750
736.84	40.912
737.03	40.914
737.22	40.815
737.41	40.829
737.60	40.830
737.79	40.853
737.98	40.873
738.17	40.866
738.36	40.817
738.55	40.922
738.74	41.032
738.93	41.138
739.12	40.817
739.32	40.629
739.51	40.815
739.70	40.917
739.89	41.065
740.08	41.250
740.27	40.849
740.46	40.793
740.65	41.138
740.84	40.794
741.03	40.872
741.22	40.702
741.41	40.757
741.60	41.013
741.79	40.828
741.98	40.739
742.17	40.765
742.36	40.771
742.55	41.131
742.74	41.179
742.93	41.090
743.12	40.925
743.31	41.192
743.51	41.353
743.70	41.201
743.89	40.986
744.08	41.316
744.27	41.035
744.46	40.936
744.65	40.960
744.84	41.002
745.03	40.907
745.22	41.147
745.41	41.156
745.60	40.924
745.79	40.726
745.98	40.958
746.17	41.139
746.36	41.009
746.55	41.164
746.74	41.399
746.93	41.251
747.12	40.950
747.31	41.124
747.50	40.955
747.69	40.805
747.88	40.988
748.07	40.980
748.26	40.854
748.45	40.992
748.64	41.272
748.83	40.948
749.02	41.117
749.21	40.978
749.40	41.084
749.59	40.928
749.77	41.264
749.96	41.388
750.15	41.455
750.34	41.223
750.53	40.968
750.72	40.938
750.91	41.045
751.10	41.017
751.29	41.375
751.48	41.317
751.67	41.236
751.86	41.435
752.05	41.187
752.24	41.275
752.43	41.126
752.62	41.076
752.81	40.765
753.00	41.042
753.19	41.035
753.38	40.919
753.57	41.001
753.76	41.086
753.94	41.202
754.13	41.139
754.32	40.923
754.51	41.105
754.70	41.256
754.89	41.069
755.08	40.933
755.27	41.056
755.46	41.262
755.65	41.290
755.84	41.317
756.03	41.106
756.22	41.203
756.40	41.437
756.59	41.279
756.78	41.051
756.97	41.164
757.16	41.033
757.35	41.068
757.54	41.141
757.73	41.001
757.92	41.092
758.11	41.262
758.29	41.330
758.48	41.310
758.67	41.321
758.86	41.249
759.05	41.180
759.24	41.312
759.43	41.495
759.62	41.342
759.81	41.099
759.99	40.833
760.18	41.136
760.37	40.965
760.56	41.264
760.75	41.179
760.94	41.258
761.13	40.968
761.32	41.133
761.50	41.233
761.69	41.541
761.88	41.191
762.07	41.481
762.26	41.525
762.45	41.097
762.64	41.210
762.82	41.091
763.01	41.256
763.20	41.308
763.39	41.288
763.58	40.972
763.77	40.950
763.96	40.843
764.14	41.025
764.33	41.000
764.52	40.824
764.71	41.308
764.90	41.253
765.09	41.355
765.27	40.917
765.46	41.229
765.65	41.073
765.84	41.241
766.03	41.306
766.22	41.732
766.40	41.512
766.59	41.366
766.78	41.221
766.97	41.157
767.16	41.232
767.35	40.912
767.53	40.992
767.72	41.226
767.91	41.239
768.10	41.227
768.29	41.083
768.47	40.957
768.66	40.807
768.85	41.054
769.04	40.873
769.23	40.926
769.41	41.186
769.60	40.865
769.79	41.086
769.98	40.942
770.17	40.966
770.35	41.005
770.54	40.719
770.73	40.937
770.92	40.834
771.10	41.137
771.29	40.762
771.48	41.062
771.67	40.934
771.86	41.191
772.04	40.943
772.23	41.279
772.42	41.278
772.61	41.325
772.79	41.266
772.98	40.634
773.17	40.907
773.36	41.028
773.54	41.172
773.73	40.840
773.92	41.267
774.11	41.031
774.30	41.475
774.48	41.303
774.67	41.065
774.86	41.197
775.05	41.323
775.23	41.474
775.42	41.030
775.61	40.900
775.79	41.025
775.98	41.059
776.17	41.364
776.36	41.219
776.54	41.191
776.73	41.091
776.92	41.166
777.11	41.263
777.29	40.934
777.48	41.351
777.67	41.337
777.85	41.572
778.04	41.268
778.23	40.920
778.42	41.058
778.60	40.937
778.79	41.039
778.98	40.905
779.16	40.971
779.35	40.856
779.54	40.581
779.73	40.936
779.91	40.731
780.10	40.812
780.29	41.036
780.47	41.294
780.66	41.089
780.85	41.012
781.03	41.065
781.22	41.171
781.41	40.984
781.60	40.927
781.78	40.771
781.97	40.703
782.16	40.960
782.34	41.193
782.53	41.363
782.72	41.217
782.90	41.049
783.09	41.066
783.28	41.189
783.46	41.107
783.65	40.872
783.84	40.883
784.02	40.829
784.21	40.527
784.40	41.017
784.58	41.199
784.77	41.051
784.96	41.098
785.14	41.077
785.33	40.856
785.52	40.615
785.70	41.052
785.89	41.086
786.08	41.005
786.26	41.379
786.45	41.497
786.63	41.558
786.82	40.943
787.01	40.996
787.19	40.833
787.38	41.090
787.57	40.765
787.75	40.969
787.94	41.119
788.13	41.011
788.31	41.057
788.50	41.203
788.68	41.260
788.87	40.998
789.06	40.833
789.24	41.216
789.43	41.068
789.61	40.740
789.80	40.818
789.99	41.313
790.17	41.038
790.36	41.211
790.55	40.859
790.73	40.906
790.92	40.876
791.10	41.027
791.29	41.121
791.48	41.004
791.66	40.713
791.85	40.899
792.03	41.135
792.22	40.931
792.40	41.082
792.59	41.065
792.78	40.864
792.96	40.575
793.15	40.663
793.33	40.661
793.52	40.952
793.71	40.580
793.89	40.836
794.08	40.609
794.26	40.809
794.45	40.883
794.63	40.880
794.82	40.807
795.01	41.051
795.19	40.849
795.38	40.914
795.56	40.715
795.75	41.235
795.93	40.983
796.12	40.699
796.30	40.501
796.49	40.469
796.68	40.442
796.86	40.449
797.05	40.502
797.23	40.457
797.42	41.009
797.60	40.864
797.79	40.972
797.97	40.911
798.16	41.109
798.34	40.906
798.53	40.811
798.71	40.732
798.90	40.941
799.08	40.784
799.27	40.726
799.46	40.830
799.64	41.199
799.83	40.885
800.01	40.710
800.20	40.810
800.38	40.638
800.57	40.438
800.75	40.555
800.94	40.571
801.12	40.304
801.31	40.391
801.49	40.414
801.68	40.662
801.86	40.665
802.05	40.719
802.23	40.497
802.42	40.799
802.60	40.738
802.79	40.590
802.97	40.574
803.16	40.779
803.34	40.686
803.53	40.478
803.71	40.373
803.90	40.371
804.08	40.123
804.27	40.164
804.45	40.204
804.63	40.285
804.82	40.198
805.00	40.137
805.19	40.310
805.37	40.506
805.56	40.564
805.74	40.275
805.93	40.446
806.11	40.196
806.30	40.443
806.48	40.341
806.67	40.353
806.85	40.479
807.04	40.800
807.22	40.607
807.40	40.239
807.59	40.349
807.77	40.210
807.96	40.141
808.14	40.388
808.33	40.123
808.51	40.233
808.69	40.663
808.88	40.547
809.06	40.724
809.25	40.503
809.43	40.666
809.62	40.549
809.80	40.476
809.99	40.369
810.17	40.836
810.35	40.315
810.54	40.317
810.72	40.420
810.91	40.831
811.09	40.740
811.27	40.546
811.46	40.534
811.64	40.337
811.83	40.504
812.01	40.231
812.19	40.334
812.38	40.389
812.56	40.316
812.75	40.159
812.93	40.021
813.11	39.976
813.30	39.942
813.48	40.012
813.67	40.115
813.85	39.991
814.03	39.845
814.22	40.002
814.40	39.984
814.59	39.958
814.77	40.024
814.95	39.976
815.14	40.333
815.32	40.077
815.50	39.819
815.69	40.045
815.87	39.877
816.06	40.239
816.24	39.764
816.42	40.142
816.61	40.119
816.79	39.682
816.97	40.211
817.16	39.716
817.34	40.132
817.52	40.331
817.71	39.716
817.89	39.905
818.07	40.106
818.26	40.100
818.44	40.252
818.63	40.088
818.81	40.018
818.99	39.613
819.18	39.850
819.36	39.782
819.54	39.862
819.73	39.838
819.91	40.037
820.09	39.829
820.28	40.042
820.46	40.114
820.64	39.859
820.83	39.914
821.01	40.053
821.19	39.638
821.37	39.970
821.56	39.707
821.74	40.173
821.92	39.662
822.11	39.845
822.29	40.008
822.47	39.886
822.66	39.708
822.84	39.822
823.02	39.971
823.21	39.700
823.39	39.789
823.57	39.582
823.75	39.983
823.94	39.949
824.12	39.984
824.30	39.909
824.49	39.521
824.67	39.837
824.85	39.629
825.03	39.737
825.22	39.523
825.40	39.598
825.58	39.443
825.77	39.404
825.95	39.412
826.13	39.368
826.31	39.505
826.50	39.780
826.68	39.966
826.86	39.616
827.04	39.829
827.23	39.942
827.41	39.765
827.59	39.490
827.78	39.532
827.96	40.105
828.14	40.028
828.32	39.879
828.51	40.034
828.69	39.515
828.87	39.461
829.05	39.247
829.23	39.236
829.42	39.337
829.60	39.295
829.78	39.489
829.96	39.537
830.15	39.280
830.33	39.169
830.51	39.243
830.69	39.440
830.88	39.400
831.06	39.426
831.24	39.554
831.42	39.804
831.60	39.506
831.79	39.918
831.97	39.359
832.15	39.328
832.33	38.828
832.52	38.757
832.70	38.993
832.88	38.697
833.06	39.180
833.24	39.324
833.43	39.345
833.61	39.183
833.79	39.047
833.97	39.427
834.15	39.384
834.34	39.559
834.52	39.642
834.70	39.639
834.88	39.510
835.06	39.282
835.25	39.139
835.43	38.971
835.61	38.803
835.79	39.179
835.97	38.961
836.15	39.397
836.34	39.001
836.52	39.092
836.70	39.392
836.88	39.725
837.06	39.061
837.24	39.554
837.43	39.196
837.61	39.156
837.79	39.263
837.97	39.082
838.15	39.181
838.33	39.127
838.52	39.318
838.70	39.182
838.88	39.383
839.06	39.186
839.24	39.161
839.42	39.366
839.60	39.361
839.79	38.952
839.97	39.074
840.15	39.099
840.33	38.719
840.51	38.794
840.69	38.750
840.87	38.934
841.06	38.509
841.24	38.610
841.42	38.709
841.60	38.582
841.78	38.663
841.96	38.633
842.14	38.420
842.32	39.053
842.51	39.017
842.69	39.209
842.87	39.340
843.05	39.150
843.23	39.190
843.41	38.760
843.59	38.822
843.77	38.685
843.95	39.124
844.14	39.044
844.32	39.040
844.50	38.784
844.68	38.538
844.86	38.593
845.04	38.974
845.22	38.672
845.40	38.762
845.58	38.680
845.76	38.758
845.94	38.612
846.12	38.452
846.31	38.355
846.49	38.639
846.67	38.227
846.85	38.489
847.03	38.600
847.21	38.618
847.39	38.426
847.57	38.730
847.75	38.726
847.93	38.656
848.11	38.600
848.29	38.563
848.47	38.375
848.65	38.535
848.83	38.719
849.02	38.562
849.20	38.977
849.38	38.467
849.56	38.797
849.74	38.463
849.92	38.442
850.10	38.191
850.28	38.517
850.46	38.421
850.64	38.300
850.82	38.210
851.00	38.275
851.18	38.243
851.36	38.185
851.54	38.033
851.72	37.835
851.90	38.079
852.08	38.208
852.26	38.320
852.44	38.329
852.62	38.180
852.80	38.397
852.98	38.416
853.16	38.265
853.34	38.295
853.52	38.586
853.70	38.267
853.88	38.565
854.06	38.464
854.24	38.394
854.42	38.378
854.60	38.307
854.78	38.330
854.96	38.519
855.14	38.378
855.32	38.352
855.50	37.936
855.68	38.399
855.86	38.228
856.04	38.004
856.22	37.775
856.40	37.792
856.58	38.108
856.76	38.080
856.94	38.261
857.12	37.880
857.30	37.781
857.48	38.096
857.66	37.752
857.84	38.224
858.02	37.744
858.20	37.882
858.38	37.810
858.56	37.860
858.74	37.799
858.92	37.765
859.10	38.109
859.28	37.400
859.46	37.551
859.64	37.525
859.81	37.594
859.99	38.040
860.17	38.145
860.35	37.950
860.53	37.879
860.71	37.659
860.89	37.746
861.07	37.736
861.25	37.582
861.43	37.619
861.61	37.450
861.79	37.705
861.97	37.958
862.15	37.504
862.33	37.564
862.50	37.355
862.68	37.510
862.86	37.468
863.04	37.338
863.22	37.409
863.40	37.660
863.58	37.899
863.76	37.404
863.94	37.766
864.12	37.689
864.30	37.867
864.47	37.327
864.65	37.667
864.83	37.974
865.01	37.763
865.19	37.667
865.37	37.678
865.55	37.569
865.73	37.725
865.91	37.849
866.09	37.683
866.26	37.775
866.44	37.330
866.62	37.755
866.80	37.460
866.98	37.551
867.16	37.575
867.34	37.280
867.52	37.362
867.69	37.657
867.87	37.464
868.05	37.539
868.23	37.545
868.41	37.291
868.59	37.084
868.77	37.474
868.94	37.361
869.12	37.222
869.30	37.534
869.48	37.098
869.66	37.210
869.84	37.126
870.02	37.340
870.19	37.046
870.37	36.298
870.55	36.654
870.73	36.729
870.91	36.574
871.09	36.889
871.26	36.778
871.44	36.785
871.62	37.217
871.80	37.248
871.98	37.198
872.16	36.652
872.33	37.185
872.51	37.225
872.69	36.888
872.87	37.006
873.05	36.633
873.22	36.477
873.40	36.597
873.58	36.517
873.76	36.916
873.94	36.656
874.12	37.002
874.29	36.991
874.47	36.936
874.65	37.087
874.83	36.866
875.01	36.641
875.18	36.677
875.36	37.080
875.54	36.816
875.72	36.788
875.89	36.828
876.07	36.876
876.25	37.220
876.43	37.286
876.61	37.417
876.78	37.333
876.96	37.051
877.14	36.829
877.32	36.867
877.49	36.532
877.67	36.635
877.85	36.476
878.03	36.540
878.21	36.670
878.38	36.858
878.56	37.077
878.74	37.057
878.92	36.711
879.09	36.480
879.27	36.765
879.45	36.214
879.63	36.271
879.80	36.198
879.98	36.238
880.16	36.455
880.34	36.472
880.51	36.292
880.69	36.330
880.87	36.490
881.05	36.018
881.22	36.204
881.40	36.164
881.58	36.317
881.75	36.098
881.93	36.258
882.11	36.698
882.29	36.724
882.46	36.480
882.64	36.415
882.82	36.598
883.00	36.630
883.17	36.509
883.35	36.408
883.53	36.223
883.70	35.844
883.88	36.325
884.06	36.269
884.23	36.364
884.41	35.839
884.59	36.264
884.77	36.015
884.94	36.492
885.12	36.567
885.30	36.481
885.47	36.600
885.65	36.597
885.83	36.648
886.00	36.562
886.18	36.465
886.36	36.332
886.53	36.004
886.71	35.977
886.89	36.067
887.07	36.247
887.24	36.046
887.42	36.129
887.60	35.921
887.77	36.353
887.95	35.506
888.13	36.094
888.30	36.211
888.48	36.324
888.66	35.948
888.83	36.000
889.01	35.894
889.18	35.900
889.36	35.894
889.54	35.669
889.71	35.939
889.89	35.826
890.07	35.927
890.24	35.633
890.42	35.661
890.60	35.217
890.77	36.085
890.95	35.782
891.13	35.932
891.30	35.669
891.48	35.246
891.65	35.771
891.83	35.743
892.01	35.535
892.18	35.660
892.36	35.232
892.54	35.515
892.71	35.001
892.89	35.293
893.06	35.190
893.24	35.047
893.42	35.388
893.59	34.998
893.77	35.038
893.94	34.976
894.12	34.904
894.30	34.820
894.47	35.258
894.65	35.255
894.82	35.299
895.00	35.376
895.18	34.916
895.35	35.306
895.53	34.892
895.70	34.786
895.88	35.050
896.06	35.104
896.23	34.827
896.41	35.199
896.58	34.948
896.76	35.239
896.93	35.408
897.11	34.839
897.29	34.897
897.46	35.071
897.64	34.703
897.81	34.813
897.99	34.522
898.16	34.628
898.34	34.448
898.52	34.620
898.69	34.866
898.87	34.672
899.04	34.613
899.22	34.828
899.39	34.762
899.57	34.591
899.74	34.900
899.92	35.127
900.10	34.827
900.27	34.876
900.45	35.256
900.62	34.985
900.80	35.158
900.97	34.846
901.15	34.882
901.32	34.795
901.50	34.669
901.67	34.678
901.85	34.831
902.02	34.868
902.20	34.829
902.37	34.910
902.55	34.676
902.72	34.978
902.90	35.018
903.07	34.961
903.25	35.092
903.43	34.887
903.60	34.593
903.78	34.648
903.95	34.853
904.13	34.758
904.30	35.024
904.48	34.847
904.65	35.001
904.83	34.746
905.00	34.272
905.17	34.738
905.35	34.287
905.52	34.427
905.70	34.625
905.87	34.350
906.05	34.628
906.22	34.305
906.40	34.670
906.57	34.155
906.75	34.552
906.92	34.646
907.10	34.230
907.27	34.157
907.45	34.028
907.62	33.716
907.80	34.329
907.97	34.077
908.15	34.159
908.32	34.216
908.49	34.104
908.67	34.611
908.84	34.022
909.02	34.075
909.19	34.073
909.37	33.971
909.54	33.907
909.72	34.173
909.89	34.125
910.07	33.947
910.24	33.889
910.41	34.455
910.59	33.680
910.76	33.707
910.94	33.662
911.11	34.250
911.29	34.352
911.46	34.097
911.63	34.399
911.81	34.208
911.98	34.007
912.16	34.112
912.33	34.359
912.50	34.370
912.68	34.296
912.85	34.515
913.03	34.190
913.20	34.010
913.38	34.428
913.55	34.216
913.72	34.463
913.90	34.223
914.07	33.950
914.25	34.093
914.42	34.310
914.59	34.635
914.77	34.488
914.94	34.330
915.11	34.303
915.29	33.994
915.46	33.902
915.64	33.655
915.81	33.918
915.98	33.580
916.16	34.123
916.33	33.977
916.51	34.101
916.68	33.838
916.85	33.465
917.03	33.665
917.20	33.703
917.37	33.611
917.55	34.278
917.72	33.844
917.89	33.665
918.07	34.124
918.24	33.892
918.42	34.157
918.59	34.268
918.76	33.936
918.94	33.985
919.11	33.821
919.28	33.511
919.46	34.017
919.63	33.830
919.80	34.050
919.98	34.007
920.15	33.953
920.32	33.970
920.50	33.767
920.67	33.787
920.84	33.915
921.02	33.577
921.19	33.891
921.36	33.718
921.54	33.979
921.71	33.944
921.88	34.172
922.06	33.924
922.23	33.428
922.40	33.982
922.57	33.700
922.75	33.931
922.92	33.682
923.09	33.499
923.27	33.320
923.44	33.223
923.61	33.817
923.79	33.552
923.96	33.454
924.13	33.503
924.30	33.418
924.48	33.773
924.65	33.535
924.82	33.447
925.00	33.305
925.17	33.811
925.34	33.753
925.51	33.700
925.69	34.084
925.86	33.247
926.03	33.174
926.21	33.485
926.38	33.304
926.55	33.120
926.72	33.778
926.90	33.747
927.07	33.386
927.24	33.701
927.41	33.295
927.59	34.175
927.76	33.833
927.93	33.692
928.10	33.543
928.28	33.788
928.45	33.492
928.62	33.691
928.79	33.107
928.97	33.239
929.14	33.659
929.31	33.965
929.48	33.462
929.66	33.933
929.83	34.024
930.00	34.091
930.17	34.018
930.34	33.818
930.52	32.812
930.69	33.115
930.86	33.833
931.03	33.515
931.21	33.242
931.38	33.160
931.55	33.642
931.72	33.670
931.89	33.485
932.07	34.012
932.24	33.678
932.41	33.479
932.58	34.261
932.75	33.501
932.93	33.847
933.10	34.080
933.27	33.839
933.44	34.201
933.61	33.802
933.79	34.744
933.96	34.685
934.13	34.059
934.30	34.025
934.47	33.882
934.65	34.088
934.82	34.172
934.99	34.281
935.16	34.584
935.33	33.634
935.50	34.275
935.68	34.370
935.85	34.781
936.02	34.735
936.19	34.507
936.36	34.328
936.53	34.447
936.71	34.650
936.88	34.867
937.05	34.604
937.22	34.690
937.39	34.820
937.56	35.423
937.74	34.879
937.91	35.174
938.08	34.478
938.25	35.601
938.42	34.895
938.59	35.325
938.76	34.673
938.94	34.642
939.11	35.777
939.28	35.427
939.45	34.679
939.62	34.945
939.79	35.322
939.96	34.318
940.13	34.741
940.31	35.035
940.48	34.494
940.65	34.979
940.82	35.727
940.99	35.162
941.16	35.029
941.33	35.528
941.50	34.970
941.67	35.488
941.85	35.673
942.02	35.909
942.19	36.213
942.36	35.798
942.53	36.365
942.70	35.451
942.87	36.142
943.04	36.394
943.21	35.163
943.38	36.539
943.56	36.008
943.73	35.625
943.90	35.732
944.07	35.798
944.24	35.939
944.41	35.945
944.58	35.155
944.75	36.007
944.92	35.680
945.09	35.604
945.26	35.854
945.43	35.080
945.60	35.690
945.78	35.878
945.95	36.464
946.12	35.454
946.29	36.012
946.46	36.004
946.63	36.347
946.80	35.965
946.97	35.640
947.14	35.072
947.31	36.148
947.48	35.009
947.65	36.123
947.82	35.542
947.99	35.532
948.16	35.133
948.33	35.281
948.50	35.361
948.67	35.739
948.84	35.994
949.01	35.110
949.18	35.560
949.35	35.762
949.52	35.680
949.69	35.461
949.86	35.192
950.03	35.261
950.20	35.531
950.38	35.835
950.55	35.119
950.72	35.468
950.89	35.113
951.06	35.402
951.23	35.750
951.40	35.477
951.57	35.424
951.74	34.946
951.91	35.047
952.08	35.019
952.25	34.909
952.42	35.807
952.59	35.173
952.76	34.904
952.92	35.552
953.09	35.336
953.26	34.759
953.43	36.007
953.60	34.929
953.77	33.754
953.94	34.997
954.11	34.990
954.28	34.983
954.45	36.300
954.62	34.863
954.79	35.350
954.96	35.215
955.13	35.026
955.30	35.944
955.47	35.592
955.64	34.804
955.81	35.190
955.98	35.436
956.15	35.172
956.32	35.365
956.49	35.455
956.66	35.780
956.83	35.399
957.00	34.776
957.17	35.309
957.33	35.863
957.50	35.209
957.67	36.134
957.84	35.925
958.01	36.049
958.18	36.027
958.35	35.679
958.52	35.252
958.69	35.360
958.86	34.991
959.03	35.190
959.20	35.212
959.37	35.151
959.53	35.433
959.70	34.568
959.87	35.406
960.04	35.295
960.21	35.138
960.38	35.579
960.55	35.778
960.72	35.349
960.89	35.466
961.06	35.501
961.23	36.412
961.39	36.233
961.56	35.202
961.73	35.084
961.90	36.231
962.07	35.243
962.24	36.127
962.41	36.116
962.58	35.735
962.75	35.168
962.91	35.733
963.08	36.553
963.25	35.473
963.42	35.400
963.59	35.940
963.76	36.146
963.93	35.365
964.09	36.340
964.26	36.270
964.43	36.294
964.60	36.028
964.77	37.015
964.94	36.003
965.11	36.524
965.27	36.419
965.44	35.826
965.61	35.792
965.78	36.917
965.95	35.896
966.12	35.929
966.29	35.074
966.45	35.727
966.62	36.055
966.79	35.315
966.96	36.231
967.13	35.566
967.30	36.519
967.46	36.167
967.63	36.214
967.80	35.963
967.97	35.711
968.14	35.740
968.30	35.522
968.47	35.953
968.64	38.702
968.81	35.830
968.98	35.550
969.15	36.250
969.31	37.772
969.48	36.101
969.65	38.456
969.82	36.299
969.99	36.145
970.15	36.259
970.32	36.817
970.49	36.733
970.66	37.124
970.82	35.973
970.99	36.644
971.16	36.507
971.33	36.726
971.50	35.602
971.66	36.713
971.83	38.064
972.00	37.347
972.17	35.472
972.34	36.677
972.50	37.207
972.67	37.892
972.84	37.426
973.01	38.279
973.17	37.775
973.34	37.312
973.51	36.508
973.68	36.760
973.84	37.077
974.01	37.856
974.18	36.837
974.35	37.014
974.51	37.255
974.68	37.788
974.85	37.334
975.02	37.372
975.18	37.722
975.35	37.346
975.52	38.421
975.69	37.449
975.85	37.817
976.02	37.093
976.19	39.069
976.36	38.686
976.52	37.493
976.69	39.232
976.86	39.272
977.02	38.463
977.19	37.490
977.36	38.480
977.53	38.534
977.69	38.254
977.86	39.750
978.03	38.470
978.19	37.080
978.36	40.120
978.53	39.647
978.70	38.656
978.86	38.816
979.03	38.035
979.20	39.351
979.36	39.406
979.53	39.955
979.70	38.386
979.86	38.892
980.03	38.203
980.20	38.177
980.36	38.543
980.53	39.785
980.70	39.318
980.86	40.586
981.03	39.923
981.20	39.865
981.36	38.736
981.53	38.859
981.70	39.226
981.86	41.229
982.03	39.789
982.20	40.650
982.36	37.724
982.53	40.201
982.70	41.575
982.86	39.860
983.03	39.710
983.20	39.895
983.36	41.259
983.53	41.462
983.70	40.819
983.86	40.776
984.03	39.359
984.20	40.189
984.36	41.796
984.53	40.725
984.70	41.138
984.86	41.968
985.03	39.279
985.19	42.783
985.36	42.326
985.53	41.171
985.69	41.270
985.86	42.422
986.03	41.929
986.19	41.969
986.36	42.905
986.52	40.905
986.69	42.505
986.86	40.201
987.02	43.728
987.19	41.450
987.35	43.261
987.52	42.745
987.69	43.026
987.85	44.171
988.02	41.458
988.18	42.336
988.35	45.339
988.52	42.182
988.68	46.623
988.85	44.091
989.01	44.642
989.18	45.156
989.35	44.721
989.51	44.465
989.68	44.255
989.84	45.432
990.01	44.991
990.17	46.763
990.34	45.291
990.51	44.437
990.67	44.135
990.84	46.971
991.00	44.664
991.17	45.497
991.33	46.341
991.50	46.856
991.66	45.921
991.83	44.935
992.00	46.216
992.16	46.055
992.33	46.221
992.49	44.442
992.66	48.420
992.82	46.981
992.99	47.556
993.15	47.043
993.32	45.818
993.48	46.994
993.65	47.011
993.82	47.090
993.98	48.506
994.15	50.491
994.31	50.592
994.48	48.855
994.64	49.813
994.81	50.129
994.97	47.938
995.14	49.017
995.30	48.330
995.47	48.474
995.63	51.456
995.80	50.190
995.96	52.088
996.13	49.731
996.29	52.719
996.46	50.607
996.62	49.316
996.79	52.515
996.95	51.880
997.12	53.926
997.28	54.817
997.45	52.198
997.61	55.198
997.78	54.188
997.94	54.307
998.11	55.838
998.27	54.478
998.44	55.531
998.60	51.941
998.77	58.000
998.93	59.856
999.10	57.355
999.26	58.149
999.43	60.419
999.59	56.633
999.75	58.769
999.92	59.852
1000.08	60.219
1000.25	59.212
1000.41	62.012
1000.58	60.478
1000.74	62.249
1000.91	58.825
1001.07	61.916
1001.24	62.059
1001.40	63.647
1001.56	62.008
1001.73	59.853
1001.89	60.118
1002.06	60.689
1002.22	64.689
1002.39	66.059
1002.55	64.109
1002.71	66.032
1002.88	66.018
1003.04	71.931
1003.21	74.233
1003.37	69.495
1003.54	67.900
1003.70	75.443
1003.86	74.185
1004.03	70.872
1004.19	77.590
1004.36	77.335
1004.52	75.274
1004.68	79.841
1004.85	82.437
1005.01	77.634
1005.18	72.864
1005.34	77.722
1005.50	76.530
1005.67	83.629
1005.83	80.081
1006.00	84.517
1006.16	80.703
1006.32	82.883
1006.49	82.030
1006.65	90.621
1006.82	85.269
1006.98	88.805
1007.14	86.065
1007.31	102.210
1007.47	96.602
1007.63	95.487
1007.80	97.506
1007.96	94.648
1008.13	97.463
1008.29	113.520
1008.45	101.925
1008.62	112.422
1008.78	101.724
1008.94	126.805
1009.11	116.971
1009.27	126.674
1009.43	120.671
1009.60	128.336
1009.76	128.580
1009.92	138.322
1010.09	130.933
1010.25	156.467
1010.42	126.151
1010.58	151.272
1010.74	143.846
1010.91	149.224
1011.07	165.641
1011.23	163.484
1011.40	162.968
1011.56	142.161
1011.72	204.035
1011.89	188.832
1012.05	209.611
1012.21	189.931
1012.37	230.082
1012.54	190.137
1012.70	237.030
1012.86	228.342
1013.03	317.781
1013.19	315.878
1013.35	294.125
1013.52	311.606
1013.68	273.750
1013.84	351.629
1014.01	421.418
1014.17	642.001
1014.33	451.058
1014.49	385.130
1014.66	785.204
1014.82	738.124
1014.98	500.111
1015.15	-17274.827
1015.31	2209.101
1015.47	2693.145
1015.63	13020.240
1015.80	-1976.688
1015.96	-3699.211
1016.12	-727.917
1016.29	-371.482
1016.45	-721.882
1016.61	-503.020
1016.77	-305.105
1016.94	-387.715
1017.10	-505.926
1017.26	-272.978
1017.42	-291.993
1017.59	-287.248
1017.75	-360.321
1017.91	-198.080
1018.07	-156.820
1018.24	-190.973
1018.40	-167.023
1018.56	-147.625
1018.72	-148.975
1018.89	-161.011
1019.05	-165.401
1019.21	-132.129
1019.37	-98.514
1019.54	-151.674
1019.70	-97.861
1019.86	-94.016
1020.02	-118.585
1020.19	-112.046
1020.35	-109.275
1020.51	-106.564
1020.67	-85.377
1020.83	-86.965
1021.00	-80.516
1021.16	-73.532
1021.32	-89.283
1021.48	-79.843
1021.64	-68.431
1021.81	-87.556
1021.97	-70.878
1022.13	-63.943
1022.29	-79.617
1022.45	-75.677
1022.62	-78.071
1022.78	-75.892
1022.94	-70.428
1023.10	-65.602
1023.26	-68.703
1023.43	-57.433
1023.59	-55.217
1023.75	-62.505
1023.91	-66.318
1024.07	-70.192
1024.24	-54.964
1024.40	-51.776
1024.56	-58.045
1024.72	-47.935
1024.88	-55.596
1025.04	-47.809
1025.21	-45.420
1025.37	-48.852
1025.53	-44.948
1025.69	-42.162
1025.85	-39.336
1026.01	-44.976
1026.18	-41.324
1026.34	-39.444
1026.50	-44.741
1026.66	-43.161
1026.82	-38.085
1026.98	-34.716
1027.14	-39.816
1027.31	-36.362
1027.47	-35.804
1027.63	-31.264
1027.79	-37.759
1027.95	-31.958
1028.11	-30.871
1028.27	-22.441
1028.44	-30.758
1028.60	-26.655
1028.76	-33.037
1028.92	-35.775
1029.08	-37.128
1029.24	-26.996
1029.40	-30.218
1029.56	-31.166
1029.73	-26.905
1029.89	-23.858
1030.05	-34.444
1030.21	-32.113
1030.37	-27.869
1030.53	-28.672
1030.69	-24.068
1030.85	-29.488
1031.01	-30.736
1031.17	-23.551
1031.34	-25.912
1031.50	-21.413
1031.66	-32.132
1031.82	-26.053
1031.98	-25.860
1032.14	-23.822
1032.30	-18.218
1032.46	-20.491
1032.62	-17.419
1032.78	-22.197
1032.94	-22.501
1033.10	-25.602
1033.27	-17.910
1033.43	-24.593
1033.59	-21.293
1033.75	-17.288
1033.91	-20.019
1034.07	-19.434
1034.23	-19.526
1034.39	-15.410
1034.55	-21.282
1034.71	-23.344
1034.87	-20.390
1035.03	-21.139
1035.19	-19.654
1035.35	-20.410
1035.51	-17.466
1035.67	-18.271
1035.83	-17.086
1035.99	-18.103
1036.16	-20.905
1036.32	-12.529
1036.48	-14.686
1036.64	-15.710
1036.80	-17.349
1036.96	-21.096
1037.12	-17.434
1037.28	-13.920
1037.44	-16.933
1037.60	-14.580
1037.76	-14.992
1037.92	-15.680
1038.08	-16.180
1038.24	-15.978
1038.40	-14.860
1038.56	-15.345
1038.72	-14.768
1038.88	-16.307
1039.04	-18.698
1039.20	-8.626
1039.36	-10.410
1039.52	-13.144
1039.68	-11.647
1039.84	-15.011
1040.00	-13.290
1040.16	-12.826
1040.32	-10.032
1040.48	-11.631
1040.64	-8.677
1040.80	-12.301
1040.96	-11.412
1041.12	-10.715
1041.28	-8.180
1041.44	-8.861
1041.60	-9.297
1041.76	-13.629
1041.92	-11.350
1042.08	-7.731
1042.24	-8.754
1042.39	-12.086
1042.55	-14.339
1042.71	-11.065
1042.87	-8.023
1043.03	-14.688
1043.19	-10.905
