345.44	1.431
345.66	1.431
345.88	1.431
346.10	-3.669
346.31	-3.587
346.53	-7.132
346.75	-4.482
346.97	-2.500
347.19	-6.627
347.41	-8.196
347.63	-7.012
347.85	-6.875
348.07	-4.640
348.29	-2.093
348.51	-0.591
348.73	-5.401
348.95	-7.535
349.17	-0.861
349.39	-4.843
349.61	-0.000
349.83	-0.740
350.05	-0.442
350.27	-0.571
350.49	-7.796
350.71	-10.926
350.93	-5.854
351.15	-8.242
351.37	-8.221
351.59	-5.172
351.80	-5.271
352.02	-0.143
352.24	-5.909
352.46	-2.627
352.68	-0.940
352.90	-10.449
353.12	-4.953
353.34	-9.969
353.56	-4.134
353.78	-6.676
354.00	0.289
354.22	-3.167
354.44	-5.564
354.66	-1.940
354.88	0.594
355.09	-7.858
355.31	-8.294
355.53	-8.549
355.75	-4.054
355.97	-7.957
356.19	-6.779
356.41	-9.185
356.63	-7.968
356.85	-1.053
357.07	-8.980
357.29	2.560
357.50	-5.417
357.72	-4.407
357.94	-5.109
358.16	-9.523
358.38	-6.461
358.60	-2.474
358.82	-8.771
359.04	-4.856
359.26	-4.878
359.48	-7.413
359.69	-2.413
359.91	-0.306
360.13	-6.521
360.35	-11.922
360.57	-4.893
360.79	0.154
361.01	-2.114
361.23	-3.720
361.45	-9.106
361.66	1.339
361.88	-6.200
362.10	-9.420
362.32	-0.720
362.54	-2.086
362.76	0.737
362.98	-4.048
363.20	-0.475
363.41	-10.327
363.63	-8.545
363.85	-7.492
364.07	-3.840
364.29	-5.666
364.51	-6.220
364.73	-7.784
364.94	-1.893
365.16	-5.120
365.38	-9.509
365.60	-2.535
365.82	-2.484
366.04	-0.152
366.26	-0.582
366.47	-8.593
366.69	-2.385
366.91	-10.759
367.13	-5.775
367.35	-8.386
367.57	-8.095
367.79	-5.676
368.00	-0.936
368.22	-2.322
368.44	-1.019
368.66	-1.541
368.88	-3.249
369.10	-2.431
369.31	-2.823
369.53	-6.080
369.75	-0.149
369.97	-8.520
370.19	0.142
370.41	-7.988
370.62	-4.348
370.84	0.769
371.06	-2.843
371.28	-12.698
371.50	-4.031
371.71	-7.246
371.93	1.028
372.15	-5.608
372.37	-8.206
372.59	-5.790
372.80	-4.094
373.02	-2.991
373.24	-2.353
373.46	-10.475
373.68	-6.219
373.90	0.741
374.11	-7.076
374.33	0.719
374.55	-5.311
374.77	1.846
374.98	-4.601
375.20	-8.837
375.42	-2.994
375.64	-0.745
375.86	-13.517
376.07	-4.101
376.29	-1.353
376.51	-2.273
376.73	-1.114
376.95	-1.881
377.16	-5.814
377.38	-7.635
377.60	-4.301
377.82	-0.000
378.03	-3.067
378.25	-1.013
378.47	-6.676
378.69	1.043
378.91	-4.525
379.12	-5.279
379.34	-12.263
379.56	-7.030
379.78	-0.000
379.99	-9.188
380.21	-2.727
380.43	0.439
380.65	-12.012
380.86	-1.187
381.08	-8.153
381.30	-2.795
381.52	-1.034
381.73	-5.974
381.95	-1.040
382.17	2.500
382.39	-14.494
382.60	0.294
382.82	-11.146
383.04	-3.817
383.26	-3.821
383.47	-2.769
383.69	-3.606
383.91	-5.825
384.13	-0.000
384.34	-4.671
384.56	1.700
384.78	-1.082
385.00	-5.294
385.21	-4.918
385.43	-4.160
385.65	-4.588
385.86	-8.902
386.08	-3.857
386.30	-6.489
386.52	-7.826
386.73	-7.488
386.95	4.299
387.17	-7.363
387.38	-7.716
387.60	-5.899
387.82	-6.935
388.04	-11.507
388.25	-5.920
388.47	-6.744
388.69	-2.798
388.90	-4.947
389.12	-0.141
389.34	-3.994
389.56	-9.800
389.77	1.852
389.99	-5.515
390.21	-6.605
390.42	-1.333
390.64	-13.291
390.86	-12.079
391.07	-5.909
391.29	-8.593
391.51	2.778
391.72	-7.837
391.94	-2.041
392.16	-3.697
392.38	-10.773
392.59	-4.889
392.81	-3.709
393.03	-6.880
393.24	-2.381
393.46	-3.206
393.68	-6.531
393.89	3.074
394.11	-9.389
394.33	-1.517
394.54	-2.417
394.76	-2.802
394.98	3.994
395.19	-5.949
395.41	-6.060
395.63	-7.496
395.84	-5.952
396.06	-6.699
396.28	-3.427
396.49	-0.570
396.71	-5.882
396.93	-6.752
397.14	-1.062
397.36	1.852
397.57	-0.143
397.79	-2.723
398.01	-3.664
398.22	-7.882
398.44	-8.387
398.66	-0.310
398.87	-3.149
399.09	-10.620
399.31	-1.684
399.52	-3.857
399.74	-2.756
399.96	-3.323
400.17	-0.303
400.39	-11.388
400.60	-11.677
400.82	-7.870
401.04	2.616
401.25	-10.990
401.47	-2.226
401.69	-3.671
401.90	-1.166
402.12	-6.475
402.33	-4.279
402.55	-3.945
402.77	1.759
402.98	-0.000
403.20	-5.303
403.41	-1.161
403.63	-2.765
403.85	-10.886
404.06	-6.074
404.28	-3.680
404.49	-7.371
404.71	6.571
404.93	0.287
405.14	-11.332
405.36	-5.312
405.57	-1.900
405.79	-12.439
406.01	-1.937
406.22	-4.017
406.44	-5.981
406.65	3.066
406.87	-4.654
407.09	-14.515
407.30	-9.658
407.52	-12.519
407.73	-7.999
407.95	-5.335
408.17	-9.119
408.38	1.085
408.60	-2.477
408.81	-1.203
409.03	-3.177
409.24	4.107
409.46	-5.918
409.68	-11.582
409.89	-0.303
410.11	-6.656
410.32	-6.902
410.54	-3.364
410.75	1.932
410.97	-6.110
411.18	-9.312
411.40	-4.309
411.62	-3.369
411.83	-4.733
412.05	-4.116
412.26	-7.443
412.48	1.724
412.69	-3.303
412.91	-11.764
413.12	-7.178
413.34	-8.716
413.56	3.240
413.77	-0.305
413.99	-0.146
414.20	-4.395
414.42	-6.845
414.63	-0.472
414.85	-6.591
415.06	1.551
415.28	-1.911
415.49	-0.442
415.71	-6.552
415.92	-3.485
416.14	-2.469
416.35	2.808
416.57	1.855
416.79	-14.151
417.00	-2.799
417.22	-9.558
417.43	-13.500
417.65	-4.673
417.86	-0.763
418.08	-5.591
418.29	-7.164
418.51	-6.634
418.72	-5.723
418.94	-7.121
419.15	-12.600
419.37	-3.174
419.58	-4.762
419.80	-4.726
420.01	-2.442
420.23	-11.146
420.44	-2.028
420.66	0.153
420.87	-4.111
421.09	-10.461
421.30	-12.832
421.52	-0.601
421.73	-1.560
421.95	-10.977
422.16	-3.067
422.38	-5.642
422.59	-7.532
422.81	-3.527
423.02	0.152
423.23	-5.538
423.45	-1.366
423.66	-2.782
423.88	0.295
424.09	-4.430
424.31	-13.621
424.52	-5.000
424.74	-10.620
424.95	-3.053
425.17	-5.116
425.38	-5.701
425.60	0.155
425.81	-8.962
426.03	-6.965
426.24	-6.707
426.45	-0.305
426.67	-2.773
426.88	-13.354
427.10	-3.130
427.31	-9.983
427.53	-5.837
427.74	-4.103
427.96	-2.276
428.17	-7.507
428.39	-4.084
428.60	-4.518
428.81	-4.379
429.03	-10.474
429.24	-2.417
429.46	-8.292
429.67	-4.817
429.89	-10.988
430.10	1.608
430.31	-2.381
430.53	-9.244
430.74	-4.946
430.96	-6.398
431.17	-5.920
431.39	-7.667
431.60	-6.912
431.81	-3.220
432.03	0.461
432.24	-10.595
432.46	-2.597
432.67	-8.095
432.89	-9.486
433.10	-16.052
433.31	-1.212
433.53	-6.976
433.74	-8.240
433.96	-5.097
434.17	-8.265
434.38	-7.792
434.60	-11.643
434.81	-5.882
435.03	-6.324
435.24	-7.154
435.45	-10.210
435.67	-12.643
435.88	-1.548
436.10	-4.588
436.31	-2.160
436.52	-11.452
436.74	-7.424
436.95	-9.286
437.17	-5.492
437.38	-6.151
437.59	-1.818
437.81	-9.819
438.02	-6.785
438.23	-6.478
438.45	-15.423
438.66	-3.030
438.88	-12.682
439.09	-4.524
439.30	-7.770
439.52	-7.643
439.73	-5.396
439.94	-5.124
440.16	-1.406
440.37	-5.692
440.58	-1.760
440.80	-11.253
441.01	-19.404
441.23	-11.264
441.44	-14.932
441.65	-7.086
441.87	-10.122
442.08	-9.743
442.29	-6.655
442.51	-4.279
442.72	-0.453
442.93	-4.153
443.15	-8.514
443.36	-8.448
443.57	-12.837
443.79	-10.256
444.00	-5.815
444.21	-7.573
444.43	-5.990
444.64	-14.582
444.85	-2.525
445.07	-11.825
445.28	-8.969
445.49	-11.438
445.71	-11.274
445.92	-7.487
446.13	-13.356
446.35	-6.406
446.56	-8.540
446.77	-19.745
446.99	-17.102
447.20	-9.917
447.41	-1.418
447.63	-7.058
447.84	-1.440
448.05	-5.804
448.27	-6.699
448.48	-8.681
448.69	-9.740
448.90	-16.847
449.12	-9.876
449.33	-8.241
449.54	-13.612
449.76	-10.464
449.97	-10.752
450.18	-14.335
450.40	-14.285
450.61	-3.680
450.82	-5.657
451.03	-14.727
451.25	-13.035
451.46	-21.737
451.67	-2.636
451.89	-12.271
452.10	-1.908
452.31	-15.220
452.52	-8.075
452.74	-17.440
452.95	-11.130
453.16	-10.405
453.38	-10.320
453.59	-5.078
453.80	-14.904
454.01	-13.595
454.23	-14.780
454.44	-12.843
454.65	-7.565
454.86	-3.760
455.08	-13.721
455.29	-12.925
455.50	-18.374
455.71	-11.814
455.93	-12.968
456.14	-19.859
456.35	-7.652
456.56	-14.881
456.78	-11.875
456.99	-15.038
457.20	-12.409
457.41	-15.107
457.63	-11.287
457.84	-16.544
458.05	-16.341
458.26	-6.525
458.48	-6.281
458.69	-19.271
458.90	-18.127
459.11	-14.873
459.33	-11.190
459.54	-9.497
459.75	-19.401
459.96	-11.627
460.18	-11.024
460.39	-24.796
460.60	-17.207
460.81	-10.625
461.02	-16.474
461.24	-11.904
461.45	-17.337
461.66	-17.456
461.87	-17.646
462.09	-21.522
462.30	-12.335
462.51	-9.333
462.72	-13.995
462.93	-11.280
463.15	-8.957
463.36	-13.845
463.57	-6.044
463.78	-18.559
463.99	-24.227
464.21	-19.303
464.42	-26.120
464.63	-26.462
464.84	-10.793
465.05	-26.989
465.27	-22.383
465.48	-19.246
465.69	-16.193
465.90	-18.662
466.11	-11.339
466.33	-18.481
466.54	-25.989
466.75	-24.399
466.96	-18.653
467.17	-15.747
467.38	-21.366
467.60	-19.119
467.81	-11.157
468.02	-24.998
468.23	-24.247
468.44	-27.988
468.65	-27.150
468.87	-24.404
469.08	-19.653
469.29	-15.383
469.50	-17.893
469.71	-17.493
469.92	-19.360
470.14	-26.929
470.35	-27.682
470.56	-26.352
470.77	-30.930
470.98	-15.383
471.19	-33.987
471.41	-25.184
471.62	-26.260
471.83	-28.007
472.04	-35.124
472.25	-34.655
472.46	-24.377
472.67	-34.768
472.89	-28.569
473.10	-16.971
473.31	-27.874
473.52	-37.250
473.73	-28.641
473.94	-51.070
474.15	-36.265
474.37	-49.567
474.58	-38.933
474.79	-53.720
475.00	-34.707
475.21	-42.482
475.42	-38.477
475.63	-40.147
475.84	-50.985
476.06	-36.466
476.27	-48.961
476.48	-45.877
476.69	-37.849
476.90	-51.655
477.11	-38.919
477.32	-26.645
477.53	-43.558
477.74	-44.648
477.96	-33.766
478.17	-62.262
478.38	-50.148
478.59	-44.756
478.80	-57.647
479.01	-71.284
479.22	-56.941
479.43	-50.664
479.64	-50.607
479.85	-38.901
480.06	-107.591
480.28	-53.977
480.49	-83.257
480.70	-35.469
480.91	-51.238
481.12	-84.429
481.33	-53.183
481.54	-67.252
481.75	-65.520
481.96	-71.848
482.17	-52.052
482.38	-88.871
482.59	-65.053
482.81	-91.576
483.02	-88.550
483.23	-95.113
483.44	-100.538
483.65	-92.362
483.86	-114.177
484.07	-131.389
484.28	-113.720
484.49	-105.721
484.70	-87.480
484.91	-123.092
485.12	-118.905
485.33	-124.968
485.54	-117.147
485.75	-128.979
485.96	-166.365
486.17	-191.669
486.38	-120.086
486.60	-203.692
486.81	-135.335
487.02	-295.535
487.23	-202.036
487.44	-460.011
487.65	-388.584
487.86	-518.093
488.07	-136.190
488.28	-364.742
488.49	-330.271
488.70	-194.760
488.91	-421.731
489.12	-299.837
489.33	-213.589
489.54	-594.762
489.75	-287.331
489.96	-1974.416
490.17	8013.320
490.38	1682.413
490.59	-1452.399
490.80	1791.142
491.01	589.866
491.22	-845.148
491.43	1754.652
491.64	622.313
491.85	-4700.120
492.06	-3568.576
492.27	5163.814
492.48	519.284
492.69	1744.153
492.90	-548.213
493.11	450.341
493.32	342.344
493.53	804.471
493.74	697.653
493.95	197.871
494.16	255.782
494.37	538.455
494.58	2309.799
494.79	226.094
495.00	271.807
495.21	221.215
495.42	219.619
495.63	151.134
495.84	147.580
496.05	193.192
496.26	157.686
496.47	239.772
496.68	199.346
496.89	184.820
497.10	206.957
497.31	134.050
497.52	137.390
497.73	163.468
497.94	173.984
498.15	225.473
498.36	149.292
498.57	157.977
498.78	141.177
498.99	142.346
499.19	115.019
499.40	117.263
499.61	117.643
499.82	132.107
500.03	123.651
500.24	125.479
500.45	145.527
500.66	113.176
500.87	142.282
501.08	132.605
501.29	117.922
501.50	105.784
501.71	106.055
501.92	128.531
502.13	92.571
502.34	111.808
502.55	112.999
502.76	122.888
502.96	108.114
503.17	96.000
503.38	109.370
503.59	113.355
503.80	89.717
504.01	84.924
504.22	100.780
504.43	115.557
504.64	78.450
504.85	98.336
505.06	86.018
505.27	90.837
505.47	85.115
505.68	88.513
505.89	82.952
506.10	74.665
506.31	61.804
506.52	84.094
506.73	82.988
506.94	86.031
507.15	85.194
507.36	78.929
507.56	66.973
507.77	74.485
507.98	79.962
508.19	71.632
508.40	61.933
508.61	68.792
508.82	73.084
509.03	62.018
509.24	78.955
509.44	66.036
509.65	65.680
509.86	71.704
510.07	76.098
510.28	68.942
510.49	74.397
510.70	76.342
510.91	72.228
511.11	63.314
511.32	66.797
511.53	63.610
511.74	61.936
511.95	62.123
512.16	59.339
512.37	72.238
512.58	62.097
512.78	63.025
512.99	63.817
513.20	60.167
513.41	58.218
513.62	58.744
513.83	62.961
514.04	59.270
514.24	60.987
514.45	57.898
514.66	61.313
514.87	50.511
515.08	54.715
515.29	52.231
515.49	50.211
515.70	47.204
515.91	60.793
516.12	56.613
516.33	53.943
516.54	59.912
516.74	58.014
516.95	57.419
517.16	51.918
517.37	51.611
517.58	54.362
517.79	55.263
517.99	52.489
518.20	51.406
518.41	56.339
518.62	50.841
518.83	54.278
519.03	49.675
519.24	53.801
519.45	55.260
519.66	49.142
519.87	56.413
520.07	45.156
520.28	49.656
520.49	53.139
520.70	45.517
520.91	47.016
521.12	47.659
521.32	51.151
521.53	42.204
521.74	52.058
521.95	51.888
522.15	48.577
522.36	45.357
522.57	51.325
522.78	53.100
522.99	47.207
523.19	46.647
523.40	54.476
523.61	51.784
523.82	41.715
524.03	49.319
524.23	49.172
524.44	45.012
524.65	46.907
524.86	48.571
525.06	42.174
525.27	40.646
525.48	50.985
525.69	46.485
525.89	49.589
526.10	44.340
526.31	46.880
526.52	44.151
526.72	42.778
526.93	38.755
527.14	45.595
527.35	46.300
527.56	39.890
527.76	45.465
527.97	43.089
528.18	39.722
528.38	38.044
528.59	40.675
528.80	41.206
529.01	38.965
529.21	40.855
529.42	43.232
529.63	39.643
529.84	42.653
530.04	44.577
530.25	40.834
530.46	37.003
530.67	39.767
530.87	42.922
531.08	37.775
531.29	40.809
531.50	41.924
531.70	39.486
531.91	39.214
532.12	39.800
532.32	36.409
532.53	41.639
532.74	41.471
532.95	36.745
533.15	38.186
533.36	40.794
533.57	38.960
533.77	41.102
533.98	36.358
534.19	33.766
534.39	38.390
534.60	39.139
534.81	41.159
535.02	37.769
535.22	37.299
535.43	37.153
535.64	35.924
535.84	34.253
536.05	30.092
536.26	33.571
536.46	32.854
536.67	33.455
536.88	38.984
537.08	34.437
537.29	36.477
537.50	35.154
537.70	34.496
537.91	31.206
538.12	36.839
538.33	33.285
538.53	37.169
538.74	36.010
538.95	39.453
539.15	35.942
539.36	31.219
539.57	33.038
539.77	33.017
539.98	31.623
540.18	35.857
540.39	34.726
540.60	30.178
540.80	35.111
541.01	37.870
541.22	36.085
541.42	33.609
541.63	31.051
541.84	35.352
542.04	37.221
542.25	33.225
542.46	32.755
542.66	33.566
542.87	33.833
543.08	30.563
543.28	29.315
543.49	29.963
543.69	32.722
543.90	33.045
544.11	33.334
544.31	31.736
544.52	29.653
544.73	34.946
544.93	33.534
545.14	29.399
545.34	30.854
545.55	33.274
545.76	33.127
545.96	32.483
546.17	29.215
546.38	32.548
546.58	30.001
546.79	29.892
546.99	31.824
547.20	29.389
547.41	31.433
547.61	30.468
547.82	31.108
548.02	33.371
548.23	29.727
548.44	30.749
548.64	29.044
548.85	31.426
549.05	30.501
549.26	32.317
549.47	30.736
549.67	28.726
549.88	30.034
550.08	30.335
550.29	28.809
550.50	29.620
550.70	28.925
550.91	29.016
551.11	30.357
551.32	26.734
551.52	27.417
551.73	29.798
551.94	27.315
552.14	30.155
552.35	28.140
552.55	27.573
552.76	26.209
552.96	26.747
553.17	28.230
553.38	30.758
553.58	27.803
553.79	27.680
553.99	26.344
554.20	31.481
554.40	27.736
554.61	26.956
554.81	28.196
555.02	27.999
555.23	26.800
555.43	27.467
555.64	27.797
555.84	28.004
556.05	27.426
556.25	27.211
556.46	27.987
556.66	27.039
556.87	25.586
557.07	28.631
557.28	28.088
557.48	26.676
557.69	29.265
557.90	26.609
558.10	24.142
558.31	27.992
558.51	22.944
558.72	25.889
558.92	27.240
559.13	27.982
559.33	26.560
559.54	26.197
559.74	26.767
559.95	25.434
560.15	26.058
560.36	24.555
560.56	24.752
560.77	25.411
560.97	26.692
561.18	26.298
561.38	25.694
561.59	25.032
561.79	26.734
562.00	24.760
562.20	27.827
562.41	25.031
562.61	26.930
562.82	28.007
563.02	24.907
563.23	24.025
563.43	25.084
563.64	26.250
563.84	25.185
564.05	25.041
564.25	26.054
564.46	25.456
564.66	26.073
564.87	26.649
565.07	24.227
565.28	25.258
565.48	24.627
565.68	25.413
565.89	24.969
566.09	24.174
566.30	24.034
566.50	21.837
566.71	24.730
566.91	23.913
567.12	25.593
567.32	22.017
567.53	25.145
567.73	24.991
567.94	23.608
568.14	22.576
568.34	25.266
568.55	22.978
568.75	22.540
568.96	24.254
569.16	23.478
569.37	24.272
569.57	24.297
569.78	21.919
569.98	25.266
570.18	21.779
570.39	24.663
570.59	22.842
570.80	23.530
571.00	21.275
571.21	22.946
571.41	25.433
571.61	24.921
571.82	22.425
572.02	23.771
572.23	22.987
572.43	22.936
572.64	23.195
572.84	23.484
573.04	23.610
573.25	21.938
573.45	23.589
573.66	21.005
573.86	23.481
574.06	21.534
574.27	22.661
574.47	22.875
574.68	22.536
574.88	22.569
575.08	24.260
575.29	21.918
575.49	22.473
575.70	23.564
575.90	22.066
576.10	24.054
576.31	20.716
576.51	21.289
576.72	23.243
576.92	22.395
577.12	23.728
577.33	22.688
577.53	22.186
577.73	23.287
577.94	21.298
578.14	21.571
578.35	20.397
578.55	22.310
578.75	22.370
578.96	23.607
579.16	21.923
579.36	21.529
579.57	23.039
579.77	21.467
579.98	21.731
580.18	22.095
580.38	22.365
580.59	21.214
580.79	21.983
580.99	22.005
581.20	20.456
581.40	21.928
581.60	22.712
581.81	20.316
582.01	20.819
582.21	20.129
582.42	21.011
582.62	21.993
582.82	20.939
583.03	19.558
583.23	22.167
583.43	21.476
583.64	19.828
583.84	19.603
584.04	20.054
584.25	19.746
584.45	20.796
584.65	21.197
584.86	20.293
585.06	22.444
585.26	20.625
585.47	22.846
585.67	21.051
585.87	20.747
586.08	21.309
586.28	21.326
586.48	21.164
586.69	21.661
586.89	20.640
587.09	20.267
587.30	21.344
587.50	21.529
587.70	21.778
587.90	20.873
588.11	21.186
588.31	21.947
588.51	19.539
588.72	21.040
588.92	20.133
589.12	21.816
589.33	18.530
589.53	19.396
589.73	20.787
589.93	20.754
590.14	20.295
590.34	20.705
590.54	20.169
590.75	20.311
590.95	19.868
591.15	19.934
591.35	20.760
591.56	21.078
591.76	19.527
591.96	18.951
592.16	18.884
592.37	19.984
592.57	20.418
592.77	20.650
592.97	21.275
593.18	19.480
593.38	18.389
593.58	18.965
593.79	21.433
593.99	20.234
594.19	18.143
594.39	19.175
594.60	19.203
594.80	20.330
595.00	19.663
595.20	19.907
595.41	19.995
595.61	20.230
595.81	19.918
596.01	19.426
596.21	20.490
596.42	20.861
596.62	19.502
596.82	19.801
597.02	19.775
597.23	18.739
597.43	20.072
597.63	17.998
597.83	19.995
598.04	19.703
598.24	19.314
598.44	19.795
598.64	19.490
598.84	19.926
599.05	18.467
599.25	19.104
599.45	19.574
599.65	19.741
599.85	19.572
600.06	19.288
600.26	19.313
600.46	18.838
600.66	19.582
600.87	17.893
601.07	17.601
601.27	20.339
601.47	17.876
601.67	18.159
601.87	19.017
602.08	17.568
602.28	18.572
602.48	18.597
602.68	19.155
602.88	18.213
603.09	18.946
603.29	18.388
603.49	18.703
603.69	18.184
603.89	17.918
604.10	18.365
604.30	19.562
604.50	18.385
604.70	18.462
604.90	18.342
605.10	18.270
605.31	18.760
605.51	18.320
605.71	17.560
605.91	18.218
606.11	19.542
606.31	18.881
606.52	19.887
606.72	17.006
606.92	16.904
607.12	17.686
607.32	18.738
607.52	18.808
607.72	17.321
607.93	17.886
608.13	16.906
608.33	18.211
608.53	17.954
608.73	17.311
608.93	18.224
609.13	17.523
609.34	18.629
609.54	18.022
609.74	18.871
609.94	17.815
610.14	17.647
610.34	18.929
610.54	17.231
610.74	18.851
610.95	17.445
611.15	17.406
611.35	18.525
611.55	18.182
611.75	16.605
611.95	17.435
612.15	17.252
612.35	18.005
612.56	16.504
612.76	16.924
612.96	16.441
613.16	16.664
613.36	16.990
613.56	17.132
613.76	17.386
613.96	16.723
614.16	18.008
614.36	18.210
614.57	18.038
614.77	17.502
614.97	17.312
615.17	17.770
615.37	17.177
615.57	17.102
615.77	17.552
615.97	17.484
616.17	17.936
616.37	18.602
616.57	17.027
616.78	17.311
616.98	17.254
617.18	17.589
617.38	17.063
617.58	17.525
617.78	16.482
617.98	17.411
618.18	16.451
618.38	17.417
618.58	17.526
618.78	16.810
618.98	17.444
619.18	17.554
619.38	16.361
619.58	16.861
619.79	17.521
619.99	16.762
620.19	17.257
620.39	17.035
620.59	16.396
620.79	17.517
620.99	16.701
621.19	16.326
621.39	16.104
621.59	16.937
621.79	17.080
621.99	17.365
622.19	16.667
622.39	16.578
622.59	16.563
622.79	16.591
622.99	16.068
623.19	16.183
623.39	17.673
623.59	17.629
623.79	16.104
623.99	15.777
624.19	16.576
624.39	16.514
624.59	17.317
624.79	17.191
624.99	17.289
625.19	17.051
625.39	17.569
625.59	17.139
625.79	17.714
625.99	16.951
626.19	16.898
626.39	16.841
626.59	16.438
626.79	15.581
626.99	16.072
627.19	17.055
627.39	15.381
627.59	16.131
627.79	16.913
627.99	16.211
628.19	16.860
628.39	16.263
628.59	16.677
628.79	17.610
628.99	17.067
629.19	16.636
629.39	17.831
629.59	15.682
629.79	16.412
629.99	16.028
630.19	16.291
630.39	16.692
630.59	16.617
630.79	15.706
630.99	15.960
631.19	15.288
631.39	16.421
631.59	16.908
631.79	16.208
631.99	15.650
632.19	16.240
632.39	16.117
632.59	16.295
632.79	16.166
632.99	16.030
633.19	15.928
633.39	16.200
633.58	16.225
633.78	16.187
633.98	16.159
634.18	16.314
634.38	15.865
634.58	16.625
634.78	15.964
634.98	16.406
635.18	16.633
635.38	16.435
635.58	16.172
635.78	15.747
635.98	15.839
636.18	16.547
636.38	14.911
636.57	16.664
636.77	16.895
636.97	16.812
637.17	15.585
637.37	15.343
637.57	16.808
637.77	16.049
637.97	16.484
638.17	15.149
638.37	15.458
638.57	16.378
638.76	15.654
638.96	16.633
639.16	16.487
639.36	16.035
639.56	16.270
639.76	16.242
639.96	16.403
640.16	15.092
640.36	15.933
640.56	16.517
640.75	15.646
640.95	15.728
641.15	16.848
641.35	16.563
641.55	15.792
641.75	15.964
641.95	15.568
642.15	15.306
642.34	15.809
642.54	16.671
642.74	15.440
642.94	16.087
643.14	15.746
643.34	15.605
643.54	15.384
643.74	15.492
643.93	15.524
644.13	15.179
644.33	15.010
644.53	15.132
644.73	15.068
644.93	15.691
645.13	15.350
645.32	15.354
645.52	16.290
645.72	15.350
645.92	15.201
646.12	15.855
646.32	15.963
646.52	15.762
646.71	16.069
646.91	15.098
647.11	15.753
647.31	15.732
647.51	15.798
647.71	15.615
647.90	16.686
648.10	16.268
648.30	15.139
648.50	16.333
648.70	16.521
648.89	15.502
649.09	16.074
649.29	16.119
649.49	15.625
649.69	15.232
649.89	15.651
650.08	15.290
650.28	15.072
650.48	15.979
650.68	15.160
650.88	15.947
651.07	15.611
651.27	15.968
651.47	15.694
651.67	15.197
651.87	16.003
652.06	14.954
652.26	15.707
652.46	16.007
652.66	15.390
652.86	16.810
653.05	15.455
653.25	15.815
653.45	15.797
653.65	15.573
653.85	14.631
654.04	15.581
654.24	15.786
654.44	15.839
654.64	15.916
654.83	15.432
655.03	15.739
655.23	16.412
655.43	14.946
655.63	15.092
655.82	15.184
656.02	15.503
656.22	15.713
656.42	14.723
656.61	15.651
656.81	15.687
657.01	15.036
657.21	15.053
657.40	15.450
657.60	15.299
657.80	15.489
658.00	15.191
658.19	15.055
658.39	15.283
658.59	15.168
658.79	15.766
658.98	16.371
659.18	15.348
659.38	15.575
659.58	15.326
659.77	15.532
659.97	15.916
660.17	15.400
660.36	15.147
660.56	15.004
660.76	15.518
660.96	15.909
661.15	15.799
661.35	15.829
661.55	15.163
661.75	15.306
661.94	15.504
662.14	15.224
662.34	15.448
662.53	15.883
662.73	14.525
662.93	15.324
663.13	14.863
663.32	14.684
663.52	14.512
663.72	16.168
663.91	15.557
664.11	15.486
664.31	15.043
664.50	15.076
664.70	15.064
664.90	14.839
665.10	14.313
665.29	15.893
665.49	15.807
665.69	15.088
665.88	14.745
666.08	15.167
666.28	14.551
666.47	15.703
666.67	15.074
666.87	15.297
667.06	15.741
667.26	15.026
667.46	14.373
667.65	15.842
667.85	15.167
668.05	15.640
668.24	14.819
668.44	15.671
668.64	15.293
668.83	15.281
669.03	15.757
669.23	15.482
669.42	15.190
669.62	15.597
669.82	14.740
670.01	15.401
670.21	14.934
670.41	14.434
670.60	15.087
670.80	14.857
671.00	15.276
671.19	15.482
671.39	15.066
671.58	14.794
671.78	14.645
671.98	14.902
672.17	14.957
672.37	14.949
672.57	14.866
672.76	15.022
672.96	14.780
673.15	14.893
673.35	15.559
673.55	15.668
673.74	14.787
673.94	15.310
674.14	15.597
674.33	14.856
674.53	15.554
674.72	15.228
674.92	14.842
675.12	15.212
675.31	14.638
675.51	15.476
675.70	14.825
675.90	14.812
676.10	15.029
676.29	14.231
676.49	15.506
676.68	15.295
676.88	15.535
677.08	15.066
677.27	14.185
677.47	15.317
677.66	14.872
677.86	15.262
678.06	15.437
678.25	15.216
678.45	15.088
678.64	15.085
678.84	15.017
679.03	14.836
679.23	14.688
679.43	14.501
679.62	15.103
679.82	15.120
680.01	15.599
680.21	14.776
680.40	14.851
680.60	14.573
680.80	15.084
680.99	15.288
681.19	14.836
681.38	14.949
681.58	15.108
681.77	14.599
681.97	14.811
682.16	14.759
682.36	14.987
682.56	14.965
682.75	15.016
682.95	15.694
683.14	14.688
683.34	15.576
683.53	15.186
683.73	15.078
683.92	15.628
684.12	14.439
684.31	15.002
684.51	14.961
684.70	15.287
684.90	14.999
685.10	15.452
685.29	15.113
685.49	14.751
685.68	14.993
685.88	15.096
686.07	14.811
686.27	15.475
686.46	14.698
686.66	15.087
686.85	15.300
687.05	15.063
687.24	15.155
687.44	14.928
687.63	15.461
687.83	15.621
688.02	15.227
688.22	15.151
688.41	15.002
688.61	14.640
688.80	14.628
689.00	14.560
689.19	14.698
689.39	14.861
689.58	14.242
689.78	15.626
689.97	14.863
690.17	15.280
690.36	14.961
690.56	14.858
690.75	14.723
690.95	15.195
691.14	14.946
691.34	14.909
691.53	14.955
691.72	14.857
691.92	14.691
692.11	14.836
692.31	14.464
692.50	14.325
692.70	14.785
692.89	15.433
693.09	15.115
693.28	14.360
693.48	15.038
693.67	14.730
693.87	15.049
694.06	15.889
694.25	15.002
694.45	15.080
694.64	15.249
694.84	14.658
695.03	14.749
695.23	14.947
695.42	14.551
695.62	15.207
695.81	14.881
696.00	14.327
696.20	14.659
696.39	15.121
696.59	15.176
696.78	14.837
696.98	14.317
697.17	14.460
697.36	14.837
697.56	15.203
697.75	14.901
697.95	14.812
698.14	14.957
698.34	15.449
698.53	15.427
698.72	15.435
698.92	14.516
699.11	14.806
699.31	15.513
699.50	15.161
699.69	15.023
699.89	14.802
700.08	14.804
700.28	14.733
700.47	14.954
700.66	14.803
700.86	14.879
701.05	14.475
701.25	14.962
701.44	15.168
701.63	14.673
701.83	15.552
702.02	14.979
702.21	15.226
702.41	15.032
702.60	15.228
702.80	15.169
702.99	14.733
703.18	15.127
703.38	14.659
703.57	15.352
703.77	15.114
703.96	15.131
704.15	15.443
704.35	14.725
704.54	14.396
704.73	14.578
704.93	14.648
705.12	15.080
705.31	14.705
705.51	15.031
705.70	14.983
705.89	14.984
706.09	15.093
706.28	14.910
706.48	14.540
706.67	14.890
706.86	14.913
707.06	15.192
707.25	14.717
707.44	15.174
707.64	15.463
707.83	15.282
708.02	14.436
708.22	14.833
708.41	15.323
708.60	15.079
708.80	14.773
708.99	14.926
709.18	14.811
709.38	14.603
709.57	15.109
709.76	15.029
709.95	14.735
710.15	15.443
710.34	15.096
710.53	15.076
710.73	15.401
710.92	15.169
711.11	15.050
711.31	14.785
711.50	14.975
711.69	15.038
711.89	14.958
712.08	14.680
712.27	15.262
712.46	15.477
712.66	14.860
712.85	14.786
713.04	15.114
713.24	15.639
713.43	15.260
713.62	15.085
713.81	14.628
714.01	14.943
714.20	15.012
714.39	15.052
714.59	15.090
714.78	14.868
714.97	15.036
715.16	15.107
715.36	15.335
715.55	15.138
715.74	14.897
715.93	15.013
716.13	14.721
716.32	14.928
716.51	14.716
716.71	14.939
716.90	15.235
717.09	15.072
717.28	15.010
717.48	15.196
717.67	15.740
717.86	15.073
718.05	15.379
718.25	14.982
718.44	15.317
718.63	14.840
718.82	15.016
719.02	15.251
719.21	15.232
719.40	14.833
719.59	15.261
719.78	14.941
719.98	15.019
720.17	15.142
720.36	15.173
720.55	14.859
720.75	14.959
720.94	15.400
721.13	14.935
721.32	15.200
721.51	15.067
721.71	14.682
721.90	14.936
722.09	15.718
722.28	15.110
722.48	15.262
722.67	14.849
722.86	14.986
723.05	14.799
723.24	15.037
723.44	15.313
723.63	15.525
723.82	15.258
724.01	15.217
724.20	14.701
724.40	15.751
724.59	15.326
724.78	15.005
724.97	15.020
725.16	15.508
725.35	15.042
725.55	14.981
725.74	14.920
725.93	14.628
726.12	15.242
726.31	15.364
726.51	15.047
726.70	15.137
726.89	15.180
727.08	14.854
727.27	14.812
727.46	15.282
727.66	15.105
727.85	15.449
728.04	15.189
728.23	15.139
728.42	15.497
728.61	14.967
728.81	15.133
729.00	15.261
729.19	15.621
729.38	15.247
729.57	15.039
729.76	15.215
729.95	15.226
730.15	14.889
730.34	15.077
730.53	14.762
730.72	15.394
730.91	15.280
731.10	15.607
731.29	15.277
731.49	15.463
731.68	15.577
731.87	14.981
732.06	15.020
732.25	14.935
732.44	15.094
732.63	15.375
732.82	15.088
733.02	15.364
733.21	15.097
733.40	14.584
733.59	15.238
733.78	15.362
733.97	14.971
734.16	15.699
734.35	14.979
734.54	15.717
734.74	15.249
734.93	14.870
735.12	15.589
735.31	15.452
735.50	15.243
735.69	15.248
735.88	15.398
736.07	14.951
736.26	15.514
736.45	15.434
736.64	14.905
736.84	14.990
737.03	14.833
737.22	15.212
737.41	14.930
737.60	14.663
737.79	14.935
737.98	14.985
738.17	14.931
738.36	15.033
738.55	15.003
738.74	15.337
738.93	15.350
739.12	15.179
739.32	15.369
739.51	15.806
739.70	15.595
739.89	15.000
740.08	15.202
740.27	15.629
740.46	15.301
740.65	15.281
740.84	15.054
741.03	15.029
741.22	15.323
741.41	15.389
741.60	15.099
741.79	14.751
741.98	15.338
742.17	15.270
742.36	15.500
742.55	15.034
742.74	15.454
742.93	15.643
743.12	15.460
743.31	15.143
743.51	14.848
743.70	14.971
743.89	15.691
744.08	15.331
744.27	15.451
744.46	15.683
744.65	15.203
744.84	15.519
745.03	15.235
745.22	14.920
745.41	14.899
745.60	14.773
745.79	15.244
745.98	14.831
746.17	15.476
746.36	15.689
746.55	15.520
746.74	15.119
746.93	15.142
747.12	14.856
747.31	15.461
747.50	15.392
747.69	15.502
747.88	15.308
748.07	15.214
748.26	15.291
748.45	14.914
748.64	15.279
748.83	15.962
749.02	15.280
749.21	15.475
749.40	15.874
749.59	15.207
749.77	15.451
749.96	14.974
750.15	15.672
750.34	15.469
750.53	14.979
750.72	15.916
750.91	15.438
751.10	15.388
751.29	15.102
751.48	15.315
751.67	15.359
751.86	15.654
752.05	15.052
752.24	15.352
752.43	15.698
752.62	15.211
752.81	14.817
753.00	15.084
753.19	15.248
753.38	15.302
753.57	14.752
753.76	14.941
753.94	15.289
754.13	14.857
754.32	15.153
754.51	15.544
754.70	15.433
754.89	15.591
755.08	15.191
755.27	14.972
755.46	15.484
755.65	15.204
755.84	14.587
756.03	15.106
756.22	15.734
756.40	15.584
756.59	15.251
756.78	15.474
756.97	15.023
757.16	15.112
757.35	15.054
757.54	15.226
757.73	15.669
757.92	14.967
758.11	15.492
758.29	15.069
758.48	15.489
758.67	15.289
758.86	15.687
759.05	15.108
759.24	15.474
759.43	14.989
759.62	15.271
759.81	15.253
759.99	15.484
760.18	15.257
760.37	15.049
760.56	15.511
760.75	15.175
760.94	15.739
761.13	15.391
761.32	15.583
761.50	15.839
761.69	15.814
761.88	15.313
762.07	15.313
762.26	15.399
762.45	15.531
762.64	15.604
762.82	15.569
763.01	15.445
763.20	15.705
763.39	15.600
763.58	16.181
763.77	15.731
763.96	15.781
764.14	16.015
764.33	15.537
764.52	15.176
764.71	15.292
764.90	15.923
765.09	15.344
765.27	15.078
765.46	15.401
765.65	15.906
765.84	15.735
766.03	16.065
766.22	15.638
766.40	15.441
766.59	15.332
766.78	15.636
766.97	15.854
767.16	15.553
767.35	15.556
767.53	16.011
767.72	15.511
767.91	15.266
768.10	15.856
768.29	15.650
768.47	15.770
768.66	15.526
768.85	15.083
769.04	15.777
769.23	14.996
769.41	15.773
769.60	15.448
769.79	15.755
769.98	15.620
770.17	15.554
770.35	15.655
770.54	15.639
770.73	14.853
770.92	15.729
771.10	15.578
771.29	15.380
771.48	15.947
771.67	15.682
771.86	16.019
772.04	15.555
772.23	15.387
772.42	15.489
772.61	15.714
772.79	15.964
772.98	15.425
773.17	15.500
773.36	15.724
773.54	15.720
773.73	15.783
773.92	15.873
774.11	15.067
774.30	15.921
774.48	15.779
774.67	15.873
774.86	15.885
775.05	15.692
775.23	15.412
775.42	15.924
775.61	15.699
775.79	15.832
775.98	15.934
776.17	15.926
776.36	15.608
776.54	15.271
776.73	15.615
776.92	15.755
777.11	15.971
777.29	15.681
777.48	15.215
777.67	15.394
777.85	15.793
778.04	15.219
778.23	15.657
778.42	15.626
778.60	15.794
778.79	15.065
778.98	15.205
779.16	15.380
779.35	15.602
779.54	15.495
779.73	15.482
779.91	15.810
780.10	15.508
780.29	15.393
780.47	16.029
780.66	15.194
780.85	15.581
781.03	15.720
781.22	15.267
781.41	15.463
781.60	15.580
781.78	15.531
781.97	15.329
782.16	16.021
782.34	15.776
782.53	15.976
782.72	15.356
782.90	15.422
783.09	15.755
783.28	15.191
783.46	15.848
783.65	15.937
783.84	15.908
784.02	15.983
784.21	15.154
784.40	15.712
784.58	15.759
784.77	15.491
784.96	15.450
785.14	15.442
785.33	15.369
785.52	15.503
785.70	15.765
785.89	15.622
786.08	15.605
786.26	16.011
786.45	15.520
786.63	15.712
786.82	15.969
787.01	15.998
787.19	15.604
787.38	15.863
787.57	16.096
787.75	15.885
787.94	16.014
788.13	15.893
788.31	15.919
788.50	15.753
788.68	15.952
788.87	15.553
789.06	15.975
789.24	15.398
789.43	15.802
789.61	15.635
789.80	15.729
789.99	15.251
790.17	15.469
790.36	15.435
790.55	15.697
790.73	15.427
790.92	15.690
791.10	16.079
791.29	15.318
791.48	15.815
791.66	15.814
791.85	15.532
792.03	15.505
792.22	15.743
792.40	15.667
792.59	15.769
792.78	15.476
792.96	15.449
793.15	15.457
793.33	15.551
793.52	15.406
793.71	15.318
793.89	15.441
794.08	15.412
794.26	15.363
794.45	15.759
794.63	15.669
794.82	15.709
795.01	15.339
795.19	15.302
795.38	15.679
795.56	14.946
795.75	15.536
795.93	15.545
796.12	15.483
796.30	15.128
796.49	15.676
796.68	15.059
796.86	15.906
797.05	15.394
797.23	15.570
797.42	15.542
797.60	15.579
797.79	15.724
797.97	15.846
798.16	15.755
798.34	15.328
798.53	15.159
798.71	15.511
798.90	15.628
799.08	15.518
799.27	15.307
799.46	15.651
799.64	15.324
799.83	15.310
800.01	15.867
800.20	15.311
800.38	15.990
800.57	15.142
800.75	15.719
800.94	15.573
801.12	15.694
801.31	15.859
801.49	15.139
801.68	15.322
801.86	15.327
802.05	15.294
802.23	15.375
802.42	15.640
802.60	15.701
802.79	15.730
802.97	15.532
803.16	15.401
803.34	15.839
803.53	15.908
803.71	15.809
803.90	15.484
804.08	15.802
804.27	15.906
804.45	15.700
804.63	15.637
804.82	15.697
805.00	15.590
805.19	15.333
805.37	15.721
805.56	15.626
805.74	15.674
805.93	15.773
806.11	15.702
806.30	15.704
806.48	15.553
806.67	15.627
806.85	16.113
807.04	15.717
807.22	15.884
807.40	15.630
807.59	15.650
807.77	15.756
807.96	15.754
808.14	16.042
808.33	15.852
808.51	15.557
808.69	15.730
808.88	15.457
809.06	15.656
809.25	15.673
809.43	15.570
809.62	15.918
809.80	15.817
809.99	16.026
810.17	15.670
810.35	15.720
810.54	15.875
810.72	15.945
810.91	16.066
811.09	15.778
811.27	15.940
811.46	15.851
811.64	15.967
811.83	15.715
812.01	15.935
812.19	15.908
812.38	15.648
812.56	16.193
812.75	15.718
812.93	16.172
813.11	15.513
813.30	15.804
813.48	15.847
813.67	16.249
813.85	16.108
814.03	15.841
814.22	16.282
814.40	16.191
814.59	15.807
814.77	16.141
814.95	15.996
815.14	15.887
815.32	15.357
815.50	15.912
815.69	15.952
815.87	15.899
816.06	15.578
816.24	16.052
816.42	15.704
816.61	15.813
816.79	15.809
816.97	15.883
817.16	16.152
817.34	15.924
817.52	15.478
817.71	15.577
817.89	15.530
818.07	15.946
818.26	15.876
818.44	15.935
818.63	15.818
818.81	16.004
818.99	16.178
819.18	16.049
819.36	15.942
819.54	16.522
819.73	15.918
819.91	15.898
820.09	16.046
820.28	16.098
820.46	15.921
820.64	16.086
820.83	15.797
821.01	16.302
821.19	16.387
821.37	15.931
821.56	16.007
821.74	16.256
821.92	16.381
822.11	16.147
822.29	15.726
822.47	15.889
822.66	15.944
822.84	16.160
823.02	15.909
823.21	15.918
823.39	15.990
823.57	16.181
823.75	16.104
823.94	15.953
824.12	15.651
824.30	16.281
824.49	15.985
824.67	16.384
824.85	16.235
825.03	16.178
825.22	16.222
825.40	16.015
825.58	16.198
825.77	16.177
825.95	16.349
826.13	15.977
826.31	16.187
826.50	16.345
826.68	16.335
826.86	16.321
827.04	16.044
827.23	16.387
827.41	16.185
827.59	16.244
827.78	16.327
827.96	16.337
828.14	16.217
828.32	16.493
828.51	16.171
828.69	16.179
828.87	15.940
829.05	15.983
829.23	17.037
829.42	15.975
829.60	16.281
829.78	16.295
829.96	16.155
830.15	15.968
830.33	16.724
830.51	16.322
830.69	16.482
830.88	16.467
831.06	16.001
831.24	16.432
831.42	16.198
831.60	16.849
831.79	16.557
831.97	16.218
832.15	16.464
832.33	16.636
832.52	16.243
832.70	16.519
832.88	16.221
833.06	16.391
833.24	16.297
833.43	16.467
833.61	16.237
833.79	16.822
833.97	15.866
834.15	16.095
834.34	16.204
834.52	16.105
834.70	16.256
834.88	16.501
835.06	16.187
835.25	15.874
835.43	16.308
835.61	16.158
835.79	16.517
835.97	16.180
836.15	16.170
836.34	16.270
836.52	16.570
836.70	16.539
836.88	16.586
837.06	16.266
837.24	16.430
837.43	16.440
837.61	16.368
837.79	16.694
837.97	16.190
838.15	16.648
838.33	16.721
838.52	16.340
838.70	16.812
838.88	16.771
839.06	16.436
839.24	16.319
839.42	16.077
839.60	16.982
839.79	16.517
839.97	17.095
840.15	16.356
840.33	17.016
840.51	16.780
840.69	16.866
840.87	16.700
841.06	16.612
841.24	16.526
841.42	16.943
841.60	17.018
841.78	16.410
841.96	16.704
842.14	17.027
842.32	17.441
842.51	16.974
842.69	17.102
842.87	16.547
843.05	17.162
843.23	17.005
843.41	16.779
843.59	16.933
843.77	16.760
843.95	16.738
844.14	17.022
844.32	16.714
844.50	16.960
844.68	17.149
844.86	16.894
845.04	16.580
845.22	17.340
845.40	17.618
845.58	17.324
845.76	17.243
845.94	17.062
846.12	17.468
846.31	16.572
846.49	17.466
846.67	17.420
846.85	17.494
847.03	17.278
847.21	17.182
847.39	17.360
847.57	17.250
847.75	17.300
847.93	16.917
848.11	16.807
848.29	17.673
848.47	17.197
848.65	17.499
848.83	17.309
849.02	17.264
849.20	17.733
849.38	17.610
849.56	17.287
849.74	17.795
849.92	17.098
850.10	17.452
850.28	17.393
850.46	16.864
850.64	17.485
850.82	17.399
851.00	17.382
851.18	17.705
851.36	17.121
851.54	17.593
851.72	17.342
851.90	17.366
852.08	17.223
852.26	17.594
852.44	17.073
852.62	17.256
852.80	16.921
852.98	17.145
853.16	17.411
853.34	17.277
853.52	17.040
853.70	17.673
853.88	17.552
854.06	17.052
854.24	17.457
854.42	17.151
854.60	17.239
854.78	17.302
854.96	17.720
855.14	17.486
855.32	17.682
855.50	17.175
855.68	17.232
855.86	17.602
856.04	17.325
856.22	17.219
856.40	17.237
856.58	17.253
856.76	17.098
856.94	17.691
857.12	17.503
857.30	17.745
857.48	17.472
857.66	17.764
857.84	17.956
858.02	17.673
858.20	17.658
858.38	17.641
858.56	17.841
858.74	17.741
858.92	17.490
859.10	17.763
859.28	17.295
859.46	17.249
859.64	17.525
859.81	17.506
859.99	17.689
860.17	17.302
860.35	17.879
860.53	17.609
860.71	17.993
860.89	17.676
861.07	17.808
861.25	17.720
861.43	17.941
861.61	18.173
861.79	18.134
861.97	17.679
862.15	18.556
862.33	18.012
862.50	18.112
862.68	18.467
862.86	18.154
863.04	17.981
863.22	18.170
863.40	18.577
863.58	18.129
863.76	18.290
863.94	17.779
864.12	18.163
864.30	18.011
864.47	18.719
864.65	17.847
864.83	17.957
865.01	17.745
865.19	18.199
865.37	17.968
865.55	18.346
865.73	18.343
865.91	18.400
866.09	17.748
866.26	18.066
866.44	18.209
866.62	18.730
866.80	17.831
866.98	18.139
867.16	18.489
867.34	17.995
867.52	18.137
867.69	17.966
867.87	18.269
868.05	18.578
868.23	18.012
868.41	18.206
868.59	18.167
868.77	18.244
868.94	18.374
869.12	18.738
869.30	18.588
869.48	18.492
869.66	18.573
869.84	18.860
870.02	18.381
870.19	18.780
870.37	18.415
870.55	18.796
870.73	18.753
870.91	18.909
871.09	18.870
871.26	18.934
871.44	18.868
871.62	19.023
871.80	18.845
871.98	18.820
872.16	18.589
872.33	19.152
872.51	18.918
872.69	18.620
872.87	18.704
873.05	18.458
873.22	18.428
873.40	19.162
873.58	18.855
873.76	18.200
873.94	19.012
874.12	18.728
874.29	19.248
874.47	18.896
874.65	19.264
874.83	19.105
875.01	18.866
875.18	19.124
875.36	19.131
875.54	19.136
875.72	18.463
875.89	19.403
876.07	18.906
876.25	19.341
876.43	19.261
876.61	19.483
876.78	19.309
876.96	19.473
877.14	19.276
877.32	18.736
877.49	19.097
877.67	19.244
877.85	19.346
878.03	19.224
878.21	19.636
878.38	19.243
878.56	19.104
878.74	19.165
878.92	19.047
879.09	19.221
879.27	19.266
879.45	18.815
879.63	18.955
879.80	19.017
879.98	18.978
880.16	18.818
880.34	19.039
880.51	19.030
880.69	19.107
880.87	19.472
881.05	18.964
881.22	18.734
881.40	19.085
881.58	19.150
881.75	18.809
881.93	19.206
882.11	19.045
882.29	18.738
882.46	19.267
882.64	18.903
882.82	18.461
883.00	18.920
883.17	18.939
883.35	18.911
883.53	18.892
883.70	19.361
883.88	18.829
884.06	18.975
884.23	18.947
884.41	19.158
884.59	18.939
884.77	19.016
884.94	19.102
885.12	19.022
885.30	19.050
885.47	19.174
885.65	18.898
885.83	19.135
886.00	19.209
886.18	19.535
886.36	19.375
886.53	19.202
886.71	19.253
886.89	19.262
887.07	19.373
887.24	19.222
887.42	18.846
887.60	19.380
887.77	19.171
887.95	19.179
888.13	19.481
888.30	18.708
888.48	19.479
888.66	19.264
888.83	19.125
889.01	18.852
889.18	18.842
889.36	19.071
889.54	18.454
889.71	19.013
889.89	18.903
890.07	19.115
890.24	19.185
890.42	18.919
890.60	18.979
890.77	18.917
890.95	19.293
891.13	18.950
891.30	18.998
891.48	19.219
891.65	19.030
891.83	18.739
892.01	19.167
892.18	18.846
892.36	19.418
892.54	18.575
892.71	18.896
892.89	19.289
893.06	19.020
893.24	19.264
893.42	19.125
893.59	19.407
893.77	19.177
893.94	19.238
894.12	18.698
894.30	19.267
894.47	18.800
894.65	18.925
894.82	19.043
895.00	19.281
895.18	18.917
895.35	19.135
895.53	19.301
895.70	18.877
895.88	18.832
896.06	18.687
896.23	18.696
896.41	18.774
896.58	18.970
896.76	18.847
896.93	19.029
897.11	18.943
897.29	18.700
897.46	18.956
897.64	19.226
897.81	19.043
897.99	18.745
898.16	18.897
898.34	19.138
898.52	19.052
898.69	18.778
898.87	19.098
899.04	18.758
899.22	18.412
899.39	19.244
899.57	18.956
899.74	19.096
899.92	19.113
900.10	19.118
900.27	19.440
900.45	19.081
900.62	19.239
900.80	19.065
900.97	19.297
901.15	18.901
901.32	19.118
901.50	19.272
901.67	19.191
901.85	18.986
902.02	19.179
902.20	19.169
902.37	19.368
902.55	18.679
902.72	18.930
902.90	19.172
903.07	18.854
903.25	19.153
903.43	18.537
903.60	18.835
903.78	18.867
903.95	18.829
904.13	18.791
904.30	18.791
904.48	18.859
904.65	19.066
904.83	18.822
905.00	18.991
905.17	18.983
905.35	18.671
905.52	18.968
905.70	19.126
905.87	18.717
906.05	18.748
906.22	19.130
906.40	18.560
906.57	18.985
906.75	18.539
906.92	18.583
907.10	18.512
907.27	18.400
907.45	18.225
907.62	18.865
907.80	18.037
907.97	18.487
908.15	18.260
908.32	18.366
908.49	18.386
908.67	18.267
908.84	18.087
909.02	18.034
909.19	18.086
909.37	18.547
909.54	18.690
909.72	18.160
909.89	18.449
910.07	18.405
910.24	17.917
910.41	18.436
910.59	18.270
910.76	18.157
910.94	18.549
911.11	18.246
911.29	18.430
911.46	18.096
911.63	18.333
911.81	18.432
911.98	18.774
912.16	18.076
912.33	18.456
912.50	18.374
912.68	18.405
912.85	18.474
913.03	18.423
913.20	18.246
913.38	18.087
913.55	18.636
913.72	18.323
913.90	18.935
914.07	18.644
914.25	18.810
914.42	18.117
914.59	18.246
914.77	18.170
914.94	17.809
915.11	18.751
915.29	18.288
915.46	18.191
915.64	18.407
915.81	18.163
915.98	17.951
916.16	18.359
916.33	18.381
916.51	18.031
916.68	18.330
916.85	18.141
917.03	18.839
917.20	17.987
917.37	18.217
917.55	18.015
917.72	18.116
917.89	17.705
918.07	18.209
918.24	17.868
918.42	17.985
918.59	18.019
918.76	18.009
918.94	17.965
919.11	17.766
919.28	17.736
919.46	17.911
919.63	17.859
919.80	17.719
919.98	17.819
920.15	17.664
920.32	18.645
920.50	17.797
920.67	18.072
920.84	18.110
921.02	17.858
921.19	18.316
921.36	17.605
921.54	18.006
921.71	17.929
921.88	17.781
922.06	16.960
922.23	17.962
922.40	17.690
922.57	17.895
922.75	18.256
922.92	18.218
923.09	17.777
923.27	17.631
923.44	17.547
923.61	17.986
923.79	17.516
923.96	18.471
924.13	17.753
924.30	17.725
924.48	17.728
924.65	17.817
924.82	17.360
925.00	17.654
925.17	17.487
925.34	17.762
925.51	17.513
925.69	17.925
925.86	17.892
926.03	17.652
926.21	17.587
926.38	17.555
926.55	17.676
926.72	17.487
926.90	17.543
927.07	17.339
927.24	17.277
927.41	17.646
927.59	17.454
927.76	17.371
927.93	17.416
928.10	17.510
928.28	17.416
928.45	17.521
928.62	17.478
928.79	17.890
928.97	17.113
929.14	17.011
929.31	17.594
929.48	17.149
929.66	17.199
929.83	17.485
930.00	17.222
930.17	17.362
930.34	17.379
930.52	17.352
930.69	16.993
930.86	17.175
931.03	17.355
931.21	17.120
931.38	17.609
931.55	17.629
931.72	17.246
931.89	17.103
932.07	17.472
932.24	17.218
932.41	17.322
932.58	17.249
932.75	16.879
932.93	17.127
933.10	17.127
933.27	16.985
933.44	17.080
933.61	16.899
933.79	17.304
933.96	17.464
934.13	17.623
934.30	16.912
934.47	17.048
934.65	17.295
934.82	17.639
934.99	16.803
935.16	17.333
935.33	16.951
935.50	17.519
935.68	16.703
935.85	17.343
936.02	17.092
936.19	16.861
936.36	17.160
936.53	16.880
936.71	17.331
936.88	17.163
937.05	17.749
937.22	17.722
937.39	16.723
937.56	16.962
937.74	16.825
937.91	17.274
938.08	16.853
938.25	17.299
938.42	17.146
938.59	16.884
938.76	17.180
938.94	17.031
939.11	17.100
939.28	17.638
939.45	17.115
939.62	17.567
939.79	17.162
939.96	16.888
940.13	16.952
940.31	17.112
940.48	17.230
940.65	17.069
940.82	17.962
940.99	17.015
941.16	17.598
941.33	16.628
941.50	17.565
941.67	17.649
941.85	16.887
942.02	16.893
942.19	17.341
942.36	17.207
942.53	17.477
942.70	17.240
942.87	17.019
943.04	16.816
943.21	17.425
943.38	16.584
943.56	17.007
943.73	16.613
943.90	17.189
944.07	16.343
944.24	17.076
944.41	17.004
944.58	16.713
944.75	16.770
944.92	17.094
945.09	17.112
945.26	16.472
945.43	16.632
945.60	16.511
945.78	16.659
945.95	16.709
946.12	16.769
946.29	16.041
946.46	16.685
946.63	16.284
946.80	16.085
946.97	16.012
947.14	16.392
947.31	16.173
947.48	16.657
947.65	16.768
947.82	16.299
947.99	15.914
948.16	16.297
948.33	16.430
948.50	16.175
948.67	16.274
948.84	16.908
949.01	16.634
949.18	16.486
949.35	16.845
949.52	16.196
949.69	16.334
949.86	16.268
950.03	16.427
950.20	15.960
950.38	16.092
950.55	17.164
950.72	15.770
950.89	15.916
951.06	15.445
951.23	16.312
951.40	16.331
951.57	16.598
951.74	16.110
951.91	15.980
952.08	15.533
952.25	16.032
952.42	16.103
952.59	15.711
952.76	15.526
952.92	15.521
953.09	15.945
953.26	16.402
953.43	16.248
953.60	15.753
953.77	15.892
953.94	15.921
954.11	16.272
954.28	16.341
954.45	16.182
954.62	15.549
954.79	16.001
954.96	15.796
955.13	15.898
955.30	15.509
955.47	15.484
955.64	15.485
955.81	15.855
955.98	14.972
956.15	15.737
956.32	15.873
956.49	15.489
956.66	15.399
956.83	15.847
957.00	15.849
957.17	16.002
957.33	15.952
957.50	15.628
957.67	16.030
957.84	16.361
958.01	15.618
958.18	15.722
958.35	15.446
958.52	15.673
958.69	15.701
958.86	15.229
959.03	15.522
959.20	15.518
959.37	15.081
959.53	15.861
959.70	15.241
959.87	15.170
960.04	15.124
960.21	15.120
960.38	15.739
960.55	14.956
960.72	15.298
960.89	15.140
961.06	15.155
961.23	15.583
961.39	15.311
961.56	15.343
961.73	15.296
961.90	15.298
962.07	15.738
962.24	15.152
962.41	14.916
962.58	15.479
962.75	15.070
962.91	15.643
963.08	14.991
963.25	15.193
963.42	15.222
963.59	15.460
963.76	15.161
963.93	14.828
964.09	15.222
964.26	15.015
964.43	15.141
964.60	15.361
964.77	15.320
964.94	15.238
965.11	15.180
965.27	14.732
965.44	15.008
965.61	14.771
965.78	15.327
965.95	14.937
966.12	15.173
966.29	15.474
966.45	15.258
966.62	15.059
966.79	14.979
966.96	14.874
967.13	14.987
967.30	16.030
967.46	15.361
967.63	15.217
967.80	14.871
967.97	14.858
968.14	15.444
968.30	15.339
968.47	15.060
968.64	16.385
968.81	15.026
968.98	15.254
969.15	14.604
969.31	15.325
969.48	15.077
969.65	15.518
969.82	14.741
969.99	15.071
970.15	15.856
970.32	14.722
970.49	15.408
970.66	15.076
970.82	15.268
970.99	15.439
971.16	15.283
971.33	15.212
971.50	15.118
971.66	15.059
971.83	15.432
972.00	15.393
972.17	15.267
972.34	14.443
972.50	14.761
972.67	15.023
972.84	15.123
973.01	15.398
973.17	15.293
973.34	15.096
973.51	15.328
973.68	14.976
973.84	14.859
974.01	14.590
974.18	15.030
974.35	14.722
974.51	15.335
974.68	15.747
974.85	15.074
975.02	15.114
975.18	15.254
975.35	15.782
975.52	14.512
975.69	14.760
975.85	15.326
976.02	15.246
976.19	14.562
976.36	15.503
976.52	15.273
976.69	15.253
976.86	15.333
977.02	14.036
977.19	14.791
977.36	14.669
977.53	15.654
977.69	15.724
977.86	15.258
978.03	15.180
978.19	15.659
978.36	14.904
978.53	15.724
978.70	15.042
978.86	15.317
979.03	15.853
979.20	15.007
979.36	15.685
979.53	15.198
979.70	15.759
979.86	15.852
980.03	15.254
980.20	14.891
980.36	14.868
980.53	15.264
980.70	14.850
980.86	14.325
981.03	15.448
981.20	14.713
981.36	15.775
981.53	15.367
981.70	14.938
981.86	15.052
982.03	15.488
982.20	15.537
982.36	15.385
982.53	14.618
982.70	15.640
982.86	15.525
983.03	15.393
983.20	15.646
983.36	15.562
983.53	15.207
983.70	15.142
983.86	14.469
984.03	14.501
984.20	14.748
984.36	15.060
984.53	15.742
984.70	15.774
984.86	14.524
985.03	15.088
985.19	14.579
985.36	14.868
985.53	15.208
985.69	14.625
985.86	14.322
986.03	15.210
986.19	15.040
986.36	15.163
986.52	15.450
986.69	14.860
986.86	15.138
987.02	16.004
987.19	14.751
987.35	15.446
987.52	14.596
987.69	14.872
987.85	14.928
988.02	15.502
988.18	15.428
988.35	14.923
988.52	14.860
988.68	14.806
988.85	14.839
989.01	15.652
989.18	14.889
989.35	14.987
989.51	14.447
989.68	15.320
989.84	14.712
990.01	14.923
990.17	15.641
990.34	15.416
990.51	16.078
990.67	15.472
990.84	15.194
991.00	15.108
991.17	14.494
991.33	15.004
991.50	15.617
991.66	15.325
991.83	14.622
992.00	15.087
992.16	15.557
992.33	14.820
992.49	14.870
992.66	15.078
992.82	15.144
992.99	14.412
993.15	14.938
993.32	15.829
993.48	15.758
993.65	15.487
993.82	14.670
993.98	16.011
994.15	15.520
994.31	15.275
994.48	15.348
994.64	15.724
994.81	15.974
994.97	14.229
995.14	16.885
995.30	15.462
995.47	14.288
995.63	14.810
995.80	15.300
995.96	14.362
996.13	15.608
996.29	16.078
996.46	14.925
996.62	14.862
996.79	13.842
996.95	15.470
997.12	14.999
997.28	15.784
997.45	16.187
997.61	15.045
997.78	14.676
997.94	15.107
998.11	15.090
998.27	15.572
998.44	14.619
998.60	14.744
998.77	16.346
998.93	15.757
999.10	16.413
999.26	16.069
999.43	16.412
999.59	15.800
999.75	15.830
999.92	15.246
1000.08	16.083
1000.25	15.763
1000.41	16.551
1000.58	15.370
1000.74	15.437
1000.91	15.552
1001.07	14.974
1001.24	15.482
1001.40	14.739
1001.56	16.235
1001.73	15.854
1001.89	15.849
1002.06	15.003
1002.22	15.723
1002.39	14.636
1002.55	14.886
1002.71	15.024
1002.88	16.018
1003.04	15.504
1003.21	15.615
1003.37	14.724
1003.54	14.719
1003.70	16.578
1003.86	16.073
1004.03	15.970
1004.19	15.334
1004.36	16.185
1004.52	16.931
1004.68	15.994
1004.85	15.251
1005.01	16.013
1005.18	15.680
1005.34	16.277
1005.50	16.201
1005.67	15.406
1005.83	16.229
1006.00	16.190
1006.16	16.566
1006.32	16.773
1006.49	15.184
1006.65	15.086
1006.82	13.422
1006.98	15.220
1007.14	14.958
1007.31	16.865
1007.47	15.626
1007.63	15.628
1007.80	16.966
1007.96	15.857
1008.13	15.714
1008.29	15.800
1008.45	17.097
1008.62	16.320
1008.78	16.493
1008.94	16.102
1009.11	16.926
1009.27	16.813
1009.43	17.724
1009.60	15.875
1009.76	15.771
1009.92	16.984
1010.09	17.975
1010.25	18.120
1010.42	18.422
1010.58	15.005
1010.74	16.814
1010.91	15.932
1011.07	16.735
1011.23	17.785
1011.40	16.809
1011.56	15.615
1011.72	18.024
1011.89	18.283
1012.05	16.735
1012.21	15.840
1012.37	17.726
1012.54	16.418
1012.70	17.449
1012.86	15.581
1013.03	17.259
1013.19	18.484
1013.35	16.790
1013.52	17.339
1013.68	18.363
1013.84	16.823
1014.01	18.073
1014.17	18.017
1014.33	16.252
1014.49	19.283
1014.66	16.408
1014.82	17.608
1014.98	17.720
1015.15	16.673
1015.31	18.085
1015.47	17.416
1015.63	18.658
1015.80	16.583
1015.96	18.629
1016.12	18.542
1016.29	15.181
1016.45	16.003
1016.61	17.769
1016.77	15.128
1016.94	17.467
1017.10	16.518
1017.26	19.162
1017.42	17.966
1017.59	17.813
1017.75	18.274
1017.91	17.640
1018.07	18.963
1018.24	20.018
1018.40	18.756
1018.56	16.006
1018.72	18.854
1018.89	18.901
1019.05	18.516
1019.21	17.804
1019.37	18.894
1019.54	20.029
1019.70	21.275
1019.86	18.130
1020.02	17.213
1020.19	18.441
1020.35	19.304
1020.51	21.479
1020.67	20.679
1020.83	19.828
1021.00	20.546
1021.16	20.782
1021.32	15.939
1021.48	18.851
1021.64	20.914
1021.81	19.610
1021.97	17.793
1022.13	19.087
1022.29	20.067
1022.45	18.329
1022.62	19.822
1022.78	21.568
1022.94	18.761
1023.10	16.452
1023.26	21.603
1023.43	21.581
1023.59	22.369
1023.75	21.150
1023.91	19.890
1024.07	22.013
1024.24	21.997
1024.40	22.763
1024.56	22.160
1024.72	21.689
1024.88	21.166
1025.04	18.420
1025.21	20.513
1025.37	19.541
1025.53	21.473
1025.69	21.933
1025.85	17.698
1026.01	23.399
1026.18	25.539
1026.34	19.388
1026.50	25.595
1026.66	21.876
1026.82	29.979
1026.98	21.878
1027.14	23.386
1027.31	20.031
1027.47	23.602
1027.63	25.494
1027.79	24.644
1027.95	29.017
1028.11	21.071
1028.27	26.790
1028.44	27.779
1028.60	21.611
1028.76	24.657
1028.92	24.562
1029.08	26.856
1029.24	23.250
1029.40	25.023
1029.56	25.194
1029.73	29.837
1029.89	26.907
1030.05	23.028
1030.21	28.471
1030.37	19.117
1030.53	28.209
1030.69	25.930
1030.85	27.566
1031.01	27.915
1031.17	26.908
1031.34	26.288
1031.50	27.107
1031.66	27.411
1031.82	31.051
1031.98	28.834
1032.14	27.911
1032.30	31.651
1032.46	29.510
1032.62	25.679
1032.78	26.109
1032.94	23.371
1033.10	31.536
1033.27	27.038
1033.43	30.751
1033.59	27.351
1033.75	26.783
1033.91	31.684
1034.07	36.538
1034.23	28.923
1034.39	29.060
1034.55	28.511
1034.71	33.883
1034.87	27.447
1035.03	29.149
1035.19	26.277
1035.35	25.917
1035.51	45.799
1035.67	26.919
1035.83	34.757
1035.99	33.280
1036.16	34.153
1036.32	27.456
1036.48	41.550
1036.64	38.841
1036.80	44.448
1036.96	35.976
1037.12	23.973
1037.28	33.003
1037.44	38.451
1037.60	40.388
1037.76	32.380
1037.92	45.656
1038.08	30.479
1038.24	45.614
1038.40	44.550
1038.56	39.524
1038.72	39.686
1038.88	31.198
1039.04	35.215
1039.20	41.504
1039.36	44.722
1039.52	39.699
1039.68	44.055
1039.84	34.347
1040.00	50.552
1040.16	57.541
1040.32	63.672
1040.48	49.847
1040.64	56.142
1040.80	81.762
1040.96	48.335
1041.12	55.050
1041.28	59.295
1041.44	65.690
1041.60	49.433
1041.76	51.219
1041.92	70.186
1042.08	62.371
1042.24	52.247
1042.39	100.020
1042.55	73.927
1042.71	65.165
1042.87	62.020
1043.03	58.652
1043.19	68.388
