345.44	0.858
345.66	0.858
345.88	0.858
346.10	-4.893
346.31	-3.438
346.53	1.669
346.75	-4.327
346.97	-3.823
347.19	2.062
347.41	-7.600
347.63	-4.878
347.85	-8.221
348.07	-4.491
348.29	-2.391
348.51	-0.443
348.73	-0.584
348.95	-11.616
349.17	-6.169
349.39	-0.312
349.61	2.180
349.83	-1.479
350.05	-3.240
350.27	0.571
350.49	-10.194
350.71	-12.747
350.93	-2.215
351.15	-9.175
351.37	-6.208
351.59	-7.680
351.80	-7.759
352.02	2.286
352.24	-1.970
352.46	-8.191
352.68	-3.605
352.90	-2.894
353.12	-5.572
353.34	-1.208
353.56	-5.206
353.78	-2.428
354.00	-0.000
354.22	-0.754
354.44	0.150
354.66	-4.477
354.88	-2.080
355.09	-5.393
355.31	0.614
355.53	-0.153
355.75	-4.504
355.97	-6.156
356.19	-2.542
356.41	0.296
356.63	-7.812
356.85	-9.022
357.07	-7.458
357.29	2.134
357.50	-1.171
357.72	-5.775
357.94	-3.503
358.16	-9.523
358.38	-3.538
358.60	-6.695
358.82	-5.103
359.04	-1.366
359.26	-1.219
359.48	-6.940
359.69	-1.508
359.91	-5.360
360.13	-10.248
360.35	-10.283
360.57	-2.905
360.79	-0.770
361.01	2.114
361.23	-0.893
361.45	-11.168
361.66	-2.530
361.88	-3.179
362.10	-6.956
362.32	-0.288
362.54	-0.695
362.76	-1.180
362.98	-9.745
363.20	-3.639
363.41	-2.951
363.63	-7.046
363.85	-3.975
364.07	-5.600
364.29	-7.197
364.51	-8.864
364.73	-10.778
364.94	-4.889
365.16	-2.861
365.38	-2.607
365.60	-5.229
365.82	-5.745
366.04	-5.454
366.26	-1.019
366.47	-5.781
366.69	-1.272
366.91	-5.854
367.13	-4.711
367.35	-6.803
367.57	-11.110
367.79	-9.014
368.00	-8.892
368.22	-3.814
368.44	-2.474
368.66	-2.801
368.88	-4.283
369.10	-7.142
369.31	-7.875
369.53	-6.240
369.75	-5.231
369.97	-3.215
370.19	-2.273
370.41	-7.100
370.62	-5.745
370.84	-1.385
371.06	-7.109
371.28	-7.460
371.50	-3.101
371.71	-7.826
371.93	-2.937
372.15	0.137
372.37	-11.549
372.59	-6.885
372.80	-10.708
373.02	-2.564
373.24	1.470
373.46	-8.095
373.68	-9.656
373.90	-5.926
374.11	-1.231
374.33	-1.870
374.55	-0.303
374.77	0.426
374.98	-7.055
375.20	-8.837
375.42	-1.497
375.64	-5.663
375.86	-4.762
376.07	-7.570
376.29	-3.910
376.51	-5.151
376.73	4.178
376.95	2.171
377.16	-1.889
377.38	-5.286
377.60	-4.915
377.82	-3.067
378.03	-10.429
378.25	-2.894
378.47	-2.428
378.69	-4.471
378.91	1.508
379.12	-6.485
379.34	-6.289
379.56	-3.013
379.78	-2.761
379.99	-8.575
380.21	-3.485
380.43	0.586
380.65	-9.048
380.86	1.039
381.08	-4.461
381.30	2.640
381.52	0.886
381.73	-5.817
381.95	-7.726
382.17	5.147
382.39	-10.260
382.60	-2.937
382.82	-12.600
383.04	-5.801
383.26	-2.229
383.47	-6.153
383.69	-8.360
383.91	-10.032
384.13	-1.441
384.34	-2.190
384.56	-5.240
384.78	-8.500
385.00	-1.912
385.21	-3.726
385.43	2.311
385.65	-2.215
385.86	-6.083
386.08	-3.264
386.30	-1.475
386.52	-4.637
386.73	-7.332
386.95	-0.139
387.17	-0.000
387.38	-4.321
387.60	-1.917
387.82	-5.967
388.04	-7.941
388.25	-8.319
388.47	-5.718
388.69	-2.651
388.90	1.049
389.12	2.966
389.34	-3.686
389.56	-5.360
389.77	1.234
389.99	-0.145
390.21	-3.994
390.42	0.148
390.64	-4.327
390.86	-7.798
391.07	-6.531
391.29	-2.500
391.51	-2.778
391.72	-6.241
391.94	-0.292
392.16	-1.125
392.38	-7.739
392.59	-3.703
392.81	-5.934
393.03	-8.159
393.24	-0.000
393.46	-3.053
393.68	-8.087
393.89	-2.050
394.11	-12.675
394.33	-3.186
394.54	-4.229
394.76	0.147
394.98	-1.240
395.19	-0.425
395.41	-3.333
395.63	-5.847
395.84	-1.488
396.06	-6.862
396.28	-6.074
396.49	2.564
396.71	-4.117
396.93	-4.984
397.14	0.303
397.36	2.315
397.57	2.575
397.79	0.303
398.01	-1.985
398.22	-9.118
398.44	-9.999
398.66	-0.155
398.87	-4.567
399.09	-3.104
399.31	-9.953
399.52	-5.638
399.74	-4.288
399.96	-0.755
400.17	5.900
400.39	-12.480
400.60	-12.499
400.82	-9.104
401.04	-3.779
401.25	-4.334
401.47	-5.405
401.69	-2.937
401.90	-4.664
402.12	-4.819
402.33	-3.645
402.55	-1.214
402.77	-0.586
402.98	-4.054
403.20	-6.666
403.41	-2.612
403.63	-2.458
403.85	-5.754
404.06	-0.156
404.28	-13.439
404.49	-10.736
404.71	-4.143
404.93	-0.430
405.14	-3.981
405.36	-0.156
405.57	-0.146
405.79	-6.060
406.01	-1.639
406.22	-1.722
406.44	-5.828
406.65	0.876
406.87	-2.552
407.09	-10.322
407.30	-3.417
407.52	-13.927
407.73	-9.279
407.95	0.152
408.17	-12.106
408.38	-5.116
408.60	-12.383
408.81	-3.759
409.03	-3.933
409.24	-3.541
409.46	-8.801
409.68	-7.504
409.89	-3.328
410.11	-8.399
410.32	-9.427
410.54	-2.905
410.75	-3.566
410.97	-3.726
411.18	-2.290
411.40	3.120
411.62	-4.900
411.83	-4.438
412.05	-0.915
412.26	-7.928
412.48	-5.172
412.69	0.300
412.91	-2.941
413.12	-9.682
413.34	-3.962
413.56	1.178
413.77	-2.439
413.99	-1.903
414.20	-8.791
414.42	-1.042
414.63	-6.446
414.85	-4.501
415.06	-5.077
415.28	2.388
415.49	-1.620
415.71	-8.580
415.92	-5.151
416.14	-3.858
416.35	-1.092
416.57	-0.000
416.79	-10.108
417.00	3.577
417.22	-4.559
417.43	-4.081
417.65	-9.345
417.86	-4.122
418.08	-6.070
418.29	-1.940
418.51	-2.751
418.72	-0.753
418.94	-4.091
419.15	-11.631
419.37	-1.905
419.58	-7.060
419.80	-2.659
420.01	-2.873
420.23	-13.246
420.44	-3.744
420.66	-1.223
420.87	-3.818
421.09	-17.691
421.30	-8.999
421.52	-6.616
421.73	-7.800
421.95	-3.609
422.16	-2.454
422.38	-4.075
422.59	-6.089
422.81	-3.681
423.02	-2.883
423.23	-2.923
423.45	1.517
423.66	-5.100
423.88	1.180
424.09	-3.006
424.31	-1.923
424.52	-7.656
424.74	-8.660
424.95	1.374
425.17	-8.061
425.38	-4.160
425.60	-7.120
425.81	-6.132
426.03	-5.882
426.24	-4.573
426.45	-1.832
426.67	-2.619
426.88	-6.677
427.10	-4.538
427.31	-6.763
427.53	-3.533
427.74	-3.495
427.96	1.669
428.17	-9.584
428.39	-7.866
428.60	-0.602
428.81	-4.379
429.03	-7.855
429.24	-3.927
429.46	-8.292
429.67	-7.641
429.89	-3.610
430.10	0.322
430.31	-2.530
430.53	-3.544
430.74	-4.327
430.96	-5.952
431.17	-8.639
431.39	-7.507
431.60	2.611
431.81	-6.602
432.03	-1.075
432.24	-7.615
432.46	2.597
432.67	-5.873
432.89	-13.996
433.10	-9.197
433.31	-1.061
433.53	-9.302
433.74	-8.240
433.96	-6.596
434.17	-8.913
434.38	-7.792
434.60	-10.102
434.81	-10.587
435.03	-13.161
435.24	-4.451
435.45	-3.603
435.67	-9.687
435.88	-0.310
436.10	-2.057
436.31	-3.086
436.52	-11.965
436.74	-0.632
436.95	-17.246
437.17	-10.500
437.38	-7.728
437.59	3.030
437.81	-6.383
438.02	-7.915
438.23	-3.820
438.45	-8.318
438.66	-2.073
438.88	-7.154
439.09	-4.836
439.30	-7.432
439.52	0.796
439.73	-3.016
439.94	-6.942
440.16	-6.875
440.37	-4.615
440.58	-5.760
440.80	-7.234
441.01	-18.530
441.23	-11.958
441.44	-5.704
441.65	-3.149
441.87	-5.674
442.08	-8.375
442.29	-7.154
442.51	-1.902
442.72	-1.813
442.93	-4.319
443.15	-7.846
443.36	-3.533
443.57	-11.655
443.79	-9.743
444.00	-5.815
444.21	-5.335
444.43	-3.993
444.64	-7.986
444.85	-1.852
445.07	-4.695
445.28	-5.315
445.49	-10.918
445.71	-6.699
445.92	-8.818
446.13	-3.866
446.35	-2.187
446.56	-5.160
446.77	-12.861
446.99	-11.517
447.20	-5.785
447.41	-11.524
447.63	-14.957
447.84	-0.640
448.05	-9.452
448.27	-9.313
448.48	-9.682
448.69	-6.493
448.90	-14.673
449.12	-7.760
449.33	-6.776
449.54	-14.135
449.76	-9.468
449.97	-11.110
450.18	-5.070
450.40	-3.614
450.61	-7.999
450.82	-9.650
451.03	-17.247
451.25	-14.285
451.46	-16.823
451.67	-3.163
451.89	-4.975
452.10	-5.087
452.31	-14.335
452.52	-8.419
452.74	-18.991
452.95	-16.253
453.16	-12.168
453.38	-8.184
453.59	-16.986
453.80	-11.697
454.01	-4.830
454.23	-8.394
454.44	-10.825
454.65	-6.414
454.86	-4.786
455.08	-17.668
455.29	-15.798
455.50	-17.407
455.71	-8.390
455.93	-13.480
456.14	-12.194
456.35	-8.695
456.56	-9.255
456.78	-11.187
456.99	-9.960
457.20	-9.532
457.41	-9.891
457.63	-7.936
457.84	-9.454
458.05	-18.286
458.26	-12.283
458.48	-3.471
458.69	-12.544
458.90	-14.424
459.11	-5.376
459.33	-9.205
459.54	-9.856
459.75	-17.536
459.96	-11.838
460.18	-19.147
460.39	-23.385
460.60	-13.001
460.81	-10.436
461.02	-16.665
461.24	-6.802
461.45	-20.764
461.66	-13.471
461.87	-12.575
462.09	-12.380
462.30	-11.775
462.51	-9.523
462.72	-12.154
462.93	-3.824
463.15	-2.742
463.36	-11.730
463.57	-2.936
463.78	-14.582
463.99	-23.566
464.21	-14.478
464.42	-12.856
464.63	-15.554
464.84	-15.681
465.05	-24.113
465.27	-15.480
465.48	-22.564
465.69	-9.109
465.90	-18.859
466.11	-17.524
466.33	-5.447
466.54	-18.500
466.75	-22.438
466.96	-17.352
467.17	-10.235
467.38	-14.101
467.60	-13.405
467.81	-7.789
468.02	-26.104
468.23	-9.870
468.44	-23.474
468.65	-14.789
468.87	-19.221
469.08	-8.854
469.29	-8.119
469.50	-10.946
469.71	-10.150
469.92	-6.595
470.14	-24.822
470.35	-27.444
470.56	-30.785
470.77	-22.664
470.98	-14.917
471.19	-24.874
471.41	-22.940
471.62	-7.827
471.83	-21.619
472.04	-31.279
472.25	-40.336
472.46	-12.414
472.67	-30.707
472.89	-16.189
473.10	-10.320
473.31	-13.809
473.52	-21.846
473.73	-23.015
473.94	-37.534
474.15	-24.868
474.37	-25.353
474.58	-27.725
474.79	-32.294
475.00	-23.413
475.21	-31.085
475.42	-20.417
475.63	-21.967
475.84	-35.407
476.06	-32.937
476.27	-43.652
476.48	-43.230
476.69	-25.421
476.90	-44.103
477.11	-26.895
477.32	-29.942
477.53	-40.258
477.74	-37.416
477.96	-22.620
478.17	-41.406
478.38	-28.479
478.59	-42.217
478.80	-42.339
479.01	-41.004
479.22	-34.232
479.43	-38.250
479.64	-33.431
479.85	-26.744
480.06	-70.543
480.28	-36.226
480.49	-69.571
480.70	-10.396
480.91	-38.784
481.12	-74.208
481.33	-36.165
481.54	-60.975
481.75	-61.152
481.96	-72.281
482.17	-45.311
482.38	-67.619
482.59	-50.646
482.81	-56.184
483.02	-73.125
483.23	-91.871
483.44	-84.250
483.65	-65.225
483.86	-92.591
484.07	-137.815
484.28	-83.103
484.49	-104.572
484.70	-55.965
484.91	-114.970
485.12	-102.341
485.33	-98.145
485.54	-104.267
485.75	-82.694
485.96	-131.302
486.17	-165.073
486.38	-56.883
486.60	-164.085
486.81	-98.611
487.02	-238.427
487.23	-175.453
487.44	-327.584
487.65	-296.064
487.86	-427.485
488.07	-89.103
488.28	-336.429
488.49	-306.559
488.70	-146.328
488.91	-337.046
489.12	-243.457
489.33	-163.085
489.54	-432.132
489.75	-209.599
489.96	-1076.954
490.17	8216.189
490.38	1381.431
490.59	-835.285
490.80	1361.268
491.01	652.099
491.22	-752.431
491.43	1478.921
491.64	474.351
491.85	-4065.505
492.06	-2810.098
492.27	4155.257
492.48	379.549
492.69	1589.804
492.90	-402.023
493.11	350.265
493.32	327.878
493.53	811.147
493.74	714.344
493.95	139.459
494.16	216.590
494.37	551.984
494.58	2219.416
494.79	156.965
495.00	231.225
495.21	186.243
495.42	154.185
495.63	139.043
495.84	115.220
496.05	171.048
496.26	133.563
496.47	210.755
496.68	167.908
496.89	170.909
497.10	149.009
497.31	121.161
497.52	153.486
497.73	128.603
497.94	134.580
498.15	188.159
498.36	112.831
498.57	151.769
498.78	111.483
498.99	116.057
499.19	103.863
499.40	113.814
499.61	88.540
499.82	116.271
500.03	126.183
500.24	131.389
500.45	118.981
500.66	111.296
500.87	138.525
501.08	129.437
501.29	104.069
501.50	99.372
501.71	103.790
501.92	111.786
502.13	77.093
502.34	90.666
502.55	92.294
502.76	94.202
502.96	89.108
503.17	85.111
503.38	94.206
503.59	93.351
503.80	77.951
504.01	75.920
504.22	103.452
504.43	99.339
504.64	64.942
504.85	76.825
505.06	82.806
505.27	87.167
505.47	81.805
505.68	74.875
505.89	68.932
506.10	65.988
506.31	63.826
506.52	82.237
506.73	82.722
506.94	76.084
507.15	76.798
507.36	88.184
507.56	76.412
507.77	69.148
507.98	80.423
508.19	62.706
508.40	60.098
508.61	55.110
508.82	71.374
509.03	63.661
509.24	73.213
509.44	59.738
509.65	59.926
509.86	66.253
510.07	68.405
510.28	67.666
510.49	73.380
510.70	70.426
510.91	60.220
511.11	63.314
511.32	60.230
511.53	64.303
511.74	60.478
511.95	59.876
512.16	61.080
512.37	64.921
512.58	61.926
512.78	68.581
512.99	53.315
513.20	64.232
513.41	60.610
513.62	55.437
513.83	51.980
514.04	64.690
514.24	59.604
514.45	51.131
514.66	62.206
514.87	56.172
515.08	61.554
515.29	58.081
515.49	51.043
515.70	46.296
515.91	58.113
516.12	51.440
516.33	59.246
516.54	58.990
516.74	62.020
516.95	59.475
517.16	57.734
517.37	49.513
517.58	54.106
517.79	56.806
517.99	56.633
518.20	52.937
518.41	58.543
518.62	56.648
518.83	52.915
519.03	52.428
519.24	44.336
519.45	51.225
519.66	56.692
519.87	56.926
520.07	48.229
520.28	61.169
520.49	50.556
520.70	51.830
520.91	51.577
521.12	50.974
521.32	56.956
521.53	53.099
521.74	58.409
521.95	53.031
522.15	46.253
522.36	48.308
522.57	56.373
522.78	49.892
522.99	50.106
523.19	46.860
523.40	52.551
523.61	54.510
523.82	51.170
524.03	51.001
524.23	52.162
524.44	50.418
524.65	50.789
524.86	52.600
525.06	54.103
525.27	42.414
525.48	52.841
525.69	51.582
525.89	50.622
526.10	49.041
526.31	51.538
526.52	51.231
526.72	48.689
526.93	44.987
527.14	47.013
527.35	50.051
527.56	52.321
527.76	52.588
527.97	49.434
528.18	46.048
528.38	48.294
528.59	47.670
528.80	49.046
529.01	49.138
529.21	46.779
529.42	47.487
529.63	49.329
529.84	43.104
530.04	44.577
530.25	49.249
530.46	44.629
530.67	49.326
530.87	43.977
531.08	47.630
531.29	44.675
531.50	46.895
531.70	43.642
531.91	46.235
532.12	46.349
532.32	46.940
532.53	45.108
532.74	46.369
532.95	44.397
533.15	45.872
533.36	49.135
533.57	45.506
533.77	46.118
533.98	42.618
534.19	47.127
534.39	46.368
534.60	44.446
534.81	50.323
535.02	44.344
535.22	47.878
535.43	44.387
535.64	48.950
535.84	46.301
536.05	47.874
536.26	41.609
536.46	41.883
536.67	41.837
536.88	42.605
537.08	41.956
537.29	43.656
537.50	42.141
537.70	42.267
537.91	45.139
538.12	46.385
538.33	42.975
538.53	44.574
538.74	49.928
538.95	46.041
539.15	45.979
539.36	44.125
539.57	42.527
539.77	46.836
539.98	44.596
540.18	43.071
540.39	43.216
540.60	43.121
540.80	44.705
541.01	43.342
541.22	46.367
541.42	46.118
541.63	40.718
541.84	40.761
542.04	45.425
542.25	44.975
542.46	41.056
542.66	42.840
542.87	42.226
543.08	44.694
543.28	43.086
543.49	40.513
543.69	42.533
543.90	42.362
544.11	43.083
544.31	42.598
544.52	41.478
544.73	43.290
544.93	40.613
545.14	41.789
545.34	40.977
545.55	45.188
545.76	44.046
545.96	40.140
546.17	39.897
546.38	40.272
546.58	42.875
546.79	39.760
546.99	43.148
547.20	41.734
547.41	43.074
547.61	39.701
547.82	44.105
548.02	43.956
548.23	41.801
548.44	39.651
548.64	39.715
548.85	41.415
549.05	40.723
549.26	40.818
549.47	44.128
549.67	37.924
549.88	42.103
550.08	40.618
550.29	39.295
550.50	41.833
550.70	40.216
550.91	38.863
551.11	42.386
551.32	41.020
551.52	40.031
551.73	39.553
551.94	40.103
552.14	39.232
552.35	39.133
552.55	38.912
552.76	38.317
552.96	35.979
553.17	40.649
553.38	41.250
553.58	43.100
553.79	40.512
553.99	35.796
554.20	37.231
554.40	39.246
554.61	37.465
554.81	40.279
555.02	41.298
555.23	39.884
555.43	37.904
555.64	39.420
555.84	40.941
556.05	40.113
556.25	43.186
556.46	44.579
556.66	39.245
556.87	36.794
557.07	43.387
557.28	40.205
557.48	38.155
557.69	38.314
557.90	40.348
558.10	40.236
558.31	39.644
558.51	40.151
558.72	38.044
558.92	37.166
559.13	41.996
559.33	39.705
559.54	39.008
559.74	38.542
559.95	38.729
560.15	40.357
560.36	37.680
560.56	38.641
560.77	38.722
560.97	39.093
561.18	40.756
561.38	40.902
561.59	38.116
561.79	38.086
562.00	37.244
562.20	39.044
562.41	38.869
562.61	39.808
562.82	39.652
563.02	38.440
563.23	36.342
563.43	41.081
563.64	39.009
563.84	39.026
564.05	36.703
564.25	38.058
564.46	42.777
564.66	38.697
564.87	38.887
565.07	37.460
565.28	39.512
565.48	39.042
565.68	42.127
565.89	37.992
566.09	39.069
566.30	36.245
566.50	37.841
566.71	35.643
566.91	37.112
567.12	38.152
567.32	36.221
567.53	37.563
567.73	39.369
567.94	36.156
568.14	35.948
568.34	37.935
568.55	37.529
568.75	38.025
568.96	37.099
569.16	37.748
569.37	37.610
569.57	36.464
569.78	38.039
569.98	38.138
570.18	36.117
570.39	39.453
570.59	38.045
570.80	37.596
571.00	37.310
571.21	37.487
571.41	37.027
571.61	37.558
571.82	36.696
572.02	38.300
572.23	35.793
572.43	38.335
572.64	37.563
572.84	39.563
573.04	37.228
573.25	36.820
573.45	39.861
573.66	36.917
573.86	36.784
574.06	38.446
574.27	36.834
574.47	40.342
574.68	38.613
574.88	35.582
575.08	37.080
575.29	37.638
575.49	34.633
575.70	38.797
575.90	36.960
576.10	38.044
576.31	35.999
576.51	37.795
576.72	37.235
576.92	37.302
577.12	40.210
577.33	38.083
577.53	38.381
577.73	37.426
577.94	37.501
578.14	36.625
578.35	37.736
578.55	38.618
578.75	36.003
578.96	38.550
579.16	36.311
579.36	37.701
579.57	37.578
579.77	39.516
579.98	36.552
580.18	37.676
580.38	38.304
580.59	36.327
580.79	36.467
580.99	35.220
581.20	36.669
581.40	38.060
581.60	36.364
581.81	37.571
582.01	37.385
582.21	37.343
582.42	36.505
582.62	38.488
582.82	36.566
583.03	39.423
583.23	36.851
583.43	36.050
583.64	36.911
583.84	36.080
584.04	36.176
584.25	35.176
584.45	37.918
584.65	36.497
584.86	35.184
585.06	37.195
585.26	36.356
585.47	37.947
585.67	37.819
585.87	36.693
586.08	36.970
586.28	35.995
586.48	35.538
586.69	36.861
586.89	38.970
587.09	35.279
587.30	37.685
587.50	36.074
587.70	39.126
587.90	37.066
588.11	36.104
588.31	36.180
588.51	36.717
588.72	35.979
588.92	36.973
589.12	37.608
589.33	35.455
589.53	36.201
589.73	35.837
589.93	38.277
590.14	36.901
590.34	35.665
590.54	36.236
590.75	37.650
590.95	36.357
591.15	38.171
591.35	35.931
591.56	38.108
591.76	35.913
591.96	33.581
592.16	36.727
592.37	36.660
592.57	36.197
592.77	36.302
592.97	35.908
593.18	36.254
593.38	35.109
593.58	35.949
593.79	35.089
593.99	36.983
594.19	35.051
594.39	35.244
594.60	33.411
594.80	36.062
595.00	36.468
595.20	37.241
595.41	35.547
595.61	35.653
595.81	35.382
596.01	35.647
596.21	37.048
596.42	36.408
596.62	35.241
596.82	37.615
597.02	34.869
597.23	35.393
597.43	36.837
597.63	34.923
597.83	35.202
598.04	34.318
598.24	35.539
598.44	35.870
598.64	35.413
598.84	34.593
599.05	35.319
599.25	35.868
599.45	35.170
599.65	36.296
599.85	36.543
600.06	35.450
600.26	35.399
600.46	33.927
600.66	35.896
600.87	35.238
601.07	36.356
601.27	35.779
601.47	32.270
601.67	34.751
601.87	35.533
602.08	34.972
602.28	34.010
602.48	35.492
602.68	36.254
602.88	35.480
603.09	36.358
603.29	34.285
603.49	35.377
603.69	34.230
603.89	34.317
604.10	34.759
604.30	34.568
604.50	35.801
604.70	33.803
604.90	34.015
605.10	32.908
605.31	36.156
605.51	35.540
605.71	35.341
605.91	35.152
606.11	36.074
606.31	34.554
606.52	35.255
606.72	35.433
606.92	34.727
607.12	33.775
607.32	33.096
607.52	35.407
607.72	34.517
607.93	33.890
608.13	35.808
608.33	34.874
608.53	31.524
608.73	33.299
608.93	34.547
609.13	34.357
609.34	34.735
609.54	33.334
609.74	33.699
609.94	34.492
610.14	32.751
610.34	33.300
610.54	32.253
610.74	33.963
610.95	33.425
611.15	33.553
611.35	34.477
611.55	32.471
611.75	32.505
611.95	33.149
612.15	33.865
612.35	33.302
612.56	32.795
612.76	32.463
612.96	32.327
613.16	33.308
613.36	33.258
613.56	33.518
613.76	35.070
613.96	33.819
614.16	33.655
614.36	36.018
614.57	34.304
614.77	33.779
614.97	33.901
615.17	33.820
615.37	33.565
615.57	34.670
615.77	34.531
615.97	33.546
616.17	34.415
616.37	34.265
616.57	33.980
616.78	32.398
616.98	33.991
617.18	33.322
617.38	31.497
617.58	33.799
617.78	32.428
617.98	33.422
618.18	31.125
618.38	33.507
618.58	33.099
618.78	31.921
618.98	34.312
619.18	32.446
619.38	33.463
619.58	33.846
619.79	34.035
619.99	32.179
620.19	33.269
620.39	34.582
620.59	32.986
620.79	34.429
620.99	32.429
621.19	32.979
621.39	32.831
621.59	33.081
621.79	32.686
621.99	33.726
622.19	33.687
622.39	32.935
622.59	32.587
622.79	33.384
622.99	32.625
623.19	31.360
623.39	33.361
623.59	32.396
623.79	32.126
623.99	32.164
624.19	32.872
624.39	32.196
624.59	32.507
624.79	33.440
624.99	33.558
625.19	32.287
625.39	33.847
625.59	31.656
625.79	33.518
625.99	33.521
626.19	33.437
626.39	32.374
626.59	32.746
626.79	31.742
626.99	31.697
627.19	32.857
627.39	32.593
627.59	33.408
627.79	33.889
627.99	31.716
628.19	31.216
628.39	31.921
628.59	31.602
628.79	33.638
628.99	33.816
629.19	32.760
629.39	32.963
629.59	31.976
629.79	32.839
629.99	31.357
630.19	31.565
630.39	31.057
630.59	32.188
630.79	32.915
630.99	32.116
631.19	32.240
631.39	31.934
631.59	31.909
631.79	31.863
631.99	31.797
632.19	32.709
632.39	31.514
632.59	32.137
632.79	30.555
632.99	31.720
633.19	31.234
633.39	30.727
633.58	31.990
633.78	31.489
633.98	32.143
634.18	33.057
634.38	32.097
634.58	32.269
634.78	32.078
634.98	31.574
635.18	31.415
635.38	32.298
635.58	32.490
635.78	31.668
635.98	31.941
636.18	32.707
636.38	31.675
636.57	32.004
636.77	32.231
636.97	31.993
637.17	32.670
637.37	31.114
637.57	33.444
637.77	31.281
637.97	32.414
638.17	31.797
638.37	31.455
638.57	31.582
638.76	32.588
638.96	32.539
639.16	32.192
639.36	32.990
639.56	32.091
639.76	31.394
639.96	31.430
640.16	30.843
640.36	30.507
640.56	31.508
640.75	32.254
640.95	30.826
641.15	31.579
641.35	32.238
641.55	31.097
641.75	30.811
641.95	31.732
642.15	30.369
642.34	31.017
642.54	31.527
642.74	30.921
642.94	31.058
643.14	31.559
643.34	30.613
643.54	30.610
643.74	31.343
643.93	30.412
644.13	30.659
644.33	30.960
644.53	30.580
644.73	30.044
644.93	31.408
645.13	31.044
645.32	31.186
645.52	31.037
645.72	30.429
645.92	30.963
646.12	31.826
646.32	31.327
646.52	30.336
646.71	31.335
646.91	30.673
647.11	30.484
647.31	32.461
647.51	31.259
647.71	30.669
647.90	31.396
648.10	31.517
648.30	30.543
648.50	31.383
648.70	31.605
648.89	30.285
649.09	30.771
649.29	31.407
649.49	30.529
649.69	30.979
649.89	31.776
650.08	30.481
650.28	31.157
650.48	31.957
650.68	29.954
650.88	30.753
651.07	30.399
651.27	30.811
651.47	29.900
651.67	30.346
651.87	30.342
652.06	30.596
652.26	31.179
652.46	31.060
652.66	30.529
652.86	30.653
653.05	30.658
653.25	30.595
653.45	31.161
653.65	31.619
653.85	30.191
654.04	30.467
654.24	30.220
654.44	29.729
654.64	30.847
654.83	30.523
655.03	29.534
655.23	30.961
655.43	30.160
655.63	29.153
655.82	31.074
656.02	30.155
656.22	31.357
656.42	29.434
656.61	29.930
656.81	30.218
657.01	30.831
657.21	30.324
657.40	30.227
657.60	30.633
657.80	30.299
658.00	30.701
658.19	29.701
658.39	31.018
658.59	30.402
658.79	30.383
658.98	29.738
659.18	31.110
659.38	30.268
659.58	30.303
659.77	30.638
659.97	30.545
660.17	30.275
660.36	30.238
660.56	29.514
660.76	30.071
660.96	29.679
661.15	31.385
661.35	30.075
661.55	29.606
661.75	29.398
661.94	29.946
662.14	29.815
662.34	28.835
662.53	29.320
662.73	29.747
662.93	29.539
663.13	27.916
663.32	29.900
663.52	29.214
663.72	29.744
663.91	28.895
664.11	28.585
664.31	28.587
664.50	29.100
664.70	29.285
664.90	29.374
665.10	28.374
665.29	29.230
665.49	29.559
665.69	29.175
665.88	28.804
666.08	30.188
666.28	29.195
666.47	30.854
666.67	29.642
666.87	29.534
667.06	30.170
667.26	29.406
667.46	28.279
667.65	30.417
667.85	30.110
668.05	29.507
668.24	29.385
668.44	29.209
668.64	28.721
668.83	29.242
669.03	29.155
669.23	29.426
669.42	29.715
669.62	28.889
669.82	28.915
670.01	29.291
670.21	28.649
670.41	29.753
670.60	29.700
670.80	29.302
671.00	29.553
671.19	29.626
671.39	29.387
671.58	28.800
671.78	29.107
671.98	28.483
672.17	30.217
672.37	30.113
672.57	29.800
672.76	28.975
672.96	29.010
673.15	29.787
673.35	30.276
673.55	30.374
673.74	28.910
673.94	29.056
674.14	29.313
674.33	29.702
674.53	29.161
674.72	29.726
674.92	28.468
675.12	29.326
675.31	29.416
675.51	29.162
675.70	29.055
675.90	28.436
676.10	28.778
676.29	28.654
676.49	30.149
676.68	28.627
676.88	29.284
677.08	28.507
677.27	28.234
677.47	28.198
677.66	28.091
677.86	28.953
678.06	29.008
678.25	27.775
678.45	28.325
678.64	28.270
678.84	28.592
679.03	28.635
679.23	27.512
679.43	27.746
679.62	28.981
679.82	28.394
680.01	28.495
680.21	28.558
680.40	28.546
680.60	28.818
680.80	28.089
680.99	28.358
681.19	29.249
681.38	27.912
681.58	28.111
681.77	27.793
681.97	27.624
682.16	28.200
682.36	27.984
682.56	28.178
682.75	28.180
682.95	29.372
683.14	28.081
683.34	28.659
683.53	27.991
683.73	28.305
683.92	28.478
684.12	28.185
684.31	27.849
684.51	28.069
684.70	28.207
684.90	28.653
685.10	27.925
685.29	28.827
685.49	28.529
685.68	28.171
685.88	28.093
686.07	28.224
686.27	28.793
686.46	28.392
686.66	29.009
686.85	28.412
687.05	28.429
687.24	28.814
687.44	28.352
687.63	29.018
687.83	29.063
688.02	28.696
688.22	28.093
688.41	27.885
688.61	28.202
688.80	28.427
689.00	27.925
689.19	28.323
689.39	28.520
689.58	27.622
689.78	27.904
689.97	27.433
690.17	28.018
690.36	28.097
690.56	27.358
690.75	27.670
690.95	28.057
691.14	27.988
691.34	27.329
691.53	27.763
691.72	27.751
691.92	26.896
692.11	27.239
692.31	27.781
692.50	27.762
692.70	27.252
692.89	28.247
693.09	27.270
693.28	27.616
693.48	27.754
693.67	26.636
693.87	27.344
694.06	27.503
694.25	27.454
694.45	27.144
694.64	26.987
694.84	26.712
695.03	26.506
695.23	26.562
695.42	27.043
695.62	28.099
695.81	27.626
696.00	27.572
696.20	27.457
696.39	27.480
696.59	28.133
696.78	26.907
696.98	27.451
697.17	28.330
697.36	27.804
697.56	26.954
697.75	27.826
697.95	26.349
698.14	27.321
698.34	28.018
698.53	27.266
698.72	26.915
698.92	27.192
699.11	27.304
699.31	27.576
699.50	27.541
699.69	27.758
699.89	27.168
700.08	27.486
700.28	27.319
700.47	27.081
700.66	27.271
700.86	27.287
701.05	26.982
701.25	26.552
701.44	27.644
701.63	26.731
701.83	27.003
702.02	26.999
702.21	27.045
702.41	26.839
702.60	27.209
702.80	27.254
702.99	27.059
703.18	27.201
703.38	27.469
703.57	27.064
703.77	27.090
703.96	27.139
704.15	26.861
704.35	27.087
704.54	27.071
704.73	26.461
704.93	26.696
705.12	26.598
705.31	26.874
705.51	26.719
705.70	26.296
705.89	26.181
706.09	26.130
706.28	27.091
706.48	26.324
706.67	26.754
706.86	26.117
707.06	25.865
707.25	25.970
707.44	26.913
707.64	26.177
707.83	26.040
708.02	25.840
708.22	26.182
708.41	26.078
708.60	26.467
708.80	26.642
708.99	26.483
709.18	26.493
709.38	25.690
709.57	26.033
709.76	26.391
709.95	26.837
710.15	27.175
710.34	26.286
710.53	26.216
710.73	26.111
710.92	25.847
711.11	26.468
711.31	26.710
711.50	25.864
711.69	25.686
711.89	26.262
712.08	26.058
712.27	26.175
712.46	26.463
712.66	26.094
712.85	25.844
713.04	25.802
713.24	26.633
713.43	26.472
713.62	26.235
713.81	26.908
714.01	25.733
714.20	25.725
714.39	25.997
714.59	25.932
714.78	25.535
714.97	25.819
715.16	25.152
715.36	25.724
715.55	25.457
715.74	25.736
715.93	25.655
716.13	26.266
716.32	25.790
716.51	26.445
716.71	25.889
716.90	26.111
717.09	25.381
717.28	26.364
717.48	25.264
717.67	25.624
717.86	25.829
718.05	25.826
718.25	25.355
718.44	26.547
718.63	26.154
718.82	25.895
719.02	25.831
719.21	26.299
719.40	25.549
719.59	25.304
719.78	25.659
719.98	25.618
720.17	25.062
720.36	25.334
720.55	25.534
720.75	25.618
720.94	25.289
721.13	25.024
721.32	25.807
721.51	24.822
721.71	25.475
721.90	26.003
722.09	25.496
722.28	25.430
722.48	25.567
722.67	25.549
722.86	26.242
723.05	25.180
723.24	24.762
723.44	24.949
723.63	25.864
723.82	25.147
724.01	24.566
724.20	25.113
724.40	25.013
724.59	25.257
724.78	25.336
724.97	25.103
725.16	24.748
725.35	25.375
725.55	25.102
725.74	24.712
725.93	25.069
726.12	25.170
726.31	25.106
726.51	25.241
726.70	24.632
726.89	24.564
727.08	24.970
727.27	24.632
727.46	25.516
727.66	24.871
727.85	25.892
728.04	24.619
728.23	25.098
728.42	25.334
728.61	25.405
728.81	24.393
729.00	25.495
729.19	25.136
729.38	25.524
729.57	25.071
729.76	25.215
729.95	24.551
730.15	24.658
730.34	24.846
730.53	25.388
730.72	24.787
730.91	24.778
731.10	24.786
731.29	25.063
731.49	24.492
731.68	25.195
731.87	24.064
732.06	24.426
732.25	24.862
732.44	24.652
732.63	25.066
732.82	24.494
733.02	24.992
733.21	24.472
733.40	24.358
733.59	24.203
733.78	24.637
733.97	24.070
734.16	24.563
734.35	24.662
734.54	24.799
734.74	24.794
734.93	24.979
735.12	24.217
735.31	24.178
735.50	24.245
735.69	24.136
735.88	24.571
736.07	24.163
736.26	23.621
736.45	23.929
736.64	24.366
736.84	23.814
737.03	24.510
737.22	24.362
737.41	23.997
737.60	23.384
737.79	24.220
737.98	24.529
738.17	23.432
738.36	24.050
738.55	23.871
738.74	25.015
738.93	24.072
739.12	24.443
739.32	24.001
739.51	23.802
739.70	23.959
739.89	24.150
740.08	23.892
740.27	24.257
740.46	23.878
740.65	24.038
740.84	24.221
741.03	23.981
741.22	23.339
741.41	24.385
741.60	23.298
741.79	23.854
741.98	24.052
742.17	24.128
742.36	23.594
742.55	24.150
742.74	23.822
742.93	23.925
743.12	23.842
743.31	23.841
743.51	24.520
743.70	23.679
743.89	24.218
744.08	23.837
744.27	24.491
744.46	24.483
744.65	23.727
744.84	24.137
745.03	24.073
745.22	23.698
745.41	23.886
745.60	23.838
745.79	23.758
745.98	23.597
746.17	23.749
746.36	23.489
746.55	23.359
746.74	24.140
746.93	23.599
747.12	23.415
747.31	23.897
747.50	23.812
747.69	23.200
747.88	23.435
748.07	23.623
748.26	22.710
748.45	23.632
748.64	23.637
748.83	23.750
749.02	23.524
749.21	23.992
749.40	23.695
749.59	23.300
749.77	23.526
749.96	23.509
750.15	24.013
750.34	23.623
750.53	23.320
750.72	23.874
750.91	23.772
751.10	23.931
751.29	23.555
751.48	23.756
751.67	23.222
751.86	22.832
752.05	22.893
752.24	23.001
752.43	23.666
752.62	23.370
752.81	23.054
753.00	23.506
753.19	23.471
753.38	23.829
753.57	22.874
753.76	22.977
753.94	23.619
754.13	23.411
754.32	23.504
754.51	23.760
754.70	23.036
754.89	22.666
755.08	23.015
755.27	23.296
755.46	22.991
755.65	23.303
755.84	23.405
756.03	23.038
756.22	22.801
756.40	23.864
756.59	22.688
756.78	23.284
756.97	23.339
757.16	22.636
757.35	23.114
757.54	22.868
757.73	23.024
757.92	23.140
758.11	23.065
758.29	22.569
758.48	22.845
758.67	22.851
758.86	23.072
759.05	22.298
759.24	23.256
759.43	23.320
759.62	23.387
759.81	23.222
759.99	22.840
760.18	22.748
760.37	23.333
760.56	22.441
760.75	23.126
760.94	23.387
761.13	22.298
761.32	23.462
761.50	23.156
761.69	22.282
761.88	22.871
762.07	22.565
762.26	22.585
762.45	22.973
762.64	23.001
762.82	23.325
763.01	22.900
763.20	23.166
763.39	22.730
763.58	22.849
763.77	22.448
763.96	23.226
764.14	22.759
764.33	22.682
764.52	22.470
764.71	23.196
764.90	22.927
765.09	22.103
765.27	23.204
765.46	22.154
765.65	22.322
765.84	22.401
766.03	22.277
766.22	22.359
766.40	22.258
766.59	22.171
766.78	23.105
766.97	22.754
767.16	22.542
767.35	22.296
767.53	22.520
767.72	22.367
767.91	22.438
768.10	22.371
768.29	22.690
768.47	21.878
768.66	22.370
768.85	21.852
769.04	22.502
769.23	22.118
769.41	22.278
769.60	21.854
769.79	21.888
769.98	21.575
770.17	21.900
770.35	21.759
770.54	22.241
770.73	22.010
770.92	22.218
771.10	21.958
771.29	22.948
771.48	22.114
771.67	22.235
771.86	22.641
772.04	22.406
772.23	22.343
772.42	21.521
772.61	22.299
772.79	21.941
772.98	22.045
773.17	22.502
773.36	21.933
773.54	22.330
773.73	21.978
773.92	22.148
774.11	21.432
774.30	22.167
774.48	22.296
774.67	21.759
774.86	22.235
775.05	21.426
775.23	22.221
775.42	22.042
775.61	21.736
775.79	21.706
775.98	21.979
776.17	21.711
776.36	21.425
776.54	21.741
776.73	21.796
776.92	21.435
777.11	21.724
777.29	21.729
777.48	21.633
777.67	21.428
777.85	21.537
778.04	21.680
778.23	21.570
778.42	22.129
778.60	21.811
778.79	21.453
778.98	21.509
779.16	21.785
779.35	21.646
779.54	21.554
779.73	21.422
779.91	21.586
780.10	21.305
780.29	21.568
780.47	21.981
780.66	21.584
780.85	21.307
781.03	21.219
781.22	21.791
781.41	21.352
781.60	21.039
781.78	21.088
781.97	21.033
782.16	21.338
782.34	21.549
782.53	21.390
782.72	21.485
782.90	21.098
783.09	21.272
783.28	20.641
783.46	21.157
783.65	21.584
783.84	20.818
784.02	21.607
784.21	20.380
784.40	21.007
784.58	20.906
784.77	21.142
784.96	20.881
785.14	20.907
785.33	20.523
785.52	21.159
785.70	21.212
785.89	21.023
786.08	21.547
786.26	20.688
786.45	21.089
786.63	20.849
786.82	20.834
787.01	20.843
787.19	21.075
787.38	20.573
787.57	20.666
787.75	20.749
787.94	20.415
788.13	20.332
788.31	20.626
788.50	20.429
788.68	20.724
788.87	20.292
789.06	21.328
789.24	20.497
789.43	20.372
789.61	21.057
789.80	20.414
789.99	20.458
790.17	20.593
790.36	19.999
790.55	19.823
790.73	20.037
790.92	20.440
791.10	20.680
791.29	20.253
791.48	20.040
791.66	20.551
791.85	19.946
792.03	20.127
792.22	20.229
792.40	19.822
792.59	20.104
792.78	19.757
792.96	20.102
793.15	19.496
793.33	19.808
793.52	19.755
793.71	20.150
793.89	20.151
794.08	19.954
794.26	19.517
794.45	19.901
794.63	19.795
794.82	19.339
795.01	18.746
795.19	19.069
795.38	19.132
795.56	18.831
795.75	19.035
795.93	19.306
796.12	19.209
796.30	19.048
796.49	19.082
796.68	19.025
796.86	19.062
797.05	18.914
797.23	19.112
797.42	19.033
797.60	19.046
797.79	18.854
797.97	19.176
798.16	18.861
798.34	19.018
798.53	19.332
798.71	18.739
798.90	18.707
799.08	19.130
799.27	18.729
799.46	19.135
799.64	18.610
799.83	18.985
800.01	18.681
800.20	18.864
800.38	18.719
800.57	18.856
800.75	19.043
800.94	18.790
801.12	18.828
801.31	18.673
801.49	18.487
801.68	18.854
801.86	18.348
802.05	18.248
802.23	18.394
802.42	18.660
802.60	18.656
802.79	18.810
802.97	18.581
803.16	18.376
803.34	18.560
803.53	18.151
803.71	18.189
803.90	18.347
804.08	18.555
804.27	18.354
804.45	18.365
804.63	18.576
804.82	18.252
805.00	18.323
805.19	18.544
805.37	18.114
805.56	18.544
805.74	18.590
805.93	18.035
806.11	18.438
806.30	18.306
806.48	18.262
806.67	17.810
806.85	19.054
807.04	18.591
807.22	18.111
807.40	18.242
807.59	17.825
807.77	18.233
807.96	18.296
808.14	18.063
808.33	18.124
808.51	18.519
808.69	18.280
808.88	17.977
809.06	18.225
809.25	17.971
809.43	17.712
809.62	17.998
809.80	17.973
809.99	17.508
810.17	18.207
810.35	18.566
810.54	18.498
810.72	18.414
810.91	17.867
811.09	17.958
811.27	18.387
811.46	18.163
811.64	18.503
811.83	18.149
812.01	18.121
812.19	18.239
812.38	17.753
812.56	18.277
812.75	17.713
812.93	18.200
813.11	17.644
813.30	18.132
813.48	18.414
813.67	17.892
813.85	18.289
814.03	17.932
814.22	18.021
814.40	18.775
814.59	18.066
814.77	18.013
814.95	17.891
815.14	18.591
815.32	17.952
815.50	18.015
815.69	18.142
815.87	18.070
816.06	17.746
816.24	17.719
816.42	18.048
816.61	17.546
816.79	18.131
816.97	17.940
817.16	17.629
817.34	17.838
817.52	17.995
817.71	17.866
817.89	18.246
818.07	17.945
818.26	17.976
818.44	17.931
818.63	18.068
818.81	17.883
818.99	17.687
819.18	17.978
819.36	18.011
819.54	18.262
819.73	17.798
819.91	18.067
820.09	18.150
820.28	18.087
820.46	17.648
820.64	17.856
820.83	17.949
821.01	17.677
821.19	17.897
821.37	17.679
821.56	17.980
821.74	17.535
821.92	17.940
822.11	17.737
822.29	17.317
822.47	17.957
822.66	17.761
822.84	17.683
823.02	17.244
823.21	17.440
823.39	18.057
823.57	18.002
823.75	17.876
823.94	18.263
824.12	17.704
824.30	17.908
824.49	18.008
824.67	17.989
824.85	18.267
825.03	18.010
825.22	18.212
825.40	18.065
825.58	18.040
825.77	18.255
825.95	18.287
826.13	18.298
826.31	17.888
826.50	18.290
826.68	18.241
826.86	18.021
827.04	17.793
827.23	17.850
827.41	17.824
827.59	18.005
827.78	17.553
827.96	17.668
828.14	18.153
828.32	17.951
828.51	17.532
828.69	17.434
828.87	17.665
829.05	17.849
829.23	17.770
829.42	17.844
829.60	18.090
829.78	17.879
829.96	17.495
830.15	17.204
830.33	18.144
830.51	17.858
830.69	17.780
830.88	17.698
831.06	17.996
831.24	18.105
831.42	17.680
831.60	17.704
831.79	17.591
831.97	17.735
832.15	17.967
832.33	18.131
832.52	17.804
832.70	17.517
832.88	17.654
833.06	17.942
833.24	17.374
833.43	17.913
833.61	17.748
833.79	17.782
833.97	17.487
834.15	17.825
834.34	17.888
834.52	18.138
834.70	17.972
834.88	17.617
835.06	17.633
835.25	17.977
835.43	17.490
835.61	18.109
835.79	17.851
835.97	17.645
836.15	17.758
836.34	17.964
836.52	17.870
836.70	17.797
836.88	17.955
837.06	17.486
837.24	17.921
837.43	17.151
837.61	17.798
837.79	17.854
837.97	17.867
838.15	18.047
838.33	17.917
838.52	17.791
838.70	18.082
838.88	17.919
839.06	17.829
839.24	17.447
839.42	18.009
839.60	18.221
839.79	18.072
839.97	17.988
840.15	17.719
840.33	18.332
840.51	18.302
840.69	17.978
840.87	17.756
841.06	18.220
841.24	17.971
841.42	18.082
841.60	18.152
841.78	18.215
841.96	18.480
842.14	18.062
842.32	18.410
842.51	17.988
842.69	18.516
842.87	17.731
843.05	18.658
843.23	18.233
843.41	17.993
843.59	18.123
843.77	18.322
843.95	17.915
844.14	18.705
844.32	18.214
844.50	17.961
844.68	18.314
844.86	18.140
845.04	18.451
845.22	18.879
845.40	18.456
845.58	17.929
845.76	18.389
845.94	18.390
846.12	18.327
846.31	18.306
846.49	18.521
846.67	18.662
846.85	17.977
847.03	18.405
847.21	18.052
847.39	18.172
847.57	18.111
847.75	18.029
847.93	18.218
848.11	18.308
848.29	17.977
848.47	18.317
848.65	18.706
848.83	18.102
849.02	18.318
849.20	18.716
849.38	18.399
849.56	18.645
849.74	18.022
849.92	18.305
850.10	18.665
850.28	18.712
850.46	18.007
850.64	19.213
850.82	18.817
851.00	18.392
851.18	18.463
851.36	18.000
851.54	18.401
851.72	18.802
851.90	18.740
852.08	18.445
852.26	18.273
852.44	18.043
852.62	18.765
852.80	18.406
852.98	18.666
853.16	18.283
853.34	18.736
853.52	18.748
853.70	18.423
853.88	18.724
854.06	18.988
854.24	18.872
854.42	18.497
854.60	19.074
854.78	18.499
854.96	18.742
855.14	18.716
855.32	18.974
855.50	19.012
855.68	18.997
855.86	18.347
856.04	18.841
856.22	18.826
856.40	19.019
856.58	18.796
856.76	18.458
856.94	19.381
857.12	18.822
857.30	19.146
857.48	18.762
857.66	19.246
857.84	19.079
858.02	18.822
858.20	18.789
858.38	18.501
858.56	18.878
858.74	18.703
858.92	19.012
859.10	18.871
859.28	18.667
859.46	18.997
859.64	18.715
859.81	18.923
859.99	19.161
860.17	18.785
860.35	18.939
860.53	18.997
860.71	19.339
860.89	19.192
861.07	18.320
861.25	19.190
861.43	19.356
861.61	19.290
861.79	18.778
861.97	19.108
862.15	18.936
862.33	18.957
862.50	19.638
862.68	19.216
862.86	19.257
863.04	19.068
863.22	18.881
863.40	19.437
863.58	19.091
863.76	19.436
863.94	19.295
864.12	19.109
864.30	19.380
864.47	19.130
864.65	19.077
864.83	18.990
865.01	19.051
865.19	19.544
865.37	19.125
865.55	19.128
865.73	19.324
865.91	19.240
866.09	18.804
866.26	19.471
866.44	19.398
866.62	19.164
866.80	19.076
866.98	18.899
867.16	18.758
867.34	18.723
867.52	18.732
867.69	19.413
867.87	18.662
868.05	19.382
868.23	18.793
868.41	19.212
868.59	18.978
868.77	19.048
868.94	19.186
869.12	18.979
869.30	18.894
869.48	19.137
869.66	18.987
869.84	18.466
870.02	18.880
870.19	18.999
870.37	19.097
870.55	19.390
870.73	19.346
870.91	19.226
871.09	19.417
871.26	19.339
871.44	19.566
871.62	19.137
871.80	19.303
871.98	19.701
872.16	19.605
872.33	19.484
872.51	19.093
872.69	19.065
872.87	19.754
873.05	19.453
873.22	20.045
873.40	19.463
873.58	19.546
873.76	19.420
873.94	19.995
874.12	19.151
874.29	19.494
874.47	19.585
874.65	19.681
874.83	19.973
875.01	19.769
875.18	19.730
875.36	19.725
875.54	19.559
875.72	20.042
875.89	19.964
876.07	19.397
876.25	20.229
876.43	20.044
876.61	20.110
876.78	20.482
876.96	20.252
877.14	20.513
877.32	19.809
877.49	20.389
877.67	20.024
877.85	20.053
878.03	19.886
878.21	20.224
878.38	20.481
878.56	20.703
878.74	19.957
878.92	20.132
879.09	19.975
879.27	20.508
879.45	20.105
879.63	20.184
879.80	19.888
879.98	20.054
880.16	20.217
880.34	20.153
880.51	20.401
880.69	20.398
880.87	20.251
881.05	20.434
881.22	20.022
881.40	20.448
881.58	20.356
881.75	19.967
881.93	20.216
882.11	20.242
882.29	20.346
882.46	20.061
882.64	20.433
882.82	20.202
883.00	20.107
883.17	20.652
883.35	20.097
883.53	20.196
883.70	20.403
883.88	19.834
884.06	19.999
884.23	19.908
884.41	20.424
884.59	19.759
884.77	19.833
884.94	19.867
885.12	20.020
885.30	20.230
885.47	20.547
885.65	20.153
885.83	20.376
886.00	20.171
886.18	20.376
886.36	19.988
886.53	20.119
886.71	20.103
886.89	20.201
887.07	20.233
887.24	20.683
887.42	20.004
887.60	20.118
887.77	20.268
887.95	20.141
888.13	20.067
888.30	20.302
888.48	20.223
888.66	20.258
888.83	20.234
889.01	20.093
889.18	20.213
889.36	20.281
889.54	20.332
889.71	20.134
889.89	20.135
890.07	20.746
890.24	20.047
890.42	20.649
890.60	19.993
890.77	20.621
890.95	20.146
891.13	19.928
891.30	20.887
891.48	20.373
891.65	20.715
891.83	20.515
892.01	20.472
892.18	20.311
892.36	20.800
892.54	20.317
892.71	20.069
892.89	20.362
893.06	20.112
893.24	20.331
893.42	20.578
893.59	20.636
893.77	20.637
893.94	20.856
894.12	20.885
894.30	20.366
894.47	20.218
894.65	20.714
894.82	20.684
895.00	20.767
895.18	20.768
895.35	20.665
895.53	20.685
895.70	20.694
895.88	20.710
896.06	20.860
896.23	20.552
896.41	20.508
896.58	20.805
896.76	20.610
896.93	20.806
897.11	20.469
897.29	20.493
897.46	20.534
897.64	20.929
897.81	20.706
897.99	20.791
898.16	21.072
898.34	20.845
898.52	21.110
898.69	20.898
898.87	20.961
899.04	20.838
899.22	20.643
899.39	20.879
899.57	21.072
899.74	21.304
899.92	20.966
900.10	21.035
900.27	20.470
900.45	20.750
900.62	20.877
900.80	20.564
900.97	20.666
901.15	21.005
901.32	20.726
901.50	21.127
901.67	20.912
901.85	20.798
902.02	20.682
902.20	21.254
902.37	21.249
902.55	20.848
902.72	21.213
902.90	20.629
903.07	20.866
903.25	21.054
903.43	21.193
903.60	20.962
903.78	20.819
903.95	20.950
904.13	21.179
904.30	21.301
904.48	20.863
904.65	20.940
904.83	20.890
905.00	20.895
905.17	20.967
905.35	20.840
905.52	21.037
905.70	21.025
905.87	20.765
906.05	20.533
906.22	21.067
906.40	20.840
906.57	21.090
906.75	20.623
906.92	20.643
907.10	20.743
907.27	20.652
907.45	20.867
907.62	21.115
907.80	20.878
907.97	20.732
908.15	20.489
908.32	21.026
908.49	20.996
908.67	20.912
908.84	21.100
909.02	20.799
909.19	21.251
909.37	21.266
909.54	21.164
909.72	20.965
909.89	21.485
910.07	20.894
910.24	21.163
910.41	21.131
910.59	20.963
910.76	21.177
910.94	21.188
911.11	20.723
911.29	20.646
911.46	20.773
911.63	21.332
911.81	21.374
911.98	21.241
912.16	21.121
912.33	21.267
912.50	20.888
912.68	21.377
912.85	21.084
913.03	21.626
913.20	21.068
913.38	21.360
913.55	21.456
913.72	21.333
913.90	21.522
914.07	21.191
914.25	21.429
914.42	21.369
914.59	21.034
914.77	21.387
914.94	20.915
915.11	20.819
915.29	21.071
915.46	21.141
915.64	21.085
915.81	21.567
915.98	21.242
916.16	21.524
916.33	21.131
916.51	21.266
916.68	21.371
916.85	21.081
917.03	21.596
917.20	21.038
917.37	20.994
917.55	21.423
917.72	21.495
917.89	21.058
918.07	21.106
918.24	21.048
918.42	21.438
918.59	21.045
918.76	21.011
918.94	21.030
919.11	21.545
919.28	20.891
919.46	21.280
919.63	21.234
919.80	21.206
919.98	20.956
920.15	21.519
920.32	21.405
920.50	21.587
920.67	21.035
920.84	21.738
921.02	21.360
921.19	21.609
921.36	21.211
921.54	20.921
921.71	21.313
921.88	21.146
922.06	21.385
922.23	20.825
922.40	20.903
922.57	21.148
922.75	21.379
922.92	21.089
923.09	21.064
923.27	21.149
923.44	20.870
923.61	20.723
923.79	21.515
923.96	21.761
924.13	21.166
924.30	21.386
924.48	21.474
924.65	21.578
924.82	20.909
925.00	20.973
925.17	21.107
925.34	21.102
925.51	21.099
925.69	21.588
925.86	21.373
926.03	21.588
926.21	20.918
926.38	21.340
926.55	21.528
926.72	21.045
926.90	21.720
927.07	21.484
927.24	21.242
927.41	21.541
927.59	20.826
927.76	20.875
927.93	21.397
928.10	21.041
928.28	21.561
928.45	21.186
928.62	20.993
928.79	21.176
928.97	20.899
929.14	21.436
929.31	21.478
929.48	20.897
929.66	20.486
929.83	21.434
930.00	21.259
930.17	20.948
930.34	21.071
930.52	21.021
930.69	20.819
930.86	21.028
931.03	21.126
931.21	21.024
931.38	21.342
931.55	21.120
931.72	21.171
931.89	21.055
932.07	21.197
932.24	21.214
932.41	21.486
932.58	21.229
932.75	21.131
932.93	21.495
933.10	21.452
933.27	21.540
933.44	21.379
933.61	21.240
933.79	21.293
933.96	21.354
934.13	21.625
934.30	21.226
934.47	20.966
934.65	21.204
934.82	21.410
934.99	21.117
935.16	21.382
935.33	21.246
935.50	20.622
935.68	21.018
935.85	20.526
936.02	21.013
936.19	20.971
936.36	20.997
936.53	20.635
936.71	21.049
936.88	21.315
937.05	21.115
937.22	20.928
937.39	20.943
937.56	20.553
937.74	20.621
937.91	20.989
938.08	20.271
938.25	20.440
938.42	20.847
938.59	20.492
938.76	20.766
938.94	20.380
939.11	20.583
939.28	20.276
939.45	20.881
939.62	20.132
939.79	20.433
939.96	20.528
940.13	20.236
940.31	20.851
940.48	20.472
940.65	20.897
940.82	21.335
940.99	20.566
941.16	20.865
941.33	20.773
941.50	21.282
941.67	20.737
941.85	21.439
942.02	21.284
942.19	21.094
942.36	21.326
942.53	21.010
942.70	21.193
942.87	21.220
943.04	20.601
943.21	21.628
943.38	20.750
943.56	20.942
943.73	20.967
943.90	21.481
944.07	21.511
944.24	20.898
944.41	21.511
944.58	21.322
944.75	21.496
944.92	20.924
945.09	20.724
945.26	21.071
945.43	20.543
945.60	20.997
945.78	20.389
945.95	20.999
946.12	20.012
946.29	20.776
946.46	20.029
946.63	20.040
946.80	20.197
946.97	19.844
947.14	19.746
947.31	20.549
947.48	20.210
947.65	20.760
947.82	20.724
947.99	19.985
948.16	20.401
948.33	20.230
948.50	20.694
948.67	20.974
948.84	20.565
949.01	20.604
949.18	20.552
949.35	20.298
949.52	20.354
949.69	20.356
949.86	20.031
950.03	20.483
950.20	20.720
950.38	20.357
950.55	20.732
950.72	20.591
950.89	20.807
951.06	20.027
951.23	20.552
951.40	20.496
951.57	20.801
951.74	21.008
951.91	20.130
952.08	19.962
952.25	20.958
952.42	20.693
952.59	20.571
952.76	19.812
952.92	20.131
953.09	19.905
953.26	20.203
953.43	20.031
953.60	20.483
953.77	20.650
953.94	19.778
954.11	20.765
954.28	20.397
954.45	20.230
954.62	20.189
954.79	20.734
954.96	20.360
955.13	20.136
955.30	19.579
955.47	19.923
955.64	19.347
955.81	20.545
955.98	19.844
956.15	20.554
956.32	20.683
956.49	20.286
956.66	20.595
956.83	21.103
957.00	20.215
957.17	20.107
957.33	20.163
957.50	19.661
957.67	20.284
957.84	19.732
958.01	19.951
958.18	19.664
958.35	19.784
958.52	19.575
958.69	19.508
958.86	19.984
959.03	19.788
959.20	19.762
959.37	19.970
959.53	19.500
959.70	19.581
959.87	19.421
960.04	19.839
960.21	19.634
960.38	19.529
960.55	19.190
960.72	20.026
960.89	20.141
961.06	19.637
961.23	19.378
961.39	19.746
961.56	19.737
961.73	19.645
961.90	19.567
962.07	19.834
962.24	18.923
962.41	19.778
962.58	19.972
962.75	19.090
962.91	19.764
963.08	19.327
963.25	19.274
963.42	20.172
963.59	19.100
963.76	20.318
963.93	19.081
964.09	20.040
964.26	19.792
964.43	19.656
964.60	19.057
964.77	19.250
964.94	19.047
965.11	19.083
965.27	19.292
965.44	18.847
965.61	19.509
965.78	19.303
965.95	19.917
966.12	18.915
966.29	19.317
966.45	19.498
966.62	19.028
966.79	19.315
966.96	19.173
967.13	19.618
967.30	19.569
967.46	19.738
967.63	18.731
967.80	19.531
967.97	18.739
968.14	18.920
968.30	19.490
968.47	19.330
968.64	20.470
968.81	18.778
968.98	19.578
969.15	18.852
969.31	19.426
969.48	18.729
969.65	19.415
969.82	19.267
969.99	18.861
970.15	18.558
970.32	18.430
970.49	19.473
970.66	18.884
970.82	18.528
970.99	18.879
971.16	18.712
971.33	18.899
971.50	17.795
971.66	19.259
971.83	19.007
972.00	18.654
972.17	19.044
972.34	18.516
972.50	19.078
972.67	18.333
972.84	19.355
973.01	18.353
973.17	18.619
973.34	19.089
973.51	18.104
973.68	17.979
973.84	17.902
974.01	18.247
974.18	18.346
974.35	19.149
974.51	19.078
974.68	19.119
974.85	18.159
975.02	18.594
975.18	18.275
975.35	18.724
975.52	17.747
975.69	18.608
975.85	19.041
976.02	18.524
976.19	18.202
976.36	18.459
976.52	18.809
976.69	18.507
976.86	18.818
977.02	18.039
977.19	18.179
977.36	17.795
977.53	18.730
977.69	18.640
977.86	18.684
978.03	18.153
978.19	18.940
978.36	18.256
978.53	19.070
978.70	18.414
978.86	18.871
979.03	19.092
979.20	19.103
979.36	18.388
979.53	19.605
979.70	19.227
979.86	18.792
980.03	19.312
980.20	18.237
980.36	18.755
980.53	19.408
980.70	18.420
980.86	18.211
981.03	19.508
981.20	18.845
981.36	18.862
981.53	19.350
981.70	18.888
981.86	19.079
982.03	18.452
982.20	19.068
982.36	19.495
982.53	18.364
982.70	19.917
982.86	19.914
983.03	18.730
983.20	19.285
983.36	19.867
983.53	18.374
983.70	18.064
983.86	18.109
984.03	17.753
984.20	17.816
984.36	18.526
984.53	19.364
984.70	18.337
984.86	18.082
985.03	18.319
985.19	18.081
985.36	17.782
985.53	17.189
985.69	18.846
985.86	18.322
986.03	18.534
986.19	18.104
986.36	18.266
986.52	18.820
986.69	17.983
986.86	19.102
987.02	18.498
987.19	17.897
987.35	18.454
987.52	18.013
987.69	18.466
987.85	17.968
988.02	17.699
988.18	18.140
988.35	18.027
988.52	18.200
988.68	17.751
988.85	17.509
989.01	17.085
989.18	17.781
989.35	17.933
989.51	17.614
989.68	17.666
989.84	17.648
990.01	17.729
990.17	16.997
990.34	17.938
990.51	17.754
990.67	17.609
990.84	18.417
991.00	17.994
991.17	16.685
991.33	17.943
991.50	18.231
991.66	18.055
991.83	17.008
992.00	18.267
992.16	18.095
992.33	17.219
992.49	18.280
992.66	18.554
992.82	17.365
992.99	17.951
993.15	18.401
993.32	17.553
993.48	19.039
993.65	18.322
993.82	17.784
993.98	17.987
994.15	17.837
994.31	16.884
994.48	17.946
994.64	17.754
994.81	18.554
994.97	17.352
995.14	17.385
995.30	18.637
995.47	16.567
995.63	17.177
995.80	16.851
995.96	18.014
996.13	17.462
996.29	18.823
996.46	18.524
996.62	17.281
996.79	16.559
996.95	18.369
997.12	18.871
997.28	17.681
997.45	18.151
997.61	16.451
997.78	17.691
997.94	17.990
998.11	17.289
998.27	18.226
998.44	17.524
998.60	18.686
998.77	17.977
998.93	17.377
999.10	19.363
999.26	17.349
999.43	17.939
999.59	17.521
999.75	17.831
999.92	18.207
1000.08	17.479
1000.25	18.394
1000.41	18.510
1000.58	17.894
1000.74	17.634
1000.91	17.795
1001.07	16.168
1001.24	17.838
1001.40	17.911
1001.56	18.055
1001.73	18.951
1001.89	16.963
1002.06	18.039
1002.22	17.150
1002.39	17.633
1002.55	16.975
1002.71	16.287
1002.88	19.044
1003.04	17.507
1003.21	17.370
1003.37	17.604
1003.54	16.633
1003.70	17.850
1003.86	18.270
1004.03	18.849
1004.19	17.565
1004.36	17.939
1004.52	18.785
1004.68	17.929
1004.85	18.130
1005.01	17.830
1005.18	16.626
1005.34	17.384
1005.50	17.237
1005.67	17.106
1005.83	18.731
1006.00	17.253
1006.16	18.399
1006.32	18.853
1006.49	18.225
1006.65	17.245
1006.82	16.167
1006.98	18.414
1007.14	16.543
1007.31	18.269
1007.47	17.636
1007.63	17.978
1007.80	18.496
1007.96	17.079
1008.13	18.140
1008.29	16.378
1008.45	18.918
1008.62	17.264
1008.78	17.316
1008.94	18.983
1009.11	18.908
1009.27	18.473
1009.43	19.354
1009.60	18.177
1009.76	16.706
1009.92	18.677
1010.09	18.344
1010.25	17.616
1010.42	17.633
1010.58	18.111
1010.74	17.699
1010.91	17.843
1011.07	18.233
1011.23	18.291
1011.40	18.899
1011.56	18.384
1011.72	19.161
1011.89	18.544
1012.05	18.093
1012.21	19.081
1012.37	18.709
1012.54	16.678
1012.70	16.018
1012.86	17.830
1013.03	19.428
1013.19	20.907
1013.35	18.428
1013.52	18.017
1013.68	18.433
1013.84	18.904
1014.01	17.522
1014.17	19.048
1014.33	19.275
1014.49	18.551
1014.66	18.297
1014.82	18.457
1014.98	18.655
1015.15	18.202
1015.31	17.931
1015.47	17.945
1015.63	18.696
1015.80	19.424
1015.96	20.135
1016.12	18.503
1016.29	19.197
1016.45	19.069
1016.61	18.486
1016.77	18.260
1016.94	20.378
1017.10	17.198
1017.26	19.650
1017.42	18.941
1017.59	17.603
1017.75	21.035
1017.91	18.298
1018.07	20.304
1018.24	18.604
1018.40	18.260
1018.56	19.162
1018.72	19.335
1018.89	19.186
1019.05	18.829
1019.21	16.810
1019.37	20.039
1019.54	19.369
1019.70	19.775
1019.86	18.130
1020.02	18.660
1020.19	19.990
1020.35	19.352
1020.51	20.883
1020.67	20.422
1020.83	21.353
1021.00	20.958
1021.16	23.097
1021.32	19.486
1021.48	21.078
1021.64	22.097
1021.81	20.717
1021.97	22.129
1022.13	20.022
1022.29	19.901
1022.45	19.889
1022.62	18.987
1022.78	21.454
1022.94	20.548
1023.10	19.091
1023.26	22.010
1023.43	20.519
1023.59	19.737
1023.75	20.345
1023.91	20.136
1024.07	21.131
1024.24	20.852
1024.40	19.822
1024.56	21.909
1024.72	21.257
1024.88	20.491
1025.04	22.037
1025.21	20.176
1025.37	21.975
1025.53	22.291
1025.69	20.593
1025.85	19.561
1026.01	23.327
1026.18	23.458
1026.34	19.958
1026.50	24.292
1026.66	21.652
1026.82	26.988
1026.98	19.008
1027.14	21.456
1027.31	21.418
1027.47	22.376
1027.63	23.825
1027.79	24.248
1027.95	24.345
1028.11	19.984
1028.27	22.963
1028.44	23.285
1028.60	24.408
1028.76	25.087
1028.92	21.755
1029.08	25.266
1029.24	22.353
1029.40	25.725
1029.56	23.994
1029.73	28.742
1029.89	28.970
1030.05	23.678
1030.21	27.348
1030.37	27.187
1030.53	28.013
1030.69	23.845
1030.85	24.146
1031.01	25.172
1031.17	23.942
1031.34	29.196
1031.50	22.557
1031.66	20.784
1031.82	23.758
1031.98	24.591
1032.14	25.312
1032.30	25.927
1032.46	23.061
1032.62	22.027
1032.78	24.710
1032.94	24.602
1033.10	33.335
1033.27	30.002
1033.43	33.077
1033.59	35.905
1033.75	26.660
1033.91	34.236
1034.07	28.826
1034.23	26.620
1034.39	28.651
1034.55	30.411
1034.71	30.599
1034.87	30.075
1035.03	33.180
1035.19	32.923
1035.35	25.917
1035.51	39.642
1035.67	26.136
1035.83	32.546
1035.99	30.618
1036.16	32.192
1036.32	31.137
1036.48	33.995
1036.64	41.382
1036.80	46.438
1036.96	39.112
1037.12	25.226
1037.28	28.602
1037.44	33.396
1037.60	39.042
1037.76	32.585
1037.92	46.447
1038.08	29.907
1038.24	28.696
1038.40	42.277
1038.56	29.943
1038.72	42.408
1038.88	31.198
1039.04	38.501
1039.20	40.004
1039.36	52.340
1039.52	39.699
1039.68	36.966
1039.84	39.146
1040.00	47.273
1040.16	56.719
1040.32	63.972
1040.48	57.516
1040.64	48.779
1040.80	58.945
1040.96	58.745
1041.12	58.509
1041.28	53.937
1041.44	46.619
1041.60	54.032
1041.76	56.410
1041.92	72.642
1042.08	55.359
1042.24	45.530
1042.39	74.314
1042.55	63.490
1042.71	54.557
1042.87	58.963
1043.03	81.694
1043.19	59.840
