345.44	127.500
345.66	127.500
345.88	127.500
346.10	114.607
346.31	95.455
346.53	159.091
346.75	127.835
346.97	104.615
347.19	78.972
347.41	77.165
347.63	103.644
347.85	135.088
348.07	146.154
348.29	51.250
348.51	80.321
348.73	131.507
348.95	118.595
349.17	116.340
349.39	54.986
349.61	39.855
349.83	56.562
350.05	59.783
350.27	100.000
350.49	66.230
350.71	38.321
350.93	59.940
351.15	36.881
351.37	37.950
351.59	62.329
351.80	57.104
352.02	66.849
352.24	37.284
352.46	82.716
352.68	80.625
352.90	3.297
353.12	53.917
353.34	83.019
353.56	85.965
353.78	21.552
354.00	54.861
354.22	60.837
354.44	50.200
354.66	59.726
354.88	70.036
355.09	44.222
355.31	55.833
355.53	20.460
355.75	51.407
355.97	55.990
356.19	44.413
356.41	59.603
356.63	33.014
356.85	27.040
357.07	41.690
357.29	71.663
357.50	79.726
357.72	62.130
357.94	35.395
358.16	62.592
358.38	43.182
358.60	52.326
358.82	34.085
359.04	70.408
359.26	51.831
359.48	41.713
359.69	84.024
359.91	74.328
360.13	70.674
360.35	43.226
360.57	63.043
360.79	81.921
361.01	54.167
361.23	66.140
361.45	53.079
361.66	49.057
361.88	70.588
362.10	52.778
362.32	30.241
362.54	28.327
362.76	73.234
362.98	41.056
363.20	50.342
363.41	61.538
363.63	58.101
363.85	53.801
364.07	34.503
364.29	42.402
364.51	88.618
364.73	59.132
364.94	54.571
365.16	76.536
365.38	55.257
365.60	30.841
365.82	48.174
366.04	32.161
366.26	28.862
366.47	44.928
366.69	71.875
366.91	65.446
367.13	26.415
367.35	44.044
367.57	82.218
367.79	56.568
368.00	57.434
368.22	38.337
368.44	51.398
368.66	53.675
368.88	55.689
369.10	35.204
369.31	41.165
369.53	67.834
369.75	55.416
369.97	42.493
370.19	26.046
370.41	49.127
370.62	72.947
370.84	52.016
371.06	76.220
371.28	49.365
371.50	50.897
371.71	11.374
371.93	46.567
372.15	35.351
372.37	56.750
372.59	54.369
372.80	50.552
373.02	47.130
373.24	60.861
373.46	69.017
373.68	54.318
373.90	67.051
374.11	56.571
374.33	37.037
374.55	42.609
374.77	54.116
374.98	87.045
375.20	59.732
375.42	73.123
375.64	56.503
375.86	72.574
376.07	38.618
376.29	35.880
376.51	56.661
376.73	60.644
376.95	71.660
377.16	48.555
377.38	75.798
377.60	52.751
377.82	38.228
378.03	51.657
378.25	57.593
378.47	33.996
378.69	25.257
378.91	59.233
379.12	54.682
379.34	47.742
379.56	69.828
379.78	50.100
379.99	56.452
380.21	31.596
380.43	58.943
380.65	57.851
380.86	49.531
381.08	49.011
381.30	42.926
381.52	55.602
381.73	38.069
381.95	47.407
382.17	47.651
382.39	43.876
382.60	58.704
382.82	47.036
383.04	56.942
383.26	59.180
383.47	54.833
383.69	58.576
383.91	56.996
384.13	52.466
384.34	71.184
384.56	32.006
384.78	40.559
385.00	42.123
385.21	58.097
385.43	63.099
385.65	46.278
385.86	64.098
386.08	81.086
386.30	65.488
386.52	51.316
386.73	46.967
386.95	53.616
387.17	51.216
387.38	43.712
387.60	27.000
387.82	48.794
388.04	54.619
388.25	30.408
388.47	40.087
388.69	50.474
388.90	63.054
389.12	56.972
389.34	67.780
389.56	63.675
389.77	56.711
389.99	56.703
390.21	45.946
390.42	68.247
390.64	45.797
390.86	48.452
391.07	39.968
391.29	58.349
391.51	48.537
391.72	63.275
391.94	63.969
392.16	55.394
392.38	59.383
392.59	55.244
392.81	42.230
393.03	34.189
393.24	58.610
393.46	35.744
393.68	55.689
393.89	49.112
394.11	58.299
394.33	56.029
394.54	53.729
394.76	44.275
394.98	79.805
395.19	46.725
395.41	44.762
395.63	60.749
395.84	47.513
396.06	45.587
396.28	52.525
396.49	62.519
396.71	66.980
396.93	50.504
397.14	42.178
397.36	58.333
397.57	54.752
397.79	52.468
398.01	69.328
398.22	48.437
398.44	51.261
398.66	42.605
398.87	56.772
399.09	39.330
399.31	56.263
399.52	53.382
399.74	57.468
399.96	56.336
400.17	44.411
400.39	83.175
400.60	50.447
400.82	52.326
401.04	56.483
401.25	44.557
401.47	54.535
401.69	46.992
401.90	51.059
402.12	42.156
402.33	42.995
402.55	56.100
402.77	40.848
402.98	57.471
403.20	58.396
403.41	45.381
403.63	44.505
403.85	51.203
404.06	54.302
404.28	49.943
404.49	56.707
404.71	56.355
404.93	45.021
405.14	54.950
405.36	57.901
405.57	48.452
405.79	50.392
406.01	54.651
406.22	53.007
406.44	49.946
406.65	57.350
406.87	43.050
407.09	57.629
407.30	62.755
407.52	58.289
407.73	45.312
407.95	59.424
408.17	39.923
408.38	44.479
408.60	52.154
408.81	47.082
409.03	52.533
409.24	48.548
409.46	51.786
409.68	43.598
409.89	50.044
410.11	51.041
410.32	44.771
410.54	27.853
410.75	46.572
410.97	63.883
411.18	67.962
411.40	54.054
411.62	54.762
411.83	50.968
412.05	50.879
412.26	47.939
412.48	54.316
412.69	58.155
412.91	57.584
413.12	56.355
413.34	48.327
413.56	48.384
413.77	58.414
413.99	59.643
414.20	53.819
414.42	54.044
414.63	48.560
414.85	55.157
415.06	53.365
415.28	46.622
415.49	48.941
415.71	47.386
415.92	44.828
416.14	54.815
416.35	53.500
416.57	50.614
416.79	53.564
417.00	52.296
417.22	55.334
417.43	45.769
417.65	50.041
417.86	54.743
418.08	50.510
418.29	51.704
418.51	50.386
418.72	49.306
418.94	45.586
419.15	46.770
419.37	52.300
419.58	48.870
419.80	60.965
420.01	53.143
420.23	46.885
420.44	47.352
420.66	51.286
420.87	55.059
421.09	54.415
421.30	45.078
421.52	52.909
421.73	45.398
421.95	47.230
422.16	53.523
422.38	45.300
422.59	47.771
422.81	52.770
423.02	53.047
423.23	44.367
423.45	51.754
423.66	40.977
423.88	45.093
424.09	51.020
424.31	46.257
424.52	44.183
424.74	50.899
424.95	45.779
425.17	57.094
425.38	49.384
425.60	51.103
425.81	48.843
426.03	48.376
426.24	47.157
426.45	43.284
426.67	42.907
426.88	44.872
427.10	49.489
427.31	61.399
427.53	48.325
427.74	55.562
427.96	53.293
428.17	50.415
428.39	53.179
428.60	50.635
428.81	57.261
429.03	54.021
429.24	42.525
429.46	41.534
429.67	48.318
429.89	52.331
430.10	49.769
430.31	47.039
430.53	51.502
430.74	50.145
430.96	48.231
431.17	47.526
431.39	48.062
431.60	46.646
431.81	48.873
432.03	50.439
432.24	45.023
432.46	49.161
432.67	46.752
432.89	47.597
433.10	48.430
433.31	45.759
433.53	47.478
433.74	42.959
433.96	45.877
434.17	45.903
434.38	43.824
434.60	51.324
434.81	51.292
435.03	42.153
435.24	47.270
435.45	40.789
435.67	44.321
435.88	48.329
436.10	39.771
436.31	47.792
436.52	47.742
436.74	42.957
436.95	45.945
437.17	47.240
437.38	43.010
437.59	41.930
437.81	52.278
438.02	44.871
438.23	47.515
438.45	47.687
438.66	43.894
438.88	46.151
439.09	43.129
439.30	45.056
439.52	43.274
439.73	46.270
439.94	42.061
440.16	46.499
440.37	40.384
440.58	47.180
440.80	45.039
441.01	47.223
441.23	42.945
441.44	41.738
441.65	43.426
441.87	42.474
442.08	44.293
442.29	46.912
442.51	40.750
442.72	42.989
442.93	43.042
443.15	41.565
443.36	43.028
443.57	45.678
443.79	41.840
444.00	48.449
444.21	38.087
444.43	42.124
444.64	42.188
444.85	43.199
445.07	40.712
445.28	42.105
445.49	44.671
445.71	42.651
445.92	39.662
446.13	44.199
446.35	41.439
446.56	44.523
446.77	45.056
446.99	48.514
447.20	43.930
447.41	44.463
447.63	40.425
447.84	42.068
448.05	41.103
448.27	38.850
448.48	39.028
448.69	42.978
448.90	37.653
449.12	42.294
449.33	34.809
449.54	40.323
449.76	35.554
449.97	44.877
450.18	40.880
450.40	42.182
450.61	40.071
450.82	40.693
451.03	37.307
451.25	41.753
451.46	37.182
451.67	38.593
451.89	39.022
452.10	41.034
452.31	35.799
452.52	37.835
452.74	37.575
452.95	43.460
453.16	33.810
453.38	41.944
453.59	38.915
453.80	40.197
454.01	38.277
454.23	39.450
454.44	37.890
454.65	35.022
454.86	36.105
455.08	34.876
455.29	37.199
455.50	33.900
455.71	39.417
455.93	36.322
456.14	38.099
456.35	34.293
456.56	34.623
456.78	37.600
456.99	37.517
457.20	38.784
457.41	36.091
457.63	38.522
457.84	38.833
458.05	38.088
458.26	33.407
458.48	38.308
458.69	35.766
458.90	35.860
459.11	33.667
459.33	31.764
459.54	33.925
459.75	34.832
459.96	34.386
460.18	34.484
460.39	30.294
460.60	34.445
460.81	35.284
461.02	31.544
461.24	35.076
461.45	33.036
461.66	34.136
461.87	31.116
462.09	33.037
462.30	33.773
462.51	32.682
462.72	35.182
462.93	32.086
463.15	33.004
463.36	30.382
463.57	33.238
463.78	31.298
463.99	33.102
464.21	31.733
464.42	31.650
464.63	30.012
464.84	32.489
465.05	30.753
465.27	34.126
465.48	29.831
465.69	32.787
465.90	31.973
466.11	29.526
466.33	29.771
466.54	27.878
466.75	29.230
466.96	29.122
467.17	30.739
467.38	28.782
467.60	30.507
467.81	28.535
468.02	30.459
468.23	29.415
468.44	30.028
468.65	30.072
468.87	29.049
469.08	28.754
469.29	28.924
469.50	27.937
469.71	27.469
469.92	29.067
470.14	28.478
470.35	30.722
470.56	28.551
470.77	28.320
470.98	26.069
471.19	27.211
471.41	27.719
471.62	28.807
471.83	27.360
472.04	27.064
472.25	26.894
472.46	25.865
472.67	27.180
472.89	27.397
473.10	27.821
473.31	24.978
473.52	26.102
473.73	24.822
473.94	25.408
474.15	27.748
474.37	24.390
474.58	25.061
474.79	24.843
475.00	25.583
475.21	25.360
475.42	22.996
475.63	24.795
475.84	24.245
476.06	24.348
476.27	24.650
476.48	24.743
476.69	23.634
476.90	25.270
477.11	23.897
477.32	23.331
477.53	23.252
477.74	23.436
477.96	24.942
478.17	23.062
478.38	23.228
478.59	24.050
478.80	23.479
479.01	22.453
479.22	20.960
479.43	21.802
479.64	22.319
479.85	22.051
480.06	22.243
480.28	22.369
480.49	21.480
480.70	21.766
480.91	22.232
481.12	22.046
481.33	20.723
481.54	20.938
481.75	22.076
481.96	21.400
482.17	21.349
482.38	21.337
482.59	20.598
482.81	19.765
483.02	19.860
483.23	19.775
483.44	20.574
483.65	20.351
483.86	18.219
484.07	20.180
484.28	18.548
484.49	19.443
484.70	19.137
484.91	18.746
485.12	18.143
485.33	18.022
485.54	17.751
485.75	18.341
485.96	18.860
486.17	16.744
486.38	17.452
486.60	17.940
486.81	18.166
487.02	17.207
487.23	16.772
487.44	16.867
487.65	17.170
487.86	17.364
488.07	17.070
488.28	15.983
488.49	16.681
488.70	17.506
488.91	16.788
489.12	16.074
489.33	16.692
489.54	15.358
489.75	16.496
489.96	16.267
490.17	16.040
490.38	15.836
490.59	14.664
490.80	14.822
491.01	15.492
491.22	14.825
491.43	14.983
491.64	14.511
491.85	15.009
492.06	14.700
492.27	14.546
492.48	14.847
492.69	14.055
492.90	13.980
493.11	14.272
493.32	14.769
493.53	14.436
493.74	14.081
493.95	13.474
494.16	14.023
494.37	14.071
494.58	13.179
494.79	12.737
495.00	13.015
495.21	13.381
495.42	13.247
495.63	12.511
495.84	12.985
496.05	13.411
496.26	13.011
496.47	12.566
496.68	12.645
496.89	12.227
497.10	12.032
497.31	12.107
497.52	11.344
497.73	12.055
497.94	11.827
498.15	11.545
498.36	12.174
498.57	11.247
498.78	10.836
498.99	11.330
499.19	10.097
499.40	10.814
499.61	10.858
499.82	11.110
500.03	10.464
500.24	10.276
500.45	10.034
500.66	10.391
500.87	10.279
501.08	10.528
501.29	10.312
501.50	9.529
501.71	9.576
501.92	10.282
502.13	9.892
502.34	9.058
502.55	9.272
502.76	9.263
502.96	9.186
503.17	9.076
503.38	8.899
503.59	8.675
503.80	8.518
504.01	8.649
504.22	8.349
504.43	8.402
504.64	8.006
504.85	8.291
505.06	8.532
505.27	8.258
505.47	8.546
505.68	8.241
505.89	8.218
506.10	7.596
506.31	7.715
506.52	7.622
506.73	7.141
506.94	7.401
507.15	7.235
507.36	6.847
507.56	7.279
507.77	7.465
507.98	6.485
508.19	6.712
508.40	6.523
508.61	7.494
508.82	6.639
509.03	6.022
509.24	6.142
509.44	6.508
509.65	6.232
509.86	6.383
510.07	5.740
510.28	6.073
510.49	6.214
510.70	6.019
510.91	5.730
511.11	6.641
511.32	5.906
511.53	6.187
511.74	5.817
511.95	6.349
512.16	5.754
512.37	6.021
512.58	4.788
512.78	5.420
512.99	5.366
513.20	5.192
513.41	4.933
513.62	4.954
513.83	4.984
514.04	5.081
514.24	4.490
514.45	4.998
514.66	4.741
514.87	4.604
515.08	4.669
515.29	4.548
515.49	4.238
515.70	3.047
515.91	4.119
516.12	4.287
516.33	4.507
516.54	4.224
516.74	3.791
516.95	3.762
517.16	4.059
517.37	3.914
517.58	3.954
517.79	3.599
517.99	3.420
518.20	3.714
518.41	3.532
518.62	3.776
518.83	3.330
519.03	3.437
519.24	3.282
519.45	3.198
519.66	4.026
519.87	2.938
520.07	2.717
520.28	2.918
520.49	3.006
520.70	2.807
520.91	2.722
521.12	2.936
521.32	3.040
521.53	3.016
521.74	2.830
521.95	3.039
522.15	2.638
522.36	2.993
522.57	2.998
522.78	1.982
522.99	2.686
523.19	2.634
523.40	2.794
523.61	2.484
523.82	2.370
524.03	2.629
524.23	1.727
524.44	2.117
524.65	2.175
524.86	2.241
525.06	2.092
525.27	2.033
525.48	1.893
525.69	1.990
525.89	1.916
526.10	1.968
526.31	1.840
526.52	1.911
526.72	1.785
526.93	1.718
527.14	1.674
527.35	1.891
527.56	1.893
527.76	1.690
527.97	1.715
528.18	1.838
528.38	1.581
528.59	1.875
528.80	2.006
529.01	1.423
529.21	1.479
529.42	1.688
529.63	1.650
529.84	1.691
530.04	1.539
530.25	1.492
530.46	1.040
530.67	1.172
530.87	1.359
531.08	1.297
531.29	1.552
531.50	1.476
531.70	1.620
531.91	1.357
532.12	1.212
532.32	1.405
532.53	0.951
532.74	1.111
532.95	1.553
533.15	1.018
533.36	1.075
533.57	1.117
533.77	0.975
533.98	1.267
534.19	1.266
534.39	0.922
534.60	1.099
534.81	1.374
535.02	0.841
535.22	0.887
535.43	0.903
535.64	1.125
535.84	1.054
536.05	0.835
536.26	1.253
536.46	0.787
536.67	1.045
536.88	1.052
537.08	0.953
537.29	0.872
537.50	1.059
537.70	0.954
537.91	0.739
538.12	1.035
538.33	1.303
538.53	1.041
538.74	0.965
538.95	1.137
539.15	0.927
539.36	0.712
539.57	0.572
539.77	0.984
539.98	0.692
540.18	0.653
540.39	0.767
540.60	0.904
540.80	0.810
541.01	0.858
541.22	0.574
541.42	0.983
541.63	0.430
541.84	0.804
542.04	0.972
542.25	0.939
542.46	0.663
542.66	0.708
542.87	0.995
543.08	0.706
543.28	0.755
543.49	0.745
543.69	1.066
543.90	1.075
544.11	1.062
544.31	0.934
544.52	0.910
544.73	0.557
544.93	1.000
545.14	0.902
545.34	1.041
545.55	0.952
545.76	1.069
545.96	0.917
546.17	1.164
546.38	1.017
546.58	0.704
546.79	0.839
546.99	1.128
547.20	0.922
547.41	1.111
547.61	0.791
547.82	0.942
548.02	1.180
548.23	1.267
548.44	1.309
548.64	0.931
548.85	1.275
549.05	1.176
549.26	1.111
549.47	1.027
549.67	1.241
549.88	1.555
550.08	1.372
550.29	1.293
550.50	1.302
550.70	1.267
550.91	1.566
551.11	1.491
551.32	1.570
551.52	1.273
551.73	1.267
551.94	1.409
552.14	1.285
552.35	1.687
552.55	1.417
552.76	1.751
552.96	1.613
553.17	1.488
553.38	1.771
553.58	1.638
553.79	1.563
553.99	1.525
554.20	1.653
554.40	1.852
554.61	1.723
554.81	1.802
555.02	1.936
555.23	1.880
555.43	2.186
555.64	1.933
555.84	1.889
556.05	1.991
556.25	2.058
556.46	2.023
556.66	1.856
556.87	1.989
557.07	2.335
557.28	2.233
557.48	2.151
557.69	2.254
557.90	2.229
558.10	2.132
558.31	2.242
558.51	2.382
558.72	2.284
558.92	2.403
559.13	2.465
559.33	2.436
559.54	2.499
559.74	2.544
559.95	2.634
560.15	2.337
560.36	2.723
560.56	2.804
560.77	2.573
560.97	3.041
561.18	2.681
561.38	2.676
561.59	2.738
561.79	2.425
562.00	2.939
562.20	2.875
562.41	2.940
562.61	2.725
562.82	2.794
563.02	3.086
563.23	3.098
563.43	3.223
563.64	3.380
563.84	3.028
564.05	3.174
564.25	3.349
564.46	3.248
564.66	3.408
564.87	3.230
565.07	3.626
565.28	3.473
565.48	3.548
565.68	3.627
565.89	3.517
566.09	3.716
566.30	3.857
566.50	3.655
566.71	3.694
566.91	3.702
567.12	3.729
567.32	3.824
567.53	3.814
567.73	3.869
567.94	3.922
568.14	4.025
568.34	4.167
568.55	4.044
568.75	4.170
568.96	4.199
569.16	4.367
569.37	4.294
569.57	4.136
569.78	4.399
569.98	4.601
570.18	4.287
570.39	4.589
570.59	4.842
570.80	4.643
571.00	4.431
571.21	4.502
571.41	4.785
571.61	4.707
571.82	4.685
572.02	4.896
572.23	4.821
572.43	4.987
572.64	5.134
572.84	4.994
573.04	5.045
573.25	5.177
573.45	5.152
573.66	5.175
573.86	5.386
574.06	5.448
574.27	5.176
574.47	5.408
574.68	5.262
574.88	5.284
575.08	5.631
575.29	5.811
575.49	5.636
575.70	5.680
575.90	5.879
576.10	5.670
576.31	6.059
576.51	5.842
576.72	5.925
576.92	6.009
577.12	5.727
577.33	6.075
577.53	6.073
577.73	6.222
577.94	6.259
578.14	6.241
578.35	6.196
578.55	6.207
578.75	6.251
578.96	6.394
579.16	6.542
579.36	6.493
579.57	6.692
579.77	6.539
579.98	6.741
580.18	6.694
580.38	6.781
580.59	6.903
580.79	6.940
580.99	6.923
581.20	6.859
581.40	7.058
581.60	7.049
581.81	7.097
582.01	7.153
582.21	7.312
582.42	7.071
582.62	7.314
582.82	7.462
583.03	7.268
583.23	7.459
583.43	7.408
583.64	7.647
583.84	7.469
584.04	7.353
584.25	7.648
584.45	7.748
584.65	7.711
584.86	7.841
585.06	7.749
585.26	7.888
585.47	8.154
585.67	7.967
585.87	7.821
586.08	8.201
586.28	8.273
586.48	8.304
586.69	8.436
586.89	8.565
587.09	8.342
587.30	8.523
587.50	8.606
587.70	8.426
587.90	8.830
588.11	8.711
588.31	8.646
588.51	8.665
588.72	8.754
588.92	8.914
589.12	8.758
589.33	8.989
589.53	9.170
589.73	9.161
589.93	8.880
590.14	9.062
590.34	9.093
590.54	9.176
590.75	9.324
590.95	9.472
591.15	9.514
591.35	9.389
591.56	9.263
591.76	9.438
591.96	9.517
592.16	9.425
592.37	9.903
592.57	9.844
592.77	9.719
592.97	9.846
593.18	9.877
593.38	9.862
593.58	9.934
593.79	10.032
593.99	10.081
594.19	10.216
594.39	9.989
594.60	10.265
594.80	10.304
595.00	10.126
595.20	10.323
595.41	10.178
595.61	10.370
595.81	10.350
596.01	10.707
596.21	10.637
596.42	10.771
596.62	10.701
596.82	10.795
597.02	10.818
597.23	10.821
597.43	10.915
597.63	10.989
597.83	11.049
598.04	10.755
598.24	11.010
598.44	10.972
598.64	11.311
598.84	11.152
599.05	11.438
599.25	11.489
599.45	11.339
599.65	11.727
599.85	11.652
600.06	11.581
600.26	11.522
600.46	11.416
600.66	11.621
600.87	11.874
601.07	11.879
601.27	11.722
601.47	11.897
601.67	12.083
601.87	12.186
602.08	12.013
602.28	12.161
602.48	12.089
602.68	12.252
602.88	12.184
603.09	12.271
603.29	12.478
603.49	12.336
603.69	12.545
603.89	12.606
604.10	12.613
604.30	12.664
604.50	12.645
604.70	12.767
604.90	12.865
605.10	12.739
605.31	13.021
605.51	12.946
605.71	13.010
605.91	13.205
606.11	13.105
606.31	13.115
606.52	13.136
606.72	13.237
606.92	13.442
607.12	13.464
607.32	13.411
607.52	13.442
607.72	13.355
607.93	13.493
608.13	13.325
608.33	13.647
608.53	13.496
608.73	13.712
608.93	13.823
609.13	13.892
609.34	13.881
609.54	13.970
609.74	13.780
609.94	13.924
610.14	13.934
610.34	13.910
610.54	14.049
610.74	14.047
610.95	14.090
611.15	14.254
611.35	14.366
611.55	14.205
611.75	14.478
611.95	14.461
612.15	14.356
612.35	14.499
612.56	14.358
612.76	14.739
612.96	14.602
613.16	14.727
613.36	14.899
613.56	14.816
613.76	14.539
613.96	15.037
614.16	15.064
614.36	15.324
614.57	15.059
614.77	14.945
614.97	15.029
615.17	15.190
615.37	15.304
615.57	15.199
615.77	15.252
615.97	15.492
616.17	15.311
616.37	15.290
616.57	15.451
616.78	15.603
616.98	15.522
617.18	15.748
617.38	15.552
617.58	15.670
617.78	15.795
617.98	15.886
618.18	15.865
618.38	15.944
618.58	15.900
618.78	16.008
618.98	16.411
619.18	16.015
619.38	16.237
619.58	16.318
619.79	16.166
619.99	16.310
620.19	16.389
620.39	16.513
620.59	16.551
620.79	16.481
620.99	16.381
621.19	16.680
621.39	16.765
621.59	16.600
621.79	16.441
621.99	16.800
622.19	16.535
622.39	16.769
622.59	16.800
622.79	16.701
622.99	17.060
623.19	16.970
623.39	17.001
623.59	17.107
623.79	17.160
623.99	17.194
624.19	17.412
624.39	17.272
624.59	17.386
624.79	17.307
624.99	17.292
625.19	17.493
625.39	17.356
625.59	17.508
625.79	17.552
625.99	17.450
626.19	17.682
626.39	17.788
626.59	17.790
626.79	17.887
626.99	18.062
627.19	18.027
627.39	17.963
627.59	17.891
627.79	17.822
627.99	18.038
628.19	18.194
628.39	18.077
628.59	18.242
628.79	18.293
628.99	18.137
629.19	18.303
629.39	18.224
629.59	18.324
629.79	18.493
629.99	18.575
630.19	18.506
630.39	18.576
630.59	18.848
630.79	18.533
630.99	18.752
631.19	18.794
631.39	18.875
631.59	18.783
631.79	18.762
631.99	18.849
632.19	19.016
632.39	19.015
632.59	18.978
632.79	19.099
632.99	19.045
633.19	19.205
633.39	19.419
633.58	19.253
633.78	19.369
633.98	19.685
634.18	19.521
634.38	19.482
634.58	19.638
634.78	19.357
634.98	19.738
635.18	19.617
635.38	19.614
635.58	19.518
635.78	19.689
635.98	19.716
636.18	19.800
636.38	19.740
636.57	20.019
636.77	19.886
636.97	20.093
637.17	19.993
637.37	20.015
637.57	20.212
637.77	20.137
637.97	20.268
638.17	19.905
638.37	20.087
638.57	20.203
638.76	20.367
638.96	20.176
639.16	20.438
639.36	20.516
639.56	20.342
639.76	20.571
639.96	20.637
640.16	20.493
640.36	20.714
640.56	20.705
640.75	20.721
640.95	20.767
641.15	20.838
641.35	20.820
641.55	20.861
641.75	20.905
641.95	20.886
642.15	21.119
642.34	20.728
642.54	21.039
642.74	20.940
642.94	21.119
643.14	21.272
643.34	21.396
643.54	21.099
643.74	21.152
643.93	21.289
644.13	21.570
644.33	21.402
644.53	21.527
644.73	21.511
644.93	21.264
645.13	21.462
645.32	21.531
645.52	21.702
645.72	21.650
645.92	21.591
646.12	21.748
646.32	21.677
646.52	21.865
646.71	21.893
646.91	21.694
647.11	21.868
647.31	21.913
647.51	21.701
647.71	21.847
647.90	22.065
648.10	21.873
648.30	21.974
648.50	22.027
648.70	22.234
648.89	22.108
649.09	22.329
649.29	22.219
649.49	22.383
649.69	22.395
649.89	22.373
650.08	22.291
650.28	22.262
650.48	22.520
650.68	22.378
650.88	22.835
651.07	22.545
651.27	22.750
651.47	22.857
651.67	22.788
651.87	22.587
652.06	22.838
652.26	22.773
652.46	22.702
652.66	22.687
652.86	22.769
653.05	22.775
653.25	22.800
653.45	22.759
653.65	23.079
653.85	23.270
654.04	23.044
654.24	23.206
654.44	23.097
654.64	23.188
654.83	23.179
655.03	23.252
655.23	23.298
655.43	23.476
655.63	22.988
655.82	23.240
656.02	23.276
656.22	23.306
656.42	23.247
656.61	23.654
656.81	23.382
657.01	23.396
657.21	23.692
657.40	23.827
657.60	23.542
657.80	23.832
658.00	23.853
658.19	23.774
658.39	23.756
658.59	23.793
658.79	23.786
658.98	23.794
659.18	23.732
659.38	23.946
659.58	23.793
659.77	24.208
659.97	24.043
660.17	24.155
660.36	24.079
660.56	24.005
660.76	24.251
660.96	24.289
661.15	24.047
661.35	24.262
661.55	24.303
661.75	24.447
661.94	24.505
662.14	24.292
662.34	24.659
662.53	24.422
662.73	24.618
662.93	24.850
663.13	24.747
663.32	24.810
663.52	24.616
663.72	24.796
663.91	24.713
664.11	24.577
664.31	24.566
664.50	24.517
664.70	24.803
664.90	24.813
665.10	25.104
665.29	24.930
665.49	24.966
665.69	24.835
665.88	24.945
666.08	24.879
666.28	24.812
666.47	24.858
666.67	25.135
666.87	24.954
667.06	25.097
667.26	25.066
667.46	24.943
667.65	25.003
667.85	24.966
668.05	25.144
668.24	25.281
668.44	25.280
668.64	25.375
668.83	25.497
669.03	25.319
669.23	25.230
669.42	25.662
669.62	25.686
669.82	25.577
670.01	25.502
670.21	25.738
670.41	25.763
670.60	25.610
670.80	25.742
671.00	25.661
671.19	25.674
671.39	25.739
671.58	25.889
671.78	25.790
671.98	26.031
672.17	26.171
672.37	26.063
672.57	25.919
672.76	26.016
672.96	26.119
673.15	26.131
673.35	26.181
673.55	26.188
673.74	26.151
673.94	25.965
674.14	26.242
674.33	26.217
674.53	26.304
674.72	26.128
674.92	26.013
675.12	26.194
675.31	26.357
675.51	26.287
675.70	26.333
675.90	26.220
676.10	26.248
676.29	26.309
676.49	26.288
676.68	26.291
676.88	26.421
677.08	26.453
677.27	26.466
677.47	26.448
677.66	26.367
677.86	26.756
678.06	26.527
678.25	26.713
678.45	26.682
678.64	26.671
678.84	26.680
679.03	26.920
679.23	26.817
679.43	26.983
679.62	27.034
679.82	27.139
680.01	26.927
680.21	27.005
680.40	26.976
680.60	26.972
680.80	27.097
680.99	27.130
681.19	27.217
681.38	27.037
681.58	27.202
681.77	27.039
681.97	27.170
682.16	27.362
682.36	27.211
682.56	27.214
682.75	27.215
682.95	27.400
683.14	27.344
683.34	27.477
683.53	27.565
683.73	27.408
683.92	27.382
684.12	27.580
684.31	27.128
684.51	27.435
684.70	27.378
684.90	27.444
685.10	27.484
685.29	27.856
685.49	27.671
685.68	27.566
685.88	27.884
686.07	27.842
686.27	27.828
686.46	27.794
686.66	27.728
686.85	27.742
687.05	27.910
687.24	27.859
687.44	28.133
687.63	28.163
687.83	27.985
688.02	27.923
688.22	27.866
688.41	28.054
688.61	28.096
688.80	28.235
689.00	28.034
689.19	28.255
689.39	28.170
689.58	27.946
689.78	28.088
689.97	28.262
690.17	28.489
690.36	28.154
690.56	28.242
690.75	28.289
690.95	28.065
691.14	28.414
691.34	28.327
691.53	28.235
691.72	28.375
691.92	28.217
692.11	28.537
692.31	28.260
692.50	28.288
692.70	28.314
692.89	28.374
693.09	28.469
693.28	28.696
693.48	28.597
693.67	28.631
693.87	28.680
694.06	28.433
694.25	28.610
694.45	28.719
694.64	28.527
694.84	28.707
695.03	28.546
695.23	28.385
695.42	28.577
695.62	28.559
695.81	28.665
696.00	28.671
696.20	28.989
696.39	28.862
696.59	29.367
696.78	29.016
696.98	28.885
697.17	29.195
697.36	28.965
697.56	29.206
697.75	28.983
697.95	29.102
698.14	29.034
698.34	29.255
698.53	29.040
698.72	28.923
698.92	28.948
699.11	29.018
699.31	29.309
699.50	29.324
699.69	29.273
699.89	29.347
700.08	29.587
700.28	29.546
700.47	29.272
700.66	29.347
700.86	29.231
701.05	29.233
701.25	29.252
701.44	29.013
701.63	29.381
701.83	29.298
702.02	29.364
702.21	29.018
702.41	29.196
702.60	29.145
702.80	29.279
702.99	29.307
703.18	29.376
703.38	29.498
703.57	29.381
703.77	29.508
703.96	29.810
704.15	29.740
704.35	29.640
704.54	29.582
704.73	29.620
704.93	29.650
705.12	29.623
705.31	29.654
705.51	29.652
705.70	29.590
705.89	29.571
706.09	29.567
706.28	29.559
706.48	29.875
706.67	29.804
706.86	29.643
707.06	29.867
707.25	29.907
707.44	30.281
707.64	30.165
707.83	29.946
708.02	29.988
708.22	29.954
708.41	29.895
708.60	29.920
708.80	29.922
708.99	29.917
709.18	29.968
709.38	29.776
709.57	30.086
709.76	29.901
709.95	30.151
710.15	30.124
710.34	30.062
710.53	30.358
710.73	30.332
710.92	30.043
711.11	29.998
711.31	30.012
711.50	30.100
711.69	30.274
711.89	30.163
712.08	30.174
712.27	30.211
712.46	30.372
712.66	30.370
712.85	30.289
713.04	30.261
713.24	30.311
713.43	30.450
713.62	30.116
713.81	30.324
714.01	30.376
714.20	30.579
714.39	30.722
714.59	30.346
714.78	30.620
714.97	30.400
715.16	30.698
715.36	30.615
715.55	30.642
715.74	30.815
715.93	30.633
716.13	30.910
716.32	31.007
716.51	30.893
716.71	30.797
716.90	30.912
717.09	30.716
717.28	30.733
717.48	30.723
717.67	30.693
717.86	30.545
718.05	30.570
718.25	30.735
718.44	30.755
718.63	31.023
718.82	30.862
719.02	30.769
719.21	30.474
719.40	30.754
719.59	30.744
719.78	30.737
719.98	30.943
720.17	30.854
720.36	30.795
720.55	30.581
720.75	30.762
720.94	30.758
721.13	30.682
721.32	31.017
721.51	30.739
721.71	30.829
721.90	30.922
722.09	30.797
722.28	31.161
722.48	30.822
722.67	30.852
722.86	30.930
723.05	30.967
723.24	30.948
723.44	30.825
723.63	30.778
723.82	30.975
724.01	30.862
724.20	31.119
724.40	31.143
724.59	31.147
724.78	31.157
724.97	31.049
725.16	31.037
725.35	31.258
725.55	31.208
725.74	30.955
725.93	31.133
726.12	31.276
726.31	31.344
726.51	30.963
726.70	31.127
726.89	31.104
727.08	31.198
727.27	31.281
727.46	31.278
727.66	31.000
727.85	31.270
728.04	31.415
728.23	31.362
728.42	31.273
728.61	31.352
728.81	31.230
729.00	31.576
729.19	31.600
729.38	31.408
729.57	31.328
729.76	31.360
729.95	31.273
730.15	31.200
730.34	31.260
730.53	31.328
730.72	31.402
730.91	31.757
731.10	31.475
731.29	31.611
731.49	31.222
731.68	31.549
731.87	31.558
732.06	31.483
732.25	31.706
732.44	31.591
732.63	31.605
732.82	31.628
733.02	31.616
733.21	31.888
733.40	31.929
733.59	31.667
733.78	31.744
733.97	31.550
734.16	31.539
734.35	31.794
734.54	31.834
734.74	31.485
734.93	31.697
735.12	31.870
735.31	31.800
735.50	31.934
735.69	31.692
735.88	31.629
736.07	31.732
736.26	31.768
736.45	31.556
736.64	31.792
736.84	31.704
737.03	31.704
737.22	31.671
737.41	31.751
737.60	31.736
737.79	32.114
737.98	31.942
738.17	31.954
738.36	31.744
738.55	31.816
738.74	31.706
738.93	31.894
739.12	32.136
739.32	31.937
739.51	31.873
739.70	31.882
739.89	31.743
740.08	31.889
740.27	31.967
740.46	31.767
740.65	31.834
740.84	31.945
741.03	31.606
741.22	31.668
741.41	31.871
741.60	31.900
741.79	31.893
741.98	32.161
742.17	31.925
742.36	32.240
742.55	32.294
742.74	31.874
742.93	32.204
743.12	32.094
743.31	32.279
743.51	32.197
743.70	32.206
743.89	32.124
744.08	32.077
744.27	32.300
744.46	32.216
744.65	32.309
744.84	32.230
745.03	32.340
745.22	32.254
745.41	32.169
745.60	32.133
745.79	32.425
745.98	32.426
746.17	32.382
746.36	32.306
746.55	32.066
746.74	32.355
746.93	32.378
747.12	32.295
747.31	32.296
747.50	32.371
747.69	32.043
747.88	32.642
748.07	32.480
748.26	32.776
748.45	32.413
748.64	32.474
748.83	32.577
749.02	32.693
749.21	32.763
749.40	32.399
749.59	32.579
749.77	32.558
749.96	32.322
750.15	32.564
750.34	32.429
750.53	32.707
750.72	32.318
750.91	32.818
751.10	32.502
751.29	32.620
751.48	32.360
751.67	32.706
751.86	32.692
752.05	32.536
752.24	32.656
752.43	32.720
752.62	32.339
752.81	32.618
753.00	32.366
753.19	32.140
753.38	32.414
753.57	32.286
753.76	32.635
753.94	32.487
754.13	32.475
754.32	32.748
754.51	32.544
754.70	32.697
754.89	32.697
755.08	32.418
755.27	32.566
755.46	32.497
755.65	32.413
755.84	32.562
756.03	32.563
756.22	32.525
756.40	32.283
756.59	32.627
756.78	32.562
756.97	32.806
757.16	32.751
757.35	32.934
757.54	32.709
757.73	32.700
757.92	32.575
758.11	32.705
758.29	32.751
758.48	32.835
758.67	32.611
758.86	32.776
759.05	32.639
759.24	32.683
759.43	32.776
759.62	32.663
759.81	32.489
759.99	32.541
760.18	32.761
760.37	32.444
760.56	32.568
760.75	32.642
760.94	32.635
761.13	32.609
761.32	32.659
761.50	32.963
761.69	32.705
761.88	32.812
762.07	32.645
762.26	32.600
762.45	32.948
762.64	32.540
762.82	32.836
763.01	32.748
763.20	32.464
763.39	32.761
763.58	32.864
763.77	32.767
763.96	32.676
764.14	32.748
764.33	32.763
764.52	32.726
764.71	33.096
764.90	33.007
765.09	32.890
765.27	33.044
765.46	32.978
765.65	33.121
765.84	33.168
766.03	32.737
766.22	32.928
766.40	32.920
766.59	32.753
766.78	32.733
766.97	32.653
767.16	32.975
767.35	32.590
767.53	33.063
767.72	32.440
767.91	32.793
768.10	33.029
768.29	33.010
768.47	33.189
768.66	32.851
768.85	33.035
769.04	32.793
769.23	32.866
769.41	32.695
769.60	32.654
769.79	32.894
769.98	32.839
770.17	32.874
770.35	33.155
770.54	32.984
770.73	32.937
770.92	33.110
771.10	33.029
771.29	33.012
771.48	32.865
771.67	33.183
771.86	33.012
772.04	33.050
772.23	33.235
772.42	33.276
772.61	33.461
772.79	33.144
772.98	33.060
773.17	32.952
773.36	33.093
773.54	32.819
773.73	33.105
773.92	33.130
774.11	33.014
774.30	33.015
774.48	32.998
774.67	33.087
774.86	33.051
775.05	33.056
775.23	32.836
775.42	33.017
775.61	32.860
775.79	32.987
775.98	32.802
776.17	33.336
776.36	33.077
776.54	33.300
776.73	33.329
776.92	33.176
777.11	33.093
777.29	33.159
777.48	33.076
777.67	33.308
777.85	33.428
778.04	33.476
778.23	33.360
778.42	33.142
778.60	33.264
778.79	33.350
778.98	33.127
779.16	33.175
779.35	32.899
779.54	33.229
779.73	33.304
779.91	33.064
780.10	33.220
780.29	33.100
780.47	33.120
780.66	33.252
780.85	33.018
781.03	33.030
781.22	32.817
781.41	33.181
781.60	33.270
781.78	33.219
781.97	33.356
782.16	33.217
782.34	33.177
782.53	33.167
782.72	33.321
782.90	33.185
783.09	33.177
783.28	33.218
783.46	33.281
783.65	33.210
783.84	33.296
784.02	33.132
784.21	33.388
784.40	33.015
784.58	33.318
784.77	33.080
784.96	33.114
785.14	33.264
785.33	33.100
785.52	33.407
785.70	33.285
785.89	33.459
786.08	33.125
786.26	33.279
786.45	32.957
786.63	33.163
786.82	33.092
787.01	32.887
787.19	32.811
787.38	32.992
787.57	32.930
787.75	33.074
787.94	33.016
788.13	32.965
788.31	33.061
788.50	32.851
788.68	33.040
788.87	33.120
789.06	33.443
789.24	33.054
789.43	33.400
789.61	33.353
789.80	33.589
789.99	33.592
790.17	33.295
790.36	33.333
790.55	33.367
790.73	33.238
790.92	32.997
791.10	33.320
791.29	33.155
791.48	33.369
791.66	33.510
791.85	33.227
792.03	33.085
792.22	32.944
792.40	33.278
792.59	33.304
792.78	33.169
792.96	33.371
793.15	33.342
793.33	33.220
793.52	32.888
793.71	33.048
793.89	33.304
794.08	33.083
794.26	33.117
794.45	33.183
794.63	33.132
794.82	32.804
795.01	33.096
795.19	33.081
795.38	33.012
795.56	33.044
795.75	33.122
795.93	33.017
796.12	32.934
796.30	33.139
796.49	33.151
796.68	33.322
796.86	33.243
797.05	33.121
797.23	33.193
797.42	33.089
797.60	33.548
797.79	33.524
797.97	33.498
798.16	33.207
798.34	33.120
798.53	33.426
798.71	33.226
798.90	33.247
799.08	33.214
799.27	33.449
799.46	33.337
799.64	33.211
799.83	33.053
800.01	33.218
800.20	33.017
800.38	33.017
800.57	32.879
800.75	33.163
800.94	33.191
801.12	33.256
801.31	33.091
801.49	33.025
801.68	33.034
801.86	33.111
802.05	33.239
802.23	33.189
802.42	33.021
802.60	33.279
802.79	33.336
802.97	33.254
803.16	33.352
803.34	33.339
803.53	33.284
803.71	33.265
803.90	33.400
804.08	33.340
804.27	33.313
804.45	33.243
804.63	33.311
804.82	33.265
805.00	33.476
805.19	33.631
805.37	33.305
805.56	33.491
805.74	33.278
805.93	33.249
806.11	33.337
806.30	33.153
806.48	33.122
806.67	33.174
806.85	33.011
807.04	33.107
807.22	33.125
807.40	33.118
807.59	33.227
807.77	33.427
807.96	33.200
808.14	33.184
808.33	33.015
808.51	32.881
808.69	32.850
808.88	32.971
809.06	33.349
809.25	32.965
809.43	33.320
809.62	33.212
809.80	33.037
809.99	33.083
810.17	33.234
810.35	33.048
810.54	32.814
810.72	32.829
810.91	32.897
811.09	33.001
811.27	32.877
811.46	33.090
811.64	33.002
811.83	33.155
812.01	33.072
812.19	32.784
812.38	32.728
812.56	32.508
812.75	32.795
812.93	32.624
813.11	32.538
813.30	32.931
813.48	33.052
813.67	33.032
813.85	33.334
814.03	33.089
814.22	33.072
814.40	32.644
814.59	32.809
814.77	32.526
814.95	32.623
815.14	32.712
815.32	32.754
815.50	32.683
815.69	32.685
815.87	32.755
816.06	32.611
816.24	32.299
816.42	32.455
816.61	32.650
816.79	32.556
816.97	32.752
817.16	32.632
817.34	32.610
817.52	32.876
817.71	32.788
817.89	33.015
818.07	32.849
818.26	33.113
818.44	33.101
818.63	33.196
818.81	32.742
818.99	32.924
819.18	32.936
819.36	32.893
819.54	33.021
819.73	32.612
819.91	32.706
820.09	32.981
820.28	32.813
820.46	32.840
820.64	32.950
820.83	32.713
821.01	32.861
821.19	32.581
821.37	32.830
821.56	32.711
821.74	32.536
821.92	32.504
822.11	32.589
822.29	32.414
822.47	32.395
822.66	32.703
822.84	32.672
823.02	32.725
823.21	32.497
823.39	32.742
823.57	32.683
823.75	32.912
823.94	32.577
824.12	32.885
824.30	33.023
824.49	32.969
824.67	32.617
824.85	32.733
825.03	32.868
825.22	32.821
825.40	32.517
825.58	32.559
825.77	32.461
825.95	32.435
826.13	32.623
826.31	32.750
826.50	32.742
826.68	32.721
826.86	32.583
827.04	32.376
827.23	32.396
827.41	32.266
827.59	32.297
827.78	32.366
827.96	32.362
828.14	32.290
828.32	32.106
828.51	32.389
828.69	32.299
828.87	32.481
829.05	32.271
829.23	32.465
829.42	32.535
829.60	32.343
829.78	32.382
829.96	32.246
830.15	32.146
830.33	32.081
830.51	32.271
830.69	32.375
830.88	32.286
831.06	32.123
831.24	32.107
831.42	32.494
831.60	31.880
831.79	32.371
831.97	32.145
832.15	32.075
832.33	32.343
832.52	32.236
832.70	32.294
832.88	32.222
833.06	32.555
833.24	32.440
833.43	32.474
833.61	32.055
833.79	32.267
833.97	32.447
834.15	32.164
834.34	32.214
834.52	32.229
834.70	32.079
834.88	31.941
835.06	32.468
835.25	32.214
835.43	32.220
835.61	32.188
835.79	31.853
835.97	32.176
836.15	31.906
836.34	32.049
836.52	32.065
836.70	32.187
836.88	32.245
837.06	31.960
837.24	32.244
837.43	32.217
837.61	31.995
837.79	32.175
837.97	31.925
838.15	32.068
838.33	31.758
838.52	31.983
838.70	32.216
838.88	31.665
839.06	31.968
839.24	31.738
839.42	31.572
839.60	31.703
839.79	31.609
839.97	31.534
840.15	31.848
840.33	31.659
840.51	32.048
840.69	32.208
840.87	32.042
841.06	31.988
841.24	31.737
841.42	31.971
841.60	31.917
841.78	31.982
841.96	32.048
842.14	31.896
842.32	31.842
842.51	31.689
842.69	31.830
842.87	32.044
843.05	32.105
843.23	31.887
843.41	31.899
843.59	32.007
843.77	32.342
843.95	31.884
844.14	31.746
844.32	31.891
844.50	31.859
844.68	31.844
844.86	32.208
845.04	32.052
845.22	31.608
845.40	31.957
845.58	31.678
845.76	31.433
845.94	31.568
846.12	31.449
846.31	31.806
846.49	31.797
846.67	31.497
846.85	31.535
847.03	31.452
847.21	31.581
847.39	31.573
847.57	31.714
847.75	31.699
847.93	31.696
848.11	31.825
848.29	31.303
848.47	31.341
848.65	31.826
848.83	31.394
849.02	31.707
849.20	31.837
849.38	31.345
849.56	31.310
849.74	31.310
849.92	31.434
850.10	31.274
850.28	31.598
850.46	31.552
850.64	31.310
850.82	31.520
851.00	31.496
851.18	31.224
851.36	31.283
851.54	31.348
851.72	31.126
851.90	31.077
852.08	30.976
852.26	31.401
852.44	31.037
852.62	31.116
852.80	31.043
852.98	31.258
853.16	30.842
853.34	31.039
853.52	31.121
853.70	30.980
853.88	31.261
854.06	31.293
854.24	31.413
854.42	31.188
854.60	31.143
854.78	31.227
854.96	31.210
855.14	31.366
855.32	31.167
855.50	30.771
855.68	31.032
855.86	30.677
856.04	30.658
856.22	30.826
856.40	30.820
856.58	30.917
856.76	30.686
856.94	31.012
857.12	31.114
857.30	31.072
857.48	31.075
857.66	30.806
857.84	31.016
858.02	31.055
858.20	30.740
858.38	31.104
858.56	30.968
858.74	30.947
858.92	30.918
859.10	30.913
859.28	30.658
859.46	30.905
859.64	30.946
859.81	30.722
859.99	30.977
860.17	30.676
860.35	30.392
860.53	30.702
860.71	30.805
860.89	30.722
861.07	30.566
861.25	30.748
861.43	30.880
861.61	30.732
861.79	30.905
861.97	30.825
862.15	30.676
862.33	30.903
862.50	30.991
862.68	30.871
862.86	30.838
863.04	30.676
863.22	30.997
863.40	30.712
863.58	30.531
863.76	30.495
863.94	30.518
864.12	30.583
864.30	30.614
864.47	30.742
864.65	30.657
864.83	30.608
865.01	30.865
865.19	30.473
865.37	30.539
865.55	30.550
865.73	30.234
865.91	30.464
866.09	30.341
866.26	29.945
866.44	30.207
866.62	30.076
866.80	30.070
866.98	30.020
867.16	30.364
867.34	29.944
867.52	30.116
867.69	30.508
867.87	30.446
868.05	30.310
868.23	30.186
868.41	30.376
868.59	30.479
868.77	30.333
868.94	30.077
869.12	30.109
869.30	29.990
869.48	30.227
869.66	30.189
869.84	30.100
870.02	30.098
870.19	30.040
870.37	30.224
870.55	29.835
870.73	30.109
870.91	30.239
871.09	30.052
871.26	30.307
871.44	30.161
871.62	30.351
871.80	30.352
871.98	30.403
872.16	30.359
872.33	30.076
872.51	30.140
872.69	30.137
872.87	29.839
873.05	30.157
873.22	30.072
873.40	29.725
873.58	29.696
873.76	29.889
873.94	29.658
874.12	30.172
874.29	29.660
874.47	30.051
874.65	29.901
874.83	30.103
875.01	29.991
875.18	30.156
875.36	30.031
875.54	30.125
875.72	30.155
875.89	30.007
876.07	30.178
876.25	30.020
876.43	29.914
876.61	29.844
876.78	29.903
876.96	30.397
877.14	29.864
877.32	29.635
877.49	29.695
877.67	30.082
877.85	29.567
878.03	29.844
878.21	29.808
878.38	29.843
878.56	29.351
878.74	29.688
878.92	29.610
879.09	29.374
879.27	29.613
879.45	29.692
879.63	29.816
879.80	29.918
879.98	29.913
880.16	29.745
880.34	29.731
880.51	29.818
880.69	29.858
880.87	29.788
881.05	29.878
881.22	29.659
881.40	29.631
881.58	29.512
881.75	29.687
881.93	29.390
882.11	29.602
882.29	29.719
882.46	29.573
882.64	29.236
882.82	29.216
883.00	29.281
883.17	28.953
883.35	29.116
883.53	29.254
883.70	29.304
883.88	29.235
884.06	29.462
884.23	29.371
884.41	29.684
884.59	29.510
884.77	29.398
884.94	29.481
885.12	29.171
885.30	29.636
885.47	29.332
885.65	29.248
885.83	29.035
886.00	29.380
886.18	29.073
886.36	29.437
886.53	29.345
886.71	29.201
886.89	28.950
887.07	28.964
887.24	29.516
887.42	29.357
887.60	29.253
887.77	29.109
887.95	28.998
888.13	29.338
888.30	29.125
888.48	29.382
888.66	29.253
888.83	29.302
889.01	29.236
889.18	29.145
889.36	29.127
889.54	29.334
889.71	29.355
889.89	28.994
890.07	28.788
890.24	28.980
890.42	28.869
890.60	29.074
890.77	28.981
890.95	28.947
891.13	28.774
891.30	28.979
891.48	29.099
891.65	28.630
891.83	29.249
892.01	28.919
892.18	29.024
892.36	28.691
892.54	28.873
892.71	28.832
892.89	28.603
893.06	28.853
893.24	28.671
893.42	28.895
893.59	28.821
893.77	28.852
893.94	28.849
894.12	28.245
894.30	28.655
894.47	28.773
894.65	28.202
894.82	28.221
895.00	28.751
895.18	28.376
895.35	28.498
895.53	28.477
895.70	28.393
895.88	28.365
896.06	28.307
896.23	28.456
896.41	28.526
896.58	28.322
896.76	28.090
896.93	28.430
897.11	28.274
897.29	28.218
897.46	28.272
897.64	28.122
897.81	28.331
897.99	28.159
898.16	28.298
898.34	28.475
898.52	28.246
898.69	28.609
898.87	28.311
899.04	28.671
899.22	28.324
899.39	28.347
899.57	28.484
899.74	28.211
899.92	28.583
900.10	28.114
900.27	27.944
900.45	28.010
900.62	27.838
900.80	27.887
900.97	28.260
901.15	28.376
901.32	28.476
901.50	28.389
901.67	28.658
901.85	28.445
902.02	28.420
902.20	28.208
902.37	27.955
902.55	28.096
902.72	27.875
902.90	27.774
903.07	28.175
903.25	28.166
903.43	28.543
903.60	28.164
903.78	28.230
903.95	28.131
904.13	27.987
904.30	28.337
904.48	28.204
904.65	27.870
904.83	28.313
905.00	27.740
905.17	27.984
905.35	27.792
905.52	27.783
905.70	27.880
905.87	27.812
906.05	27.589
906.22	27.710
906.40	27.818
906.57	27.439
906.75	27.432
906.92	27.515
907.10	27.566
907.27	27.858
907.45	28.068
907.62	27.750
907.80	27.769
907.97	27.641
908.15	27.884
908.32	27.953
908.49	27.825
908.67	28.030
908.84	27.905
909.02	27.791
909.19	27.774
909.37	27.982
909.54	27.830
909.72	27.885
909.89	27.912
910.07	27.759
910.24	27.802
910.41	27.677
910.59	27.838
910.76	27.745
910.94	28.103
911.11	28.204
911.29	27.805
911.46	27.834
911.63	27.844
911.81	27.623
911.98	27.443
912.16	27.506
912.33	27.742
912.50	27.413
912.68	27.290
912.85	27.359
913.03	27.317
913.20	27.666
913.38	27.898
913.55	28.145
913.72	27.620
913.90	27.640
914.07	27.546
914.25	27.348
914.42	27.304
914.59	27.419
914.77	27.379
914.94	27.646
915.11	27.760
915.29	27.522
915.46	27.232
915.64	27.380
915.81	26.943
915.98	27.199
916.16	27.020
916.33	27.147
916.51	27.117
916.68	27.067
916.85	27.069
917.03	27.458
917.20	27.095
917.37	26.991
917.55	27.549
917.72	27.175
917.89	26.920
918.07	26.966
918.24	27.349
918.42	27.554
918.59	27.205
918.76	26.968
918.94	27.331
919.11	27.103
919.28	27.169
919.46	27.370
919.63	27.353
919.80	27.424
919.98	26.902
920.15	26.892
920.32	26.846
920.50	26.740
920.67	26.717
920.84	26.426
921.02	26.804
921.19	26.863
921.36	27.022
921.54	26.940
921.71	26.876
921.88	26.920
922.06	27.112
922.23	26.473
922.40	26.936
922.57	26.894
922.75	26.693
922.92	26.785
923.09	26.860
923.27	26.800
923.44	26.833
923.61	27.028
923.79	26.914
923.96	27.371
924.13	27.049
924.30	26.912
924.48	27.021
924.65	27.231
924.82	27.144
925.00	27.015
925.17	27.111
925.34	26.645
925.51	26.855
925.69	27.098
925.86	26.886
926.03	26.615
926.21	26.841
926.38	26.613
926.55	26.716
926.72	26.772
926.90	26.650
927.07	26.632
927.24	26.505
927.41	26.890
927.59	26.446
927.76	26.348
927.93	26.734
928.10	26.779
928.28	26.245
928.45	26.374
928.62	26.016
928.79	26.481
928.97	26.437
929.14	26.109
929.31	26.482
929.48	25.978
929.66	26.531
929.83	26.417
930.00	26.572
930.17	26.712
930.34	26.517
930.52	26.463
930.69	26.343
930.86	26.784
931.03	26.587
931.21	26.507
931.38	26.564
931.55	26.437
931.72	26.196
931.89	26.157
932.07	26.754
932.24	26.214
932.41	26.691
932.58	26.686
932.75	26.644
932.93	26.025
933.10	26.433
933.27	26.249
933.44	26.345
933.61	26.311
933.79	26.468
933.96	25.799
934.13	26.412
934.30	25.766
934.47	26.013
934.65	26.230
934.82	26.462
934.99	26.193
935.16	26.420
935.33	25.523
935.50	26.080
935.68	26.231
935.85	25.806
936.02	25.987
936.19	26.653
936.36	25.978
936.53	26.296
936.71	26.569
936.88	26.424
937.05	26.012
937.22	25.954
937.39	26.191
937.56	25.929
937.74	25.834
937.91	26.161
938.08	25.466
938.25	26.563
938.42	26.643
938.59	26.058
938.76	25.934
938.94	25.410
939.11	26.337
939.28	25.494
939.45	25.820
939.62	26.234
939.79	25.725
939.96	26.002
940.13	25.389
940.31	26.092
940.48	26.173
940.65	25.572
940.82	25.474
940.99	25.566
941.16	25.907
941.33	25.868
941.50	26.352
941.67	25.475
941.85	25.617
942.02	25.624
942.19	26.415
942.36	26.109
942.53	25.867
942.70	25.988
942.87	25.719
943.04	25.820
943.21	25.765
943.38	25.327
943.56	26.274
943.73	26.159
943.90	25.912
944.07	25.852
944.24	25.589
944.41	25.830
944.58	25.791
944.75	25.873
944.92	25.821
945.09	25.638
945.26	25.870
945.43	25.914
945.60	25.951
945.78	25.811
945.95	25.696
946.12	25.126
946.29	25.790
946.46	25.616
946.63	25.204
946.80	25.796
946.97	25.414
947.14	25.178
947.31	25.406
947.48	25.798
947.65	25.471
947.82	25.234
947.99	25.178
948.16	25.361
948.33	25.466
948.50	25.443
948.67	25.232
948.84	25.537
949.01	25.755
949.18	24.936
949.35	25.573
949.52	25.403
949.69	24.793
949.86	25.147
950.03	25.346
950.20	25.606
950.38	25.374
950.55	26.056
950.72	25.953
950.89	25.023
951.06	25.299
951.23	25.285
951.40	24.696
951.57	25.064
951.74	25.232
951.91	25.405
952.08	25.539
952.25	24.755
952.42	25.563
952.59	25.056
952.76	25.104
952.92	25.221
953.09	24.740
953.26	24.868
953.43	24.943
953.60	25.115
953.77	24.757
953.94	24.998
954.11	25.248
954.28	24.689
954.45	25.106
954.62	25.422
954.79	24.739
954.96	24.790
955.13	24.799
955.30	25.298
955.47	24.944
955.64	24.800
955.81	24.625
955.98	24.494
956.15	24.211
956.32	25.602
956.49	24.719
956.66	24.253
956.83	24.500
957.00	25.019
957.17	24.997
957.33	25.241
957.50	24.437
957.67	24.670
957.84	25.355
958.01	25.458
958.18	25.211
958.35	25.222
958.52	25.180
958.69	24.433
958.86	24.142
959.03	25.171
959.20	24.571
959.37	24.323
959.53	24.652
959.70	24.191
959.87	24.491
960.04	24.907
960.21	25.103
960.38	25.031
960.55	24.734
960.72	24.534
960.89	24.441
961.06	24.107
961.23	24.175
961.39	23.864
961.56	24.577
961.73	23.701
961.90	25.073
962.07	24.652
962.24	24.448
962.41	24.222
962.58	23.911
962.75	24.696
962.91	24.173
963.08	24.267
963.25	23.682
963.42	24.790
963.59	24.561
963.76	24.068
963.93	24.264
964.09	24.045
964.26	23.847
964.43	24.532
964.60	24.382
964.77	24.124
964.94	24.508
965.11	24.935
965.27	23.554
965.44	24.868
965.61	24.025
965.78	24.653
965.95	24.438
966.12	24.504
966.29	23.912
966.45	24.313
966.62	24.373
966.79	24.336
966.96	24.084
967.13	24.438
967.30	25.051
967.46	24.731
967.63	24.816
967.80	24.082
967.97	23.534
968.14	24.033
968.30	24.039
968.47	23.891
968.64	21.316
968.81	24.068
968.98	24.474
969.15	24.231
969.31	23.977
969.48	23.549
969.65	25.074
969.82	24.189
969.99	23.162
970.15	23.938
970.32	23.603
970.49	24.481
970.66	24.030
970.82	23.681
970.99	23.453
971.16	23.575
971.33	23.523
971.50	22.360
971.66	24.001
971.83	23.881
972.00	24.033
972.17	23.148
972.34	23.598
972.50	23.901
972.67	23.748
972.84	24.595
973.01	24.403
973.17	23.364
973.34	23.343
973.51	23.711
973.68	23.472
973.84	23.719
974.01	24.203
974.18	23.947
974.35	24.097
974.51	23.305
974.68	24.579
974.85	23.615
975.02	24.034
975.18	24.115
975.35	23.552
975.52	23.988
975.69	24.318
975.85	24.079
976.02	23.557
976.19	23.986
976.36	24.468
976.52	23.800
976.69	24.132
976.86	24.523
977.02	24.263
977.19	24.251
977.36	24.454
977.53	24.425
977.69	23.105
977.86	23.859
978.03	24.225
978.19	24.357
978.36	24.629
978.53	23.982
978.70	24.099
978.86	23.997
979.03	24.180
979.20	23.378
979.36	23.538
979.53	23.194
979.70	23.570
979.86	23.426
980.03	23.331
980.20	23.518
980.36	23.409
980.53	23.557
980.70	23.987
980.86	23.441
981.03	24.031
981.20	23.137
981.36	23.610
981.53	23.412
981.70	23.498
981.86	23.910
982.03	23.702
982.20	23.943
982.36	23.363
982.53	24.180
982.70	24.701
982.86	24.050
983.03	23.206
983.20	24.051
983.36	23.139
983.53	24.263
983.70	23.787
983.86	23.658
984.03	24.451
984.20	22.941
984.36	23.593
984.53	23.340
984.70	23.881
984.86	23.450
985.03	23.398
985.19	23.527
985.36	23.590
985.53	23.025
985.69	23.279
985.86	24.094
986.03	24.242
986.19	23.313
986.36	23.805
986.52	23.684
986.69	23.151
986.86	23.324
987.02	24.643
987.19	23.624
987.35	23.206
987.52	24.521
987.69	23.783
987.85	23.349
988.02	22.672
988.18	23.600
988.35	24.287
988.52	23.326
988.68	24.053
988.85	22.495
989.01	23.526
989.18	23.537
989.35	23.529
989.51	22.976
989.68	23.439
989.84	23.511
990.01	22.990
990.17	23.651
990.34	23.930
990.51	24.713
990.67	23.346
990.84	23.138
991.00	22.722
991.17	22.642
991.33	23.601
991.50	23.382
991.66	23.847
991.83	21.840
992.00	22.117
992.16	23.651
992.33	22.252
992.49	23.414
992.66	23.707
992.82	23.776
992.99	22.758
993.15	22.973
993.32	24.015
993.48	23.675
993.65	22.828
993.82	23.295
993.98	24.346
994.15	23.085
994.31	23.087
994.48	22.311
994.64	24.351
994.81	24.635
994.97	24.545
995.14	24.149
995.30	23.625
995.47	21.780
995.63	24.774
995.80	23.188
995.96	22.547
996.13	22.394
996.29	24.383
996.46	22.701
996.62	22.841
996.79	21.954
996.95	22.237
997.12	23.128
997.28	23.177
997.45	22.494
997.61	23.049
997.78	21.994
997.94	24.001
998.11	23.411
998.27	23.126
998.44	23.136
998.60	22.525
998.77	23.239
998.93	23.602
999.10	23.677
999.26	23.252
999.43	23.331
999.59	22.854
999.75	21.988
999.92	23.835
1000.08	22.805
1000.25	23.525
1000.41	23.016
1000.58	23.707
1000.74	22.344
1000.91	22.469
1001.07	23.675
1001.24	25.182
1001.40	21.363
1001.56	24.594
1001.73	22.882
1001.89	23.235
1002.06	23.235
1002.22	23.364
1002.39	23.009
1002.55	22.746
1002.71	23.178
1002.88	24.551
1003.04	24.382
1003.21	22.619
1003.37	24.173
1003.54	24.537
1003.70	25.000
1003.86	25.134
1004.03	23.245
1004.19	22.427
1004.36	23.336
1004.52	23.124
1004.68	22.195
1004.85	23.645
1005.01	24.356
1005.18	24.180
1005.34	23.047
1005.50	21.744
1005.67	23.002
1005.83	22.769
1006.00	23.568
1006.16	23.268
1006.32	22.884
1006.49	23.369
1006.65	22.567
1006.82	21.866
1006.98	22.258
1007.14	23.870
1007.31	22.070
1007.47	22.928
1007.63	24.493
1007.80	22.016
1007.96	24.210
1008.13	23.948
1008.29	25.394
1008.45	23.336
1008.62	23.828
1008.78	22.529
1008.94	22.701
1009.11	24.667
1009.27	23.223
1009.43	25.678
1009.60	21.779
1009.76	21.848
1009.92	23.998
1010.09	24.022
1010.25	22.631
1010.42	23.248
1010.58	22.347
1010.74	24.642
1010.91	24.728
1011.07	23.032
1011.23	24.150
1011.40	22.153
1011.56	23.355
1011.72	25.263
1011.89	21.865
1012.05	22.424
1012.21	25.515
1012.37	23.754
1012.54	22.818
1012.70	22.131
1012.86	23.701
1013.03	24.531
1013.19	21.116
1013.35	23.453
1013.52	27.070
1013.68	24.183
1013.84	25.133
1014.01	25.198
1014.17	24.152
1014.33	24.321
1014.49	22.040
1014.66	24.405
1014.82	26.452
1014.98	24.612
1015.15	23.786
1015.31	22.369
1015.47	25.966
1015.63	23.463
1015.80	22.853
1015.96	23.668
1016.12	24.883
1016.29	24.769
1016.45	24.370
1016.61	24.600
1016.77	24.414
1016.94	22.984
1017.10	25.953
1017.26	23.067
1017.42	23.739
1017.59	25.827
1017.75	25.727
1017.91	26.329
1018.07	25.240
1018.24	24.805
1018.40	23.524
1018.56	23.554
1018.72	23.722
1018.89	23.113
1019.05	24.596
1019.21	24.758
1019.37	20.843
1019.54	26.278
1019.70	23.169
1019.86	22.511
1020.02	22.671
1020.19	25.578
1020.35	24.488
1020.51	24.754
1020.67	22.582
1020.83	25.166
1021.00	26.354
1021.16	20.830
1021.32	24.751
1021.48	22.860
1021.64	22.928
1021.81	29.535
1021.97	23.373
1022.13	23.510
1022.29	28.548
1022.45	25.688
1022.62	23.376
1022.78	28.392
1022.94	25.582
1023.10	25.810
1023.26	21.706
1023.43	22.251
1023.59	21.577
1023.75	26.847
1023.91	25.764
1024.07	24.899
1024.24	24.209
1024.40	22.670
1024.56	26.380
1024.72	25.890
1024.88	22.432
1025.04	25.750
1025.21	26.156
1025.37	26.910
1025.53	24.687
1025.69	22.951
1025.85	27.878
1026.01	25.698
1026.18	25.587
1026.34	21.518
1026.50	27.651
1026.66	26.486
1026.82	25.936
1026.98	27.304
1027.14	29.312
1027.31	24.730
1027.47	24.509
1027.63	23.223
1027.79	25.735
1027.95	28.199
1028.11	27.544
1028.27	23.770
1028.44	29.279
1028.60	19.039
1028.76	27.269
1028.92	29.758
1029.08	25.633
1029.24	23.161
1029.40	25.830
1029.56	28.571
1029.73	26.623
1029.89	21.648
1030.05	23.695
1030.21	25.561
1030.37	29.209
1030.53	28.934
1030.69	28.437
1030.85	27.583
1031.01	33.147
1031.17	28.686
1031.34	27.373
1031.50	26.248
1031.66	27.295
1031.82	26.565
1031.98	31.888
1032.14	26.325
1032.30	25.508
1032.46	22.406
1032.62	22.899
1032.78	26.374
1032.94	26.326
1033.10	30.630
1033.27	20.136
1033.43	26.405
1033.59	26.714
1033.75	25.291
1033.91	30.199
1034.07	27.914
1034.23	22.251
1034.39	24.277
1034.55	23.731
1034.71	28.382
1034.87	30.326
1035.03	26.308
1035.19	25.806
1035.35	29.730
1035.51	28.890
1035.67	27.612
1035.83	33.704
1035.99	28.956
1036.16	29.836
1036.32	27.716
1036.48	26.249
1036.64	31.361
1036.80	34.885
1036.96	27.395
1037.12	30.611
1037.28	23.316
1037.44	31.912
1037.60	26.208
1037.76	31.586
1037.92	28.922
1038.08	26.889
1038.24	34.593
1038.40	34.839
1038.56	24.321
1038.72	29.276
1038.88	35.173
1039.04	34.695
1039.20	37.344
1039.36	24.548
1039.52	23.557
1039.68	30.044
1039.84	34.598
1040.00	30.637
1040.16	34.839
1040.32	28.786
1040.48	26.237
1040.64	27.288
1040.80	35.446
1040.96	31.775
1041.12	29.711
1041.28	24.333
1041.44	29.704
1041.60	21.149
1041.76	32.675
1041.92	27.057
1042.08	34.134
1042.24	29.053
1042.39	39.325
1042.55	33.105
1042.71	25.527
1042.87	25.343
1043.03	35.799
1043.19	31.934
