345.44	-0.715
345.66	-0.715
345.88	-0.715
346.10	-6.880
346.31	-7.473
346.53	-6.676
346.75	-6.646
346.97	-2.500
347.19	-1.178
347.41	-3.129
347.63	-5.792
347.85	-7.473
348.07	-5.838
348.29	-1.794
348.51	1.772
348.73	1.752
348.95	-7.535
349.17	-5.595
349.39	-4.062
349.61	-1.889
349.83	-0.148
350.05	-1.178
350.27	-2.714
350.49	-6.296
350.71	-9.768
350.93	1.424
351.15	-3.577
351.37	-7.550
351.59	-2.037
351.80	-3.221
352.02	1.714
352.24	0.606
352.46	-0.000
352.68	-2.508
352.90	-6.591
353.12	-1.393
353.34	-5.891
353.56	2.450
353.78	-4.249
354.00	-0.867
354.22	-0.905
354.44	-1.203
354.66	-1.940
354.88	-5.795
355.09	-9.090
355.31	-1.997
355.53	-6.412
355.75	-3.303
355.97	-8.408
356.19	-6.779
356.41	-4.444
356.63	-3.125
356.85	-1.353
357.07	-1.979
357.29	-1.565
357.50	-4.978
357.72	-7.446
357.94	-4.817
358.16	-3.994
358.38	-4.769
358.60	-2.038
358.82	-13.875
359.04	-4.400
359.26	-5.487
359.48	-3.943
359.69	-0.754
359.91	-5.360
360.13	-9.006
360.35	-7.898
360.57	-5.198
360.79	-6.625
361.01	-4.878
361.23	-7.886
361.45	-3.780
361.66	1.042
361.88	-8.902
362.10	-7.971
362.32	-1.153
362.54	0.695
362.76	-0.442
362.98	-9.445
363.20	-5.379
363.41	-8.852
363.63	-0.600
363.85	-2.141
364.07	-7.679
364.29	-6.278
364.51	-6.220
364.73	-7.185
364.94	-5.836
365.16	-7.078
365.38	-4.294
365.60	-1.902
365.82	-2.484
366.04	-2.576
366.26	-3.784
366.47	-8.437
366.69	-1.113
366.91	-8.702
367.13	-8.814
367.35	-2.531
367.57	-7.619
367.79	-10.684
368.00	-4.524
368.22	-7.296
368.44	-2.765
368.66	-0.140
368.88	2.954
369.10	-9.574
369.31	-6.835
369.53	-2.880
369.75	-2.242
369.97	-5.627
370.19	-2.983
370.41	-2.810
370.62	-4.192
370.84	-0.615
371.06	-6.793
371.28	-8.571
371.50	-4.651
371.71	-5.797
371.93	-3.965
372.15	-1.778
372.37	-10.334
372.59	1.095
372.80	-1.417
373.02	-2.564
373.24	4.853
373.46	-6.349
373.68	-11.456
373.90	-1.481
374.11	2.154
374.33	-4.316
374.55	-0.303
374.77	2.273
374.98	-9.048
375.20	-5.426
375.42	-7.185
375.64	-0.149
375.86	-1.690
376.07	-5.047
376.29	-3.458
376.51	-2.727
376.73	4.178
376.95	-6.367
377.16	-4.070
377.38	-6.167
377.60	0.307
377.82	-1.534
378.03	-7.515
378.25	-4.052
378.47	-4.856
378.69	-2.682
378.91	3.016
379.12	-6.787
379.34	-9.276
379.56	-4.878
379.78	-3.779
379.99	-6.738
380.21	-8.030
380.43	1.025
380.65	-12.168
380.86	-0.445
381.08	-1.077
381.30	1.553
381.52	-3.249
381.73	-10.377
381.95	-1.337
382.17	4.559
382.39	-8.143
382.60	0.587
382.82	-9.854
383.04	-1.832
383.26	0.159
383.47	-3.077
383.69	-7.049
383.91	-4.207
384.13	-2.594
384.34	3.503
384.56	-1.133
384.78	-4.636
385.00	-6.911
385.21	0.596
385.43	-8.474
385.65	-0.000
385.86	-6.083
386.08	-2.077
386.30	1.622
386.52	-5.217
386.73	-6.864
386.95	-4.022
387.17	-6.038
387.38	-2.932
387.60	-0.147
387.82	-10.161
388.04	0.324
388.25	-7.200
388.47	-4.545
388.69	-1.620
388.90	-1.799
389.12	-2.966
389.34	-3.072
389.56	-6.738
389.77	0.772
389.99	1.161
390.21	-5.837
390.42	-3.703
390.64	-5.100
390.86	-6.116
391.07	-6.531
391.29	-3.437
391.51	-1.697
391.72	1.451
391.94	0.583
392.16	-1.929
392.38	-6.069
392.59	1.333
392.81	-3.709
393.03	-3.840
393.24	-3.571
393.46	-1.069
393.68	-9.797
393.89	0.293
394.11	-11.736
394.33	-1.517
394.54	-2.417
394.76	-3.982
394.98	2.204
395.19	-2.266
395.41	-6.969
395.63	-9.745
395.84	-5.208
396.06	-6.535
396.28	3.271
396.49	-4.273
396.71	-2.647
396.93	-4.823
397.14	-1.366
397.36	1.389
397.57	3.433
397.79	-3.328
398.01	-5.191
398.22	-2.318
398.44	-7.580
398.66	0.155
398.87	-4.882
399.09	-1.961
399.31	-5.053
399.52	-5.341
399.74	-4.747
399.96	-2.266
400.17	2.118
400.39	-14.820
400.60	-9.374
400.82	-3.395
401.04	0.145
401.25	-8.359
401.47	-6.518
401.69	-0.734
401.90	-2.041
402.12	-9.789
402.33	-7.290
402.55	-1.214
402.77	1.759
402.98	-3.904
403.20	-4.848
403.41	0.290
403.63	-7.987
403.85	-2.799
404.06	-4.517
404.28	-7.839
404.49	-12.820
404.71	0.143
404.93	0.430
405.14	-10.260
405.36	-3.437
405.57	-10.087
405.79	-12.758
406.01	0.149
406.22	-6.312
406.44	-5.521
406.65	-0.292
406.87	3.153
407.09	-14.193
407.30	-7.726
407.52	-8.920
407.73	-8.319
407.95	1.067
408.17	-6.918
408.38	-3.721
408.60	-11.300
408.81	-1.804
409.03	-2.118
409.24	3.258
409.46	-6.676
409.68	-12.723
409.89	-5.597
410.11	-8.240
410.32	-17.002
410.54	-1.529
410.75	0.149
410.97	-3.129
411.18	-2.901
411.40	-4.012
411.62	-3.675
411.83	-1.627
412.05	0.152
412.26	-8.090
412.48	-5.316
412.69	-4.504
412.91	-9.442
413.12	-5.676
413.34	-4.437
413.56	-1.325
413.77	-4.878
413.99	1.318
414.20	-9.576
414.42	-6.101
414.63	-5.346
414.85	-5.466
415.06	-2.680
415.28	-3.503
415.49	-1.914
415.71	-10.920
415.92	-0.606
416.14	-4.938
416.35	-1.560
416.57	2.782
416.79	-3.732
417.00	-1.866
417.22	-5.588
417.43	-5.337
417.65	-3.115
417.86	-6.870
418.08	-10.542
418.29	-1.343
418.51	-0.000
418.72	-7.078
418.94	-4.848
419.15	-8.077
419.37	-5.238
419.58	-4.105
419.80	-3.545
420.01	-2.299
420.23	-6.139
420.44	-5.928
420.66	2.446
420.87	-4.699
421.09	-11.538
421.30	-8.333
421.52	-3.759
421.73	-1.404
421.95	-2.105
422.16	-6.135
422.38	-5.172
422.59	-9.134
422.81	-3.527
423.02	-6.373
423.23	-2.154
423.45	2.883
423.66	-1.855
423.88	-1.180
424.09	-1.899
424.31	-0.481
424.52	-8.281
424.74	-7.026
424.95	-7.480
425.17	-4.496
425.38	-4.622
425.60	-5.572
425.81	-11.634
426.03	-11.145
426.24	-8.993
426.45	1.832
426.67	-0.154
426.88	-10.174
427.10	-6.103
427.31	-5.314
427.53	-10.138
427.74	-0.456
427.96	-7.890
428.17	-6.869
428.39	-10.136
428.60	-1.506
428.81	2.336
429.03	-6.219
429.24	-3.021
429.46	-6.829
429.67	-4.319
429.89	-5.494
430.10	-6.270
430.31	-5.952
430.53	-1.695
430.74	-13.291
430.96	-1.637
431.17	-5.760
431.39	-6.549
431.60	-4.608
431.81	-3.864
432.03	0.614
432.24	-13.244
432.46	-2.453
432.67	-5.396
432.89	-8.398
433.10	-9.197
433.31	-4.091
433.53	0.775
433.74	-3.962
433.96	-8.695
434.17	-4.052
434.38	-8.766
434.60	-11.301
434.81	-9.579
435.03	-10.085
435.24	-8.902
435.45	0.300
435.67	-11.822
435.88	-5.263
436.10	-6.329
436.31	-3.086
436.52	-8.717
436.74	-0.316
436.95	-7.628
437.17	-9.854
437.38	-5.047
437.59	-1.970
437.81	-9.819
438.02	-3.231
438.23	-9.468
438.45	-9.878
438.66	-12.280
438.88	-8.130
439.09	-7.956
439.30	-4.898
439.52	-4.777
439.73	-8.095
439.94	-10.743
440.16	3.437
440.37	-6.153
440.58	4.480
440.80	-1.447
441.01	-10.314
441.23	-6.239
441.44	-7.718
441.65	-2.677
441.87	-14.416
442.08	-7.179
442.29	-8.153
442.51	-4.596
442.72	5.136
442.93	-4.153
443.15	-8.347
443.36	-7.066
443.57	-9.797
443.79	-4.273
444.00	-3.554
444.21	-5.507
444.43	-5.823
444.64	-7.118
444.85	-1.515
445.07	-6.956
445.28	-0.831
445.49	-14.037
445.71	-2.451
445.92	-4.659
446.13	-7.029
446.35	0.937
446.56	-4.804
446.77	-14.129
446.99	-15.357
447.20	-7.437
447.41	-7.446
447.63	-10.924
447.84	-2.560
448.05	-9.120
448.27	-16.012
448.48	-8.681
448.69	-9.253
448.90	-14.854
449.12	-13.050
449.33	-3.846
449.54	-3.141
449.76	-1.993
449.97	-14.694
450.18	-12.586
450.40	-3.614
450.61	-1.120
450.82	-9.650
451.03	-21.122
451.25	-15.535
451.46	-12.475
451.67	-5.623
451.89	-8.955
452.10	-2.226
452.31	-13.627
452.52	-7.388
452.74	-18.409
452.95	-15.017
453.16	-4.585
453.38	-11.387
453.59	-6.479
453.80	-5.849
454.01	-6.797
454.23	-9.123
454.44	-11.926
454.65	-6.743
454.86	-9.914
455.08	-9.398
455.29	-10.233
455.50	-17.987
455.71	-4.281
455.93	-4.266
456.14	-14.110
456.35	-6.260
456.56	-11.796
456.78	-15.489
456.99	-10.741
457.20	-10.611
457.41	-9.891
457.63	-6.878
457.84	-11.635
458.05	-11.672
458.26	-12.475
458.48	-2.644
458.69	-10.726
458.90	-15.983
459.11	-12.902
459.33	-6.859
459.54	-6.093
459.75	-7.276
459.96	-16.278
460.18	-13.925
460.39	-17.136
460.60	-8.795
460.81	-8.918
461.02	-8.620
461.24	-8.843
461.45	-20.361
461.66	-9.487
461.87	-11.358
462.09	-6.285
462.30	-10.840
462.51	-11.047
462.72	-11.785
462.93	-7.265
463.15	-8.592
463.36	-9.807
463.57	6.390
463.78	-15.150
463.99	-14.756
464.21	-9.266
464.42	-10.203
464.63	-13.534
464.84	-13.644
465.05	-20.573
465.27	-22.801
465.48	-14.158
465.69	-8.096
465.90	-18.270
466.11	-0.412
466.33	-11.283
466.54	-18.500
466.75	-19.606
466.96	-11.496
467.17	-12.204
467.38	-14.742
467.60	-6.153
467.81	-11.367
468.02	-17.476
468.23	-18.668
468.44	-17.606
468.65	-3.532
468.87	-12.958
469.08	-9.718
469.29	-8.119
469.50	-9.683
469.71	-0.000
469.92	-11.063
470.14	-16.626
470.35	-18.137
470.56	-23.889
470.77	-22.931
470.98	-16.548
471.19	-23.889
471.41	-12.218
471.62	-7.070
471.83	-16.460
472.04	-18.972
472.25	-21.304
472.46	-14.671
472.67	-13.704
472.89	-10.237
473.10	-13.760
473.31	-8.695
473.52	-14.564
473.73	-16.878
473.94	-32.611
474.15	-16.838
474.37	-14.528
474.58	-17.697
474.79	-21.426
475.00	-24.515
475.21	-19.687
475.42	-26.699
475.63	-18.937
475.84	-23.227
476.06	-14.116
476.27	-26.545
476.48	-21.762
476.69	-16.382
476.90	-27.489
477.11	-18.668
477.32	-9.065
477.53	-22.769
477.74	-7.546
477.96	-10.163
478.17	-29.137
478.38	-10.525
478.59	-32.694
478.80	-18.564
479.01	-32.172
479.22	-25.081
479.43	-18.454
479.64	-19.629
479.85	-17.019
480.06	-43.645
480.28	-7.970
480.49	-30.794
480.70	-9.785
480.91	-22.061
481.12	-36.882
481.33	-17.373
481.54	-21.969
481.75	-40.768
481.96	-17.746
482.17	-20.222
482.38	-40.571
482.59	-20.957
482.81	-9.733
483.02	-49.131
483.23	-42.152
483.44	-32.015
483.65	-14.283
483.86	-22.722
484.07	-59.982
484.28	-28.742
484.49	-54.584
484.70	-30.971
484.91	-66.857
485.12	-37.860
485.33	-34.747
485.54	-29.440
485.75	-30.856
485.96	-59.683
486.17	-46.771
486.38	-16.088
486.60	-91.473
486.81	-22.443
487.02	-92.801
487.23	-27.647
487.44	-146.367
487.65	-170.237
487.86	-250.915
488.07	3.622
488.28	-116.584
488.49	-67.748
488.70	-60.798
488.91	-269.298
489.12	-70.474
489.33	-19.991
489.54	-169.600
489.75	-47.194
489.96	-651.491
490.17	2603.484
490.38	409.027
490.59	-430.110
490.80	143.291
491.01	183.995
491.22	-274.584
491.43	620.395
491.64	154.490
491.85	-813.101
492.06	-882.818
492.27	1210.269
492.48	92.527
492.69	146.632
492.90	-141.317
493.11	150.114
493.32	113.311
493.53	263.706
493.74	170.241
493.95	47.460
494.16	58.789
494.37	119.055
494.58	1054.474
494.79	38.225
495.00	75.502
495.21	68.316
495.42	47.384
495.63	50.561
495.84	26.966
496.05	51.925
496.26	43.540
496.47	42.762
496.68	47.872
496.89	22.523
497.10	48.290
497.31	39.184
497.52	31.042
497.73	25.149
497.94	35.767
498.15	9.527
498.36	30.056
498.57	9.658
498.78	21.880
498.99	-10.259
499.19	14.233
499.40	27.591
499.61	14.347
499.82	38.340
500.03	24.899
500.24	24.096
500.45	34.604
500.66	14.664
500.87	37.097
501.08	35.753
501.29	17.908
501.50	25.965
501.71	13.964
501.92	14.482
502.13	21.134
502.34	11.384
502.55	30.180
502.76	5.815
502.96	25.237
503.17	14.042
503.38	19.035
503.59	-4.890
503.80	21.179
504.01	18.250
504.22	14.124
504.43	19.935
504.64	6.494
504.85	10.895
505.06	20.415
505.27	14.987
505.47	6.856
505.68	19.521
505.89	8.178
506.10	5.480
506.31	6.068
506.52	16.978
506.73	7.448
506.94	13.980
507.15	14.816
507.36	16.197
507.56	11.687
507.77	6.033
507.98	14.287
508.19	3.433
508.40	1.376
508.61	7.515
508.82	14.104
509.03	9.036
509.24	6.221
509.44	9.352
509.65	14.485
509.86	2.097
510.07	4.366
510.28	15.108
510.49	12.196
510.70	6.298
510.91	7.886
511.11	12.771
511.32	11.070
511.53	13.866
511.74	8.197
511.95	15.250
512.16	8.387
512.37	15.949
512.58	5.318
512.78	12.675
512.99	12.117
513.20	7.155
513.41	6.859
513.62	8.505
513.83	8.346
514.04	8.742
514.24	11.982
514.45	10.527
514.66	9.822
514.87	5.951
515.08	2.432
515.29	10.864
515.49	10.680
515.70	-3.631
515.91	10.015
516.12	0.144
516.33	8.182
516.54	3.072
516.74	9.945
516.95	4.846
517.16	9.504
517.37	9.091
517.58	8.462
517.79	11.221
517.99	13.260
518.20	8.164
518.41	9.780
518.62	11.355
518.83	6.816
519.03	9.437
519.24	3.487
519.45	8.436
519.66	4.636
519.87	6.667
520.07	0.827
520.28	6.935
520.49	5.781
520.70	9.746
520.91	7.709
521.12	8.915
521.32	9.311
521.53	2.867
521.74	6.227
521.95	13.372
522.15	8.659
522.36	8.634
522.57	9.255
522.78	7.080
522.99	8.696
523.19	6.710
523.40	8.494
523.61	14.361
523.82	7.231
524.03	10.095
524.23	8.195
524.44	7.797
524.65	5.037
524.86	10.393
525.06	8.520
525.27	5.406
525.48	8.843
525.69	4.383
525.89	6.509
526.10	2.137
526.31	5.649
526.52	11.210
526.72	8.068
526.93	7.011
527.14	9.727
527.35	12.636
527.56	7.607
527.76	7.220
527.97	7.765
528.18	4.930
528.38	8.588
528.59	9.154
528.80	4.685
529.01	5.566
529.21	11.586
529.42	3.772
529.63	4.036
529.84	9.829
530.04	8.228
530.25	6.732
530.46	6.413
530.67	8.657
530.87	8.444
531.08	9.581
531.29	4.210
531.50	10.274
531.70	7.565
531.91	5.223
532.12	10.748
532.32	9.551
532.53	6.940
532.74	10.449
532.95	6.762
533.15	9.649
533.36	9.579
533.57	5.994
533.77	9.628
533.98	7.865
534.19	5.263
534.39	6.082
534.60	5.058
534.81	7.798
535.02	7.340
535.22	7.645
535.43	8.290
535.64	6.392
535.84	5.276
536.05	5.319
536.26	7.184
536.46	7.208
536.67	9.971
536.88	4.392
537.08	6.993
537.29	11.313
537.50	6.550
537.70	5.447
537.91	3.121
538.12	7.159
538.33	7.397
538.53	11.575
538.74	8.174
538.95	8.883
539.15	9.447
539.36	8.508
539.57	9.420
539.77	7.829
539.98	6.014
540.18	7.780
540.39	7.794
540.60	5.995
540.80	6.263
541.01	8.856
541.22	12.378
541.42	8.179
541.63	7.875
541.84	7.792
542.04	8.204
542.25	11.423
542.46	9.395
542.66	7.634
542.87	11.321
543.08	8.376
543.28	7.956
543.49	6.867
543.69	9.621
543.90	10.648
544.11	9.812
544.31	9.770
544.52	9.784
544.73	11.306
544.93	11.458
545.14	8.066
545.34	7.988
545.55	10.349
545.76	9.305
545.96	7.715
546.17	9.007
546.38	8.786
546.58	6.724
546.79	9.122
546.99	11.025
547.20	10.929
547.41	7.742
547.61	6.636
547.82	9.627
548.02	11.031
548.23	11.219
548.44	10.869
548.64	9.461
548.85	9.428
549.05	10.834
549.26	9.483
549.47	10.703
549.67	7.800
549.88	9.177
550.08	12.597
550.29	7.451
550.50	7.177
550.70	10.162
550.91	8.742
551.11	10.945
551.32	6.355
551.52	9.563
551.73	9.062
551.94	9.872
552.14	9.231
552.35	8.573
552.55	11.389
552.76	7.972
552.96	9.581
553.17	9.427
553.38	7.216
553.58	11.211
553.79	9.538
553.99	6.767
554.20	8.960
554.40	8.491
554.61	10.321
554.81	8.852
555.02	11.526
555.23	10.798
555.43	10.769
555.64	11.574
555.84	10.223
556.05	12.267
556.25	9.722
556.46	11.644
556.66	9.857
556.87	10.841
557.07	13.368
557.28	9.285
557.48	11.479
557.69	10.085
557.90	10.726
558.10	7.059
558.31	10.893
558.51	9.826
558.72	11.277
558.92	9.511
559.13	12.835
559.33	10.543
559.54	11.481
559.74	10.417
559.95	10.405
560.15	10.646
560.36	11.821
560.56	10.241
560.77	11.150
560.97	12.947
561.18	11.369
561.38	10.875
561.59	11.654
561.79	11.309
562.00	10.432
562.20	8.348
562.41	11.772
562.61	11.997
562.82	9.860
563.02	10.212
563.23	11.708
563.43	12.270
563.64	12.069
563.84	11.999
564.05	12.030
564.25	11.321
564.46	12.870
564.66	14.645
564.87	12.160
565.07	12.785
565.28	13.451
565.48	13.001
565.68	11.156
565.89	12.113
566.09	11.987
566.30	11.128
566.50	11.116
566.71	11.571
566.91	9.045
567.12	10.822
567.32	10.393
567.53	12.611
567.73	12.819
567.94	11.976
568.14	11.288
568.34	12.157
568.55	13.832
568.75	11.252
568.96	12.505
569.16	13.683
569.37	12.391
569.57	13.482
569.78	12.546
569.98	13.092
570.18	10.672
570.39	13.626
570.59	12.546
570.80	13.628
571.00	13.558
571.21	13.537
571.41	10.931
571.61	12.851
571.82	12.661
572.02	13.826
572.23	13.232
572.43	12.348
572.64	11.902
572.84	12.906
573.04	12.315
573.25	13.128
573.45	14.077
573.66	13.172
573.86	13.477
574.06	13.165
574.27	13.618
574.47	15.653
574.68	13.947
574.88	14.300
575.08	14.334
575.29	12.877
575.49	13.840
575.70	13.771
575.90	13.178
576.10	13.394
576.31	12.315
576.51	14.746
576.72	12.898
576.92	12.108
577.12	14.459
577.33	13.066
577.53	12.936
577.73	14.172
577.94	14.267
578.14	14.565
578.35	13.305
578.55	13.862
578.75	13.270
578.96	14.003
579.16	13.576
579.36	13.721
579.57	14.080
579.77	14.333
579.98	14.240
580.18	14.655
580.38	14.332
580.59	13.437
580.79	12.713
580.99	15.018
581.20	12.920
581.40	15.375
581.60	13.774
581.81	14.322
582.01	14.039
582.21	15.281
582.42	14.782
582.62	14.589
582.82	15.040
583.03	15.198
583.23	14.277
583.43	15.586
583.64	14.370
583.84	13.169
584.04	14.981
584.25	13.627
584.45	12.993
584.65	15.387
584.86	14.384
585.06	15.385
585.26	14.380
585.47	16.091
585.67	15.492
585.87	15.205
586.08	15.930
586.28	15.906
586.48	15.227
586.69	15.259
586.89	15.428
587.09	13.415
587.30	13.558
587.50	15.781
587.70	16.226
587.90	16.796
588.11	15.769
588.31	16.795
588.51	15.544
588.72	16.154
588.92	14.703
589.12	16.933
589.33	16.953
589.53	14.697
589.73	14.302
589.93	15.821
590.14	15.101
590.34	15.293
590.54	15.028
590.75	14.643
590.95	15.801
591.15	16.153
591.35	15.529
591.56	17.393
591.76	15.781
591.96	15.452
592.16	15.709
592.37	15.347
592.57	15.607
592.77	14.614
592.97	16.766
593.18	15.354
593.38	14.653
593.58	17.534
593.79	15.767
593.99	15.659
594.19	16.076
594.39	15.801
594.60	16.641
594.80	15.971
595.00	16.546
595.20	16.710
595.41	17.251
595.61	17.622
595.81	17.896
596.01	16.654
596.21	16.767
596.42	17.699
596.62	16.171
596.82	17.635
597.02	16.220
597.23	16.120
597.43	17.355
597.63	17.424
597.83	17.354
598.04	16.727
598.24	17.247
598.44	17.911
598.64	17.427
598.84	16.519
599.05	16.490
599.25	16.472
599.45	16.172
599.65	17.058
599.85	16.875
600.06	17.605
600.26	16.367
600.46	17.831
600.66	17.513
600.87	15.951
601.07	16.217
601.27	18.644
601.47	16.514
601.67	15.424
601.87	18.130
602.08	16.519
602.28	16.544
602.48	16.045
602.68	16.679
602.88	18.213
603.09	17.847
603.29	17.565
603.49	17.165
603.69	17.701
603.89	16.354
604.10	18.609
604.30	16.605
604.50	18.204
604.70	17.802
604.90	17.808
605.10	17.276
605.31	17.176
605.51	17.638
605.71	18.465
605.91	17.935
606.11	18.212
606.31	17.158
606.52	17.223
606.72	16.942
606.92	16.486
607.12	16.656
607.32	17.292
607.52	18.830
607.72	18.588
607.93	18.288
608.13	18.001
608.33	17.660
608.53	16.767
608.73	17.083
608.93	17.597
609.13	17.043
609.34	18.209
609.54	18.063
609.74	17.307
609.94	17.576
610.14	18.144
610.34	18.132
610.54	18.365
610.74	18.107
610.95	18.011
611.15	17.726
611.35	19.203
611.55	19.071
611.75	18.504
611.95	18.563
612.15	19.087
612.35	17.624
612.56	18.960
612.76	19.127
612.96	17.932
613.16	19.124
613.36	18.681
613.56	19.178
613.76	17.723
613.96	17.564
614.16	17.914
614.36	18.975
614.57	18.187
614.77	19.339
614.97	18.552
615.17	18.257
615.37	17.796
615.57	19.098
615.77	19.515
615.97	19.544
616.17	18.212
616.37	19.405
616.57	18.235
616.78	19.424
616.98	18.194
617.18	19.481
617.38	18.458
617.58	18.086
617.78	18.323
617.98	18.919
618.18	16.721
618.38	19.175
618.58	19.690
618.78	19.016
618.98	18.920
619.18	19.122
619.38	17.913
619.58	17.532
619.79	18.408
619.99	19.397
620.19	18.011
620.39	19.208
620.59	18.481
620.79	19.506
620.99	18.577
621.19	19.107
621.39	18.632
621.59	19.108
621.79	19.282
621.99	18.923
622.19	19.852
622.39	19.399
622.59	18.128
622.79	18.969
622.99	19.747
623.19	17.055
623.39	19.373
623.59	19.464
623.79	18.913
623.99	19.154
624.19	18.885
624.39	19.014
624.59	19.813
624.79	19.341
624.99	18.753
625.19	19.438
625.39	19.159
625.59	19.162
625.79	18.887
625.99	18.241
626.19	18.643
626.39	19.359
626.59	20.515
626.79	19.290
626.99	18.288
627.19	20.174
627.39	19.919
627.59	19.602
627.79	19.109
627.99	19.322
628.19	19.347
628.39	19.099
628.59	19.267
628.79	20.028
628.99	19.991
629.19	19.861
629.39	19.250
629.59	20.053
629.79	18.988
629.99	19.146
630.19	19.099
630.39	19.173
630.59	19.881
630.79	19.610
630.99	18.934
631.19	19.439
631.39	19.865
631.59	19.813
631.79	19.288
631.99	19.405
632.19	19.866
632.39	19.370
632.59	18.875
632.79	20.429
632.99	18.509
633.19	18.921
633.39	19.765
633.58	18.921
633.78	19.891
633.98	20.056
634.18	19.879
634.38	19.706
634.58	20.185
634.78	20.372
634.98	20.696
635.18	18.600
635.38	20.217
635.58	20.035
635.78	19.825
635.98	20.105
636.18	19.231
636.38	19.658
636.57	20.942
636.77	21.415
636.97	19.245
637.17	19.925
637.37	20.972
637.57	20.521
637.77	20.713
637.97	21.741
638.17	20.679
638.37	19.816
638.57	19.843
638.76	20.042
638.96	21.141
639.16	21.205
639.36	19.981
639.56	20.726
639.76	19.614
639.96	21.005
640.16	18.999
640.36	20.008
640.56	21.329
640.75	20.391
640.95	20.866
641.15	20.524
641.35	20.322
641.55	20.361
641.75	20.019
641.95	20.455
642.15	19.881
642.34	19.959
642.54	20.153
642.74	20.641
642.94	20.152
643.14	20.491
643.34	20.714
643.54	20.192
643.74	20.466
643.93	19.979
644.13	19.827
644.33	20.092
644.53	19.942
644.73	20.541
644.93	20.185
645.13	19.723
645.32	21.449
645.52	21.219
645.72	20.411
645.92	20.711
646.12	20.507
646.32	20.785
646.52	19.926
646.71	21.456
646.91	19.830
647.11	19.957
647.31	21.563
647.51	20.683
647.71	20.574
647.90	20.705
648.10	20.812
648.30	20.754
648.50	21.029
648.70	21.833
648.89	20.775
649.09	20.230
649.29	21.476
649.49	20.720
649.69	20.586
649.89	21.072
650.08	20.536
650.28	20.726
650.48	21.405
650.68	20.290
650.88	22.083
651.07	20.237
651.27	21.103
651.47	20.381
651.67	20.762
651.87	21.039
652.06	21.240
652.26	21.738
652.46	22.805
652.66	20.704
652.86	20.746
653.05	20.298
653.25	20.464
653.45	20.334
653.65	20.788
653.85	21.833
654.04	21.303
654.24	21.128
654.44	20.901
654.64	20.985
654.83	20.744
655.03	21.176
655.23	21.910
655.43	21.360
655.63	21.050
655.82	21.045
656.02	21.033
656.22	20.611
656.42	21.262
656.61	20.157
656.81	21.555
657.01	21.264
657.21	21.340
657.40	21.511
657.60	21.433
657.80	21.277
658.00	21.120
658.19	21.148
658.39	20.886
658.59	20.925
658.79	21.442
658.98	21.748
659.18	20.953
659.38	21.050
659.58	20.828
659.77	21.117
659.97	21.093
660.17	20.686
660.36	20.874
660.56	21.412
660.76	21.864
660.96	21.164
661.15	21.565
661.35	20.877
661.55	20.759
661.75	20.346
661.94	20.779
662.14	21.767
662.34	20.537
662.53	21.406
662.73	21.455
662.93	21.344
663.13	20.295
663.32	20.990
663.52	20.685
663.72	21.375
663.91	21.063
664.11	20.532
664.31	21.071
664.50	21.135
664.70	21.305
664.90	20.961
665.10	21.359
665.29	21.263
665.49	21.339
665.69	22.431
665.88	20.381
666.08	21.076
666.28	20.464
666.47	21.726
666.67	21.363
666.87	21.017
667.06	21.654
667.26	20.998
667.46	20.611
667.65	20.851
667.85	22.028
668.05	21.483
668.24	21.121
668.44	20.684
668.64	21.758
668.83	21.850
669.03	21.874
669.23	22.146
669.42	22.231
669.62	21.667
669.82	21.674
670.01	22.145
670.21	21.544
670.41	21.073
670.60	22.197
670.80	21.786
671.00	21.495
671.19	21.748
671.39	21.363
671.58	20.811
671.78	21.479
671.98	21.707
672.17	21.652
672.37	20.814
672.57	21.324
672.76	21.314
672.96	22.219
673.15	21.482
673.35	21.809
673.55	22.055
673.74	20.967
673.94	21.926
674.14	21.741
674.33	21.892
674.53	21.855
674.72	21.526
674.92	21.429
675.12	21.848
675.31	21.030
675.51	20.875
675.70	21.893
675.90	21.610
676.10	20.957
676.29	21.704
676.49	22.209
676.68	21.305
676.88	21.399
677.08	21.015
677.27	21.033
677.47	21.320
677.66	21.073
677.86	21.738
678.06	21.605
678.25	21.127
678.45	21.210
678.64	21.882
678.84	22.138
679.03	21.329
679.23	20.838
679.43	21.546
679.62	20.706
679.82	22.277
680.01	21.968
680.21	22.397
680.40	21.338
680.60	21.085
680.80	21.240
680.99	22.305
681.19	22.016
681.38	20.107
681.58	21.566
681.77	20.892
681.97	20.915
682.16	22.169
682.36	21.177
682.56	20.877
682.75	20.727
682.95	22.016
683.14	21.043
683.34	21.738
683.53	20.908
683.73	21.297
683.92	21.344
684.12	20.889
684.31	21.986
684.51	20.942
684.70	21.524
684.90	21.733
685.10	21.521
685.29	21.182
685.49	21.103
685.68	21.783
685.88	21.494
686.07	21.695
686.27	21.931
686.46	21.693
686.66	21.348
686.85	21.668
687.05	22.058
687.24	21.544
687.44	20.859
687.63	21.741
687.83	22.300
688.02	21.799
688.22	21.622
688.41	21.706
688.61	21.305
688.80	21.286
689.00	20.863
689.19	21.754
689.39	21.206
689.58	20.780
689.78	21.573
689.97	21.862
690.17	21.929
690.36	21.179
690.56	21.420
690.75	22.170
690.95	21.835
691.14	21.188
691.34	20.757
691.53	21.778
691.72	21.514
691.92	21.217
692.11	21.305
692.31	20.662
692.50	21.694
692.70	21.151
692.89	21.443
693.09	21.251
693.28	21.741
693.48	21.724
693.67	20.903
693.87	22.103
694.06	21.781
694.25	21.798
694.45	21.687
694.64	21.658
694.84	21.903
695.03	21.480
695.23	22.042
695.42	21.403
695.62	21.812
695.81	21.678
696.00	21.467
696.20	21.089
696.39	21.927
696.59	22.115
696.78	21.385
696.98	21.013
697.17	22.050
697.36	22.050
697.56	20.996
697.75	22.238
697.95	21.271
698.14	22.432
698.34	21.896
698.53	21.507
698.72	21.432
698.92	21.884
699.11	21.668
699.31	21.745
699.50	21.362
699.69	22.320
699.89	21.351
700.08	21.617
700.28	21.228
700.47	21.473
700.66	21.595
700.86	21.555
701.05	21.591
701.25	21.729
701.44	21.971
701.63	21.842
701.83	21.161
702.02	21.824
702.21	21.164
702.41	21.512
702.60	21.349
702.80	21.255
702.99	21.489
703.18	21.175
703.38	21.480
703.57	21.444
703.77	21.483
703.96	21.232
704.15	21.786
704.35	21.453
704.54	21.813
704.73	21.528
704.93	21.891
705.12	21.452
705.31	20.952
705.51	21.306
705.70	21.562
705.89	21.374
706.09	21.612
706.28	21.548
706.48	22.176
706.67	21.545
706.86	21.446
707.06	21.592
707.25	20.782
707.44	21.785
707.64	21.941
707.83	21.551
708.02	21.450
708.22	21.871
708.41	21.593
708.60	21.225
708.80	21.480
708.99	22.144
709.18	21.794
709.38	21.365
709.57	21.943
709.76	22.022
709.95	21.565
710.15	21.478
710.34	21.700
710.53	21.351
710.73	21.172
710.92	21.443
711.11	21.315
711.31	21.341
711.50	21.273
711.69	21.667
711.89	20.590
712.08	21.727
712.27	21.705
712.46	21.939
712.66	21.567
712.85	21.258
713.04	21.548
713.24	21.597
713.43	20.913
713.62	22.044
713.81	21.565
714.01	21.102
714.20	21.385
714.39	21.257
714.59	20.855
714.78	21.115
714.97	21.914
715.16	21.474
715.36	21.465
715.55	21.070
715.74	21.228
715.93	21.758
716.13	21.468
716.32	20.909
716.51	20.864
716.71	21.115
716.90	21.114
717.09	20.836
717.28	21.061
717.48	21.242
717.67	21.669
717.86	21.182
718.05	21.321
718.25	21.627
718.44	21.234
718.63	21.310
718.82	21.054
719.02	20.656
719.21	21.576
719.40	20.846
719.59	21.676
719.78	21.045
719.98	20.926
720.17	20.767
720.36	20.901
720.55	20.952
720.75	20.708
720.94	20.838
721.13	20.392
721.32	20.516
721.51	21.166
721.71	20.869
721.90	21.252
722.09	21.317
722.28	21.185
722.48	20.983
722.67	21.251
722.86	21.490
723.05	21.506
723.24	20.648
723.44	20.964
723.63	21.112
723.82	21.015
724.01	20.869
724.20	20.952
724.40	20.816
724.59	20.117
724.78	21.049
724.97	20.674
725.16	21.066
725.35	20.710
725.55	21.134
725.74	20.832
725.93	21.128
726.12	20.797
726.31	21.042
726.51	21.314
726.70	21.156
726.89	21.601
727.08	20.025
727.27	20.582
727.46	21.356
727.66	21.045
727.85	20.642
728.04	21.168
728.23	20.596
728.42	21.525
728.61	21.007
728.81	21.432
729.00	21.152
729.19	20.833
729.38	21.315
729.57	20.564
729.76	21.104
729.95	21.187
730.15	20.470
730.34	20.539
730.53	21.498
730.72	20.745
730.91	21.629
731.10	21.074
731.29	21.328
731.49	20.670
731.68	21.419
731.87	20.084
732.06	20.859
732.25	20.892
732.44	20.862
732.63	21.311
732.82	20.947
733.02	20.650
733.21	20.995
733.40	20.471
733.59	20.930
733.78	21.030
733.97	20.037
734.16	21.300
734.35	21.457
734.54	20.781
734.74	20.744
734.93	20.474
735.12	20.701
735.31	20.515
735.50	20.598
735.69	20.304
735.88	20.439
736.07	20.856
736.26	20.427
736.45	20.701
736.64	20.185
736.84	20.789
737.03	20.266
737.22	20.291
737.41	20.558
737.60	20.048
737.79	20.701
737.98	20.334
738.17	20.420
738.36	20.290
738.55	20.551
738.74	21.343
738.93	21.080
739.12	21.177
739.32	20.553
739.51	20.293
739.70	20.939
739.89	20.879
740.08	20.445
740.27	21.154
740.46	20.642
740.65	21.117
740.84	20.756
741.03	20.550
741.22	20.501
741.41	20.567
741.60	20.256
741.79	20.332
741.98	20.672
742.17	20.371
742.36	20.273
742.55	20.249
742.74	20.299
742.93	20.808
743.12	20.811
743.31	20.064
743.51	20.456
743.70	20.420
743.89	20.410
744.08	20.111
744.27	20.327
744.46	20.473
744.65	19.904
744.84	20.450
745.03	20.852
745.22	20.401
745.41	20.445
745.60	20.059
745.79	19.394
745.98	20.022
746.17	20.491
746.36	20.356
746.55	19.983
746.74	20.318
746.93	20.527
747.12	20.097
747.31	19.867
747.50	20.521
747.69	20.918
747.88	20.585
748.07	20.058
748.26	20.266
748.45	20.537
748.64	20.516
748.83	20.642
749.02	20.395
749.21	20.183
749.40	20.355
749.59	20.183
749.77	20.711
749.96	20.426
750.15	20.487
750.34	20.181
750.53	19.982
750.72	20.261
750.91	20.443
751.10	19.839
751.29	20.132
751.48	20.177
751.67	19.815
751.86	20.280
752.05	20.061
752.24	20.738
752.43	20.448
752.62	20.225
752.81	20.046
753.00	20.299
753.19	20.378
753.38	20.042
753.57	19.753
753.76	19.726
753.94	20.022
754.13	19.900
754.32	19.672
754.51	20.307
754.70	19.913
754.89	19.474
755.08	20.090
755.27	19.679
755.46	19.726
755.65	19.995
755.84	19.858
756.03	19.754
756.22	20.032
756.40	20.085
756.59	19.798
756.78	19.850
756.97	19.291
757.16	19.595
757.35	19.499
757.54	19.358
757.73	19.783
757.92	19.294
758.11	18.990
758.29	19.643
758.48	19.535
758.67	19.906
758.86	19.909
759.05	19.608
759.24	19.662
759.43	19.932
759.62	20.081
759.81	19.830
759.99	19.336
760.18	20.159
760.37	19.810
760.56	19.756
760.75	19.925
760.94	19.981
761.13	19.654
761.32	19.331
761.50	20.323
761.69	19.095
761.88	20.139
762.07	19.250
762.26	19.984
762.45	19.407
762.64	19.849
762.82	20.273
763.01	19.923
763.20	20.093
763.39	19.682
763.58	19.809
763.77	19.432
763.96	20.162
764.14	19.823
764.33	19.699
764.52	19.206
764.71	19.364
764.90	19.558
765.09	19.641
765.27	19.851
765.46	18.682
765.65	19.530
765.84	19.602
766.03	19.371
766.22	19.384
766.40	19.277
766.59	19.584
766.78	19.626
766.97	19.387
767.16	19.874
767.35	19.033
767.53	19.370
767.72	19.265
767.91	18.727
768.10	19.523
768.29	19.219
768.47	19.404
768.66	19.378
768.85	19.594
769.04	19.062
769.23	19.277
769.41	19.245
769.60	18.761
769.79	19.151
769.98	19.540
770.17	19.765
770.35	19.134
770.54	19.382
770.73	18.746
770.92	19.200
771.10	19.106
771.29	19.120
771.48	18.762
771.67	19.013
771.86	18.973
772.04	19.453
772.23	19.399
772.42	18.871
772.61	19.397
772.79	19.153
772.98	19.130
773.17	19.477
773.36	19.081
773.54	19.601
773.73	19.135
773.92	19.363
774.11	18.856
774.30	19.054
774.48	19.172
774.67	19.176
774.86	19.065
775.05	19.226
775.23	19.116
775.42	18.937
775.61	19.164
775.79	18.704
775.98	19.337
776.17	19.031
776.36	18.838
776.54	18.813
776.73	18.775
776.92	18.863
777.11	19.331
777.29	19.359
777.48	18.541
777.67	18.695
777.85	19.566
778.04	19.282
778.23	19.295
778.42	19.084
778.60	19.363
778.79	18.969
778.98	19.254
779.16	19.010
779.35	18.503
779.54	19.287
779.73	19.317
779.91	19.102
780.10	19.074
780.29	18.653
780.47	19.101
780.66	18.793
780.85	18.828
781.03	18.398
781.22	18.253
781.41	18.300
781.60	18.414
781.78	18.198
781.97	18.682
782.16	18.684
782.34	19.082
782.53	18.970
782.72	18.962
782.90	18.839
783.09	18.314
783.28	18.099
783.46	18.794
783.65	18.310
783.84	18.593
784.02	18.568
784.21	18.064
784.40	18.889
784.58	18.604
784.77	18.633
784.96	18.642
785.14	18.326
785.33	18.530
785.52	18.826
785.70	18.968
785.89	18.767
786.08	18.395
786.26	18.284
786.45	18.636
786.63	18.349
786.82	18.451
787.01	18.852
787.19	18.235
787.38	17.819
787.57	18.398
787.75	18.322
787.94	18.105
788.13	18.048
788.31	18.377
788.50	18.239
788.68	18.715
788.87	18.567
789.06	18.116
789.24	17.772
789.43	17.874
789.61	18.068
789.80	17.920
789.99	18.046
790.17	17.775
790.36	17.696
790.55	17.957
790.73	17.850
790.92	17.768
791.10	17.643
791.29	17.975
791.48	17.800
791.66	18.287
791.85	17.804
792.03	17.010
792.22	17.735
792.40	17.662
792.59	17.508
792.78	17.260
792.96	17.398
793.15	17.070
793.33	17.505
793.52	17.190
793.71	17.192
793.89	17.374
794.08	17.013
794.26	16.722
794.45	16.924
794.63	16.960
794.82	16.743
795.01	16.658
795.19	16.447
795.38	16.644
795.56	16.794
795.75	16.487
795.93	16.652
796.12	16.760
796.30	16.477
796.49	17.170
796.68	16.368
796.86	16.566
797.05	16.720
797.23	16.641
797.42	15.987
797.60	16.259
797.79	16.430
797.97	16.552
798.16	16.530
798.34	16.520
798.53	16.282
798.71	16.610
798.90	16.123
799.08	16.310
799.27	16.586
799.46	16.696
799.64	16.144
799.83	16.318
800.01	16.720
800.20	16.302
800.38	16.821
800.57	16.303
800.75	16.483
800.94	16.388
801.12	16.601
801.31	16.271
801.49	16.046
801.68	16.323
801.86	16.049
802.05	15.954
802.23	16.036
802.42	16.015
802.60	16.527
802.79	16.232
802.97	16.196
803.16	16.161
803.34	16.491
803.53	16.606
803.71	16.327
803.90	16.231
804.08	16.281
804.27	16.049
804.45	15.765
804.63	16.526
804.82	15.874
805.00	16.249
805.19	15.803
805.37	15.597
805.56	16.231
805.74	16.263
805.93	16.028
806.11	16.118
806.30	16.234
806.48	15.937
806.67	15.990
806.85	16.330
807.04	16.000
807.22	15.897
807.40	15.768
807.59	16.438
807.77	16.065
807.96	16.154
808.14	16.179
808.33	16.235
808.51	16.129
808.69	15.717
808.88	15.529
809.06	15.759
809.25	15.737
809.43	15.643
809.62	15.544
809.80	15.894
809.99	16.004
810.17	15.903
810.35	15.828
810.54	16.098
810.72	15.816
810.91	15.455
811.09	16.047
811.27	16.162
811.46	15.947
811.64	15.769
811.83	15.963
812.01	16.376
812.19	16.131
812.38	15.926
812.56	16.149
812.75	15.535
812.93	15.716
813.11	15.707
813.30	16.016
813.48	15.869
813.67	16.173
813.85	16.369
814.03	15.657
814.22	15.935
814.40	16.027
814.59	16.218
814.77	16.279
814.95	15.935
815.14	16.262
815.32	15.799
815.50	15.794
815.69	16.118
815.87	16.046
816.06	16.063
816.24	15.755
816.42	15.923
816.61	15.978
816.79	15.497
816.97	15.951
817.16	15.950
817.34	16.171
817.52	15.599
817.71	15.388
817.89	15.800
818.07	16.018
818.26	15.963
818.44	16.182
818.63	15.588
818.81	15.859
818.99	16.383
819.18	16.000
819.36	15.856
819.54	15.951
819.73	15.945
819.91	15.774
820.09	15.712
820.28	15.833
820.46	15.549
820.64	15.749
820.83	15.293
821.01	15.717
821.19	16.027
821.37	15.735
821.56	15.956
821.74	15.979
821.92	16.161
822.11	15.601
822.29	15.949
822.47	15.780
822.66	15.769
822.84	15.571
823.02	15.662
823.21	15.881
823.39	16.027
823.57	15.728
823.75	15.710
823.94	16.344
824.12	15.632
824.30	15.583
824.49	16.086
824.67	15.979
824.85	15.645
825.03	15.573
825.22	15.529
825.40	15.594
825.58	15.388
825.77	15.784
825.95	15.827
826.13	15.317
826.31	15.970
826.50	15.877
826.68	16.279
826.86	15.873
827.04	15.466
827.23	15.810
827.41	15.748
827.59	15.666
827.78	15.509
827.96	15.148
828.14	15.053
828.32	15.431
828.51	15.590
828.69	15.972
828.87	15.470
829.05	15.314
829.23	15.722
829.42	15.699
829.60	15.504
829.78	15.490
829.96	15.091
830.15	15.237
830.33	15.755
830.51	15.561
830.69	15.649
830.88	15.679
831.06	15.492
831.24	15.767
831.42	15.749
831.60	15.349
831.79	15.712
831.97	15.941
832.15	15.774
832.33	15.528
832.52	15.761
832.70	15.520
832.88	15.748
833.06	15.705
833.24	15.707
833.43	15.637
833.61	15.504
833.79	15.671
833.97	15.547
834.15	15.602
834.34	15.889
834.52	15.652
834.70	15.799
834.88	15.765
835.06	15.892
835.25	15.932
835.43	15.139
835.61	15.400
835.79	15.591
835.97	15.554
836.15	14.980
836.34	15.286
836.52	15.913
836.70	15.586
836.88	15.691
837.06	15.819
837.24	15.722
837.43	15.605
837.61	15.545
837.79	15.821
837.97	15.897
838.15	15.778
838.33	15.751
838.52	15.837
838.70	15.812
838.88	15.751
839.06	15.931
839.24	15.665
839.42	15.815
839.60	16.375
839.79	16.168
839.97	16.616
840.15	15.828
840.33	16.287
840.51	15.670
840.69	16.451
840.87	16.263
841.06	15.987
841.24	16.590
841.42	16.074
841.60	16.219
841.78	16.082
841.96	16.085
842.14	16.525
842.32	16.081
842.51	16.820
842.69	16.377
842.87	16.110
843.05	16.077
843.23	16.211
843.41	15.966
843.59	15.957
843.77	16.360
843.95	16.070
844.14	16.077
844.32	16.233
844.50	15.958
844.68	16.135
844.86	16.297
845.04	15.843
845.22	16.208
845.40	16.312
845.58	15.838
845.76	16.247
845.94	16.216
846.12	16.289
846.31	16.200
846.49	16.620
846.67	16.716
846.85	16.150
847.03	15.977
847.21	15.926
847.39	15.689
847.57	15.936
847.75	15.989
847.93	16.097
848.11	15.994
848.29	16.179
848.47	15.750
848.65	16.447
848.83	16.203
849.02	15.940
849.20	15.882
849.38	15.808
849.56	16.198
849.74	15.994
849.92	16.020
850.10	16.454
850.28	16.144
850.46	15.915
850.64	16.380
850.82	16.160
851.00	15.973
851.18	16.233
851.36	15.739
851.54	16.360
851.72	15.936
851.90	16.105
852.08	15.759
852.26	15.793
852.44	15.789
852.62	16.199
852.80	16.552
852.98	16.165
853.16	15.765
853.34	16.147
853.52	16.027
853.70	16.412
853.88	16.470
854.06	16.483
854.24	16.379
854.42	16.130
854.60	16.682
854.78	16.427
854.96	16.827
855.14	16.190
855.32	16.863
855.50	17.010
855.68	16.896
855.86	16.568
856.04	16.627
856.22	16.605
856.40	16.371
856.58	16.871
856.76	16.475
856.94	16.546
857.12	16.717
857.30	16.750
857.48	16.670
857.66	17.176
857.84	17.003
858.02	16.749
858.20	16.995
858.38	16.455
858.56	16.902
858.74	16.389
858.92	16.385
859.10	16.794
859.28	16.834
859.46	16.544
859.64	17.107
859.81	16.653
859.99	16.971
860.17	17.048
860.35	16.933
860.53	16.975
860.71	17.462
860.89	17.102
861.07	16.932
861.25	17.147
861.43	16.800
861.61	16.914
861.79	17.113
861.97	17.156
862.15	17.061
862.33	16.726
862.50	16.892
862.68	17.134
862.86	16.930
863.04	16.880
863.22	16.931
863.40	17.196
863.58	16.964
863.76	17.039
863.94	16.617
864.12	16.827
864.30	16.715
864.47	16.933
864.65	16.497
864.83	16.953
865.01	16.867
865.19	16.800
865.37	17.277
865.55	17.126
865.73	17.005
865.91	17.486
866.09	17.029
866.26	17.161
866.44	17.442
866.62	17.174
866.80	16.953
866.98	17.106
867.16	17.059
867.34	17.154
867.52	16.990
867.69	17.180
867.87	17.602
868.05	17.430
868.23	17.462
868.41	17.270
868.59	17.278
868.77	17.637
868.94	17.428
869.12	17.603
869.30	17.713
869.48	17.951
869.66	17.584
869.84	17.442
870.02	17.703
870.19	17.764
870.37	17.793
870.55	18.038
870.73	17.836
870.91	18.082
871.09	17.450
871.26	17.895
871.44	18.115
871.62	17.828
871.80	17.741
871.98	18.352
872.16	17.653
872.33	18.020
872.51	18.163
872.69	17.571
872.87	18.080
873.05	17.512
873.22	17.690
873.40	18.591
873.58	17.946
873.76	17.852
873.94	18.247
874.12	17.867
874.29	18.108
874.47	17.678
874.65	18.067
874.83	18.439
875.01	18.059
875.18	18.263
875.36	18.522
875.54	18.637
875.72	18.084
875.89	18.786
876.07	18.339
876.25	19.207
876.43	18.595
876.61	18.718
876.78	18.409
876.96	18.836
877.14	18.403
877.32	18.413
877.49	19.132
877.67	18.731
877.85	19.218
878.03	19.076
878.21	19.059
878.38	18.831
878.56	18.471
878.74	18.484
878.92	18.589
879.09	18.593
879.27	18.645
879.45	18.682
879.63	18.429
879.80	18.821
879.98	18.487
880.16	18.666
880.34	18.351
880.51	18.224
880.69	18.473
880.87	19.178
881.05	18.392
881.22	18.508
881.40	19.260
881.58	19.023
881.75	18.750
881.93	18.886
882.11	18.520
882.29	18.934
882.46	18.765
882.64	19.148
882.82	18.795
883.00	18.635
883.17	18.678
883.35	18.892
883.53	19.050
883.70	18.727
883.88	17.885
884.06	18.155
884.23	18.333
884.41	18.649
884.59	18.289
884.77	18.837
884.94	18.799
885.12	19.291
885.30	19.313
885.47	19.042
885.65	18.713
885.83	18.689
886.00	18.551
886.18	18.917
886.36	18.981
886.53	18.880
886.71	18.839
886.89	19.079
887.07	19.765
887.24	19.350
887.42	19.201
887.60	19.090
887.77	19.013
887.95	19.045
888.13	19.119
888.30	19.315
888.48	19.084
888.66	19.399
888.83	19.211
889.01	19.023
889.18	19.198
889.36	19.426
889.54	19.096
889.71	19.140
889.89	19.823
890.07	19.207
890.24	19.366
890.42	19.318
890.60	19.150
890.77	19.408
890.95	19.456
891.13	18.876
891.30	19.500
891.48	19.533
891.65	19.560
891.83	19.204
892.01	19.466
892.18	19.436
892.36	19.308
892.54	19.139
892.71	18.932
892.89	19.342
893.06	19.428
893.24	18.735
893.42	19.357
893.59	18.921
893.77	19.290
893.94	19.557
894.12	19.391
894.30	18.957
894.47	19.172
894.65	19.351
894.82	19.703
895.00	19.325
895.18	19.286
895.35	19.112
895.53	19.536
895.70	19.021
895.88	19.432
896.06	19.167
896.23	19.027
896.41	19.098
896.58	19.171
896.76	19.082
896.93	18.756
897.11	18.993
897.29	19.385
897.46	19.060
897.64	19.574
897.81	19.460
897.99	19.262
898.16	19.495
898.34	19.542
898.52	19.148
898.69	19.178
898.87	19.589
899.04	19.481
899.22	19.089
899.39	19.869
899.57	19.279
899.74	19.379
899.92	19.658
900.10	19.259
900.27	19.467
900.45	19.704
900.62	19.714
900.80	19.368
900.97	19.780
901.15	19.278
901.32	19.606
901.50	19.706
901.67	20.042
901.85	19.665
902.02	19.733
902.20	20.447
902.37	20.572
902.55	19.813
902.72	20.231
902.90	20.104
903.07	20.184
903.25	19.884
903.43	20.271
903.60	19.687
903.78	20.547
903.95	19.755
904.13	19.915
904.30	20.107
904.48	20.136
904.65	20.201
904.83	20.237
905.00	19.627
905.17	20.249
905.35	19.777
905.52	19.929
905.70	19.786
905.87	19.703
906.05	19.798
906.22	19.875
906.40	20.190
906.57	20.470
906.75	19.470
906.92	19.508
907.10	19.599
907.27	19.289
907.45	19.720
907.62	20.297
907.80	19.827
907.97	19.749
908.15	19.891
908.32	20.252
908.49	19.906
908.67	19.913
908.84	20.208
909.02	19.933
909.19	20.163
909.37	19.865
909.54	20.262
909.72	19.679
909.89	19.835
910.07	19.694
910.24	19.582
910.41	19.782
910.59	19.534
910.76	19.947
910.94	19.884
911.11	19.639
911.29	20.074
911.46	19.803
911.63	20.162
911.81	20.227
911.98	20.126
912.16	20.284
912.33	20.219
912.50	20.356
912.68	20.386
912.85	20.627
913.03	20.419
913.20	20.286
913.38	20.621
913.55	20.378
913.72	20.249
913.90	20.442
914.07	19.709
914.25	20.396
914.42	20.396
914.59	20.322
914.77	19.460
914.94	19.824
915.11	19.795
915.29	20.162
915.46	19.720
915.64	20.053
915.81	20.191
915.98	19.849
916.16	20.069
916.33	20.184
916.51	19.727
916.68	19.814
916.85	20.096
917.03	20.187
917.20	19.573
917.37	20.058
917.55	20.100
917.72	20.055
917.89	20.003
918.07	20.291
918.24	19.994
918.42	19.795
918.59	19.872
918.76	20.258
918.94	19.806
919.11	20.442
919.28	19.925
919.46	20.228
919.63	20.461
919.80	20.614
919.98	20.225
920.15	20.109
920.32	20.577
920.50	20.731
920.67	20.357
920.84	20.662
921.02	19.728
921.19	20.734
921.36	20.548
921.54	20.161
921.71	20.507
921.88	20.424
922.06	19.746
922.23	20.414
922.40	19.959
922.57	20.134
922.75	20.315
922.92	20.143
923.09	20.319
923.27	20.490
923.44	20.149
923.61	20.078
923.79	20.332
923.96	20.554
924.13	20.028
924.30	20.448
924.48	20.411
924.65	20.710
924.82	20.537
925.00	19.914
925.17	20.493
925.34	20.193
925.51	19.798
925.69	20.380
925.86	20.226
926.03	20.593
926.21	19.895
926.38	20.142
926.55	19.895
926.72	19.532
926.90	20.055
927.07	20.046
927.24	20.205
927.41	20.770
927.59	19.930
927.76	20.233
927.93	20.205
928.10	19.872
928.28	20.074
928.45	19.751
928.62	20.075
928.79	20.573
928.97	20.181
929.14	20.138
929.31	20.637
929.48	19.938
929.66	19.755
929.83	19.963
930.00	19.899
930.17	20.000
930.34	19.965
930.52	20.289
930.69	20.205
930.86	20.516
931.03	19.850
931.21	20.347
931.38	20.015
931.55	20.259
931.72	20.049
931.89	20.147
932.07	19.785
932.24	19.469
932.41	20.261
932.58	19.214
932.75	19.777
932.93	19.978
933.10	19.494
933.27	20.024
933.44	19.835
933.61	19.750
933.79	19.951
933.96	20.008
934.13	20.351
934.30	20.170
934.47	19.941
934.65	20.229
934.82	20.219
934.99	19.841
935.16	20.510
935.33	19.669
935.50	20.153
935.68	20.031
935.85	19.357
936.02	20.555
936.19	19.817
936.36	20.303
936.53	19.773
936.71	20.347
936.88	19.951
937.05	19.989
937.22	19.981
937.39	19.986
937.56	20.516
937.74	19.221
937.91	20.393
938.08	20.190
938.25	19.779
938.42	20.326
938.59	20.188
938.76	19.412
938.94	19.920
939.11	19.995
939.28	19.882
939.45	19.255
939.62	20.032
939.79	20.332
939.96	19.657
940.13	19.751
940.31	20.253
940.48	20.096
940.65	19.662
940.82	20.047
940.99	19.336
941.16	20.204
941.33	19.874
941.50	19.867
941.67	20.428
941.85	20.640
942.02	20.288
942.19	20.510
942.36	19.958
942.53	19.076
942.70	20.198
942.87	19.979
943.04	20.399
943.21	20.682
943.38	19.902
943.56	19.766
943.73	19.869
943.90	19.641
944.07	20.094
944.24	19.994
944.41	20.173
944.58	20.131
944.75	20.154
944.92	19.627
945.09	19.955
945.26	20.017
945.43	19.498
945.60	19.600
945.78	19.613
945.95	19.933
946.12	19.458
946.29	19.644
946.46	19.907
946.63	19.501
946.80	19.219
946.97	19.376
947.14	19.617
947.31	19.719
947.48	19.191
947.65	19.452
947.82	19.512
947.99	19.277
948.16	19.417
948.33	19.167
948.50	19.823
948.67	19.436
948.84	20.114
949.01	19.799
949.18	19.567
949.35	19.172
949.52	19.694
949.69	19.362
949.86	19.331
950.03	19.427
950.20	19.814
950.38	19.665
950.55	20.078
950.72	19.761
950.89	19.928
951.06	19.528
951.23	19.087
951.40	19.377
951.57	20.095
951.74	19.629
951.91	19.389
952.08	18.568
952.25	19.872
952.42	19.035
952.59	18.930
952.76	18.766
952.92	18.786
953.09	19.299
953.26	19.028
953.43	18.798
953.60	19.134
953.77	19.226
953.94	18.713
954.11	19.702
954.28	19.216
954.45	18.850
954.62	19.074
954.79	18.572
954.96	19.095
955.13	19.100
955.30	18.571
955.47	19.037
955.64	18.875
955.81	19.366
955.98	18.622
956.15	18.789
956.32	19.702
956.49	19.187
956.66	19.716
956.83	19.564
957.00	18.781
957.17	18.713
957.33	18.500
957.50	18.729
957.67	19.375
957.84	18.792
958.01	19.231
958.18	19.333
958.35	19.023
958.52	18.917
958.69	18.743
958.86	19.094
959.03	19.242
959.20	18.893
959.37	19.269
959.53	18.614
959.70	18.926
959.87	19.198
960.04	19.291
960.21	18.571
960.38	18.653
960.55	18.337
960.72	18.824
960.89	18.565
961.06	18.321
961.23	18.332
961.39	18.988
961.56	18.559
961.73	18.733
961.90	18.994
962.07	18.823
962.24	18.292
962.41	18.766
962.58	18.822
962.75	18.626
962.91	18.690
963.08	18.483
963.25	18.696
963.42	18.757
963.59	18.624
963.76	18.887
963.93	17.939
964.09	18.111
964.26	18.958
964.43	18.926
964.60	18.326
964.77	18.677
964.94	18.327
965.11	18.001
965.27	18.630
965.44	18.771
965.61	18.102
965.78	19.123
965.95	18.196
966.12	18.405
966.29	18.647
966.45	18.349
966.62	18.505
966.79	18.816
966.96	18.138
967.13	18.927
967.30	18.345
967.46	18.294
967.63	18.430
967.80	18.988
967.97	18.469
968.14	18.260
968.30	18.489
968.47	17.987
968.64	18.626
968.81	18.326
968.98	18.327
969.15	18.312
969.31	18.726
969.48	18.047
969.65	18.796
969.82	18.084
969.99	17.549
970.15	18.624
970.32	18.116
970.49	18.950
970.66	17.522
970.82	18.389
970.99	17.863
971.16	18.330
971.33	17.488
971.50	17.610
971.66	18.109
971.83	18.845
972.00	17.988
972.17	17.501
972.34	18.114
972.50	18.699
972.67	17.823
972.84	18.370
973.01	18.392
973.17	19.327
973.34	17.920
973.51	18.817
973.68	18.325
973.84	17.941
974.01	18.306
974.18	18.098
974.35	17.867
974.51	18.324
974.68	18.248
974.85	18.290
975.02	18.038
975.18	17.819
975.35	17.848
975.52	17.941
975.69	17.995
975.85	18.489
976.02	18.649
976.19	17.740
976.36	18.470
976.52	18.522
976.69	18.496
976.86	18.872
977.02	18.168
977.19	17.698
977.36	18.129
977.53	18.894
977.69	17.580
977.86	18.728
978.03	18.338
978.19	18.457
978.36	18.311
978.53	18.662
978.70	18.892
978.86	18.455
979.03	18.560
979.20	18.724
979.36	18.139
979.53	18.316
979.70	18.727
979.86	18.527
980.03	18.800
980.20	18.794
980.36	18.339
980.53	18.528
980.70	18.361
980.86	18.353
981.03	18.882
981.20	18.243
981.36	17.833
981.53	18.351
981.70	18.216
981.86	18.394
982.03	18.440
982.20	18.970
982.36	18.587
982.53	17.593
982.70	19.562
982.86	18.880
983.03	18.580
983.20	18.733
983.36	18.382
983.53	18.622
983.70	17.821
983.86	18.172
984.03	18.259
984.20	17.652
984.36	18.205
984.53	19.183
984.70	17.940
984.86	17.093
985.03	18.306
985.19	17.899
985.36	18.213
985.53	18.431
985.69	17.652
985.86	17.544
986.03	17.827
986.19	17.747
986.36	17.324
986.52	18.098
986.69	17.441
986.86	17.735
987.02	18.107
987.19	19.068
987.35	17.828
987.52	17.612
987.69	17.883
987.85	18.065
988.02	17.959
988.18	18.280
988.35	18.138
988.52	17.804
988.68	17.053
988.85	17.509
989.01	17.696
989.18	18.110
989.35	17.456
989.51	16.775
989.68	18.057
989.84	17.183
990.01	18.211
990.17	18.397
990.34	17.848
990.51	18.172
990.67	18.306
990.84	18.311
991.00	17.571
991.17	17.506
991.33	17.525
991.50	17.191
991.66	18.040
991.83	17.751
992.00	17.923
992.16	19.348
992.33	16.809
992.49	18.183
992.66	18.473
992.82	17.904
992.99	18.852
993.15	17.230
993.32	17.618
993.48	17.912
993.65	18.587
993.82	18.046
993.98	18.556
994.15	19.251
994.31	17.714
994.48	18.937
994.64	18.796
994.81	16.975
994.97	18.411
995.14	18.660
995.30	18.740
995.47	18.373
995.63	18.396
995.80	19.194
995.96	18.138
996.13	17.930
996.29	18.123
996.46	18.488
996.62	18.454
996.79	17.465
996.95	17.621
997.12	18.908
997.28	18.565
997.45	17.309
997.61	17.839
997.78	18.487
997.94	17.185
998.11	18.294
998.27	19.149
998.44	17.980
998.60	18.628
998.77	18.734
998.93	17.782
999.10	19.402
999.26	19.260
999.43	17.859
999.59	18.244
999.75	18.311
999.92	17.989
1000.08	17.844
1000.25	17.158
1000.41	17.551
1000.58	18.556
1000.74	17.385
1000.91	18.277
1001.07	17.843
1001.24	18.700
1001.40	18.461
1001.56	17.863
1001.73	18.402
1001.89	18.355
1002.06	17.974
1002.22	18.667
1002.39	18.289
1002.55	18.085
1002.71	17.911
1002.88	18.510
1003.04	18.925
1003.21	18.725
1003.37	18.917
1003.54	18.387
1003.70	18.659
1003.86	19.311
1004.03	18.408
1004.19	18.752
1004.36	18.626
1004.52	19.176
1004.68	18.401
1004.85	18.201
1005.01	18.556
1005.18	17.961
1005.34	17.988
1005.50	17.140
1005.67	17.624
1005.83	18.200
1006.00	19.049
1006.16	17.144
1006.32	19.716
1006.49	18.452
1006.65	17.785
1006.82	17.099
1006.98	19.135
1007.14	16.313
1007.31	19.540
1007.47	18.816
1007.63	19.800
1007.80	18.470
1007.96	17.377
1008.13	20.243
1008.29	18.910
1008.45	19.227
1008.62	18.846
1008.78	18.743
1008.94	18.842
1009.11	19.757
1009.27	19.173
1009.43	20.635
1009.60	18.595
1009.76	18.809
1009.92	18.677
1010.09	20.130
1010.25	17.972
1010.42	18.422
1010.58	18.764
1010.74	19.561
1010.91	18.952
1011.07	16.610
1011.23	19.336
1011.40	18.455
1011.56	17.547
1011.72	19.792
1011.89	18.773
1012.05	19.356
1012.21	19.015
1012.37	20.348
1012.54	17.716
1012.70	17.849
1012.86	18.393
1013.03	19.626
1013.19	18.796
1013.35	17.927
1013.52	18.695
1013.68	18.503
1013.84	19.633
1014.01	17.969
1014.17	21.784
1014.33	18.884
1014.49	18.185
1014.66	20.148
1014.82	20.082
1014.98	20.972
1015.15	18.948
1015.31	20.652
1015.47	19.947
1015.63	20.807
1015.80	19.230
1015.96	18.351
1016.12	18.939
1016.29	18.113
1016.45	20.104
1016.61	19.044
1016.77	17.975
1016.94	19.906
1017.10	19.618
1017.26	21.034
1017.42	20.466
1017.59	17.645
1017.75	20.465
1017.91	17.684
1018.07	21.467
1018.24	20.637
1018.40	22.498
1018.56	18.981
1018.72	21.216
1018.89	22.265
1019.05	18.516
1019.21	21.058
1019.37	19.943
1019.54	22.479
1019.70	22.493
1019.86	19.817
1020.02	19.142
1020.19	19.541
1020.35	20.734
1020.51	19.941
1020.67	23.354
1020.83	22.675
1021.00	24.099
1021.16	21.554
1021.32	20.874
1021.48	20.456
1021.64	21.506
1021.81	17.396
1021.97	22.805
1022.13	22.608
1022.29	22.112
1022.45	18.496
1022.62	21.270
1022.78	22.712
1022.94	19.766
1023.10	21.281
1023.26	23.171
1023.43	23.527
1023.59	22.070
1023.75	22.587
1023.91	20.259
1024.07	20.660
1024.24	24.285
1024.40	20.972
1024.56	22.725
1024.72	26.064
1024.88	22.271
1025.04	22.439
1025.21	22.875
1025.37	25.220
1025.53	25.290
1025.69	20.311
1025.85	20.892
1026.01	23.975
1026.18	22.095
1026.34	20.528
1026.50	26.897
1026.66	22.843
1026.82	26.697
1026.98	25.059
1027.14	25.168
1027.31	24.577
1027.47	24.599
1027.63	27.011
1027.79	26.942
1027.95	24.919
1028.11	23.914
1028.27	27.289
1028.44	26.553
1028.60	26.357
1028.76	23.369
1028.92	22.106
1029.08	28.270
1029.24	25.315
1029.40	28.184
1029.56	25.022
1029.73	30.111
1029.89	27.355
1030.05	23.956
1030.21	26.124
1030.37	25.169
1030.53	28.013
1030.69	25.477
1030.85	24.250
1031.01	26.544
1031.17	28.179
1031.34	27.630
1031.50	26.139
1031.66	22.692
1031.82	27.957
1031.98	28.256
1032.14	30.397
1032.30	31.427
1032.46	32.133
1032.62	29.801
1032.78	29.022
1032.94	34.811
1033.10	25.661
1033.27	30.125
1033.43	34.886
1033.59	31.086
1033.75	32.926
1033.91	30.032
1034.07	31.354
1034.23	30.074
1034.39	31.789
1034.55	26.610
1034.71	33.883
1034.87	28.031
1035.03	36.592
1035.19	38.642
1035.35	30.602
1035.51	37.690
1035.67	25.980
1035.83	39.023
1035.99	33.447
1036.16	32.192
1036.32	35.125
1036.48	41.910
1036.64	38.841
1036.80	43.950
1036.96	38.287
1037.12	32.740
1037.28	33.603
1037.44	36.465
1037.60	39.426
1037.76	38.118
1037.92	52.771
1038.08	38.860
1038.24	37.262
1038.40	47.277
1038.56	37.129
1038.72	42.861
1038.88	34.517
1039.04	42.962
1039.20	39.754
1039.36	47.425
1039.52	45.552
1039.68	33.928
1039.84	50.510
1040.00	48.913
1040.16	55.349
1040.32	61.269
1040.48	70.297
1040.64	52.461
1040.80	54.381
1040.96	46.104
1041.12	56.203
1041.28	52.151
1041.44	58.061
1041.60	61.696
1041.76	55.025
1041.92	66.326
1042.08	52.038
1042.24	76.878
1042.39	70.575
1042.55	79.580
1042.71	58.093
1042.87	62.894
1043.03	81.694
1043.19	87.195
