345.44	-2.117
345.66	-2.117
345.88	-2.117
346.10	-0.847
346.31	-1.720
346.53	-1.182
346.75	-3.120
346.97	-3.404
347.19	-2.756
347.41	-2.950
347.63	-2.452
347.85	-1.591
348.07	-2.485
348.29	-1.409
348.51	-3.180
348.73	-0.231
348.95	-2.682
349.17	-3.719
349.39	-3.939
349.61	-2.172
349.83	-3.730
350.05	-1.799
350.27	-0.563
350.49	-4.589
350.71	-2.757
350.93	-4.074
351.15	-5.275
351.37	-1.909
351.59	-4.204
351.80	-2.690
352.02	-5.174
352.24	-3.661
352.46	-2.378
352.68	-1.058
352.90	-1.465
353.12	-3.301
353.34	-4.198
353.56	-3.458
353.78	-4.020
354.00	-1.283
354.22	-4.318
354.44	-5.323
354.66	-4.846
354.88	-3.585
355.09	-3.785
355.31	-4.931
355.53	-5.956
355.75	-2.010
355.97	-5.156
356.19	-4.166
356.41	-2.802
356.63	-3.172
356.85	-3.059
357.07	-3.299
357.29	-5.813
357.50	-4.675
357.72	-5.315
357.94	-3.689
358.16	-3.735
358.38	-1.253
358.60	-4.065
358.82	-2.314
359.04	-5.959
359.26	-4.032
359.48	0.337
359.69	-3.573
359.91	-3.486
360.13	-5.996
360.35	-4.774
360.57	-3.171
360.79	-6.017
361.01	-2.304
361.23	-5.971
361.45	-3.684
361.66	-3.579
361.88	-7.134
362.10	-6.398
362.32	-3.753
362.54	-5.531
362.76	-1.948
362.98	-3.429
363.20	-1.484
363.41	-2.957
363.63	-3.282
363.85	-6.229
364.07	-2.947
364.29	-4.410
364.51	-1.196
364.73	-4.946
364.94	-1.533
365.16	-4.434
365.38	-6.240
365.60	-2.252
365.82	-5.479
366.04	-4.877
366.26	-2.588
366.47	-5.235
366.69	-4.121
366.91	-4.523
367.13	-4.016
367.35	-4.992
367.57	-5.343
367.79	-4.905
368.00	-3.740
368.22	-5.194
368.44	-3.884
368.66	-4.503
368.88	-2.529
369.10	-3.737
369.31	-5.518
369.53	-4.051
369.75	-3.195
369.97	-4.737
370.19	-3.728
370.41	-3.702
370.62	-5.208
370.84	-4.423
371.06	-2.689
371.28	-5.512
371.50	-2.196
371.71	-2.506
371.93	-4.778
372.15	-1.786
372.37	-3.595
372.59	-4.233
372.80	-5.980
373.02	-1.358
373.24	-5.289
373.46	-6.777
373.68	-4.964
373.90	-4.978
374.11	-3.141
374.33	-5.389
374.55	-2.229
374.77	-4.962
374.98	-5.463
375.20	-6.672
375.42	-4.653
375.64	-3.649
375.86	-5.776
376.07	-2.718
376.29	-4.574
376.51	-6.825
376.73	-6.956
376.95	-6.016
377.16	-6.066
377.38	-5.671
377.60	-5.622
377.82	-2.431
378.03	-4.058
378.25	-5.085
378.47	-3.234
378.69	-1.742
378.91	-5.250
379.12	-6.398
379.34	-5.433
379.56	-4.191
379.78	-4.497
379.99	-6.606
380.21	-4.253
380.43	-5.788
380.65	-7.541
380.86	-5.365
381.08	-3.569
381.30	-2.225
381.52	-2.879
381.73	-4.923
381.95	-4.968
382.17	-6.715
382.39	-7.546
382.60	-6.613
382.82	-6.083
383.04	-6.434
383.26	-6.846
383.47	-5.153
383.69	-6.974
383.91	-6.665
384.13	-5.115
384.34	-8.602
384.56	-4.665
384.78	-4.437
385.00	-5.477
385.21	-6.014
385.43	-7.538
385.65	-5.507
385.86	-9.089
386.08	-5.104
386.30	-3.383
386.52	-6.276
386.73	-4.770
386.95	-5.095
387.17	-7.886
387.38	-3.809
387.60	-3.521
387.82	-4.434
388.04	-5.769
388.25	-5.875
388.47	-4.985
388.69	-7.179
388.90	-5.829
389.12	-6.806
389.34	-5.398
389.56	-7.800
389.77	-6.899
389.99	-6.554
390.21	-4.793
390.42	-4.821
390.64	-7.242
390.86	-7.997
391.07	-6.951
391.29	-4.698
391.51	-8.135
391.72	-4.991
391.94	-7.883
392.16	-3.982
392.38	-6.896
392.59	-7.333
392.81	-6.197
393.03	-5.471
393.24	-4.395
393.46	-6.837
393.68	-6.363
393.89	-9.309
394.11	-7.926
394.33	-7.163
394.54	-7.623
394.76	-5.044
394.98	-6.993
395.19	-5.434
395.41	-4.921
395.63	-7.015
395.84	-7.006
396.06	-9.666
396.28	-8.314
396.49	-7.992
396.71	-7.232
396.93	-6.567
397.14	-7.058
397.36	-7.122
397.57	-5.684
397.79	-8.860
398.01	-6.622
398.22	-7.340
398.44	-7.859
398.66	-6.751
398.87	-7.040
399.09	-4.483
399.31	-8.862
399.52	-8.146
399.74	-7.823
399.96	-7.648
400.17	-7.235
400.39	-6.128
400.60	-8.503
400.82	-6.786
401.04	-5.491
401.25	-8.059
401.47	-7.719
401.69	-10.129
401.90	-10.259
402.12	-7.066
402.33	-7.372
402.55	-10.351
402.77	-8.082
402.98	-10.000
403.20	-9.631
403.41	-9.753
403.63	-9.250
403.85	-8.903
404.06	-11.717
404.28	-9.572
404.49	-12.706
404.71	-10.397
404.93	-8.973
405.14	-8.065
405.36	-10.612
405.57	-6.677
405.79	-8.545
406.01	-9.260
406.22	-8.574
406.44	-10.152
406.65	-12.712
406.87	-13.055
407.09	-10.078
407.30	-12.602
407.52	-11.087
407.73	-9.262
407.95	-10.617
408.17	-12.308
408.38	-11.517
408.60	-10.096
408.81	-12.924
409.03	-9.825
409.24	-7.834
409.46	-13.820
409.68	-9.280
409.89	-13.282
410.11	-10.093
410.32	-7.714
410.54	-7.480
410.75	-7.470
410.97	-11.635
411.18	-10.835
411.40	-14.267
411.62	-11.142
411.83	-12.532
412.05	-13.051
412.26	-10.656
412.48	-11.298
412.69	-15.034
412.91	-13.721
413.12	-9.417
413.34	-11.373
413.56	-11.708
413.77	-12.889
413.99	-13.797
414.20	-15.606
414.42	-13.613
414.63	-13.480
414.85	-12.243
415.06	-15.333
415.28	-14.671
415.49	-9.625
415.71	-12.014
415.92	-13.240
416.14	-15.312
416.35	-12.681
416.57	-12.803
416.79	-10.930
417.00	-13.698
417.22	-13.343
417.43	-13.865
417.65	-14.589
417.86	-12.290
418.08	-10.153
418.29	-13.561
418.51	-14.597
418.72	-15.957
418.94	-13.959
419.15	-16.121
419.37	-11.794
419.58	-14.589
419.80	-15.071
420.01	-11.261
420.23	-14.379
420.44	-13.326
420.66	-15.157
420.87	-16.522
421.09	-15.143
421.30	-15.753
421.52	-18.053
421.73	-16.305
421.95	-16.253
422.16	-18.559
422.38	-13.143
422.59	-17.121
422.81	-19.096
423.02	-16.639
423.23	-14.580
423.45	-18.358
423.66	-13.814
423.88	-18.945
424.09	-19.074
424.31	-18.013
424.52	-14.140
424.74	-18.015
424.95	-18.065
425.17	-18.776
425.38	-19.560
425.60	-22.366
425.81	-18.786
426.03	-15.450
426.24	-18.793
426.45	-16.136
426.67	-21.391
426.88	-20.407
427.10	-22.537
427.31	-23.190
427.53	-17.998
427.74	-24.056
427.96	-18.178
428.17	-21.709
428.39	-22.467
428.60	-19.762
428.81	-24.373
429.03	-17.373
429.24	-20.250
429.46	-19.824
429.67	-20.142
429.89	-24.235
430.10	-20.675
430.31	-21.651
430.53	-26.967
430.74	-20.379
430.96	-20.613
431.17	-22.028
431.39	-23.836
431.60	-25.836
431.81	-22.063
432.03	-20.710
432.24	-24.280
432.46	-20.879
432.67	-23.404
432.89	-27.430
433.10	-21.688
433.31	-21.164
433.53	-25.151
433.74	-27.898
433.96	-23.970
434.17	-24.296
434.38	-27.893
434.60	-27.630
434.81	-25.688
435.03	-27.790
435.24	-28.498
435.45	-22.174
435.67	-24.253
435.88	-30.818
436.10	-24.894
436.31	-27.747
436.52	-32.142
436.74	-28.777
436.95	-28.568
437.17	-36.764
437.38	-33.212
437.59	-28.615
437.81	-34.978
438.02	-30.851
438.23	-29.615
438.45	-38.155
438.66	-32.749
438.88	-38.152
439.09	-32.119
439.30	-35.251
439.52	-29.323
439.73	-32.993
439.94	-32.797
440.16	-35.898
440.37	-35.800
440.58	-35.064
440.80	-34.043
441.01	-39.874
441.23	-36.109
441.44	-32.128
441.65	-39.962
441.87	-33.617
442.08	-41.241
442.29	-34.767
442.51	-35.186
442.72	-37.358
442.93	-35.396
443.15	-39.720
443.36	-39.704
443.57	-43.298
443.79	-33.269
444.00	-40.914
444.21	-31.229
444.43	-40.551
444.64	-42.094
444.85	-39.685
445.07	-41.651
445.28	-41.996
445.49	-40.330
445.71	-42.406
445.92	-39.596
446.13	-42.802
446.35	-40.808
446.56	-47.964
446.77	-44.139
446.99	-41.207
447.20	-40.846
447.41	-50.294
447.63	-43.736
447.84	-37.235
448.05	-43.094
448.27	-45.216
448.48	-48.180
448.69	-47.197
448.90	-46.424
449.12	-56.398
449.33	-42.103
449.54	-52.351
449.76	-50.277
449.97	-51.172
450.18	-48.833
450.40	-49.581
450.61	-47.516
450.82	-50.681
451.03	-44.131
451.25	-47.654
451.46	-46.012
451.67	-47.638
451.89	-59.727
452.10	-55.209
452.31	-45.734
452.52	-58.495
452.74	-51.393
452.95	-57.624
453.16	-57.103
453.38	-64.870
453.59	-62.829
453.80	-60.938
454.01	-53.092
454.23	-55.380
454.44	-61.513
454.65	-61.387
454.86	-59.783
455.08	-66.520
455.29	-67.991
455.50	-57.732
455.71	-63.039
455.93	-65.695
456.14	-86.567
456.35	-60.671
456.56	-80.912
456.78	-63.162
456.99	-76.881
457.20	-69.985
457.41	-75.642
457.63	-71.965
457.84	-83.838
458.05	-65.816
458.26	-90.585
458.48	-87.054
458.69	-91.160
458.90	-74.521
459.11	-83.917
459.33	-63.501
459.54	-92.391
459.75	-84.270
459.96	-97.909
460.18	-87.814
460.39	-81.993
460.60	-106.896
460.81	-113.895
461.02	-116.219
461.24	-110.809
461.45	-98.087
461.66	-111.670
461.87	-96.447
462.09	-131.648
462.30	-104.758
462.51	-120.316
462.72	-119.627
462.93	-136.471
463.15	-136.058
463.36	-129.634
463.57	-188.951
463.78	-168.499
463.99	-165.208
464.21	-193.444
464.42	-250.528
464.63	-179.151
464.84	-205.809
465.05	-237.839
465.27	-202.531
465.48	-278.277
465.69	-247.274
465.90	-239.438
466.11	-231.163
466.33	-266.350
466.54	-221.706
466.75	-358.687
466.96	-285.933
467.17	-450.996
467.38	-371.408
467.60	-359.270
467.81	-760.338
468.02	-499.363
468.23	-1283.660
468.44	-3165.567
468.65	-1052.766
468.87	-4191.272
469.08	14883.808
469.29	29882.789
469.50	-831.678
469.71	-7664.149
469.92	-2153.426
470.14	676.622
470.35	616.072
470.56	546.042
470.77	366.820
470.98	721.563
471.19	340.550
471.41	362.684
471.62	306.966
471.83	317.563
472.04	286.642
472.25	239.918
472.46	284.574
472.67	236.108
472.89	203.955
473.10	151.049
473.31	208.921
473.52	166.212
473.73	166.362
473.94	180.787
474.15	155.954
474.37	146.956
474.58	167.586
474.79	131.562
475.00	130.062
475.21	121.827
475.42	125.095
475.63	110.616
475.84	106.402
476.06	113.762
476.27	113.376
476.48	105.064
476.69	103.141
476.90	101.156
477.11	98.724
477.32	93.374
477.53	91.516
477.74	81.886
477.96	79.765
478.17	81.363
478.38	78.705
478.59	80.018
478.80	75.375
479.01	75.005
479.22	72.410
479.43	71.538
479.64	73.307
479.85	67.152
480.06	67.874
480.28	66.088
480.49	65.950
480.70	67.414
480.91	62.375
481.12	65.094
481.33	59.472
481.54	58.785
481.75	62.641
481.96	57.391
482.17	57.546
482.38	58.709
482.59	57.590
482.81	56.753
483.02	52.773
483.23	52.567
483.44	56.033
483.65	51.872
483.86	49.898
484.07	51.465
484.28	50.407
484.49	47.269
484.70	47.720
484.91	47.262
485.12	49.278
485.33	44.971
485.54	46.982
485.75	43.859
485.96	44.065
486.17	42.978
486.38	44.004
486.60	42.870
486.81	42.451
487.02	41.115
487.23	41.184
487.44	41.667
487.65	42.905
487.86	40.449
488.07	37.371
488.28	37.458
488.49	38.219
488.70	38.830
488.91	36.215
489.12	38.453
489.33	37.260
489.54	34.994
489.75	35.550
489.96	36.878
490.17	33.819
490.38	34.072
490.59	32.385
490.80	32.742
491.01	33.265
491.22	30.568
491.43	31.373
491.64	32.228
491.85	32.799
492.06	31.030
492.27	30.352
492.48	31.507
492.69	29.156
492.90	30.104
493.11	27.890
493.32	29.953
493.53	29.058
493.74	28.446
493.95	28.289
494.16	27.992
494.37	27.925
494.58	28.201
494.79	26.450
495.00	27.019
495.21	27.253
495.42	26.991
495.63	24.300
495.84	24.751
496.05	26.245
496.26	25.689
496.47	25.550
496.68	25.140
496.89	24.593
497.10	24.939
497.31	24.822
497.52	23.692
497.73	23.800
497.94	23.492
498.15	23.100
498.36	22.525
498.57	22.514
498.78	21.773
498.99	21.162
499.19	21.898
499.40	21.856
499.61	20.849
499.82	21.453
500.03	20.551
500.24	19.630
500.45	20.060
500.66	20.439
500.87	19.488
501.08	19.742
501.29	20.088
501.50	18.779
501.71	19.337
501.92	18.595
502.13	19.101
502.34	18.754
502.55	18.289
502.76	17.254
502.96	17.860
503.17	18.145
503.38	17.046
503.59	18.070
503.80	17.159
504.01	15.978
504.22	16.161
504.43	16.758
504.64	15.385
504.85	15.365
505.06	15.869
505.27	15.297
505.47	15.700
505.68	14.732
505.89	15.470
506.10	14.497
506.31	14.878
506.52	14.279
506.73	14.274
506.94	14.176
507.15	13.521
507.36	13.347
507.56	13.971
507.77	13.024
507.98	13.277
508.19	13.438
508.40	12.993
508.61	13.798
508.82	12.623
509.03	12.133
509.24	12.044
509.44	12.725
509.65	12.424
509.86	13.430
510.07	11.680
510.28	11.567
510.49	11.447
510.70	11.461
510.91	11.211
511.11	11.555
511.32	10.702
511.53	11.751
511.74	10.668
511.95	11.101
512.16	10.073
512.37	10.272
512.58	9.657
512.78	10.239
512.99	10.187
513.20	9.917
513.41	10.270
513.62	9.557
513.83	9.668
514.04	9.422
514.24	8.800
514.45	9.251
514.66	9.847
514.87	9.437
515.08	9.331
515.29	8.662
515.49	8.747
515.70	7.849
515.91	7.831
516.12	8.708
516.33	7.999
516.54	7.999
516.74	7.837
516.95	6.959
517.16	8.011
517.37	8.286
517.58	7.545
517.79	6.939
517.99	7.452
518.20	7.779
518.41	6.254
518.62	7.337
518.83	6.689
519.03	6.344
519.24	6.697
519.45	6.192
519.66	6.475
519.87	6.177
520.07	6.010
520.28	6.219
520.49	5.994
520.70	6.348
520.91	5.628
521.12	5.594
521.32	5.524
521.53	5.910
521.74	5.481
521.95	5.721
522.15	4.951
522.36	5.122
522.57	5.171
522.78	4.643
522.99	4.964
523.19	5.121
523.40	5.236
523.61	4.732
523.82	5.205
524.03	4.888
524.23	4.602
524.44	4.236
524.65	4.890
524.86	4.271
525.06	4.325
525.27	4.373
525.48	4.394
525.69	4.200
525.89	3.874
526.10	4.410
526.31	4.421
526.52	4.192
526.72	3.696
526.93	3.056
527.14	3.972
527.35	3.889
527.56	3.354
527.76	3.125
527.97	3.180
528.18	3.412
528.38	3.731
528.59	3.502
528.80	3.499
529.01	2.842
529.21	2.603
529.42	3.363
529.63	2.642
529.84	2.950
530.04	2.476
530.25	2.673
530.46	2.070
530.67	2.630
530.87	2.243
531.08	2.359
531.29	2.190
531.50	2.493
531.70	2.285
531.91	2.557
532.12	2.389
532.32	2.739
532.53	1.985
532.74	2.034
532.95	2.342
533.15	2.134
533.36	2.347
533.57	2.143
533.77	2.184
533.98	1.579
534.19	2.617
534.39	2.028
534.60	1.942
534.81	2.344
535.02	1.334
535.22	2.026
535.43	1.551
535.64	1.640
535.84	1.844
536.05	1.496
536.26	2.199
536.46	1.536
536.67	1.820
536.88	1.560
537.08	1.735
537.29	1.933
537.50	1.804
537.70	0.879
537.91	1.136
538.12	1.631
538.33	1.625
538.53	1.115
538.74	1.410
538.95	1.666
539.15	1.267
539.36	1.465
539.57	1.434
539.77	1.595
539.98	0.797
540.18	1.045
540.39	1.207
540.60	1.221
540.80	1.192
541.01	1.267
541.22	0.802
541.42	1.472
541.63	0.254
541.84	1.401
542.04	1.613
542.25	1.429
542.46	0.826
542.66	1.049
542.87	1.225
543.08	1.284
543.28	1.094
543.49	0.962
543.69	1.156
543.90	1.298
544.11	1.396
544.31	1.087
544.52	1.262
544.73	0.586
544.93	0.987
545.14	1.345
545.34	1.349
545.55	1.224
545.76	1.153
545.96	1.067
546.17	0.867
546.38	0.888
546.58	0.933
546.79	0.829
546.99	1.187
547.20	1.184
547.41	0.682
547.61	1.113
547.82	1.325
548.02	1.055
548.23	1.383
548.44	1.183
548.64	0.986
548.85	1.070
549.05	0.817
549.26	1.146
549.47	1.042
549.67	1.287
549.88	1.393
550.08	0.967
550.29	1.134
550.50	1.007
550.70	1.261
550.91	1.391
551.11	1.381
551.32	1.451
551.52	0.999
551.73	1.230
551.94	1.191
552.14	1.291
552.35	1.149
552.55	1.268
552.76	1.249
552.96	1.113
553.17	1.281
553.38	1.435
553.58	1.531
553.79	1.357
553.99	1.418
554.20	1.603
554.40	1.550
554.61	1.363
554.81	1.625
555.02	1.444
555.23	1.785
555.43	1.849
555.64	1.458
555.84	1.707
556.05	1.619
556.25	1.759
556.46	1.377
556.66	1.676
556.87	1.670
557.07	1.924
557.28	1.396
557.48	1.984
557.69	1.794
557.90	1.875
558.10	1.914
558.31	1.853
558.51	2.118
558.72	1.738
558.92	2.111
559.13	1.816
559.33	2.069
559.54	2.291
559.74	2.015
559.95	2.143
560.15	1.972
560.36	2.267
560.56	2.286
560.77	2.385
560.97	2.519
561.18	2.256
561.38	2.449
561.59	2.469
561.79	1.822
562.00	2.511
562.20	2.305
562.41	2.645
562.61	2.138
562.82	2.311
563.02	2.630
563.23	2.572
563.43	2.956
563.64	2.709
563.84	2.955
564.05	2.704
564.25	2.876
564.46	2.771
564.66	2.898
564.87	2.962
565.07	3.152
565.28	2.975
565.48	3.118
565.68	3.184
565.89	3.302
566.09	3.349
566.30	3.271
566.50	3.378
566.71	3.361
566.91	3.314
567.12	3.408
567.32	3.520
567.53	3.320
567.73	3.490
567.94	3.490
568.14	3.717
568.34	3.788
568.55	3.523
568.75	3.767
568.96	3.986
569.16	3.793
569.37	4.068
569.57	3.738
569.78	4.056
569.98	4.359
570.18	3.974
570.39	4.143
570.59	4.428
570.80	4.254
571.00	3.938
571.21	4.096
571.41	4.758
571.61	4.508
571.82	4.266
572.02	4.569
572.23	4.784
572.43	4.706
572.64	4.752
572.84	4.929
573.04	4.828
573.25	4.861
573.45	4.749
573.66	4.925
573.86	4.978
574.06	5.252
574.27	4.957
574.47	5.121
574.68	5.229
574.88	5.089
575.08	5.303
575.29	5.441
575.49	5.340
575.70	5.245
575.90	5.696
576.10	5.603
576.31	5.516
576.51	5.510
576.72	5.706
576.92	5.822
577.12	5.724
577.33	5.612
577.53	5.810
577.73	5.980
577.94	6.038
578.14	6.099
578.35	5.964
578.55	5.867
578.75	6.109
578.96	6.098
579.16	6.471
579.36	6.258
579.57	6.482
579.77	6.382
579.98	6.752
580.18	6.551
580.38	6.697
580.59	6.753
580.79	7.097
580.99	6.920
581.20	6.678
581.40	6.902
581.60	7.017
581.81	6.815
582.01	7.015
582.21	7.138
582.42	7.086
582.62	7.240
582.82	7.297
583.03	7.153
583.23	7.346
583.43	7.359
583.64	7.620
583.84	7.285
584.04	7.546
584.25	7.424
584.45	7.839
584.65	7.707
584.86	7.926
585.06	8.032
585.26	8.020
585.47	8.025
585.67	8.081
585.87	7.939
586.08	8.274
586.28	8.359
586.48	8.439
586.69	8.490
586.89	8.647
587.09	8.572
587.30	8.550
587.50	8.497
587.70	8.633
587.90	8.562
588.11	8.861
588.31	8.727
588.51	9.043
588.72	8.842
588.92	9.153
589.12	8.625
589.33	9.239
589.53	9.365
589.73	9.367
589.93	9.032
590.14	9.429
590.34	9.542
590.54	9.561
590.75	9.713
590.95	9.537
591.15	9.403
591.35	9.897
591.56	9.762
591.76	9.666
591.96	10.009
592.16	9.848
592.37	10.065
592.57	10.047
592.77	10.023
592.97	10.341
593.18	10.308
593.38	10.410
593.58	10.382
593.79	10.398
593.99	10.268
594.19	10.489
594.39	10.818
594.60	10.800
594.80	10.708
595.00	10.703
595.20	10.767
595.41	10.855
595.61	10.732
595.81	10.874
596.01	11.134
596.21	10.980
596.42	11.164
596.62	11.045
596.82	11.520
597.02	11.405
597.23	11.338
597.43	11.292
597.63	11.576
597.83	11.469
598.04	11.472
598.24	11.621
598.44	11.636
598.64	11.775
598.84	11.765
599.05	12.076
599.25	12.087
599.45	11.901
599.65	12.235
599.85	12.146
600.06	12.154
600.26	12.192
600.46	12.251
600.66	12.466
600.87	12.393
601.07	12.220
601.27	12.545
601.47	12.593
601.67	12.528
601.87	12.722
602.08	12.878
602.28	12.783
602.48	13.004
602.68	13.017
602.88	12.803
603.09	12.982
603.29	13.062
603.49	13.200
603.69	13.159
603.89	13.353
604.10	13.275
604.30	13.612
604.50	13.307
604.70	13.566
604.90	13.563
605.10	13.639
605.31	13.847
605.51	13.708
605.71	13.712
605.91	13.866
606.11	13.879
606.31	14.152
606.52	14.003
606.72	14.286
606.92	14.205
607.12	14.313
607.32	14.213
607.52	14.300
607.72	14.265
607.93	14.166
608.13	14.456
608.33	14.592
608.53	14.632
608.73	14.950
608.93	14.763
609.13	14.853
609.34	14.925
609.54	14.877
609.74	14.987
609.94	15.296
610.14	15.127
610.34	14.992
610.54	14.926
610.74	15.128
610.95	15.079
611.15	15.349
611.35	15.494
611.55	15.267
611.75	15.533
611.95	15.492
612.15	15.792
612.35	15.687
612.56	15.865
612.76	15.890
612.96	15.841
613.16	15.864
613.36	16.259
613.56	15.936
613.76	15.767
613.96	16.335
614.16	16.341
614.36	16.344
614.57	16.225
614.77	16.323
614.97	16.505
615.17	16.597
615.37	16.542
615.57	16.602
615.77	16.502
615.97	16.832
616.17	16.678
616.37	16.685
616.57	16.835
616.78	16.957
616.98	17.179
617.18	17.229
617.38	16.748
617.58	16.961
617.78	17.008
617.98	17.289
618.18	17.241
618.38	17.315
618.58	17.431
618.78	17.544
618.98	17.532
619.18	17.542
619.38	17.650
619.58	17.638
619.79	17.715
619.99	17.924
620.19	17.983
620.39	18.001
620.59	18.257
620.79	18.014
620.99	18.162
621.19	18.376
621.39	18.343
621.59	18.348
621.79	18.194
621.99	18.376
622.19	18.300
622.39	18.434
622.59	18.331
622.79	18.567
622.99	18.478
623.19	18.382
623.39	18.528
623.59	18.591
623.79	18.774
623.99	18.773
624.19	19.153
624.39	19.148
624.59	19.134
624.79	19.110
624.99	19.125
625.19	19.353
625.39	19.289
625.59	19.277
625.79	19.361
625.99	19.547
626.19	19.537
626.39	19.592
626.59	19.604
626.79	19.753
626.99	19.648
627.19	19.887
627.39	19.752
627.59	20.044
627.79	19.967
627.99	20.210
628.19	20.092
628.39	20.009
628.59	20.145
628.79	20.173
628.99	20.278
629.19	20.351
629.39	20.478
629.59	20.093
629.79	20.297
629.99	20.245
630.19	20.567
630.39	20.522
630.59	20.692
630.79	20.616
630.99	20.801
631.19	20.934
631.39	20.825
631.59	20.921
631.79	20.731
631.99	21.004
632.19	20.874
632.39	21.022
632.59	21.104
632.79	21.251
632.99	21.187
633.19	21.548
633.39	21.107
633.58	21.463
633.78	21.609
633.98	21.500
634.18	21.647
634.38	21.519
634.58	21.711
634.78	21.608
634.98	21.978
635.18	21.802
635.38	21.709
635.58	21.924
635.78	21.791
635.98	22.107
636.18	22.049
636.38	22.378
636.57	22.142
636.77	22.101
636.97	22.305
637.17	22.205
637.37	22.530
637.57	22.849
637.77	22.401
637.97	22.347
638.17	22.559
638.37	22.423
638.57	22.600
638.76	22.739
638.96	22.723
639.16	22.820
639.36	22.759
639.56	22.718
639.76	22.817
639.96	22.965
640.16	23.028
640.36	23.424
640.56	23.317
640.75	23.217
640.95	23.331
641.15	23.325
641.35	23.300
641.55	23.740
641.75	23.491
641.95	23.519
642.15	23.632
642.34	23.699
642.54	23.750
642.74	23.779
642.94	23.778
643.14	23.429
643.34	23.784
643.54	23.489
643.74	24.063
643.93	23.866
644.13	24.200
644.33	23.981
644.53	24.036
644.73	24.183
644.93	24.112
645.13	24.369
645.32	24.278
645.52	24.150
645.72	24.252
645.92	24.319
646.12	24.214
646.32	24.464
646.52	24.646
646.71	24.795
646.91	24.457
647.11	24.665
647.31	24.753
647.51	24.737
647.71	24.632
647.90	24.780
648.10	24.873
648.30	24.899
648.50	24.902
648.70	24.954
648.89	24.991
649.09	24.877
649.29	25.174
649.49	25.283
649.69	25.092
649.89	25.458
650.08	25.284
650.28	25.315
650.48	25.530
650.68	25.293
650.88	25.460
651.07	25.406
651.27	25.437
651.47	25.871
651.67	25.614
651.87	25.850
652.06	25.973
652.26	25.984
652.46	25.942
652.66	25.576
652.86	26.058
653.05	26.014
653.25	26.010
653.45	26.093
653.65	26.333
653.85	26.106
654.04	26.245
654.24	25.986
654.44	25.938
654.64	26.247
654.83	26.205
655.03	26.083
655.23	26.463
655.43	26.385
655.63	26.425
655.82	26.352
656.02	26.398
656.22	26.659
656.42	26.490
656.61	26.692
656.81	26.595
657.01	26.638
657.21	26.918
657.40	26.813
657.60	26.941
657.80	26.941
658.00	27.042
658.19	27.172
658.39	27.166
658.59	26.840
658.79	27.092
658.98	27.105
659.18	27.132
659.38	27.284
659.58	27.354
659.77	27.390
659.97	27.340
660.17	27.455
660.36	27.345
660.56	27.569
660.76	27.376
660.96	27.591
661.15	27.600
661.35	27.823
661.55	27.773
661.75	28.064
661.94	27.717
662.14	27.688
662.34	27.895
662.53	27.879
662.73	28.055
662.93	28.068
663.13	27.834
663.32	28.057
663.52	28.486
663.72	27.995
663.91	28.185
664.11	28.110
664.31	28.311
664.50	28.280
664.70	28.144
664.90	28.200
665.10	28.261
665.29	28.636
665.49	28.401
665.69	28.591
665.88	28.467
666.08	28.382
666.28	28.495
666.47	28.575
666.67	28.781
666.87	28.683
667.06	28.888
667.26	28.652
667.46	28.740
667.65	28.858
667.85	28.741
668.05	28.958
668.24	28.859
668.44	29.034
668.64	29.017
668.83	29.058
669.03	29.185
669.23	29.238
669.42	29.152
669.62	29.552
669.82	29.066
670.01	29.418
670.21	29.168
670.41	29.100
670.60	29.261
670.80	29.293
671.00	29.352
671.19	29.432
671.39	29.308
671.58	29.613
671.78	29.674
671.98	29.375
672.17	29.839
672.37	29.764
672.57	29.832
672.76	29.837
672.96	29.823
673.15	29.809
673.35	29.596
673.55	29.763
673.74	29.858
673.94	29.856
674.14	29.954
674.33	30.064
674.53	30.221
674.72	30.395
674.92	30.009
675.12	30.276
675.31	30.015
675.51	30.167
675.70	30.123
675.90	30.335
676.10	30.198
676.29	30.423
676.49	30.253
676.68	30.253
676.88	30.380
677.08	30.327
677.27	30.266
677.47	30.455
677.66	30.379
677.86	30.729
678.06	30.415
678.25	30.255
678.45	30.774
678.64	30.620
678.84	30.649
679.03	30.921
679.23	30.892
679.43	30.699
679.62	30.823
679.82	31.021
680.01	31.056
680.21	31.191
680.40	30.893
680.60	30.937
680.80	31.056
680.99	31.003
681.19	31.075
681.38	31.222
681.58	30.830
681.77	31.316
681.97	31.182
682.16	31.227
682.36	31.062
682.56	31.249
682.75	31.073
682.95	31.381
683.14	31.186
683.34	31.381
683.53	31.464
683.73	31.506
683.92	31.390
684.12	31.630
684.31	31.481
684.51	31.351
684.70	31.531
684.90	31.416
685.10	31.655
685.29	31.390
685.49	31.761
685.68	31.612
685.88	32.044
686.07	31.738
686.27	31.912
686.46	31.676
686.66	31.914
686.85	31.957
687.05	31.958
687.24	31.743
687.44	31.989
687.63	32.240
687.83	32.370
688.02	32.035
688.22	32.344
688.41	32.167
688.61	32.359
688.80	32.391
689.00	32.327
689.19	32.575
689.39	32.282
689.58	32.131
689.78	32.233
689.97	32.336
690.17	32.065
690.36	32.434
690.56	32.162
690.75	32.267
690.95	32.518
691.14	32.639
691.34	32.426
691.53	32.774
691.72	32.655
691.92	32.255
692.11	32.770
692.31	32.689
692.50	32.811
692.70	32.856
692.89	32.829
693.09	32.875
693.28	32.916
693.48	32.860
693.67	32.933
693.87	32.839
694.06	33.106
694.25	33.019
694.45	32.901
694.64	33.052
694.84	33.126
695.03	33.384
695.23	33.101
695.42	33.403
695.62	33.314
695.81	33.539
696.00	33.288
696.20	33.371
696.39	33.191
696.59	33.235
696.78	33.162
696.98	33.499
697.17	33.608
697.36	33.374
697.56	33.301
697.75	33.606
697.95	33.543
698.14	33.747
698.34	33.655
698.53	33.321
698.72	33.370
698.92	33.544
699.11	33.483
699.31	33.739
699.50	33.705
699.69	33.696
699.89	33.627
700.08	33.746
700.28	33.364
700.47	33.455
700.66	33.529
700.86	33.857
701.05	33.624
701.25	33.545
701.44	33.729
701.63	34.078
701.83	33.834
702.02	34.110
702.21	33.915
702.41	34.050
702.60	33.607
702.80	33.696
702.99	34.319
703.18	33.871
703.38	34.166
703.57	33.932
703.77	34.012
703.96	33.924
704.15	33.990
704.35	33.984
704.54	34.264
704.73	34.057
704.93	34.065
705.12	34.439
705.31	34.426
705.51	34.508
705.70	34.438
705.89	34.596
706.09	34.498
706.28	34.434
706.48	34.266
706.67	34.440
706.86	34.665
707.06	34.488
707.25	34.311
707.44	34.334
707.64	34.313
707.83	34.740
708.02	34.703
708.22	34.837
708.41	34.793
708.60	34.743
708.80	34.871
708.99	35.030
709.18	34.838
709.38	34.677
709.57	34.769
709.76	34.837
709.95	34.572
710.15	34.883
710.34	34.701
710.53	34.724
710.73	34.718
710.92	35.045
711.11	35.156
711.31	35.096
711.50	35.230
711.69	35.072
711.89	35.005
712.08	35.048
712.27	35.156
712.46	35.245
712.66	35.051
712.85	34.737
713.04	35.103
713.24	35.080
713.43	35.190
713.62	35.223
713.81	35.230
714.01	35.092
714.20	35.418
714.39	35.088
714.59	35.087
714.78	35.228
714.97	35.443
715.16	35.493
715.36	35.350
715.55	35.384
715.74	35.383
715.93	35.443
716.13	35.445
716.32	35.636
716.51	35.672
716.71	35.622
716.90	35.768
717.09	35.803
717.28	35.732
717.48	35.906
717.67	35.785
717.86	35.645
718.05	35.768
718.25	35.694
718.44	35.654
718.63	35.994
718.82	35.841
719.02	35.831
719.21	35.981
719.40	35.943
719.59	35.711
719.78	35.694
719.98	35.884
720.17	35.958
720.36	35.923
720.55	35.930
720.75	36.208
720.94	36.092
721.13	36.022
721.32	36.325
721.51	35.841
721.71	35.950
721.90	36.075
722.09	36.361
722.28	36.406
722.48	36.276
722.67	36.407
722.86	36.037
723.05	36.196
723.24	36.510
723.44	36.358
723.63	36.289
723.82	36.367
724.01	36.335
724.20	36.324
724.40	36.314
724.59	36.370
724.78	36.470
724.97	36.481
725.16	36.293
725.35	36.473
725.55	36.368
725.74	36.529
725.93	36.277
726.12	36.249
726.31	36.739
726.51	36.586
726.70	36.622
726.89	36.539
727.08	36.501
727.27	36.748
727.46	36.453
727.66	36.804
727.85	36.924
728.04	36.619
728.23	36.891
728.42	36.751
728.61	36.867
728.81	36.918
729.00	37.090
729.19	36.969
729.38	37.101
729.57	36.789
729.76	36.999
729.95	36.926
730.15	36.766
730.34	37.136
730.53	36.892
730.72	37.213
730.91	37.026
731.10	36.620
731.29	36.918
731.49	37.194
731.68	37.196
731.87	37.330
732.06	37.368
732.25	37.324
732.44	37.084
732.63	36.956
732.82	37.250
733.02	37.255
733.21	37.006
733.40	37.228
733.59	37.031
733.78	37.291
733.97	37.269
734.16	36.892
734.35	37.028
734.54	36.992
734.74	37.229
734.93	37.205
735.12	37.045
735.31	37.505
735.50	37.345
735.69	37.380
735.88	37.270
736.07	37.363
736.26	37.249
736.45	37.348
736.64	37.257
736.84	37.385
737.03	37.262
737.22	37.112
737.41	37.417
737.60	37.521
737.79	37.306
737.98	37.506
738.17	37.517
738.36	37.435
738.55	37.329
738.74	37.779
738.93	37.340
739.12	37.468
739.32	37.493
739.51	37.480
739.70	37.352
739.89	37.317
740.08	37.223
740.27	37.217
740.46	37.206
740.65	37.443
740.84	37.295
741.03	37.571
741.22	37.616
741.41	37.637
741.60	37.960
741.79	37.610
741.98	37.682
742.17	37.739
742.36	37.962
742.55	38.061
742.74	38.175
742.93	38.000
743.12	37.894
743.31	37.789
743.51	38.050
743.70	37.809
743.89	38.118
744.08	37.896
744.27	37.848
744.46	37.605
744.65	37.923
744.84	37.993
745.03	37.764
745.22	37.839
745.41	37.818
745.60	37.810
745.79	37.865
745.98	37.827
746.17	38.145
746.36	38.250
746.55	37.951
746.74	38.267
746.93	37.918
747.12	38.056
747.31	38.019
747.50	37.996
747.69	37.983
747.88	38.005
748.07	37.856
748.26	37.845
748.45	38.088
748.64	38.069
748.83	38.247
749.02	38.085
749.21	38.187
749.40	38.519
749.59	38.385
749.77	38.348
749.96	38.533
750.15	38.629
750.34	38.594
750.53	38.399
750.72	38.355
750.91	38.448
751.10	38.243
751.29	38.155
751.48	38.445
751.67	38.413
751.86	38.287
752.05	38.362
752.24	38.362
752.43	38.380
752.62	38.253
752.81	38.366
753.00	38.615
753.19	38.420
753.38	38.522
753.57	38.092
753.76	38.137
753.94	38.119
754.13	38.427
754.32	38.269
754.51	38.265
754.70	38.385
754.89	38.438
755.08	38.583
755.27	38.324
755.46	38.587
755.65	38.660
755.84	38.562
756.03	38.625
756.22	38.710
756.40	38.458
756.59	38.431
756.78	38.095
756.97	38.178
757.16	37.994
757.35	38.574
757.54	38.781
757.73	38.953
757.92	38.930
758.11	38.854
758.29	38.810
758.48	38.665
758.67	38.699
758.86	38.821
759.05	38.889
759.24	38.660
759.43	38.877
759.62	38.799
759.81	38.299
759.99	38.437
760.18	38.627
760.37	38.521
760.56	38.660
760.75	38.780
760.94	38.931
761.13	38.667
761.32	38.906
761.50	38.805
761.69	39.047
761.88	39.225
762.07	38.915
762.26	38.891
762.45	38.943
762.64	38.552
762.82	38.931
763.01	38.874
763.20	38.902
763.39	38.964
763.58	38.802
763.77	38.901
763.96	38.576
764.14	38.588
764.33	38.790
764.52	38.617
764.71	38.758
764.90	38.924
765.09	39.042
765.27	39.137
765.46	38.896
765.65	38.930
765.84	38.934
766.03	38.896
766.22	39.082
766.40	39.140
766.59	39.202
766.78	38.998
766.97	39.195
767.16	38.921
767.35	39.143
767.53	38.950
767.72	39.153
767.91	38.954
768.10	38.960
768.29	38.925
768.47	39.258
768.66	39.025
768.85	39.127
769.04	39.089
769.23	39.040
769.41	39.510
769.60	39.178
769.79	39.077
769.98	39.048
770.17	39.181
770.35	38.894
770.54	39.090
770.73	39.165
770.92	39.176
771.10	39.189
771.29	38.902
771.48	38.839
771.67	39.123
771.86	39.086
772.04	39.082
772.23	39.410
772.42	39.131
772.61	39.187
772.79	39.224
772.98	39.058
773.17	39.143
773.36	39.102
773.54	39.316
773.73	39.163
773.92	39.314
774.11	39.131
774.30	39.179
774.48	39.301
774.67	39.008
774.86	39.328
775.05	39.018
775.23	39.412
775.42	39.065
775.61	38.926
775.79	39.412
775.98	39.156
776.17	39.145
776.36	39.356
776.54	39.395
776.73	39.760
776.92	39.555
777.11	39.504
777.29	39.339
777.48	39.156
777.67	39.403
777.85	39.545
778.04	39.004
778.23	38.934
778.42	39.531
778.60	39.220
778.79	39.405
778.98	39.450
779.16	39.361
779.35	39.236
779.54	39.337
779.73	39.668
779.91	39.699
780.10	39.616
780.29	39.729
780.47	39.484
780.66	39.213
780.85	39.357
781.03	39.350
781.22	39.165
781.41	39.390
781.60	39.201
781.78	39.282
781.97	39.110
782.16	39.182
782.34	39.423
782.53	39.699
782.72	39.648
782.90	39.393
783.09	39.398
783.28	39.282
783.46	39.593
783.65	39.422
783.84	39.220
784.02	39.082
784.21	39.140
784.40	39.369
784.58	39.388
784.77	39.297
784.96	39.536
785.14	39.605
785.33	39.240
785.52	39.327
785.70	39.115
785.89	39.400
786.08	39.564
786.26	39.594
786.45	39.784
786.63	39.884
786.82	39.650
787.01	39.723
787.19	39.722
787.38	39.944
787.57	39.352
787.75	39.470
787.94	39.442
788.13	39.168
788.31	39.369
788.50	39.626
788.68	39.297
788.87	39.308
789.06	39.414
789.24	39.756
789.43	39.688
789.61	39.364
789.80	39.747
789.99	39.951
790.17	39.401
790.36	39.675
790.55	39.429
790.73	39.522
790.92	39.547
791.10	39.628
791.29	39.819
791.48	39.499
791.66	39.433
791.85	39.267
792.03	39.399
792.22	39.596
792.40	39.720
792.59	39.465
792.78	39.485
792.96	39.420
793.15	39.500
793.33	39.671
793.52	39.769
793.71	39.811
793.89	39.528
794.08	39.512
794.26	39.564
794.45	39.831
794.63	39.696
794.82	39.836
795.01	40.020
795.19	40.067
795.38	40.058
795.56	39.945
795.75	40.133
795.93	39.865
796.12	39.985
796.30	40.124
796.49	39.647
796.68	39.402
796.86	39.568
797.05	39.720
797.23	39.631
797.42	40.262
797.60	39.898
797.79	39.865
797.97	39.908
798.16	40.016
798.34	39.539
798.53	39.710
798.71	39.814
798.90	39.983
799.08	39.853
799.27	40.102
799.46	39.798
799.64	39.901
799.83	40.145
800.01	39.870
800.20	40.197
800.38	39.699
800.57	39.537
800.75	39.480
800.94	39.571
801.12	39.636
801.31	39.810
801.49	39.758
801.68	39.747
801.86	39.714
802.05	39.943
802.23	39.643
802.42	39.670
802.60	39.654
802.79	39.491
802.97	39.228
803.16	39.643
803.34	39.776
803.53	39.560
803.71	39.623
803.90	39.657
804.08	39.513
804.27	39.644
804.45	39.541
804.63	39.426
804.82	39.529
805.00	39.454
805.19	39.361
805.37	39.566
805.56	39.550
805.74	39.127
805.93	39.290
806.11	39.506
806.30	39.470
806.48	39.097
806.67	39.266
806.85	39.791
807.04	39.711
807.22	39.601
807.40	39.500
807.59	39.519
807.77	39.543
807.96	39.554
808.14	39.678
808.33	39.627
808.51	39.665
808.69	39.569
808.88	39.552
809.06	39.601
809.25	39.356
809.43	39.835
809.62	39.415
809.80	39.242
809.99	39.614
810.17	39.690
810.35	39.506
810.54	39.672
810.72	39.910
810.91	40.082
811.09	39.613
811.27	39.741
811.46	39.502
811.64	39.231
811.83	39.496
812.01	39.552
812.19	39.603
812.38	39.596
812.56	39.475
812.75	39.363
812.93	39.181
813.11	39.353
813.30	39.080
813.48	39.536
813.67	39.436
813.85	39.426
814.03	39.245
814.22	39.235
814.40	39.327
814.59	39.137
814.77	39.191
814.95	39.307
815.14	39.257
815.32	39.500
815.50	39.195
815.69	39.478
815.87	39.218
816.06	39.062
816.24	39.499
816.42	39.352
816.61	39.649
816.79	39.256
816.97	39.578
817.16	39.836
817.34	39.465
817.52	39.858
817.71	39.316
817.89	39.390
818.07	39.164
818.26	39.555
818.44	39.453
818.63	39.752
818.81	39.668
818.99	39.795
819.18	39.467
819.36	39.473
819.54	39.565
819.73	39.311
819.91	39.680
820.09	39.694
820.28	39.916
820.46	39.973
820.64	39.492
820.83	39.629
821.01	39.356
821.19	39.478
821.37	39.249
821.56	39.142
821.74	39.296
821.92	39.309
822.11	39.246
822.29	39.458
822.47	39.496
822.66	39.225
822.84	39.455
823.02	39.054
823.21	39.325
823.39	39.327
823.57	38.915
823.75	39.279
823.94	39.305
824.12	39.439
824.30	39.520
824.49	39.528
824.67	39.332
824.85	39.259
825.03	39.404
825.22	39.028
825.40	39.182
825.58	39.018
825.77	39.180
825.95	38.995
826.13	38.715
826.31	39.133
826.50	39.410
826.68	39.454
826.86	39.207
827.04	39.501
827.23	39.306
827.41	39.414
827.59	39.290
827.78	39.157
827.96	39.326
828.14	39.705
828.32	39.616
828.51	39.304
828.69	39.345
828.87	39.269
829.05	39.088
829.23	39.379
829.42	39.034
829.60	39.111
829.78	39.414
829.96	39.224
830.15	39.087
830.33	39.106
830.51	38.942
830.69	38.898
830.88	39.267
831.06	38.877
831.24	39.077
831.42	39.391
831.60	39.284
831.79	39.551
831.97	39.471
832.15	39.146
832.33	39.168
832.52	38.980
832.70	38.810
832.88	39.037
833.06	39.265
833.24	39.112
833.43	39.289
833.61	39.377
833.79	39.148
833.97	39.333
834.15	39.302
834.34	39.258
834.52	39.262
834.70	39.525
834.88	39.710
835.06	39.411
835.25	39.348
835.43	39.305
835.61	38.957
835.79	39.532
835.97	39.402
836.15	39.481
836.34	39.308
836.52	39.180
836.70	39.008
836.88	39.387
837.06	39.192
837.24	39.085
837.43	39.012
837.61	39.043
837.79	39.402
837.97	39.180
838.15	38.894
838.33	38.966
838.52	39.207
838.70	39.281
838.88	38.846
839.06	39.116
839.24	39.007
839.42	39.392
839.60	39.249
839.79	38.839
839.97	38.873
840.15	38.859
840.33	38.832
840.51	39.036
840.69	38.838
840.87	38.720
841.06	38.542
841.24	38.922
841.42	38.842
841.60	38.841
841.78	39.120
841.96	38.539
842.14	38.465
842.32	38.826
842.51	39.072
842.69	39.117
842.87	38.775
843.05	38.713
843.23	38.773
843.41	38.836
843.59	38.710
843.77	38.593
843.95	38.622
844.14	38.399
844.32	38.473
844.50	38.400
844.68	38.322
844.86	38.329
845.04	38.376
845.22	38.504
845.40	38.326
845.58	38.579
845.76	38.389
845.94	38.429
846.12	38.296
846.31	38.595
846.49	38.570
846.67	38.210
846.85	38.512
847.03	38.586
847.21	38.582
847.39	38.258
847.57	38.459
847.75	38.443
847.93	38.834
848.11	38.969
848.29	38.756
848.47	38.624
848.65	38.619
848.83	38.971
849.02	38.877
849.20	39.211
849.38	38.919
849.56	38.541
849.74	38.934
849.92	38.618
850.10	38.274
850.28	38.772
850.46	38.619
850.64	38.638
850.82	38.153
851.00	38.299
851.18	38.553
851.36	38.350
851.54	38.471
851.72	38.012
851.90	38.471
852.08	38.293
852.26	38.367
852.44	38.736
852.62	38.419
852.80	38.423
852.98	38.374
853.16	38.495
853.34	38.534
853.52	38.670
853.70	38.625
853.88	38.499
854.06	38.640
854.24	38.263
854.42	38.434
854.60	38.240
854.78	38.304
854.96	38.349
855.14	38.322
855.32	38.412
855.50	38.210
855.68	38.526
855.86	38.472
856.04	38.063
856.22	38.172
856.40	37.844
856.58	38.193
856.76	38.152
856.94	38.439
857.12	37.993
857.30	38.327
857.48	38.175
857.66	38.178
857.84	38.139
858.02	37.909
858.20	37.761
858.38	38.038
858.56	38.287
858.74	38.096
858.92	37.930
859.10	38.078
859.28	37.886
859.46	37.968
859.64	37.708
859.81	38.077
859.99	38.209
860.17	38.128
860.35	38.342
860.53	38.093
860.71	38.315
860.89	38.623
861.07	37.999
861.25	38.030
861.43	37.831
861.61	37.770
861.79	37.908
861.97	38.293
862.15	37.833
862.33	38.056
862.50	37.976
862.68	37.625
862.86	37.781
863.04	37.528
863.22	37.770
863.40	38.029
863.58	37.939
863.76	37.713
863.94	37.796
864.12	37.874
864.30	37.924
864.47	37.978
864.65	37.994
864.83	37.928
865.01	37.814
865.19	37.809
865.37	37.976
865.55	38.018
865.73	37.990
865.91	37.851
866.09	38.013
866.26	38.233
866.44	37.872
866.62	38.204
866.80	38.014
866.98	38.173
867.16	37.924
867.34	37.863
867.52	37.713
867.69	37.858
867.87	37.743
868.05	37.437
868.23	37.671
868.41	37.362
868.59	37.481
868.77	37.340
868.94	37.609
869.12	37.652
869.30	37.305
869.48	37.460
869.66	37.277
869.84	37.236
870.02	37.472
870.19	37.423
870.37	37.047
870.55	37.311
870.73	37.489
870.91	37.346
871.09	37.157
871.26	37.411
871.44	37.005
871.62	37.683
871.80	37.707
871.98	37.878
872.16	36.932
872.33	37.522
872.51	37.699
872.69	37.496
872.87	37.248
873.05	37.339
873.22	37.419
873.40	37.393
873.58	37.476
873.76	37.676
873.94	37.389
874.12	38.064
874.29	37.681
874.47	37.739
874.65	37.475
874.83	37.508
875.01	37.400
875.18	37.279
875.36	37.694
875.54	37.661
875.72	37.717
875.89	37.402
876.07	37.266
876.25	37.501
876.43	37.769
876.61	37.616
876.78	37.739
876.96	37.436
877.14	37.336
877.32	37.232
877.49	37.035
877.67	37.080
877.85	37.019
878.03	37.055
878.21	37.182
878.38	37.346
878.56	37.134
878.74	37.345
878.92	36.990
879.09	36.765
879.27	36.943
879.45	36.789
879.63	36.729
879.80	37.126
879.98	36.701
880.16	36.838
880.34	37.267
880.51	36.822
880.69	37.326
880.87	36.946
881.05	36.873
881.22	36.612
881.40	36.455
881.58	36.831
881.75	36.880
881.93	36.961
882.11	37.080
882.29	37.076
882.46	36.930
882.64	36.732
882.82	36.620
883.00	36.967
883.17	37.204
883.35	37.014
883.53	37.028
883.70	36.655
883.88	36.839
884.06	36.977
884.23	37.072
884.41	36.995
884.59	36.990
884.77	36.898
884.94	36.582
885.12	36.779
885.30	37.029
885.47	37.131
885.65	37.258
885.83	36.923
886.00	37.259
886.18	37.066
886.36	36.950
886.53	36.529
886.71	36.391
886.89	36.546
887.07	36.657
887.24	36.701
887.42	36.845
887.60	36.596
887.77	36.589
887.95	36.640
888.13	36.799
888.30	36.722
888.48	37.025
888.66	36.493
888.83	36.329
889.01	36.623
889.18	36.382
889.36	36.408
889.54	36.127
889.71	36.125
889.89	36.147
890.07	35.768
890.24	36.035
890.42	35.934
890.60	35.797
890.77	36.410
890.95	36.067
891.13	35.903
891.30	36.067
891.48	36.129
891.65	36.285
891.83	36.507
892.01	36.209
892.18	36.461
892.36	36.183
892.54	36.295
892.71	36.023
892.89	36.079
893.06	36.159
893.24	35.768
893.42	36.313
893.59	36.110
893.77	35.899
893.94	35.831
894.12	35.922
894.30	35.623
894.47	35.670
894.65	35.732
894.82	36.101
895.00	35.797
895.18	35.888
895.35	35.923
895.53	35.583
895.70	35.715
895.88	35.466
896.06	35.964
896.23	35.758
896.41	35.996
896.58	35.586
896.76	35.560
896.93	35.765
897.11	35.806
897.29	36.108
897.46	35.776
897.64	35.746
897.81	36.125
897.99	35.407
898.16	35.804
898.34	35.548
898.52	35.939
898.69	35.894
898.87	35.775
899.04	35.703
899.22	35.490
899.39	35.520
899.57	35.491
899.74	35.444
899.92	35.856
900.10	35.648
900.27	36.158
900.45	35.970
900.62	35.960
900.80	35.690
900.97	35.819
901.15	35.646
901.32	35.642
901.50	35.633
901.67	35.161
901.85	35.403
902.02	35.695
902.20	35.318
902.37	35.324
902.55	35.470
902.72	35.441
902.90	35.807
903.07	35.636
903.25	35.619
903.43	35.626
903.60	35.415
903.78	35.829
903.95	35.397
904.13	35.448
904.30	35.990
904.48	35.684
904.65	35.471
904.83	35.419
905.00	35.280
905.17	35.187
905.35	35.383
905.52	35.322
905.70	35.480
905.87	35.539
906.05	35.540
906.22	35.378
906.40	35.593
906.57	35.454
906.75	35.226
906.92	35.304
907.10	35.112
907.27	35.153
907.45	34.846
907.62	35.005
907.80	34.876
907.97	35.086
908.15	35.181
908.32	35.160
908.49	35.721
908.67	35.387
908.84	35.649
909.02	35.734
909.19	35.379
909.37	35.368
909.54	35.498
909.72	35.395
909.89	35.346
910.07	35.329
910.24	35.100
910.41	35.549
910.59	34.942
910.76	34.735
910.94	34.962
911.11	35.102
911.29	35.250
911.46	34.912
911.63	35.062
911.81	34.971
911.98	35.278
912.16	35.079
912.33	34.981
912.50	34.966
912.68	35.152
912.85	35.191
913.03	35.526
913.20	35.406
913.38	35.519
913.55	35.723
913.72	35.481
913.90	35.915
914.07	35.163
914.25	35.473
914.42	35.630
914.59	35.831
914.77	35.511
914.94	35.629
915.11	35.475
915.29	35.401
915.46	35.007
915.64	35.492
915.81	35.325
915.98	35.123
916.16	35.102
916.33	35.329
916.51	34.958
916.68	35.022
916.85	34.373
917.03	35.207
917.20	35.152
917.37	34.752
917.55	35.293
917.72	34.958
917.89	34.590
918.07	34.980
918.24	34.879
918.42	34.917
918.59	34.777
918.76	35.057
918.94	34.888
919.11	34.329
919.28	35.084
919.46	34.987
919.63	34.740
919.80	35.158
919.98	35.225
920.15	35.077
920.32	34.939
920.50	35.164
920.67	34.880
920.84	34.643
921.02	34.787
921.19	34.773
921.36	34.514
921.54	35.040
921.71	34.581
921.88	35.185
922.06	35.593
922.23	35.349
922.40	35.413
922.57	35.215
922.75	34.713
922.92	34.542
923.09	35.103
923.27	34.787
923.44	34.375
923.61	34.066
923.79	35.013
923.96	34.175
924.13	34.538
924.30	33.977
924.48	34.449
924.65	34.258
924.82	34.369
925.00	34.246
925.17	34.653
925.34	34.663
925.51	34.532
925.69	34.733
925.86	34.495
926.03	34.645
926.21	34.808
926.38	35.013
926.55	34.755
926.72	34.923
926.90	34.682
927.07	34.531
927.24	34.982
927.41	34.784
927.59	35.307
927.76	34.628
927.93	35.154
928.10	34.761
928.28	34.874
928.45	34.903
928.62	34.994
928.79	34.794
928.97	34.422
929.14	34.726
929.31	34.712
929.48	34.489
929.66	34.889
929.83	34.924
930.00	34.662
930.17	35.003
930.34	34.543
930.52	33.919
930.69	34.400
930.86	34.368
931.03	34.591
931.21	34.467
931.38	34.337
931.55	34.736
931.72	34.569
931.89	34.459
932.07	35.056
932.24	34.444
932.41	34.759
932.58	35.097
932.75	34.497
932.93	34.630
933.10	35.019
933.27	35.034
933.44	34.717
933.61	34.636
933.79	35.294
933.96	35.505
934.13	34.785
934.30	34.626
934.47	34.840
934.65	34.673
934.82	35.007
934.99	34.522
935.16	35.741
935.33	34.952
935.50	35.373
935.68	35.313
935.85	35.215
936.02	35.282
936.19	35.496
936.36	35.045
936.53	35.305
936.71	35.771
936.88	36.010
937.05	35.940
937.22	35.771
937.39	35.800
937.56	36.267
937.74	35.717
937.91	36.780
938.08	35.656
938.25	36.200
938.42	35.968
938.59	35.852
938.76	36.185
938.94	35.721
939.11	36.285
939.28	35.994
939.45	36.242
939.62	36.592
939.79	36.285
939.96	36.288
940.13	36.149
940.31	36.351
940.48	35.133
940.65	35.541
940.82	36.574
940.99	36.320
941.16	35.914
941.33	36.972
941.50	36.474
941.67	36.503
941.85	36.611
942.02	36.700
942.19	36.705
942.36	36.932
942.53	37.925
942.70	37.161
942.87	37.719
943.04	38.132
943.21	37.196
943.38	37.043
943.56	37.723
943.73	36.834
943.90	37.292
944.07	36.933
944.24	37.355
944.41	37.453
944.58	36.936
944.75	37.626
944.92	37.136
945.09	36.442
945.26	36.882
945.43	36.812
945.60	37.481
945.78	36.798
945.95	36.896
946.12	36.517
946.29	36.979
946.46	37.707
946.63	37.327
946.80	36.852
946.97	37.237
947.14	36.181
947.31	36.498
947.48	36.765
947.65	35.758
947.82	35.976
947.99	36.461
948.16	36.490
948.33	36.176
948.50	36.625
948.67	37.066
948.84	36.671
949.01	36.114
949.18	37.448
949.35	36.848
949.52	37.180
949.69	36.454
949.86	36.398
950.03	36.599
950.20	37.335
950.38	36.508
950.55	37.050
950.72	36.586
950.89	35.884
951.06	37.209
951.23	36.671
951.40	36.458
951.57	36.116
951.74	35.929
951.91	36.002
952.08	36.503
952.25	35.902
952.42	36.559
952.59	36.097
952.76	36.338
952.92	36.120
953.09	36.027
953.26	36.016
953.43	37.043
953.60	36.580
953.77	36.620
953.94	36.236
954.11	35.629
954.28	36.928
954.45	36.834
954.62	36.415
954.79	35.667
954.96	36.617
955.13	36.290
955.30	36.036
955.47	35.744
955.64	36.409
955.81	36.276
955.98	35.966
956.15	37.007
956.32	36.047
956.49	36.744
956.66	37.582
956.83	36.935
957.00	36.371
957.17	36.646
957.33	37.061
957.50	36.913
957.67	36.833
957.84	35.694
958.01	36.769
958.18	36.592
958.35	36.191
958.52	35.884
958.69	35.992
958.86	34.945
959.03	35.976
959.20	37.061
959.37	36.094
959.53	37.195
959.70	36.427
959.87	36.014
960.04	36.727
960.21	36.367
960.38	37.057
960.55	36.286
960.72	36.996
960.89	36.923
961.06	36.915
961.23	36.598
961.39	36.380
961.56	36.464
961.73	35.538
961.90	36.054
962.07	35.554
962.24	35.804
962.41	37.565
962.58	36.463
962.75	36.508
962.91	35.528
963.08	36.648
963.25	36.258
963.42	36.947
963.59	35.668
963.76	36.075
963.93	36.461
964.09	37.834
964.26	37.117
964.43	37.458
964.60	37.243
964.77	37.589
964.94	36.926
965.11	36.513
965.27	37.357
965.44	37.558
965.61	36.443
965.78	37.683
965.95	37.543
966.12	38.111
966.29	37.638
966.45	37.858
966.62	37.361
966.79	37.109
966.96	36.550
967.13	37.398
967.30	38.229
967.46	37.013
967.63	37.475
967.80	37.305
967.97	36.977
968.14	36.960
968.30	36.913
968.47	36.753
968.64	33.843
968.81	37.808
968.98	37.207
969.15	37.119
969.31	38.983
969.48	37.122
969.65	39.532
969.82	37.418
969.99	37.605
970.15	37.564
970.32	38.753
970.49	39.035
970.66	38.136
970.82	37.933
970.99	38.093
971.16	38.199
971.33	38.009
971.50	38.842
971.66	38.856
971.83	39.467
972.00	38.936
972.17	38.514
972.34	39.353
972.50	38.529
972.67	39.450
972.84	38.100
973.01	39.576
973.17	39.440
973.34	38.604
973.51	38.776
973.68	38.639
973.84	39.080
974.01	38.482
974.18	39.285
974.35	38.342
974.51	38.459
974.68	39.640
974.85	38.955
975.02	39.037
975.18	38.774
975.35	38.807
975.52	39.032
975.69	39.994
975.85	37.911
976.02	39.722
976.19	40.620
976.36	38.931
976.52	38.258
976.69	39.098
976.86	40.678
977.02	38.915
977.19	39.829
977.36	39.841
977.53	39.598
977.69	39.109
977.86	40.744
978.03	40.910
978.19	39.541
978.36	41.130
978.53	40.675
978.70	39.507
978.86	40.137
979.03	39.806
979.20	39.102
979.36	40.677
979.53	40.781
979.70	40.997
979.86	40.044
980.03	39.217
980.20	40.895
980.36	38.970
980.53	40.866
980.70	40.508
980.86	41.738
981.03	40.735
981.20	40.997
981.36	41.577
981.53	40.763
981.70	41.859
981.86	42.454
982.03	41.045
982.20	42.511
982.36	40.670
982.53	42.036
982.70	43.771
982.86	41.447
983.03	40.631
983.20	41.557
983.36	42.115
983.53	44.717
983.70	42.994
983.86	41.356
984.03	42.316
984.20	40.750
984.36	41.836
984.53	42.952
984.70	42.591
984.86	42.267
985.03	42.087
985.19	43.112
985.36	43.995
985.53	44.027
985.69	44.637
985.86	44.284
986.03	44.522
986.19	43.876
986.36	44.545
986.52	43.704
986.69	44.220
986.86	43.218
987.02	44.394
987.19	44.199
987.35	46.093
987.52	44.301
987.69	46.363
987.85	45.596
988.02	43.623
988.18	44.038
988.35	45.398
988.52	44.556
988.68	45.936
988.85	46.036
989.01	45.986
989.18	47.482
989.35	46.904
989.51	45.508
989.68	46.155
989.84	47.415
990.01	47.069
990.17	47.188
990.34	47.120
990.51	45.379
990.67	47.784
990.84	47.119
991.00	47.663
991.17	45.377
991.33	47.782
991.50	47.881
991.66	47.698
991.83	46.670
992.00	46.005
992.16	48.250
992.33	48.272
992.49	45.455
992.66	48.898
992.82	46.776
992.99	48.297
993.15	51.794
993.32	50.472
993.48	49.614
993.65	49.094
993.82	50.630
993.98	50.168
994.15	51.007
994.31	51.404
994.48	50.619
994.64	53.279
994.81	52.262
994.97	48.602
995.14	51.767
995.30	51.918
995.47	51.193
995.63	51.783
995.80	54.254
995.96	52.616
996.13	51.272
996.29	53.441
996.46	50.748
996.62	55.446
996.79	54.557
996.95	52.984
997.12	57.169
997.28	58.269
997.45	53.143
997.61	56.029
997.78	55.727
997.94	55.700
998.11	56.018
998.27	57.471
998.44	57.389
998.60	58.092
998.77	60.180
998.93	61.950
999.10	61.796
999.26	60.927
999.43	56.305
999.59	58.878
999.75	56.847
999.92	63.270
1000.08	60.078
1000.25	61.064
1000.41	59.125
1000.58	63.020
1000.74	64.142
1000.91	61.098
1001.07	67.843
1001.24	62.894
1001.40	66.827
1001.56	64.033
1001.73	59.129
1001.89	65.301
1002.06	65.793
1002.22	63.917
1002.39	70.968
1002.55	68.116
1002.71	66.849
1002.88	67.500
1003.04	74.468
1003.21	75.917
1003.37	75.508
1003.54	73.033
1003.70	77.227
1003.86	76.350
1004.03	74.851
1004.19	81.004
1004.36	82.241
1004.52	79.701
1004.68	84.566
1004.85	82.295
1005.01	81.009
1005.18	80.658
1005.34	78.594
1005.50	80.547
1005.67	85.352
1005.83	83.070
1006.00	89.401
1006.16	87.778
1006.32	87.668
1006.49	79.379
1006.65	86.679
1006.82	87.224
1006.98	91.078
1007.14	88.507
1007.31	105.096
1007.47	97.634
1007.63	98.855
1007.80	99.131
1007.96	101.356
1008.13	103.616
1008.29	109.254
1008.45	104.072
1008.62	114.637
1008.78	102.561
1008.94	120.691
1009.11	119.665
1009.27	123.702
1009.43	119.001
1009.60	130.829
1009.76	126.758
1009.92	142.676
1010.09	138.539
1010.25	155.640
1010.42	131.747
1010.58	156.770
1010.74	162.811
1010.91	164.848
1011.07	169.757
1011.23	169.292
1011.40	170.690
1011.56	150.834
1011.72	202.177
1011.89	199.474
1012.05	211.895
1012.21	186.620
1012.37	225.470
1012.54	201.155
1012.70	260.781
1012.86	235.764
1013.03	352.885
1013.19	289.017
1013.35	298.959
1013.52	315.255
1013.68	307.206
1013.84	339.392
1014.01	450.820
1014.17	649.421
1014.33	435.969
1014.49	419.679
1014.66	815.797
1014.82	728.606
1014.98	499.194
1015.15	-19510.393
1015.31	2190.019
1015.47	2880.667
1015.63	12830.585
1015.80	-2006.071
1015.96	-4073.471
1016.12	-831.752
1016.29	-373.489
1016.45	-741.146
1016.61	-535.052
1016.77	-333.275
1016.94	-404.484
1017.10	-534.727
1017.26	-278.821
1017.42	-316.763
1017.59	-281.034
1017.75	-334.547
1017.91	-212.299
1018.07	-163.360
1018.24	-197.470
1018.40	-169.121
1018.56	-155.927
1018.72	-148.605
1018.89	-147.877
1019.05	-158.620
1019.21	-131.441
1019.37	-113.497
1019.54	-164.294
1019.70	-137.048
1019.86	-89.418
1020.02	-118.982
1020.19	-116.879
1020.35	-115.661
1020.51	-103.925
1020.67	-88.691
1020.83	-92.025
1021.00	-93.540
1021.16	-87.398
1021.32	-93.227
1021.48	-76.109
1021.64	-69.275
1021.81	-89.216
1021.97	-73.004
1022.13	-74.296
1022.29	-76.869
1022.45	-82.629
1022.62	-82.180
1022.78	-81.206
1022.94	-65.091
1023.10	-77.988
1023.26	-69.157
1023.43	-61.315
1023.59	-55.508
1023.75	-61.742
1023.91	-66.194
1024.07	-66.900
1024.24	-62.235
1024.40	-47.396
1024.56	-61.782
1024.72	-52.973
1024.88	-54.564
1025.04	-50.241
1025.21	-51.770
1025.37	-52.406
1025.53	-47.967
1025.69	-43.653
1025.85	-46.914
1026.01	-45.570
1026.18	-42.180
1026.34	-39.026
1026.50	-48.167
1026.66	-46.893
1026.82	-39.239
1026.98	-32.777
1027.14	-38.837
1027.31	-38.685
1027.47	-32.757
1027.63	-35.553
1027.79	-44.856
1027.95	-32.042
1028.11	-36.436
1028.27	-30.294
1028.44	-34.135
1028.60	-28.134
1028.76	-36.406
1028.92	-35.362
1029.08	-30.780
1029.24	-30.968
1029.40	-32.954
1029.56	-29.149
1029.73	-34.828
1029.89	-27.190
1030.05	-34.131
1030.21	-29.355
1030.37	-26.251
1030.53	-32.087
1030.69	-21.452
1030.85	-29.450
1031.01	-27.925
1031.17	-28.254
1031.34	-31.059
1031.50	-22.878
1031.66	-27.664
1031.82	-28.017
1031.98	-27.787
1032.14	-25.608
1032.30	-22.935
1032.46	-23.044
1032.62	-22.924
1032.78	-26.470
1032.94	-20.950
1033.10	-22.197
1033.27	-22.900
1033.43	-22.094
1033.59	-20.741
1033.75	-18.529
1033.91	-17.498
1034.07	-16.981
1034.23	-18.948
1034.39	-15.641
1034.55	-20.376
1034.71	-23.158
1034.87	-18.503
1035.03	-20.299
1035.19	-24.576
1035.35	-19.585
1035.51	-16.542
1035.67	-16.346
1035.83	-20.557
1035.99	-17.287
1036.16	-17.307
1036.32	-16.141
1036.48	-18.610
1036.64	-17.692
1036.80	-15.463
1036.96	-18.229
1037.12	-17.853
1037.28	-13.947
1037.44	-18.843
1037.60	-15.885
1037.76	-13.501
1037.92	-16.310
1038.08	-12.933
1038.24	-15.695
1038.40	-16.198
1038.56	-13.940
1038.72	-14.077
1038.88	-15.946
1039.04	-18.052
1039.20	-14.179
1039.36	-13.805
1039.52	-12.088
1039.68	-11.138
1039.84	-15.799
1040.00	-13.950
1040.16	-13.883
1040.32	-11.616
1040.48	-8.786
1040.64	-10.388
1040.80	-13.330
1040.96	-13.542
1041.12	-10.298
1041.28	-9.622
1041.44	-9.475
1041.60	-7.638
1041.76	-15.686
1041.92	-12.398
1042.08	-8.743
1042.24	-9.312
1042.39	-14.606
1042.55	-10.487
1042.71	-10.059
1042.87	-10.269
1043.03	-13.724
1043.19	-9.756
