345.44	4.292
345.66	4.292
345.88	4.292
346.10	-4.587
346.31	-4.335
346.53	-8.497
346.75	-4.018
346.97	-1.029
347.19	-2.945
347.41	-4.024
347.63	-6.250
347.85	-8.968
348.07	-3.293
348.29	-2.391
348.51	2.806
348.73	-2.044
348.95	-10.674
349.17	-5.452
349.39	-5.312
349.61	-1.308
349.83	-5.917
350.05	2.209
350.27	-2.286
350.49	-8.995
350.71	-17.217
350.93	-5.063
351.15	-8.553
351.37	-11.576
351.59	-5.329
351.80	-6.149
352.02	1.000
352.24	-8.636
352.46	-4.791
352.68	-5.172
352.90	-7.717
353.12	-4.025
353.34	-4.078
353.56	-5.513
353.78	-4.552
354.00	0.144
354.22	-0.603
354.44	-0.902
354.66	2.985
354.88	-3.417
355.09	-3.081
355.31	-11.059
355.53	-4.885
355.75	-9.159
355.97	-10.059
356.19	-3.390
356.41	-4.000
356.63	-3.906
356.85	-6.917
357.07	-8.371
357.29	1.422
357.50	-2.928
357.72	-1.976
357.94	-2.482
358.16	-6.758
358.38	0.462
358.60	-9.606
358.82	-10.685
359.04	-0.303
359.26	-3.811
359.48	-9.463
359.69	-6.033
359.91	-4.288
360.13	-8.074
360.35	-5.514
360.57	-5.657
360.79	-1.541
361.01	-0.976
361.23	-9.226
361.45	-5.498
361.66	2.232
361.88	-4.133
362.10	-5.072
362.32	-0.000
362.54	-4.589
362.76	2.065
362.98	-5.847
363.20	0.316
363.41	-9.835
363.63	0.899
363.85	-1.223
364.07	-9.279
364.29	-1.378
364.51	-6.842
364.73	-7.035
364.94	-8.359
365.16	-3.614
365.38	-6.288
365.60	-1.902
365.82	-2.795
366.04	-3.788
366.26	-0.291
366.47	-5.781
366.69	-8.902
366.91	-5.221
367.13	-9.118
367.35	-7.436
367.57	-2.698
367.79	-7.345
368.00	-4.992
368.22	-7.131
368.44	-0.437
368.66	-1.541
368.88	-3.693
369.10	-7.294
369.31	-7.578
369.53	-8.799
369.75	-2.242
369.97	-13.343
370.19	0.142
370.41	-6.508
370.62	-5.900
370.84	-1.231
371.06	-4.581
371.28	-7.936
371.50	-5.426
371.71	-2.174
371.93	-1.322
372.15	1.778
372.37	-9.270
372.59	-6.103
372.80	-11.968
373.02	-4.273
373.24	-4.411
373.46	-4.127
373.68	-3.600
373.90	-1.037
374.11	-0.308
374.33	-3.021
374.55	-3.338
374.77	0.994
374.98	-6.748
375.20	-4.496
375.42	-3.742
375.64	-2.831
375.86	-8.909
376.07	-4.574
376.29	-7.819
376.51	-0.758
376.73	0.696
376.95	-0.724
377.16	-6.395
377.38	-8.076
377.60	2.304
377.82	-4.448
378.03	-6.441
378.25	-4.052
378.47	1.214
378.69	-3.129
378.91	2.111
379.12	-3.469
379.34	-9.905
379.56	-7.890
379.78	-7.994
379.99	-9.953
380.21	1.667
380.43	-1.318
380.65	-6.708
380.86	-2.670
381.08	-7.230
381.30	-5.590
381.52	2.511
381.73	-12.263
381.95	-1.932
382.17	1.029
382.39	-10.260
382.60	-3.965
382.82	-9.369
383.04	-9.160
383.26	-8.917
383.47	-2.923
383.69	-6.557
383.91	-11.164
384.13	1.729
384.34	0.438
384.56	-0.850
384.78	-6.182
385.00	0.147
385.21	-3.428
385.43	-6.317
385.65	-2.848
385.86	-4.451
386.08	-0.742
386.30	-1.770
386.52	-6.666
386.73	-12.324
386.95	-2.358
387.17	-2.651
387.38	0.617
387.60	-3.097
387.82	-5.967
388.04	-7.131
388.25	-7.519
388.47	-1.173
388.69	-3.829
388.90	0.899
389.12	-1.412
389.34	1.229
389.56	-5.513
389.77	-0.772
389.99	-0.000
390.21	-10.906
390.42	-2.815
390.64	-10.818
390.86	-5.198
391.07	-4.510
391.29	-11.562
391.51	-2.469
391.72	-2.903
391.94	0.292
392.16	-1.125
392.38	-6.069
392.59	-4.740
392.81	-3.116
393.03	-9.599
393.24	-5.208
393.46	-2.748
393.68	-3.732
393.89	3.953
394.11	-8.137
394.33	-1.821
394.54	-5.287
394.76	-0.295
394.98	3.030
395.19	-3.966
395.41	-5.909
395.63	-4.348
395.84	-2.083
396.06	-7.189
396.28	-2.648
396.49	2.564
396.71	-4.853
396.93	-1.447
397.14	-4.704
397.36	-5.401
397.57	1.431
397.79	-0.151
398.01	-1.221
398.22	-2.936
398.44	-14.676
398.66	0.930
398.87	-2.047
399.09	-7.352
399.31	-7.810
399.52	-4.154
399.74	-2.144
399.96	-3.927
400.17	5.748
400.39	-2.964
400.60	-8.716
400.82	-6.172
401.04	-2.035
401.25	-4.798
401.47	-0.000
401.69	-4.111
401.90	-1.166
402.12	-4.217
402.33	-4.913
402.55	-5.766
402.77	4.838
402.98	-3.603
403.20	0.152
403.41	-0.871
403.63	-7.066
403.85	-8.087
404.06	-8.099
404.28	-4.160
404.49	-6.891
404.71	-2.286
404.93	6.312
405.14	-2.450
405.36	-2.969
405.57	-1.316
405.79	-10.526
406.01	1.341
406.22	-0.861
406.44	-6.595
406.65	-1.752
406.87	-4.804
407.09	-12.419
407.30	-2.080
407.52	3.130
407.73	-5.440
407.95	1.524
408.17	-8.647
408.38	-1.240
408.60	-8.359
408.81	4.812
409.03	-0.454
409.24	3.258
409.46	-8.952
409.68	-8.482
409.89	1.361
410.11	-6.180
410.32	-11.952
410.54	-0.612
410.75	1.337
410.97	-6.259
411.18	-5.343
411.40	-0.149
411.62	-3.981
411.83	-6.508
412.05	-1.524
412.26	-7.443
412.48	-0.287
412.69	-2.102
412.91	-5.108
413.12	-1.669
413.34	-10.617
413.56	-2.945
413.77	-5.792
413.99	-2.489
414.20	-12.715
414.42	-8.035
414.63	-3.459
414.85	-4.662
415.06	1.269
415.28	-8.120
415.49	-1.178
415.71	-9.828
415.92	-0.606
416.14	-3.703
416.35	-0.624
416.57	-5.718
416.79	-6.842
417.00	-0.778
417.22	-2.206
417.43	-5.965
417.65	-8.566
417.86	-4.580
418.08	-2.875
418.29	-5.074
418.51	-5.825
418.72	-4.819
418.94	-0.758
419.15	-11.469
419.37	-9.523
419.58	-7.060
419.80	-1.625
420.01	-0.000
420.23	-8.077
420.44	-3.432
420.66	-4.587
420.87	-3.671
421.09	-6.461
421.30	-7.000
421.52	-5.864
421.73	-2.184
421.95	-6.165
422.16	-7.822
422.38	-1.254
422.59	-9.134
422.81	-7.361
423.02	-4.097
423.23	-0.000
423.45	0.303
423.66	-7.264
423.88	-0.000
424.09	-6.329
424.31	-5.769
424.52	-0.625
424.74	-5.555
424.95	-3.359
425.17	-4.961
425.38	-1.849
425.60	-1.857
425.81	-7.232
426.03	-11.919
426.24	-9.603
426.45	-5.648
426.67	-10.015
426.88	-1.272
427.10	-1.095
427.31	-6.763
427.53	-6.144
427.74	-1.672
427.96	-4.704
428.17	-9.584
428.39	-6.051
428.60	0.602
428.81	-3.066
429.03	-3.109
429.24	-6.042
429.46	-8.130
429.67	-3.986
429.89	-6.279
430.10	-7.395
430.31	4.166
430.53	-6.009
430.74	-5.564
430.96	-2.530
431.17	-4.960
431.39	-4.153
431.60	-4.762
431.81	-2.415
432.03	-0.461
432.24	-10.430
432.46	1.731
432.67	0.476
432.89	-10.886
433.10	-5.351
433.31	4.848
433.53	0.310
433.74	-0.951
433.96	-1.499
434.17	-8.265
434.38	-4.383
434.60	-6.164
434.81	-5.042
435.03	-8.888
435.24	2.703
435.45	-5.255
435.67	-7.553
435.88	2.167
436.10	-5.221
436.31	-4.012
436.52	-10.768
436.74	-4.897
436.95	-9.784
437.17	-6.946
437.38	-7.570
437.59	-4.394
437.81	-1.800
438.02	-2.262
438.23	-5.647
438.45	-12.651
438.66	-4.625
438.88	-7.479
439.09	-4.212
439.30	-6.756
439.52	1.592
439.73	-3.016
439.94	-3.967
440.16	-4.531
440.37	-4.307
440.58	-2.720
440.80	-1.447
441.01	-12.761
441.23	-8.665
441.44	-13.422
441.65	-5.984
441.87	-4.141
442.08	-9.401
442.29	-9.650
442.51	-4.437
442.72	-3.021
442.93	-3.986
443.15	-3.839
443.36	-1.690
443.57	-6.081
443.79	-3.931
444.00	-0.162
444.21	-5.507
444.43	-3.161
444.64	-4.514
444.85	2.693
445.07	-3.652
445.28	-4.485
445.49	-11.784
445.71	-2.287
445.92	-1.331
446.13	-4.042
446.35	1.875
446.56	-2.313
446.77	-14.673
446.99	-9.598
447.20	-2.149
447.41	-9.042
447.63	-7.394
447.84	1.920
448.05	-3.980
448.27	-13.888
448.48	-6.010
448.69	-5.681
448.90	-19.383
449.12	-9.347
449.33	-4.762
449.54	2.443
449.76	-7.142
449.97	-5.914
450.18	-2.797
450.40	-11.531
450.61	-3.040
450.82	-1.497
451.03	-10.077
451.25	-10.535
451.46	-13.420
451.67	1.054
451.89	-3.151
452.10	2.067
452.31	-11.150
452.52	-9.621
452.74	-13.177
452.95	-11.130
453.16	-0.353
453.38	-5.694
453.59	-11.733
453.80	-5.471
454.01	-12.343
454.23	-9.123
454.44	-11.375
454.65	-1.480
454.86	-2.393
455.08	-13.345
455.29	-8.078
455.50	-20.114
455.71	-1.199
455.93	-4.266
456.14	-9.407
456.35	-4.695
456.56	-14.336
456.78	-9.122
456.99	-10.155
457.20	-14.567
457.41	-6.654
457.63	-12.697
457.84	-9.636
458.05	-9.532
458.26	-3.263
458.48	-1.322
458.69	-9.090
458.90	-5.847
459.11	-9.139
459.33	-7.581
459.54	-2.330
459.75	-10.633
459.96	-9.301
460.18	-7.543
460.39	-5.443
460.60	-10.133
460.81	-6.451
461.02	-10.919
461.24	-2.891
461.45	-8.669
461.66	-2.846
461.87	-9.938
462.09	-7.047
462.30	-11.962
462.51	-2.095
462.72	-2.578
462.93	-4.206
463.15	-3.108
463.36	-14.037
463.57	5.699
463.78	-5.492
463.99	-11.893
464.21	-6.949
464.42	-9.183
464.63	-10.302
464.84	-12.015
465.05	-18.140
465.27	-12.133
465.48	-11.503
465.69	-8.299
465.90	-10.019
466.11	-4.742
466.33	-1.362
466.54	-10.131
466.75	-15.467
466.96	-5.206
467.17	-4.527
467.38	-11.537
467.60	-10.768
467.81	-1.474
468.02	-14.600
468.23	-7.295
468.44	-9.254
468.65	-7.284
468.87	-9.502
469.08	-4.319
469.29	-4.487
469.50	-11.788
469.71	1.296
469.92	-0.000
470.14	-18.265
470.35	-20.523
470.56	-23.889
470.77	-18.131
470.98	-11.188
471.19	-18.717
471.41	-5.984
471.62	-10.352
471.83	-16.215
472.04	-15.639
472.25	-11.646
472.46	-13.768
472.67	-17.257
472.89	-12.142
473.10	-9.632
473.31	-5.370
473.52	-2.241
473.73	-9.973
473.94	-32.611
474.15	-16.578
474.37	-2.279
474.58	-21.236
474.79	-14.594
475.00	-19.006
475.21	-9.584
475.42	-14.135
475.63	-9.090
475.84	-22.377
476.06	-2.059
476.27	-24.481
476.48	-9.117
476.69	-7.626
476.90	-7.854
477.11	-12.657
477.32	-11.262
477.53	-23.099
477.74	-8.804
477.96	-21.964
478.17	-10.735
478.38	-6.810
478.59	-36.186
478.80	-16.610
479.01	-19.240
479.22	-12.880
479.43	-9.395
479.64	-25.457
479.85	-6.382
480.06	-42.630
480.28	-17.751
480.49	-30.794
480.70	8.867
480.91	-18.147
481.12	-37.326
481.33	-20.564
481.54	-15.692
481.75	-31.062
481.96	-12.985
482.17	-4.868
482.38	-21.735
482.59	-12.661
482.81	-34.949
483.02	-30.850
483.23	-42.152
483.44	-33.138
483.65	-11.426
483.86	-40.899
484.07	-49.271
484.28	-49.362
484.49	-41.944
484.70	-32.058
484.91	-58.734
485.12	-63.298
485.33	-35.966
485.54	-15.333
485.75	-27.153
485.96	-38.048
486.17	-42.185
486.38	8.044
486.60	-94.302
486.81	-38.764
487.02	-82.807
487.23	-47.851
487.44	-157.984
487.65	-159.134
487.86	-81.315
488.07	-5.071
488.28	-106.591
488.49	-94.847
488.70	-61.829
488.91	-142.271
489.12	-67.912
489.33	-21.043
489.54	-83.638
489.75	-108.270
489.96	-631.547
490.17	1420.082
490.38	555.659
490.59	-105.969
490.80	279.418
491.01	227.288
491.22	-292.414
491.43	676.795
491.64	115.324
491.85	-1824.519
492.06	-659.005
492.27	786.675
492.48	109.522
492.69	439.897
492.90	-180.301
493.11	167.984
493.32	153.090
493.53	140.198
493.74	196.945
493.95	51.111
494.16	82.510
494.37	148.819
494.58	753.195
494.79	57.743
495.00	67.952
495.21	48.797
495.42	64.682
495.63	40.669
495.84	42.656
496.05	47.344
496.26	40.598
496.47	88.578
496.68	57.875
496.89	58.957
497.10	46.220
497.31	17.530
497.52	36.791
497.73	29.721
497.94	66.684
498.15	26.993
498.36	54.691
498.57	23.455
498.78	38.550
498.99	1.282
499.19	18.465
499.40	23.280
499.61	32.383
499.82	37.923
500.03	35.871
500.24	29.097
500.45	31.286
500.66	26.696
500.87	38.975
501.08	36.659
501.29	29.058
501.50	38.787
501.71	35.855
501.92	31.680
502.13	26.194
502.34	19.516
502.55	19.301
502.76	30.625
502.96	46.112
503.17	26.078
503.38	24.842
503.59	20.893
503.80	23.827
504.01	23.847
504.22	20.996
504.43	35.478
504.64	11.949
504.85	23.746
505.06	38.995
505.27	27.527
505.47	20.569
505.68	18.184
505.89	14.254
506.10	18.038
506.31	15.732
506.52	25.467
506.73	13.831
506.94	26.078
507.15	23.459
507.36	18.511
507.56	19.777
507.77	18.331
507.98	28.344
508.19	8.925
508.40	11.928
508.61	17.150
508.82	23.506
509.03	11.500
509.24	19.858
509.44	17.559
509.65	18.454
509.86	18.241
510.07	18.505
510.28	15.533
510.49	25.815
510.70	24.239
510.91	13.263
511.11	13.670
511.32	12.008
511.53	18.199
511.74	12.387
511.95	13.324
512.16	15.191
512.37	16.512
512.58	8.577
512.78	12.327
512.99	13.410
513.20	13.822
513.41	8.454
513.62	17.167
513.83	15.960
514.04	14.512
514.24	14.748
514.45	12.933
514.66	23.216
514.87	12.047
515.08	15.958
515.29	12.536
515.49	11.096
515.70	5.295
515.91	14.387
516.12	14.369
516.33	17.425
516.54	14.133
516.74	15.885
516.95	14.245
517.16	8.511
517.37	11.749
517.58	16.924
517.79	9.959
517.99	14.227
518.20	11.225
518.41	7.714
518.62	14.323
518.83	12.392
519.03	10.354
519.24	11.458
519.45	15.037
519.66	7.947
519.87	11.283
520.07	13.949
520.28	17.615
520.49	12.301
520.70	16.391
520.91	13.138
521.12	12.686
521.32	18.622
521.53	6.078
521.74	11.333
521.95	8.800
522.15	12.355
522.36	12.787
522.57	13.222
522.78	14.381
522.99	14.907
523.19	12.780
523.40	12.458
523.61	16.877
523.82	6.229
524.03	13.355
524.23	13.733
524.44	12.682
524.65	12.487
524.86	15.907
525.06	11.928
525.27	12.682
525.48	11.573
525.69	13.660
525.89	16.633
526.10	13.142
526.31	14.867
526.52	14.455
526.72	10.788
526.93	8.374
527.14	9.524
527.35	13.229
527.56	11.874
527.76	15.513
527.97	12.406
528.18	9.396
528.38	9.142
528.59	11.227
528.80	11.377
529.01	10.941
529.21	12.283
529.42	5.610
529.63	14.978
529.84	6.042
530.04	8.409
530.25	10.895
530.46	8.319
530.67	15.059
530.87	12.753
531.08	10.584
531.29	8.076
531.50	12.179
531.70	12.220
531.91	9.589
532.12	12.259
532.32	8.245
532.53	7.829
532.74	15.103
532.95	11.210
533.15	12.102
533.36	13.213
533.57	13.407
533.77	10.680
533.98	6.822
534.19	9.069
534.39	11.770
534.60	9.038
534.81	15.756
535.02	12.462
535.22	7.645
535.43	10.400
535.64	7.686
535.84	8.662
536.05	6.535
536.26	9.175
536.46	5.235
536.67	9.032
536.88	12.096
537.08	6.918
537.29	12.546
537.50	10.044
537.70	7.262
537.91	8.999
538.12	9.471
538.33	4.364
538.53	11.215
538.74	9.352
538.95	8.957
539.15	10.406
539.36	10.022
539.57	10.171
539.77	9.803
539.98	5.608
540.18	7.143
540.39	6.194
540.60	5.995
540.80	9.860
541.01	8.712
541.22	10.740
541.42	7.904
541.63	10.436
541.84	10.110
542.04	10.238
542.25	9.857
542.46	10.940
542.66	8.518
542.87	8.523
543.08	10.614
543.28	8.385
543.49	8.927
543.69	10.507
543.90	11.111
544.11	9.497
544.31	9.648
544.52	8.944
544.73	10.702
544.93	10.078
545.14	9.878
545.34	6.829
545.55	8.664
545.76	8.933
545.96	8.585
546.17	8.026
546.38	7.076
546.58	8.448
546.79	7.975
546.99	11.740
547.20	8.437
547.41	10.361
547.61	7.790
547.82	5.776
548.02	11.699
548.23	10.763
548.44	8.029
548.64	9.626
548.85	9.765
549.05	7.945
549.26	9.700
549.47	8.068
549.67	7.101
549.88	7.453
550.08	11.157
550.29	5.684
550.50	7.338
550.70	9.301
550.91	8.162
551.11	9.964
551.32	6.513
551.52	8.902
551.73	8.689
551.94	9.105
552.14	7.949
552.35	8.472
552.55	7.692
552.76	6.826
552.96	7.236
553.17	10.823
553.38	6.756
553.58	8.172
553.79	10.177
553.99	7.077
554.20	9.200
554.40	9.151
554.61	10.226
554.81	7.509
555.02	8.866
555.23	7.588
555.43	7.638
555.64	9.443
555.84	7.025
556.05	10.448
556.25	7.914
556.46	8.746
556.66	7.416
556.87	5.696
557.07	9.713
557.28	6.871
557.48	7.484
557.69	8.577
557.90	8.581
558.10	5.177
558.31	7.634
558.51	6.723
558.72	6.363
558.92	7.202
559.13	7.302
559.33	8.390
559.54	7.624
559.74	7.020
559.95	6.359
560.15	7.973
560.36	7.127
560.56	7.173
560.77	7.476
560.97	7.146
561.18	8.108
561.38	9.012
561.59	7.236
561.79	6.153
562.00	7.332
562.20	6.000
562.41	6.650
562.61	6.670
562.82	8.330
563.02	7.182
563.23	6.789
563.43	9.171
563.64	6.940
563.84	7.412
564.05	8.429
564.25	7.909
564.46	8.944
564.66	6.931
564.87	7.659
565.07	6.026
565.28	8.980
565.48	8.445
565.68	6.726
565.89	6.284
566.09	7.288
566.30	8.424
566.50	6.504
566.71	7.430
566.91	6.988
567.12	5.885
567.32	5.658
567.53	6.536
567.73	7.570
567.94	5.988
568.14	5.947
568.34	9.520
568.55	8.126
568.75	6.833
568.96	6.309
569.16	9.428
569.37	8.601
569.57	7.125
569.78	8.096
569.98	7.261
570.18	6.062
570.39	7.020
570.59	6.015
570.80	7.490
571.00	6.018
571.21	6.843
571.41	6.956
571.61	7.881
571.82	6.974
572.02	7.579
572.23	7.130
572.43	5.420
572.64	6.469
572.84	6.982
573.04	6.650
573.25	7.863
573.45	8.815
573.66	6.217
573.86	9.135
574.06	6.828
574.27	5.648
574.47	7.755
574.68	6.836
574.88	7.997
575.08	7.470
575.29	7.260
575.49	5.845
575.70	7.005
575.90	5.354
576.10	7.013
576.31	5.668
576.51	7.340
576.72	7.228
576.92	6.273
577.12	6.404
577.33	6.752
577.53	7.011
577.73	6.055
577.94	6.250
578.14	7.201
578.35	6.734
578.55	7.893
578.75	4.897
578.96	7.220
579.16	5.262
579.36	5.358
579.57	6.104
579.77	7.067
579.98	6.749
580.18	6.897
580.38	7.294
580.59	6.545
580.79	6.147
580.99	6.545
581.20	5.985
581.40	6.427
581.60	6.397
581.81	7.066
582.01	6.140
582.21	6.597
582.42	6.818
582.62	5.717
582.82	6.547
583.03	6.478
583.23	5.542
583.43	6.217
583.64	6.136
583.84	6.104
584.04	5.674
584.25	4.730
584.45	6.072
584.65	7.387
584.86	6.446
585.06	6.968
585.26	6.304
585.47	7.535
585.67	6.713
585.87	6.965
586.08	7.262
586.28	6.097
586.48	5.614
586.69	6.957
586.89	5.182
587.09	6.475
587.30	5.003
587.50	6.467
587.70	7.883
587.90	6.948
588.11	7.147
588.31	6.348
588.51	5.949
588.72	6.665
588.92	5.430
589.12	7.539
589.33	6.956
589.53	5.127
589.73	6.098
589.93	5.586
590.14	5.336
590.34	6.162
590.54	6.348
590.75	6.585
590.95	6.238
591.15	6.283
591.35	5.121
591.56	6.477
591.76	6.445
591.96	4.585
592.16	6.431
592.37	4.176
592.57	5.871
592.77	5.135
592.97	7.343
593.18	6.056
593.38	5.087
593.58	4.927
593.79	5.879
593.99	6.100
594.19	6.146
594.39	6.294
594.60	5.978
594.80	5.315
595.00	5.377
595.20	6.705
595.41	5.071
595.61	6.752
595.81	7.015
596.01	5.721
596.21	6.639
596.42	5.767
596.62	6.433
596.82	6.626
597.02	5.131
597.23	4.628
597.43	7.024
597.63	5.167
597.83	6.566
598.04	6.648
598.24	7.030
598.44	7.145
598.64	5.534
598.84	7.161
599.05	5.400
599.25	6.092
599.45	5.654
599.65	6.517
599.85	5.585
600.06	5.820
600.26	7.038
600.46	6.022
600.66	6.206
600.87	6.079
601.07	5.859
601.27	6.060
601.47	5.691
601.67	5.305
601.87	6.824
602.08	5.079
602.28	6.383
602.48	5.246
602.68	6.447
602.88	6.439
603.09	6.117
603.29	5.847
603.49	5.640
603.69	5.195
603.89	5.474
604.10	6.425
604.30	6.769
604.50	5.963
604.70	5.517
604.90	5.958
605.10	5.168
605.31	5.014
605.51	5.520
605.71	5.736
605.91	6.217
606.11	5.823
606.31	5.877
606.52	6.025
606.72	5.301
606.92	5.955
607.12	5.314
607.32	5.261
607.52	6.219
607.72	6.438
607.93	5.391
608.13	5.085
608.33	5.194
608.53	5.529
608.73	5.247
608.93	6.270
609.13	4.595
609.34	5.593
609.54	5.747
609.74	5.383
609.94	5.073
610.14	5.922
610.34	5.172
610.54	5.054
610.74	5.084
610.95	5.861
611.15	5.276
611.35	6.122
611.55	5.988
611.75	5.189
611.95	5.700
612.15	4.607
612.35	5.455
612.56	5.105
612.76	5.362
612.96	4.531
613.16	5.774
613.36	5.302
613.56	5.182
613.76	4.713
613.96	5.549
614.16	5.707
614.36	6.389
614.57	4.682
614.77	5.512
614.97	5.962
615.17	5.705
615.37	5.406
615.57	5.800
615.77	6.166
615.97	5.852
616.17	5.069
616.37	5.623
616.57	5.914
616.78	5.649
616.98	5.825
617.18	6.109
617.38	5.062
617.58	5.564
617.78	5.863
617.98	6.153
618.18	4.041
618.38	5.740
618.58	5.050
618.78	5.936
618.98	5.275
619.18	5.129
619.38	5.272
619.58	5.968
619.79	5.649
619.99	5.151
620.19	5.437
620.39	5.231
620.59	4.788
620.79	6.415
620.99	5.067
621.19	5.219
621.39	5.143
621.59	4.859
621.79	5.323
621.99	5.471
622.19	5.662
622.39	4.786
622.59	4.040
622.79	5.575
622.99	4.709
623.19	4.310
623.39	5.302
623.59	5.226
623.79	5.052
623.99	4.644
624.19	5.064
624.39	5.586
624.59	5.677
624.79	5.377
624.99	5.741
625.19	5.084
625.39	5.878
625.59	5.616
625.79	5.145
625.99	4.812
626.19	5.301
626.39	5.118
626.59	5.307
626.79	4.790
626.99	4.592
627.19	6.398
627.39	5.267
627.59	5.876
627.79	4.841
627.99	5.514
628.19	5.007
628.39	4.842
628.59	4.501
628.79	5.457
628.99	5.339
629.19	5.070
629.39	5.460
629.59	5.468
629.79	4.466
629.99	5.353
630.19	4.659
630.39	5.391
630.59	5.294
630.79	4.879
630.99	4.862
631.19	4.593
631.39	5.750
631.59	4.872
631.79	5.428
631.99	5.557
632.19	4.403
632.39	5.397
632.59	4.481
632.79	4.338
632.99	4.620
633.19	5.527
633.39	5.180
633.58	4.890
633.78	5.843
633.98	5.617
634.18	4.733
634.38	4.238
634.58	5.156
634.78	5.048
634.98	5.218
635.18	4.932
635.38	4.618
635.58	4.595
635.78	4.924
635.98	5.231
636.18	5.698
636.38	4.790
636.57	5.012
636.77	5.271
636.97	5.223
637.17	5.580
637.37	4.829
637.57	4.792
637.77	4.960
637.97	5.504
638.17	4.653
638.37	4.145
638.57	5.111
638.76	5.429
638.96	5.007
639.16	4.989
639.36	4.908
639.56	5.185
639.76	4.379
639.96	5.304
640.16	4.086
640.36	4.817
640.56	5.159
640.75	5.024
640.95	4.768
641.15	5.556
641.35	4.980
641.55	5.287
641.75	5.661
641.95	5.049
642.15	5.115
642.34	4.246
642.54	5.499
642.74	5.581
642.94	4.490
643.14	4.300
643.34	4.697
643.54	4.414
643.74	5.027
643.93	4.892
644.13	4.884
644.33	5.069
644.53	5.075
644.73	4.888
644.93	4.600
645.13	3.976
645.32	5.152
645.52	5.216
645.72	5.513
645.92	5.276
646.12	5.250
646.32	4.496
646.52	4.419
646.71	5.141
646.91	5.209
647.11	4.267
647.31	4.911
647.51	4.612
647.71	4.959
647.90	4.669
648.10	5.206
648.30	3.996
648.50	5.260
648.70	5.337
648.89	4.200
649.09	4.563
649.29	5.171
649.49	4.879
649.69	4.575
649.89	4.810
650.08	5.035
650.28	4.803
650.48	5.077
650.68	4.631
650.88	4.856
651.07	4.090
651.27	4.854
651.47	4.149
651.67	4.372
651.87	4.364
652.06	5.267
652.26	4.585
652.46	5.622
652.66	5.014
652.86	5.075
653.05	4.723
653.25	4.851
653.45	4.645
653.65	4.754
653.85	4.583
654.04	4.306
654.24	4.831
654.44	4.218
654.64	4.276
654.83	4.714
655.03	3.946
655.23	4.572
655.43	4.703
655.63	4.173
655.82	4.826
656.02	4.396
656.22	4.493
656.42	4.908
656.61	4.783
656.81	4.967
657.01	4.490
657.21	4.107
657.40	4.312
657.60	4.509
657.80	4.787
658.00	5.246
658.19	4.863
658.39	4.835
658.59	4.895
658.79	4.698
658.98	4.927
659.18	4.652
659.38	4.468
659.58	4.782
659.77	4.329
659.97	4.990
660.17	4.359
660.36	4.489
660.56	3.782
660.76	4.933
660.96	4.845
661.15	4.389
661.35	4.306
661.55	4.169
661.75	4.100
661.94	4.976
662.14	4.678
662.34	4.466
662.53	4.759
662.73	4.473
662.93	4.857
663.13	4.538
663.32	3.723
663.52	4.593
663.72	4.357
663.91	4.682
664.11	4.415
664.31	4.096
664.50	4.394
664.70	4.227
664.90	4.584
665.10	4.851
665.29	4.685
665.49	4.058
665.69	4.554
665.88	4.539
666.08	4.629
666.28	4.551
666.47	4.335
666.67	4.506
666.87	4.690
667.06	4.489
667.26	4.133
667.46	3.773
667.65	3.906
667.85	4.509
668.05	4.252
668.24	4.451
668.44	4.359
668.64	4.190
668.83	4.128
669.03	4.942
669.23	4.671
669.42	4.637
669.62	4.163
669.82	4.061
670.01	4.460
670.21	4.301
670.41	4.370
670.60	4.659
670.80	4.488
671.00	4.815
671.19	4.477
671.39	4.290
671.58	4.528
671.78	4.085
671.98	4.462
672.17	4.542
672.37	4.137
672.57	4.411
672.76	4.201
672.96	4.140
673.15	3.993
673.35	4.635
673.55	4.472
673.74	4.237
673.94	4.175
674.14	4.481
674.33	4.575
674.53	3.931
674.72	4.311
674.92	4.331
675.12	4.335
675.31	3.996
675.51	4.162
675.70	4.607
675.90	3.756
676.10	4.171
676.29	4.049
676.49	4.069
676.68	4.147
676.88	4.653
677.08	3.936
677.27	4.221
677.47	4.531
677.66	4.125
677.86	4.732
678.06	4.301
678.25	4.551
678.45	4.049
678.64	4.434
678.84	4.426
679.03	4.615
679.23	3.603
679.43	4.507
679.62	4.540
679.82	3.800
680.01	4.395
680.21	4.479
680.40	3.853
680.60	3.999
680.80	3.815
680.99	4.295
681.19	4.463
681.38	3.722
681.58	4.177
681.77	4.010
681.97	3.528
682.16	4.156
682.36	4.355
682.56	4.066
682.75	4.217
682.95	4.870
683.14	4.292
683.34	4.080
683.53	4.438
683.73	4.215
683.92	4.153
684.12	4.032
684.31	4.098
684.51	4.010
684.70	4.247
684.90	4.467
685.10	4.491
685.29	4.001
685.49	3.747
685.68	3.992
685.88	4.307
686.07	4.217
686.27	4.239
686.46	3.653
686.66	4.099
686.85	4.070
687.05	4.209
687.24	4.113
687.44	3.918
687.63	4.409
687.83	4.248
688.02	3.857
688.22	4.097
688.41	3.944
688.61	3.896
688.80	4.170
689.00	3.927
689.19	4.149
689.39	4.181
689.58	4.164
689.78	4.284
689.97	3.792
690.17	4.360
690.36	4.102
690.56	4.060
690.75	4.045
690.95	4.154
691.14	4.029
691.34	3.562
691.53	3.823
691.72	3.925
691.92	3.961
692.11	3.925
692.31	3.833
692.50	3.942
692.70	3.946
692.89	4.208
693.09	4.088
693.28	3.541
693.48	3.732
693.67	3.873
693.87	3.986
694.06	4.413
694.25	4.096
694.45	4.081
694.64	4.094
694.84	3.950
695.03	3.622
695.23	3.702
695.42	3.634
695.62	3.964
695.81	3.950
696.00	3.605
696.20	3.965
696.39	3.999
696.59	4.278
696.78	3.553
696.98	4.057
697.17	4.151
697.36	4.489
697.56	4.019
697.75	4.195
697.95	3.718
698.14	4.058
698.34	3.930
698.53	3.969
698.72	3.663
698.92	3.900
699.11	3.801
699.31	3.895
699.50	3.909
699.69	4.682
699.89	3.900
700.08	3.879
700.28	3.487
700.47	3.929
700.66	4.226
700.86	4.109
701.05	3.621
701.25	3.929
701.44	4.205
701.63	4.162
701.83	3.824
702.02	3.878
702.21	3.961
702.41	4.117
702.60	4.023
702.80	3.800
702.99	4.046
703.18	4.008
703.38	3.721
703.57	4.120
703.77	3.892
703.96	3.745
704.15	4.039
704.35	3.942
704.54	3.565
704.73	3.721
704.93	3.997
705.12	4.150
705.31	3.754
705.51	3.943
705.70	3.797
705.89	4.025
706.09	3.568
706.28	4.307
706.48	3.951
706.67	3.999
706.86	3.688
707.06	3.993
707.25	3.631
707.44	4.051
707.64	4.298
707.83	3.526
708.02	3.670
708.22	4.012
708.41	4.169
708.60	3.984
708.80	4.012
708.99	3.875
709.18	3.696
709.38	4.071
709.57	3.863
709.76	3.764
709.95	3.963
710.15	3.711
710.34	4.160
710.53	3.819
710.73	3.845
710.92	4.045
711.11	4.044
711.31	3.654
711.50	3.628
711.69	3.749
711.89	3.512
712.08	4.032
712.27	4.100
712.46	3.792
712.66	3.606
712.85	3.445
713.04	3.567
713.24	3.985
713.43	3.563
713.62	3.489
713.81	3.559
714.01	3.605
714.20	3.613
714.39	3.668
714.59	3.681
714.78	3.822
714.97	3.965
715.16	3.829
715.36	3.492
715.55	3.983
715.74	3.686
715.93	3.730
716.13	3.610
716.32	3.272
716.51	3.994
716.71	3.707
716.90	3.768
717.09	3.743
717.28	3.564
717.48	3.668
717.67	4.067
717.86	3.961
718.05	3.828
718.25	3.835
718.44	4.113
718.63	3.663
718.82	3.839
719.02	3.500
719.21	3.897
719.40	3.622
719.59	3.707
719.78	3.592
719.98	4.232
720.17	3.425
720.36	3.801
720.55	3.593
720.75	3.854
720.94	3.700
721.13	3.806
721.32	3.837
721.51	4.038
721.71	3.675
721.90	3.732
722.09	3.636
722.28	3.810
722.48	4.029
722.67	3.706
722.86	4.043
723.05	3.577
723.24	3.449
723.44	3.617
723.63	3.706
723.82	3.874
724.01	3.710
724.20	3.500
724.40	3.807
724.59	3.774
724.78	3.360
724.97	3.566
725.16	3.847
725.35	3.491
725.55	3.397
725.74	3.519
725.93	3.596
726.12	3.503
726.31	4.014
726.51	3.736
726.70	3.822
726.89	3.826
727.08	3.641
727.27	3.461
727.46	3.657
727.66	3.726
727.85	3.485
728.04	3.520
728.23	3.814
728.42	3.632
728.61	3.585
728.81	3.771
729.00	3.702
729.19	3.697
729.38	3.669
729.57	3.632
729.76	3.629
729.95	3.345
730.15	3.623
730.34	3.497
730.53	3.847
730.72	3.788
730.91	3.729
731.10	3.583
731.29	3.784
731.49	3.396
731.68	3.942
731.87	3.637
732.06	4.010
732.25	3.813
732.44	3.577
732.63	3.485
732.82	3.516
733.02	3.664
733.21	3.744
733.40	3.477
733.59	3.461
733.78	3.722
733.97	3.488
734.16	3.572
734.35	3.478
734.54	3.722
734.74	3.524
734.93	3.429
735.12	3.741
735.31	3.568
735.50	3.670
735.69	3.511
735.88	3.637
736.07	3.473
736.26	3.467
736.45	3.730
736.64	3.417
736.84	3.388
737.03	3.420
737.22	3.778
737.41	3.702
737.60	3.545
737.79	3.472
737.98	3.475
738.17	3.511
738.36	3.690
738.55	3.707
738.74	4.232
738.93	3.543
739.12	3.823
739.32	3.606
739.51	3.533
739.70	3.592
739.89	3.537
740.08	3.354
740.27	3.295
740.46	3.604
740.65	3.463
740.84	3.622
741.03	3.540
741.22	3.528
741.41	3.790
741.60	3.259
741.79	3.579
741.98	3.629
742.17	3.596
742.36	3.810
742.55	3.671
742.74	3.386
742.93	3.538
743.12	3.645
743.31	3.863
743.51	3.530
743.70	3.418
743.89	3.614
744.08	3.317
744.27	3.810
744.46	3.690
744.65	3.257
744.84	3.641
745.03	3.713
745.22	3.583
745.41	3.537
745.60	3.605
745.79	3.483
745.98	3.507
746.17	3.838
746.36	3.752
746.55	3.657
746.74	3.626
746.93	3.696
747.12	3.389
747.31	3.493
747.50	3.741
747.69	3.910
747.88	3.585
748.07	3.531
748.26	3.181
748.45	3.523
748.64	3.707
748.83	3.824
749.02	3.562
749.21	3.814
749.40	3.735
749.59	3.251
749.77	3.580
749.96	3.346
750.15	3.393
750.34	3.226
750.53	3.420
750.72	3.691
750.91	3.428
751.10	3.338
751.29	3.484
751.48	3.464
751.67	3.531
751.86	3.290
752.05	3.386
752.24	3.568
752.43	3.384
752.62	3.556
752.81	3.393
753.00	3.400
753.19	3.274
753.38	3.722
753.57	3.363
753.76	3.344
753.94	3.716
754.13	3.564
754.32	3.556
754.51	3.491
754.70	3.268
754.89	3.438
755.08	3.355
755.27	3.273
755.46	3.544
755.65	3.373
755.84	3.195
756.03	3.423
756.22	3.671
756.40	3.660
756.59	3.351
756.78	3.295
756.97	3.353
757.16	3.158
757.35	3.352
757.54	3.505
757.73	3.209
757.92	3.092
758.11	3.189
758.29	3.306
758.48	3.620
758.67	3.376
758.86	3.867
759.05	3.429
759.24	3.413
759.43	3.435
759.62	3.338
759.81	3.194
759.99	3.383
760.18	3.340
760.37	3.010
760.56	3.189
760.75	3.369
760.94	3.454
761.13	3.359
761.32	3.286
761.50	3.545
761.69	3.031
761.88	3.013
762.07	3.394
762.26	3.317
762.45	3.166
762.64	3.153
762.82	3.228
763.01	3.481
763.20	3.427
763.39	3.504
763.58	3.665
763.77	3.425
763.96	3.533
764.14	3.419
764.33	3.224
764.52	3.595
764.71	3.373
764.90	3.494
765.09	3.442
765.27	3.416
765.46	3.369
765.65	3.567
765.84	3.587
766.03	3.582
766.22	3.298
766.40	3.388
766.59	3.613
766.78	3.469
766.97	3.647
767.16	3.442
767.35	3.324
767.53	3.213
767.72	3.242
767.91	3.166
768.10	3.366
768.29	3.038
768.47	3.390
768.66	3.309
768.85	3.573
769.04	3.696
769.23	3.477
769.41	3.431
769.60	3.457
769.79	3.329
769.98	3.187
770.17	3.054
770.35	3.423
770.54	3.306
770.73	3.188
770.92	3.604
771.10	3.305
771.29	3.491
771.48	3.501
771.67	3.197
771.86	3.316
772.04	3.246
772.23	3.542
772.42	3.160
772.61	3.418
772.79	3.407
772.98	3.430
773.17	3.364
773.36	3.280
773.54	3.794
773.73	3.194
773.92	3.644
774.11	2.911
774.30	3.439
774.48	3.165
774.67	3.283
774.86	3.306
775.05	3.384
775.23	3.362
775.42	3.399
775.61	3.325
775.79	3.329
775.98	3.273
776.17	3.332
776.36	3.140
776.54	3.443
776.73	3.309
776.92	3.494
777.11	3.514
777.29	3.597
777.48	3.396
777.67	3.247
777.85	3.341
778.04	3.390
778.23	3.432
778.42	3.277
778.60	3.433
778.79	3.056
778.98	3.147
779.16	3.365
779.35	3.104
779.54	3.149
779.73	3.250
779.91	2.931
780.10	3.287
780.29	3.220
780.47	3.087
780.66	3.175
780.85	3.297
781.03	3.354
781.22	3.337
781.41	3.519
781.60	3.266
781.78	3.305
781.97	3.422
782.16	3.147
782.34	3.131
782.53	3.303
782.72	3.262
782.90	3.293
783.09	3.213
783.28	2.771
783.46	3.000
783.65	3.463
783.84	3.387
784.02	3.182
784.21	3.156
784.40	3.157
784.58	3.328
784.77	3.413
784.96	3.024
785.14	3.374
785.33	3.361
785.52	3.036
785.70	3.273
785.89	3.249
786.08	3.359
786.26	3.377
786.45	3.217
786.63	3.319
786.82	3.422
787.01	3.162
787.19	3.050
787.38	3.187
787.57	3.326
787.75	3.492
787.94	3.039
788.13	3.143
788.31	3.296
788.50	3.312
788.68	3.361
788.87	3.143
789.06	3.125
789.24	3.004
789.43	3.064
789.61	3.251
789.80	3.229
789.99	3.033
790.17	3.543
790.36	3.113
790.55	3.489
790.73	3.380
790.92	3.319
791.10	3.276
791.29	2.758
791.48	3.128
791.66	3.179
791.85	3.266
792.03	3.126
792.22	3.120
792.40	3.066
792.59	3.143
792.78	3.197
792.96	3.403
793.15	2.947
793.33	3.073
793.52	2.944
793.71	3.295
793.89	3.256
794.08	3.129
794.26	3.086
794.45	3.399
794.63	3.230
794.82	3.138
795.01	2.951
795.19	2.787
795.38	3.041
795.56	2.928
795.75	3.114
795.93	2.996
796.12	3.178
796.30	2.883
796.49	3.366
796.68	2.967
796.86	3.001
797.05	2.965
797.23	3.292
797.42	3.033
797.60	2.822
797.79	3.152
797.97	3.122
798.16	3.072
798.34	2.983
798.53	2.864
798.71	3.306
798.90	2.984
799.08	2.950
799.27	3.078
799.46	3.263
799.64	2.874
799.83	2.916
800.01	3.249
800.20	3.124
800.38	3.317
800.57	2.873
800.75	3.354
800.94	3.016
801.12	3.039
801.31	3.141
801.49	3.035
801.68	3.140
801.86	3.067
802.05	2.954
802.23	3.100
802.42	3.221
802.60	2.980
802.79	3.084
802.97	3.218
803.16	2.923
803.34	3.339
803.53	3.436
803.71	3.018
803.90	3.026
804.08	3.080
804.27	3.208
804.45	2.924
804.63	3.095
804.82	3.133
805.00	3.120
805.19	3.053
805.37	3.274
805.56	3.108
805.74	2.882
805.93	2.920
806.11	2.758
806.30	3.188
806.48	2.860
806.67	2.907
806.85	3.265
807.04	2.986
807.22	3.285
807.40	3.024
807.59	3.159
807.77	3.150
807.96	3.014
808.14	2.783
808.33	2.926
808.51	3.194
808.69	3.080
808.88	2.883
809.06	3.275
809.25	3.100
809.43	2.831
809.62	2.934
809.80	3.197
809.99	3.002
810.17	3.099
810.35	3.148
810.54	3.386
810.72	2.955
810.91	3.075
811.09	2.994
811.27	3.217
811.46	3.054
811.64	3.147
811.83	3.261
812.01	2.993
812.19	3.022
812.38	2.968
812.56	3.002
812.75	3.058
812.93	2.962
813.11	3.001
813.30	3.087
813.48	3.009
813.67	3.122
813.85	3.047
814.03	3.210
814.22	3.063
814.40	3.481
814.59	3.077
814.77	3.107
814.95	3.033
815.14	2.878
815.32	3.063
815.50	3.105
815.69	2.896
815.87	3.252
816.06	3.117
816.24	3.224
816.42	3.143
816.61	2.891
816.79	2.942
816.97	2.908
817.16	2.922
817.34	3.128
817.52	3.007
817.71	2.967
817.89	2.860
818.07	3.109
818.26	3.153
818.44	2.900
818.63	2.869
818.81	3.006
818.99	3.027
819.18	2.924
819.36	2.848
819.54	3.099
819.73	2.896
819.91	3.233
820.09	2.863
820.28	3.240
820.46	3.151
820.64	3.091
820.83	2.949
821.01	3.007
821.19	3.293
821.37	3.077
821.56	2.953
821.74	3.024
821.92	3.357
822.11	3.037
822.29	3.279
822.47	3.239
822.66	3.032
822.84	3.115
823.02	2.948
823.21	3.258
823.39	3.207
823.57	3.342
823.75	3.004
823.94	3.214
824.12	3.144
824.30	2.892
824.49	3.152
824.67	3.235
824.85	3.175
825.03	3.223
825.22	2.961
825.40	3.232
825.58	3.083
825.77	3.263
825.95	3.058
826.13	2.749
826.31	3.004
826.50	3.007
826.68	2.996
826.86	2.930
827.04	3.126
827.23	3.063
827.41	3.175
827.59	3.290
827.78	3.182
827.96	2.828
828.14	3.091
828.32	3.151
828.51	2.943
828.69	3.321
828.87	3.153
829.05	3.129
829.23	2.910
829.42	3.064
829.60	2.899
829.78	3.217
829.96	3.110
830.15	3.079
830.33	3.046
830.51	3.044
830.69	3.098
830.88	3.019
831.06	2.955
831.24	2.858
831.42	3.150
831.60	3.240
831.79	3.106
831.97	3.170
832.15	3.368
832.33	3.281
832.52	3.180
832.70	3.240
832.88	3.211
833.06	3.122
833.24	3.159
833.43	3.448
833.61	3.305
833.79	3.554
833.97	3.102
834.15	3.325
834.34	3.090
834.52	3.285
834.70	3.127
834.88	3.198
835.06	3.086
835.25	3.073
835.43	3.103
835.61	3.355
835.79	3.197
835.97	3.203
836.15	3.397
836.34	2.975
836.52	3.671
836.70	3.241
836.88	3.261
837.06	3.295
837.24	3.069
837.43	3.395
837.61	3.323
837.79	3.320
837.97	3.466
838.15	3.425
838.33	3.078
838.52	3.089
838.70	3.335
838.88	3.247
839.06	3.213
839.24	3.204
839.42	3.209
839.60	3.851
839.79	3.294
839.97	3.427
840.15	3.498
840.33	3.219
840.51	3.678
840.69	3.227
840.87	3.271
841.06	3.281
841.24	3.266
841.42	3.460
841.60	3.427
841.78	3.312
841.96	3.256
842.14	3.370
842.32	3.402
842.51	3.499
842.69	3.339
842.87	3.521
843.05	3.362
843.23	3.585
843.41	3.366
843.59	3.402
843.77	3.262
843.95	3.570
844.14	3.265
844.32	3.515
844.50	3.291
844.68	3.213
844.86	3.616
845.04	3.116
845.22	3.651
845.40	3.440
845.58	3.487
845.76	3.577
845.94	3.477
846.12	3.458
846.31	3.438
846.49	3.881
846.67	3.574
846.85	3.455
847.03	3.818
847.21	3.600
847.39	3.606
847.57	3.514
847.75	3.192
847.93	3.605
848.11	3.570
848.29	3.596
848.47	3.552
848.65	3.501
848.83	3.385
849.02	3.297
849.20	3.702
849.38	3.495
849.56	3.410
849.74	3.794
849.92	3.109
850.10	3.646
850.28	3.509
850.46	3.458
850.64	3.674
850.82	3.856
851.00	3.598
851.18	3.637
851.36	3.777
851.54	3.485
851.72	3.609
851.90	3.717
852.08	3.385
852.26	3.807
852.44	3.647
852.62	3.732
852.80	3.718
852.98	3.704
853.16	3.656
853.34	3.699
853.52	3.665
853.70	3.432
853.88	3.816
854.06	3.588
854.24	3.844
854.42	3.644
854.60	3.918
854.78	3.442
854.96	3.405
855.14	3.882
855.32	3.929
855.50	3.858
855.68	4.123
855.86	3.612
856.04	3.843
856.22	3.717
856.40	3.856
856.58	3.765
856.76	3.545
856.94	3.870
857.12	3.741
857.30	3.751
857.48	3.845
857.66	4.052
857.84	4.146
858.02	4.035
858.20	4.057
858.38	3.816
858.56	3.854
858.74	3.700
858.92	3.606
859.10	3.678
859.28	3.891
859.46	4.049
859.64	3.987
859.81	3.791
859.99	4.160
860.17	3.914
860.35	3.734
860.53	4.098
860.71	3.905
860.89	4.051
861.07	3.836
861.25	3.883
861.43	4.174
861.61	4.053
861.79	4.054
861.97	3.940
862.15	3.820
862.33	3.680
862.50	4.011
862.68	3.756
862.86	3.819
863.04	3.926
863.22	4.245
863.40	3.980
863.58	3.948
863.76	4.194
863.94	4.052
864.12	3.916
864.30	4.138
864.47	4.038
864.65	3.850
864.83	3.689
865.01	3.877
865.19	4.080
865.37	4.357
865.55	4.139
865.73	4.147
865.91	4.158
866.09	3.871
866.26	4.149
866.44	4.190
866.62	4.155
866.80	4.335
866.98	4.028
867.16	4.246
867.34	4.312
867.52	3.913
867.69	4.203
867.87	4.035
868.05	4.208
868.23	4.061
868.41	4.283
868.59	4.048
868.77	4.028
868.94	4.246
869.12	4.202
869.30	4.205
869.48	4.256
869.66	4.128
869.84	4.278
870.02	4.180
870.19	4.264
870.37	4.178
870.55	4.592
870.73	4.179
870.91	4.482
871.09	4.302
871.26	4.140
871.44	4.128
871.62	4.216
871.80	4.384
871.98	4.441
872.16	4.091
872.33	4.322
872.51	4.245
872.69	4.424
872.87	4.492
873.05	4.504
873.22	4.566
873.40	4.481
873.58	4.378
873.76	4.342
873.94	4.718
874.12	4.524
874.29	4.538
874.47	4.172
874.65	4.341
874.83	4.343
875.01	4.671
875.18	4.629
875.36	4.717
875.54	4.613
875.72	4.396
875.89	4.852
876.07	4.502
876.25	4.724
876.43	4.548
876.61	4.677
876.78	4.449
876.96	4.628
877.14	4.558
877.32	4.432
877.49	4.730
877.67	4.665
877.85	4.474
878.03	4.560
878.21	4.736
878.38	4.674
878.56	4.610
878.74	4.711
878.92	4.500
879.09	4.727
879.27	4.952
879.45	4.540
879.63	4.581
879.80	4.638
879.98	4.386
880.16	4.874
880.34	4.626
880.51	4.793
880.69	4.894
880.87	4.692
881.05	4.907
881.22	4.532
881.40	5.042
881.58	4.637
881.75	4.625
881.93	4.800
882.11	4.965
882.29	4.833
882.46	4.698
882.64	4.919
882.82	4.862
883.00	4.846
883.17	4.794
883.35	4.972
883.53	4.946
883.70	4.716
883.88	4.846
884.06	4.527
884.23	4.701
884.41	4.785
884.59	5.024
884.77	4.770
884.94	4.828
885.12	4.654
885.30	4.788
885.47	4.581
885.65	4.735
885.83	4.687
886.00	4.754
886.18	5.146
886.36	4.863
886.53	4.858
886.71	5.000
886.89	4.999
887.07	5.133
887.24	5.066
887.42	4.726
887.60	4.744
887.77	4.842
887.95	4.748
888.13	4.782
888.30	4.865
888.48	4.860
888.66	4.957
888.83	4.941
889.01	4.580
889.18	4.914
889.36	4.767
889.54	4.642
889.71	4.744
889.89	5.069
890.07	4.890
890.24	4.896
890.42	4.805
890.60	5.023
890.77	4.938
890.95	4.723
891.13	4.673
891.30	4.917
891.48	4.971
891.65	4.882
891.83	5.118
892.01	4.859
892.18	4.853
892.36	4.974
892.54	4.794
892.71	4.972
892.89	4.838
893.06	4.933
893.24	4.941
893.42	4.772
893.59	4.903
893.77	4.987
893.94	4.843
894.12	5.128
894.30	4.777
894.47	4.764
894.65	5.044
894.82	4.939
895.00	4.594
895.18	4.855
895.35	4.873
895.53	4.878
895.70	4.715
895.88	4.854
896.06	4.958
896.23	4.905
896.41	5.062
896.58	4.796
896.76	4.964
896.93	4.821
897.11	4.946
897.29	4.847
897.46	4.787
897.64	4.816
897.81	4.964
897.99	4.794
898.16	4.913
898.34	4.826
898.52	4.829
898.69	5.070
898.87	4.979
899.04	4.990
899.22	4.925
899.39	5.011
899.57	4.815
899.74	5.170
899.92	4.867
900.10	4.823
900.27	4.823
900.45	4.783
900.62	4.943
900.80	4.921
900.97	4.953
901.15	4.507
901.32	4.688
901.50	4.823
901.67	4.889
901.85	4.790
902.02	5.007
902.20	4.995
902.37	4.899
902.55	4.909
902.72	4.767
902.90	4.844
903.07	4.618
903.25	4.802
903.43	4.969
903.60	5.013
903.78	5.110
903.95	5.017
904.13	5.011
904.30	4.814
904.48	5.028
904.65	5.219
904.83	4.952
905.00	4.832
905.17	5.012
905.35	5.102
905.52	5.160
905.70	5.373
905.87	5.007
906.05	4.962
906.22	5.033
906.40	5.143
906.57	5.168
906.75	5.043
906.92	5.123
907.10	4.826
907.27	4.726
907.45	4.795
907.62	5.306
907.80	5.019
907.97	4.878
908.15	5.106
908.32	4.727
908.49	4.947
908.67	5.085
908.84	4.894
909.02	4.846
909.19	4.942
909.37	4.976
909.54	5.018
909.72	5.111
909.89	5.060
910.07	5.101
910.24	4.720
910.41	5.147
910.59	4.881
910.76	4.806
910.94	4.992
911.11	4.780
911.29	5.085
911.46	4.788
911.63	4.824
911.81	5.221
911.98	5.000
912.16	5.160
912.33	5.269
912.50	5.095
912.68	4.988
912.85	5.268
913.03	5.362
913.20	5.023
913.38	5.023
913.55	5.188
913.72	5.018
913.90	5.071
914.07	5.034
914.25	5.015
914.42	5.047
914.59	5.131
914.77	4.760
914.94	4.937
915.11	4.913
915.29	4.852
915.46	4.672
915.64	4.925
915.81	5.015
915.98	4.725
916.16	4.835
916.33	4.909
916.51	5.093
916.68	5.026
916.85	4.625
917.03	4.959
917.20	5.046
917.37	5.233
917.55	4.987
917.72	5.290
917.89	5.034
918.07	5.081
918.24	5.054
918.42	5.010
918.59	4.937
918.76	5.247
918.94	5.132
919.11	5.096
919.28	5.131
919.46	5.166
919.63	5.066
919.80	4.910
919.98	5.208
920.15	5.127
920.32	4.892
920.50	5.055
920.67	5.062
920.84	5.135
921.02	5.208
921.19	4.881
921.36	5.117
921.54	5.102
921.71	5.093
921.88	4.676
922.06	4.977
922.23	4.688
922.40	4.894
922.57	4.939
922.75	5.283
922.92	5.137
923.09	5.212
923.27	5.344
923.44	4.808
923.61	5.180
923.79	4.958
923.96	5.062
924.13	5.120
924.30	5.129
924.48	5.138
924.65	5.313
924.82	4.971
925.00	4.876
925.17	5.082
925.34	5.158
925.51	4.982
925.69	5.275
925.86	5.052
926.03	4.963
926.21	4.926
926.38	4.869
926.55	5.337
926.72	5.003
926.90	5.514
927.07	5.122
927.24	4.937
927.41	5.286
927.59	5.102
927.76	5.179
927.93	4.827
928.10	4.845
928.28	5.098
928.45	5.012
928.62	5.034
928.79	5.081
928.97	4.764
929.14	4.974
929.31	5.032
929.48	4.656
929.66	4.821
929.83	4.926
930.00	4.765
930.17	4.862
930.34	5.017
930.52	5.277
930.69	4.745
930.86	4.814
931.03	4.975
931.21	5.034
931.38	4.921
931.55	4.858
931.72	5.122
931.89	4.921
932.07	4.923
932.24	5.196
932.41	5.314
932.58	4.948
932.75	4.857
932.93	4.872
933.10	5.038
933.27	5.321
933.44	4.842
933.61	5.000
933.79	5.142
933.96	5.078
934.13	5.113
934.30	5.307
934.47	4.953
934.65	5.174
934.82	4.913
934.99	4.963
935.16	5.054
935.33	5.139
935.50	5.064
935.68	4.945
935.85	4.704
936.02	5.259
936.19	4.843
936.36	4.835
936.53	4.767
936.71	5.004
936.88	5.052
937.05	5.011
937.22	5.131
937.39	5.039
937.56	4.812
937.74	4.707
937.91	5.284
938.08	5.185
938.25	5.071
938.42	5.314
938.59	5.003
938.76	4.888
938.94	5.571
939.11	5.054
939.28	5.322
939.45	4.878
939.62	5.229
939.79	5.172
939.96	5.115
940.13	4.855
940.31	4.708
940.48	5.212
940.65	4.524
940.82	5.260
940.99	4.975
941.16	4.830
941.33	4.981
941.50	5.124
941.67	5.292
941.85	5.046
942.02	5.301
942.19	4.972
942.36	5.297
942.53	4.855
942.70	5.630
942.87	4.724
943.04	4.999
943.21	5.073
943.38	5.223
943.56	4.780
943.73	4.941
943.90	5.412
944.07	4.743
944.24	5.327
944.41	5.055
944.58	4.998
944.75	4.857
944.92	5.335
945.09	5.018
945.26	5.134
945.43	4.950
945.60	4.864
945.78	5.124
945.95	4.590
946.12	4.663
946.29	4.375
946.46	4.990
946.63	4.856
946.80	4.788
946.97	4.695
947.14	4.755
947.31	5.199
947.48	5.016
947.65	4.907
947.82	4.924
947.99	4.840
948.16	5.035
948.33	4.714
948.50	4.814
948.67	5.368
948.84	4.630
949.01	5.331
949.18	4.489
949.35	5.178
949.52	4.608
949.69	4.371
949.86	4.756
950.03	5.035
950.20	5.132
950.38	4.695
950.55	5.282
950.72	4.812
950.89	5.143
951.06	4.824
951.23	4.894
951.40	5.213
951.57	4.648
951.74	4.711
951.91	4.412
952.08	4.705
952.25	5.087
952.42	4.786
952.59	4.721
952.76	4.364
952.92	5.110
953.09	4.174
953.26	5.076
953.43	4.330
953.60	4.967
953.77	4.781
953.94	4.777
954.11	5.013
954.28	4.908
954.45	4.607
954.62	4.083
954.79	4.687
954.96	4.813
955.13	4.315
955.30	4.620
955.47	4.617
955.64	4.504
955.81	4.822
955.98	4.423
956.15	4.895
956.32	4.896
956.49	5.291
956.66	4.898
956.83	5.225
957.00	4.467
957.17	4.775
957.33	4.965
957.50	4.657
957.67	4.889
957.84	5.411
958.01	5.094
958.18	4.731
958.35	4.503
958.52	4.973
958.69	4.515
958.86	4.588
959.03	4.515
959.20	4.787
959.37	4.777
959.53	4.590
959.70	4.795
959.87	4.720
960.04	4.827
960.21	4.720
960.38	4.522
960.55	4.886
960.72	5.091
960.89	4.670
961.06	4.497
961.23	4.552
961.39	4.598
961.56	4.760
961.73	4.659
961.90	4.826
962.07	4.561
962.24	4.336
962.41	4.163
962.58	4.779
962.75	4.932
962.91	4.820
963.08	4.443
963.25	4.752
963.42	4.594
963.59	4.742
963.76	4.822
963.93	4.637
964.09	4.567
964.26	4.810
964.43	5.064
964.60	4.860
964.77	4.212
964.94	4.927
965.11	4.874
965.27	4.543
965.44	4.205
965.61	4.686
965.78	4.789
965.95	4.727
966.12	4.718
966.29	4.521
966.45	4.317
966.62	4.615
966.79	4.511
966.96	4.665
967.13	4.316
967.30	4.249
967.46	4.466
967.63	4.392
967.80	4.544
967.97	4.845
968.14	4.795
968.30	4.834
968.47	4.709
968.64	4.410
968.81	4.656
968.98	4.695
969.15	4.166
969.31	5.007
969.48	4.296
969.65	4.526
969.82	4.184
969.99	4.364
970.15	4.534
970.32	4.160
970.49	5.130
970.66	4.661
970.82	4.788
970.99	4.755
971.16	4.566
971.33	4.723
971.50	4.419
971.66	4.665
971.83	4.471
972.00	4.316
972.17	4.706
972.34	4.207
972.50	4.979
972.67	4.821
972.84	4.388
973.01	4.647
973.17	4.645
973.34	4.636
973.51	4.184
973.68	4.702
973.84	4.505
974.01	4.594
974.18	4.557
974.35	4.377
974.51	4.921
974.68	4.597
974.85	4.723
975.02	4.269
975.18	4.956
975.35	4.747
975.52	4.449
975.69	4.972
975.85	4.932
976.02	4.517
976.19	4.186
976.36	5.033
976.52	5.091
976.69	4.661
976.86	4.665
977.02	4.013
977.19	4.713
977.36	3.503
977.53	4.521
977.69	4.772
977.86	4.893
978.03	4.894
978.19	5.114
978.36	4.650
978.53	4.870
978.70	4.973
978.86	4.701
979.03	4.869
979.20	4.612
979.36	4.591
979.53	4.915
979.70	5.098
979.86	4.554
980.03	4.965
980.20	4.112
980.36	4.223
980.53	4.708
980.70	4.697
980.86	4.491
981.03	5.446
981.20	5.703
981.36	5.157
981.53	5.150
981.70	5.019
981.86	4.701
982.03	5.126
982.20	5.052
982.36	5.055
982.53	4.469
982.70	4.821
982.86	5.486
983.03	4.516
983.20	4.718
983.36	4.960
983.53	4.826
983.70	4.656
983.86	4.571
984.03	4.353
984.20	4.210
984.36	5.392
984.53	4.294
984.70	4.434
984.86	4.225
985.03	5.162
985.19	4.682
985.36	4.912
985.53	5.682
985.69	4.913
985.86	4.309
986.03	4.948
986.19	4.714
986.36	4.963
986.52	5.083
986.69	4.724
986.86	4.938
987.02	5.474
987.19	5.135
987.35	5.103
987.52	4.483
987.69	4.911
987.85	4.741
988.02	5.090
988.18	4.848
988.35	4.739
988.52	4.769
988.68	4.675
988.85	4.693
989.01	4.030
989.18	5.183
989.35	4.765
989.51	4.989
989.68	5.329
989.84	4.681
990.01	5.422
990.17	6.268
990.34	4.029
990.51	4.756
990.67	5.107
990.84	4.389
991.00	4.729
991.17	5.278
991.33	4.981
991.50	4.707
991.66	4.808
991.83	4.507
992.00	5.045
992.16	4.559
992.33	4.482
992.49	5.140
992.66	4.602
992.82	5.360
992.99	4.858
993.15	4.040
993.32	5.157
993.48	5.601
993.65	5.289
993.82	4.934
993.98	5.443
994.15	4.855
994.31	4.877
994.48	4.991
994.64	5.085
994.81	5.127
994.97	4.668
995.14	4.979
995.30	5.349
995.47	4.891
995.63	4.908
995.80	4.773
995.96	4.450
996.13	5.635
996.29	5.132
996.46	5.290
996.62	4.783
996.79	3.622
996.95	4.957
997.12	5.218
997.28	5.017
997.45	6.194
997.61	4.478
997.78	5.385
997.94	5.672
998.11	4.683
998.27	5.178
998.44	4.424
998.60	4.348
998.77	5.805
998.93	5.092
999.10	6.272
999.26	5.612
999.43	4.301
999.59	5.006
999.75	4.903
999.92	5.725
1000.08	5.361
1000.25	4.524
1000.41	6.143
1000.58	5.275
1000.74	5.802
1000.91	5.806
1001.07	4.901
1001.24	6.079
1001.40	4.906
1001.56	5.355
1001.73	5.051
1001.89	5.997
1002.06	5.438
1002.22	4.460
1002.39	5.579
1002.55	5.071
1002.71	4.444
1002.88	6.296
1003.04	5.108
1003.21	6.220
1003.37	4.516
1003.54	6.197
1003.70	4.856
1003.86	5.851
1004.03	6.592
1004.19	5.127
1004.36	5.166
1004.52	4.733
1004.68	4.836
1004.85	5.544
1005.01	6.517
1005.18	5.000
1005.34	5.987
1005.50	5.561
1005.67	5.300
1005.83	4.651
1006.00	5.009
1006.16	4.920
1006.32	6.597
1006.49	4.977
1006.65	5.243
1006.82	4.684
1006.98	5.820
1007.14	4.858
1007.31	6.090
1007.47	5.039
1007.63	5.755
1007.80	7.098
1007.96	4.046
1008.13	5.930
1008.29	4.432
1008.45	7.539
1008.62	5.829
1008.78	6.422
1008.94	7.006
1009.11	6.227
1009.27	6.323
1009.43	5.995
1009.60	4.544
1009.76	4.761
1009.92	6.467
1010.09	5.017
1010.25	6.080
1010.42	6.464
1010.58	6.120
1010.74	6.256
1010.91	5.732
1011.07	3.809
1011.23	6.741
1011.40	5.382
1011.56	5.828
1011.72	7.134
1011.89	5.909
1012.05	6.631
1012.21	5.291
1012.37	6.651
1012.54	5.484
1012.70	5.295
1012.86	6.351
1013.03	7.890
1013.19	8.204
1013.35	5.786
1013.52	4.781
1013.68	5.352
1013.84	6.590
1014.01	4.062
1014.17	7.747
1014.33	5.512
1014.49	5.818
1014.66	4.370
1014.82	6.312
1014.98	6.467
1015.15	6.378
1015.31	6.705
1015.47	6.574
1015.63	7.463
1015.80	4.788
1015.96	6.738
1016.12	6.894
1016.29	5.422
1016.45	5.573
1016.61	7.968
1016.77	5.165
1016.94	7.671
1017.10	6.794
1017.26	8.055
1017.42	6.695
1017.59	6.832
1017.75	5.127
1017.91	6.099
1018.07	8.363
1018.24	7.910
1018.40	6.492
1018.56	6.853
1018.72	8.268
1018.89	7.485
1019.05	6.977
1019.21	6.643
1019.37	8.827
1019.54	7.446
1019.70	7.779
1019.86	5.690
1020.02	6.124
1020.19	4.948
1020.35	6.721
1020.51	6.647
1020.67	7.099
1020.83	7.982
1021.00	9.732
1021.16	6.327
1021.32	6.016
1021.48	8.234
1021.64	7.796
1021.81	7.011
1021.97	7.714
1022.13	9.021
1022.29	6.523
1022.45	6.351
1022.62	7.294
1022.78	7.952
1022.94	5.137
1023.10	7.580
1023.26	8.130
1023.43	5.484
1023.59	6.938
1023.75	6.207
1023.91	7.944
1024.07	7.887
1024.24	9.155
1024.40	9.271
1024.56	7.031
1024.72	7.024
1024.88	8.589
1025.04	7.033
1025.21	6.613
1025.37	8.520
1025.53	8.044
1025.69	8.886
1025.85	7.319
1026.01	10.655
1026.18	5.596
1026.34	7.698
1026.50	7.510
1026.66	7.292
1026.82	13.057
1026.98	6.051
1027.14	10.691
1027.31	10.401
1027.47	9.502
1027.63	11.457
1027.79	12.837
1027.95	9.345
1028.11	8.111
1028.27	12.147
1028.44	9.559
1028.60	7.119
1028.76	9.622
1028.92	10.878
1029.08	14.046
1029.24	9.516
1029.40	14.399
1029.56	14.054
1029.73	14.690
1029.89	11.211
1030.05	7.800
1030.21	11.225
1030.37	10.183
1030.53	18.316
1030.69	10.608
1030.85	10.363
1031.01	7.640
1031.17	11.865
1031.34	10.068
1031.50	10.455
1031.66	11.346
1031.82	10.498
1031.98	13.308
1032.14	12.430
1032.30	10.663
1032.46	15.411
1032.62	11.661
1032.78	12.238
1032.94	12.547
1033.10	10.912
1033.27	17.038
1033.43	13.437
1033.59	18.314
1033.75	13.514
1033.91	14.115
1034.07	18.459
1034.23	12.231
1034.39	13.916
1034.55	9.504
1034.71	14.031
1034.87	13.139
1035.03	11.474
1035.19	16.848
1035.35	15.228
1035.51	18.169
1035.67	6.104
1035.83	14.693
1035.99	16.141
1036.16	12.583
1036.32	10.584
1036.48	14.569
1036.64	17.787
1036.80	27.863
1036.96	19.143
1037.12	6.619
1037.28	3.800
1037.44	18.593
1037.60	18.078
1037.76	16.600
1037.92	20.950
1038.08	15.430
1038.24	12.421
1038.40	16.593
1038.56	17.566
1038.72	25.626
1038.88	5.974
1039.04	20.425
1039.20	9.001
1039.36	20.641
1039.52	28.502
1039.68	11.647
1039.84	25.760
1040.00	25.140
1040.16	26.030
1040.32	34.539
1040.48	27.160
1040.64	20.248
1040.80	32.705
1040.96	6.693
1041.12	28.246
1041.28	27.504
1041.44	21.190
1041.60	30.273
1041.76	26.301
1041.92	33.689
1042.08	21.037
1042.24	29.482
1042.39	40.195
1042.55	39.573
1042.71	28.289
1042.87	45.423
1043.03	31.944
1043.19	36.759
