345.44	250.630
345.66	250.630
345.88	250.630
346.10	212.360
346.31	136.268
346.53	175.083
346.75	827.586
346.97	-77.193
347.19	309.551
347.41	179.341
347.63	-1218.182
347.85	354.622
348.07	409.295
348.29	218.466
348.51	132.835
348.73	514.905
348.95	276.456
349.17	-34.039
349.39	-122.068
349.61	-22.138
349.83	-167.788
350.05	-54.911
350.27	-14.378
350.49	-5.813
350.71	289.254
350.93	-111.217
351.15	-70.659
351.37	-299.136
351.59	-421.416
351.80	-123.561
352.02	550.124
352.24	-31.333
352.46	-84.821
352.68	-1827.215
352.90	-138.723
353.12	-47.168
353.34	352.198
353.56	-1643.627
353.78	-64.319
354.00	-547.662
354.22	522.459
354.44	-251.827
354.66	-14852.174
354.88	-9725.000
355.09	798.102
355.31	15.715
355.53	-47.835
355.75	-386.380
355.97	-1594.000
356.19	-173.147
356.41	24.789
356.63	-37.994
356.85	-60.805
357.07	-78.735
357.29	-32.743
357.50	-31.663
357.72	-138.278
357.94	-148.930
358.16	-18.312
358.38	-21.741
358.60	-9.684
358.82	6.459
359.04	42.129
359.26	-81.086
359.48	-335.268
359.69	-175.485
359.91	-43.057
360.13	5896.825
360.35	-10.230
360.57	-34.692
360.79	-25.793
361.01	-483.054
361.23	-145.256
361.45	29.387
361.66	6.709
361.88	43.385
362.10	-43.579
362.32	1752.941
362.54	-138.973
362.76	-8.287
362.98	-257.130
363.20	-33.344
363.41	0.507
363.63	-176.154
363.85	-47.007
364.07	-10660.606
364.29	-208.763
364.51	20.567
364.73	-150.599
364.94	-1126.032
365.16	-52.636
365.38	208.714
365.60	-47.524
365.82	-10.753
366.04	300.744
366.26	-8.717
366.47	-67.410
366.69	1823.462
366.91	2961.268
367.13	411.851
367.35	-49.928
367.57	8.404
367.79	-94.591
368.00	8766.667
368.22	26.914
368.44	-140.891
368.66	-3.773
368.88	37.618
369.10	16.861
369.31	-8.845
369.53	-120.503
369.75	-639.298
369.97	-54.016
370.19	-134.114
370.41	16.750
370.62	-55.084
370.84	-192.091
371.06	-42.495
371.28	-102.424
371.50	-5.750
371.71	4.785
371.93	-21.088
372.15	-71.087
372.37	-127.744
372.59	-16.539
372.80	21.052
373.02	-49.930
373.24	-135.244
373.46	-14.572
373.68	-1059.949
373.90	-44.368
374.11	-20.757
374.33	-27.349
374.55	13.505
374.77	13.795
374.98	15.425
375.20	0.628
375.42	-224.605
375.64	-502.210
375.86	-57.092
376.07	-27.130
376.29	-72.402
376.51	-46.417
376.73	-48.176
376.95	-30.179
377.16	-90.276
377.38	-93.075
377.60	-219.582
377.82	30.762
378.03	-557.688
378.25	3.560
378.47	-91.267
378.69	-45.942
378.91	-22.284
379.12	-38.856
379.34	-34.300
379.56	-33.944
379.78	-66.168
379.99	-177.273
380.21	-140.702
380.43	-57.663
380.65	12.369
380.86	-1.107
381.08	-27.155
381.30	-102.527
381.52	-28.069
381.73	-606.897
381.95	-21.090
382.17	-2.695
382.39	-26.875
382.60	-74.190
382.82	-29.198
383.04	-31.935
383.26	-58.526
383.47	-66.731
383.69	8.307
383.91	8.180
384.13	-28.023
384.34	-48.389
384.56	-23.262
384.78	-41.627
385.00	-31.822
385.21	-201.307
385.43	-26.293
385.65	-74.959
385.86	-63.317
386.08	-60.581
386.30	-17.796
386.52	-49.759
386.73	-9.337
386.95	-124.894
387.17	15.458
387.38	-69.253
387.60	-58.046
387.82	-25.772
388.04	-45.032
388.25	-61.582
388.47	-48.602
388.69	-66.485
388.90	-53.951
389.12	-55.576
389.34	-47.978
389.56	-22.573
389.77	4.368
389.99	-24.509
390.21	-45.097
390.42	-9.624
390.64	-27.303
390.86	-36.991
391.07	-5.595
391.29	-69.908
391.51	2.498
391.72	-25.408
391.94	-74.493
392.16	3.283
392.38	-99.671
392.59	-65.799
392.81	-149.597
393.03	-62.683
393.24	-22.605
393.46	-23.920
393.68	-14.909
393.89	-23.514
394.11	-148.388
394.33	12.696
394.54	13.340
394.76	-22.665
394.98	-27.863
395.19	4.560
395.41	-26.641
395.63	-52.821
395.84	-68.338
396.06	-8.763
396.28	-22.063
396.49	-34.332
396.71	-21.872
396.93	-28.309
397.14	-46.539
397.36	-37.564
397.57	-19.492
397.79	-36.716
398.01	-12.423
398.22	-117.381
398.44	-81.325
398.66	-6.217
398.87	-2.308
399.09	-19.668
399.31	-6.097
399.52	-48.374
399.74	-42.456
399.96	-34.318
400.17	-54.423
400.39	-8.153
400.60	-31.756
400.82	-21.384
401.04	-16.664
401.25	-43.065
401.47	-12.295
401.69	-5.867
401.90	4.042
402.12	-30.749
402.33	-52.934
402.55	-9.161
402.77	-26.150
402.98	-26.379
403.20	-38.369
403.41	-8.689
403.63	-9.627
403.85	-34.851
404.06	-30.449
404.28	-2.925
404.49	-15.128
404.71	-38.791
404.93	-12.117
405.14	-24.070
405.36	-38.749
405.57	-23.810
405.79	-23.813
406.01	-25.246
406.22	-15.405
406.44	-8.314
406.65	-7.523
406.87	-16.017
407.09	-39.674
407.30	-13.875
407.52	-5.510
407.73	-29.011
407.95	-22.221
408.17	6.041
408.38	-35.087
408.60	-32.916
408.81	-33.616
409.03	-2.275
409.24	-32.446
409.46	-7.677
409.68	-16.276
409.89	-2.854
410.11	-4.434
410.32	-35.027
410.54	-28.404
410.75	-24.639
410.97	-4.613
411.18	-16.465
411.40	-17.692
411.62	-1.152
411.83	10.304
412.05	-22.702
412.26	-20.014
412.48	-6.211
412.69	10.877
412.91	-9.725
413.12	5.600
413.34	3.938
413.56	-9.861
413.77	-3.325
413.99	3.485
414.20	0.247
414.42	9.186
414.63	12.057
414.85	-4.924
415.06	-21.418
415.28	5.521
415.49	-29.991
415.71	2.345
415.92	-2.439
416.14	7.868
416.35	-2.677
416.57	0.627
416.79	9.599
417.00	-3.216
417.22	1.162
417.43	3.675
417.65	0.574
417.86	-9.736
418.08	3.891
418.29	9.993
418.51	-6.472
418.72	10.140
418.94	5.656
419.15	-3.894
419.37	4.304
419.58	-4.511
419.80	-11.765
420.01	-9.187
420.23	-10.668
420.44	3.140
420.66	8.896
420.87	13.708
421.09	8.499
421.30	0.353
421.52	7.608
421.73	5.650
421.95	14.180
422.16	12.676
422.38	10.210
422.59	9.358
422.81	12.395
423.02	11.899
423.23	3.377
423.45	13.457
423.66	14.531
423.88	13.395
424.09	12.766
424.31	0.585
424.52	18.823
424.74	11.653
424.95	3.628
425.17	15.598
425.38	22.739
425.60	6.126
425.81	-0.539
426.03	9.889
426.24	0.694
426.45	13.969
426.67	8.082
426.88	9.792
427.10	18.684
427.31	13.015
427.53	18.808
427.74	26.745
427.96	8.709
428.17	22.016
428.39	14.088
428.60	10.838
428.81	27.514
429.03	20.546
429.24	14.755
429.46	20.717
429.67	22.755
429.89	19.100
430.10	21.850
430.31	17.198
430.53	18.492
430.74	11.637
430.96	19.050
431.17	21.400
431.39	11.079
431.60	26.181
431.81	20.378
432.03	22.275
432.24	23.441
432.46	24.861
432.67	19.801
432.89	20.974
433.10	20.937
433.31	24.654
433.53	24.940
433.74	19.395
433.96	24.105
434.17	27.889
434.38	21.692
434.60	14.167
434.81	25.041
435.03	21.137
435.24	26.358
435.45	29.506
435.67	22.542
435.88	21.711
436.10	20.827
436.31	27.863
436.52	26.824
436.74	27.360
436.95	29.225
437.17	27.894
437.38	30.530
437.59	28.953
437.81	26.662
438.02	33.307
438.23	28.182
438.45	30.239
438.66	30.618
438.88	31.544
439.09	27.885
439.30	31.019
439.52	30.160
439.73	29.687
439.94	33.810
440.16	31.435
440.37	34.839
440.58	29.284
440.80	30.982
441.01	29.930
441.23	29.789
441.44	32.392
441.65	31.090
441.87	33.270
442.08	33.309
442.29	34.386
442.51	31.520
442.72	33.196
442.93	34.427
443.15	36.654
443.36	35.155
443.57	34.623
443.79	30.011
444.00	36.803
444.21	36.206
444.43	31.582
444.64	33.682
444.85	36.974
445.07	35.779
445.28	35.243
445.49	34.241
445.71	40.134
445.92	35.195
446.13	30.805
446.35	40.205
446.56	34.273
446.77	36.851
446.99	37.525
447.20	37.481
447.41	35.070
447.63	40.012
447.84	35.478
448.05	40.120
448.27	40.262
448.48	38.475
448.69	38.850
448.90	34.823
449.12	36.926
449.33	32.728
449.54	39.501
449.76	36.494
449.97	34.617
450.18	37.670
450.40	42.452
450.61	39.277
450.82	37.959
451.03	38.635
451.25	38.275
451.46	40.892
451.67	39.872
451.89	40.634
452.10	39.517
452.31	39.512
452.52	38.829
452.74	39.726
452.95	41.918
453.16	39.986
453.38	39.307
453.59	39.758
453.80	39.210
454.01	40.995
454.23	41.590
454.44	43.831
454.65	40.808
454.86	38.355
455.08	39.650
455.29	39.438
455.50	41.426
455.71	43.539
455.93	43.518
456.14	41.973
456.35	43.098
456.56	43.371
456.78	41.804
456.99	41.737
457.20	43.523
457.41	43.339
457.63	42.828
457.84	42.821
458.05	38.628
458.26	41.666
458.48	43.528
458.69	44.862
458.90	42.213
459.11	43.480
459.33	43.461
459.54	43.803
459.75	43.142
459.96	44.325
460.18	43.152
460.39	44.946
460.60	44.481
460.81	44.305
461.02	46.232
461.24	44.521
461.45	43.770
461.66	43.428
461.87	43.375
462.09	46.334
462.30	42.410
462.51	46.469
462.72	45.314
462.93	45.409
463.15	45.754
463.36	44.866
463.57	45.721
463.78	47.092
463.99	46.794
464.21	45.576
464.42	45.581
464.63	45.399
464.84	45.692
465.05	44.805
465.27	44.050
465.48	44.685
465.69	46.683
465.90	46.712
466.11	46.270
466.33	46.443
466.54	47.308
466.75	45.047
466.96	46.892
467.17	47.812
467.38	45.901
467.60	47.415
467.81	47.817
468.02	47.127
468.23	47.213
468.44	46.290
468.65	46.976
468.87	47.787
469.08	47.527
469.29	46.308
469.50	46.781
469.71	47.221
469.92	47.293
470.14	45.564
470.35	48.383
470.56	46.661
470.77	47.575
470.98	47.062
471.19	46.567
471.41	46.104
471.62	47.563
471.83	47.640
472.04	47.621
472.25	48.618
472.46	47.500
472.67	49.576
472.89	47.520
473.10	46.977
473.31	47.552
473.52	48.396
473.73	48.700
473.94	48.199
474.15	47.872
474.37	48.849
474.58	48.976
474.79	48.548
475.00	48.200
475.21	47.566
475.42	48.279
475.63	47.844
475.84	47.750
476.06	49.025
476.27	50.492
476.48	48.710
476.69	48.770
476.90	48.612
477.11	47.792
477.32	48.866
477.53	49.040
477.74	49.027
477.96	48.401
478.17	49.756
478.38	48.936
478.59	48.815
478.80	49.044
479.01	48.633
479.22	49.126
479.43	47.763
479.64	49.254
479.85	49.351
480.06	48.387
480.28	49.224
480.49	48.055
480.70	49.051
480.91	48.727
481.12	48.938
481.33	48.789
481.54	48.732
481.75	48.152
481.96	48.757
482.17	47.981
482.38	48.330
482.59	49.136
482.81	48.651
483.02	48.783
483.23	49.446
483.44	48.329
483.65	48.689
483.86	48.911
484.07	48.158
484.28	47.453
484.49	48.860
484.70	48.355
484.91	48.948
485.12	48.849
485.33	47.680
485.54	48.404
485.75	48.208
485.96	48.940
486.17	48.471
486.38	48.208
486.60	48.380
486.81	48.510
487.02	48.517
487.23	48.663
487.44	48.288
487.65	48.208
487.86	47.740
488.07	48.289
488.28	48.436
488.49	48.425
488.70	49.083
488.91	48.227
489.12	48.817
489.33	47.911
489.54	47.673
489.75	47.595
489.96	48.353
490.17	48.215
490.38	48.029
490.59	47.876
490.80	48.303
491.01	48.546
491.22	48.135
491.43	47.670
491.64	47.681
491.85	48.554
492.06	48.118
492.27	48.096
492.48	48.108
492.69	47.647
492.90	47.502
493.11	47.368
493.32	47.284
493.53	47.620
493.74	47.735
493.95	47.791
494.16	47.383
494.37	47.293
494.58	47.004
494.79	47.397
495.00	46.745
495.21	47.488
495.42	46.638
495.63	47.496
495.84	46.856
496.05	46.880
496.26	47.555
496.47	46.966
496.68	46.660
496.89	47.175
497.10	46.836
497.31	46.714
497.52	47.034
497.73	46.355
497.94	46.811
498.15	46.745
498.36	46.355
498.57	46.971
498.78	46.451
498.99	46.294
499.19	46.472
499.40	46.458
499.61	46.392
499.82	46.325
500.03	45.912
500.24	45.902
500.45	46.307
500.66	46.356
500.87	46.172
501.08	45.733
501.29	46.381
501.50	45.504
501.71	45.565
501.92	46.114
502.13	45.318
502.34	45.558
502.55	45.411
502.76	45.775
502.96	45.565
503.17	45.544
503.38	45.551
503.59	46.283
503.80	45.513
504.01	45.151
504.22	45.161
504.43	45.599
504.64	45.102
504.85	45.424
505.06	45.130
505.27	44.495
505.47	44.418
505.68	44.454
505.89	44.436
506.10	44.111
506.31	44.473
506.52	44.411
506.73	44.319
506.94	44.521
507.15	44.375
507.36	44.150
507.56	43.731
507.77	44.197
507.98	44.279
508.19	43.632
508.40	44.238
508.61	43.876
508.82	43.393
509.03	43.662
509.24	43.522
509.44	43.927
509.65	43.204
509.86	43.341
510.07	43.121
510.28	43.001
510.49	43.024
510.70	43.448
510.91	43.114
511.11	42.485
511.32	42.926
511.53	43.119
511.74	42.653
511.95	42.331
512.16	42.848
512.37	42.753
512.58	42.578
512.78	42.373
512.99	42.530
513.20	42.482
513.41	42.435
513.62	42.318
513.83	42.188
514.04	42.243
514.24	41.976
514.45	41.885
514.66	41.667
514.87	41.742
515.08	41.684
515.29	41.446
515.49	41.348
515.70	41.469
515.91	41.414
516.12	40.972
516.33	40.920
516.54	40.949
516.74	40.855
516.95	40.813
517.16	40.672
517.37	41.010
517.58	40.621
517.79	40.556
517.99	40.519
518.20	40.574
518.41	40.143
518.62	40.293
518.83	40.055
519.03	40.261
519.24	39.976
519.45	39.888
519.66	39.902
519.87	39.645
520.07	39.520
520.28	39.613
520.49	39.616
520.70	39.530
520.91	39.619
521.12	39.567
521.32	39.076
521.53	39.483
521.74	38.628
521.95	39.115
522.15	38.999
522.36	38.935
522.57	38.701
522.78	38.767
522.99	38.905
523.19	38.587
523.40	38.269
523.61	38.282
523.82	38.490
524.03	38.236
524.23	37.886
524.44	37.870
524.65	38.007
524.86	37.644
525.06	38.165
525.27	37.721
525.48	37.741
525.69	37.481
525.89	37.392
526.10	37.210
526.31	37.460
526.52	37.249
526.72	37.066
526.93	37.429
527.14	37.131
527.35	36.839
527.56	36.950
527.76	36.759
527.97	36.793
528.18	36.452
528.38	36.874
528.59	36.374
528.80	36.399
529.01	36.315
529.21	36.285
529.42	35.932
529.63	36.096
529.84	35.896
530.04	35.617
530.25	35.531
530.46	35.622
530.67	35.266
530.87	35.474
531.08	35.148
531.29	35.114
531.50	34.921
531.70	34.714
531.91	34.810
532.12	34.582
532.32	34.363
532.53	34.138
532.74	34.243
532.95	34.316
533.15	34.454
533.36	34.392
533.57	34.293
533.77	33.661
533.98	34.156
534.19	33.297
534.39	33.427
534.60	33.512
534.81	33.354
535.02	33.402
535.22	33.236
535.43	33.337
535.64	33.043
535.84	32.797
536.05	32.978
536.26	32.747
536.46	32.911
536.67	33.252
536.88	32.747
537.08	32.411
537.29	32.362
537.50	32.193
537.70	32.111
537.91	32.209
538.12	32.214
538.33	31.765
538.53	31.812
538.74	31.559
538.95	31.604
539.15	31.714
539.36	31.489
539.57	31.456
539.77	31.263
539.98	30.992
540.18	31.019
540.39	30.779
540.60	30.819
540.80	30.820
541.01	30.737
541.22	30.845
541.42	30.276
541.63	30.378
541.84	30.377
542.04	30.229
542.25	29.751
542.46	30.091
542.66	29.936
542.87	29.682
543.08	29.631
543.28	29.594
543.49	29.342
543.69	29.279
543.90	29.411
544.11	29.073
544.31	28.879
544.52	29.133
544.73	29.098
544.93	28.966
545.14	28.749
545.34	28.553
545.55	28.794
545.76	28.567
545.96	27.904
546.17	28.329
546.38	28.044
546.58	28.098
546.79	28.157
546.99	28.027
547.20	27.693
547.41	27.624
547.61	27.580
547.82	27.373
548.02	27.445
548.23	27.327
548.44	27.197
548.64	27.124
548.85	27.292
549.05	26.905
549.26	26.792
549.47	26.817
549.67	26.431
549.88	26.295
550.08	25.875
550.29	26.456
550.50	26.244
550.70	25.952
550.91	25.786
551.11	25.900
551.32	25.775
551.52	25.573
551.73	25.708
551.94	25.359
552.14	25.103
552.35	24.998
552.55	25.044
552.76	25.195
552.96	24.767
553.17	24.809
553.38	24.815
553.58	24.788
553.79	24.416
553.99	24.228
554.20	24.410
554.40	24.178
554.61	24.068
554.81	23.984
555.02	24.140
555.23	24.074
555.43	23.492
555.64	23.374
555.84	23.705
556.05	23.506
556.25	23.156
556.46	23.031
556.66	22.904
556.87	23.058
557.07	23.082
557.28	22.464
557.48	22.693
557.69	22.716
557.90	22.512
558.10	22.307
558.31	22.313
558.51	22.006
558.72	22.280
558.92	21.951
559.13	21.728
559.33	21.872
559.54	21.732
559.74	21.578
559.95	21.578
560.15	21.557
560.36	21.453
560.56	21.126
560.77	21.224
560.97	21.019
561.18	20.856
561.38	20.855
561.59	20.900
561.79	21.161
562.00	20.648
562.20	20.246
562.41	20.185
562.61	20.290
562.82	20.005
563.02	20.238
563.23	19.977
563.43	19.842
563.64	19.854
563.84	19.613
564.05	19.378
564.25	19.534
564.46	19.428
564.66	19.296
564.87	19.087
565.07	18.920
565.28	18.975
565.48	19.081
565.68	18.750
565.89	18.613
566.09	18.661
566.30	18.494
566.50	18.482
566.71	18.268
566.91	18.091
567.12	18.187
567.32	18.032
567.53	18.130
567.73	17.604
567.94	17.741
568.14	17.706
568.34	17.399
568.55	17.452
568.75	17.330
568.96	17.211
569.16	17.288
569.37	17.106
569.57	16.746
569.78	16.814
569.98	16.618
570.18	16.611
570.39	16.764
570.59	16.253
570.80	16.587
571.00	16.217
571.21	16.174
571.41	15.818
571.61	15.937
571.82	15.765
572.02	16.074
572.23	15.750
572.43	15.868
572.64	15.617
572.84	15.363
573.04	15.281
573.25	15.365
573.45	15.370
573.66	15.048
573.86	14.789
574.06	14.870
574.27	14.847
574.47	14.555
574.68	14.630
574.88	14.545
575.08	14.297
575.29	14.354
575.49	14.110
575.70	14.275
575.90	14.025
576.10	13.981
576.31	13.936
576.51	13.952
576.72	13.701
576.92	13.683
577.12	13.498
577.33	13.338
577.53	13.267
577.73	13.110
577.94	12.980
578.14	13.020
578.35	13.125
578.55	12.860
578.75	12.895
578.96	12.699
579.16	12.698
579.36	12.773
579.57	12.839
579.77	12.321
579.98	12.490
580.18	12.252
580.38	12.205
580.59	12.061
580.79	11.614
580.99	11.791
581.20	11.445
581.40	11.830
581.60	11.736
581.81	11.630
582.01	11.639
582.21	11.321
582.42	11.407
582.62	11.234
582.82	11.264
583.03	11.155
583.23	11.014
583.43	10.900
583.64	10.931
583.84	10.806
584.04	10.764
584.25	10.488
584.45	10.544
584.65	10.341
584.86	10.400
585.06	10.093
585.26	10.265
585.47	10.241
585.67	10.053
585.87	10.024
586.08	9.946
586.28	9.720
586.48	9.735
586.69	9.392
586.89	9.672
587.09	9.493
587.30	9.354
587.50	9.347
587.70	9.222
587.90	9.135
588.11	9.055
588.31	9.083
588.51	9.069
588.72	9.006
588.92	8.745
589.12	8.523
589.33	8.734
589.53	8.552
589.73	8.692
589.93	8.417
590.14	8.425
590.34	8.231
590.54	8.413
590.75	8.016
590.95	8.168
591.15	8.078
591.35	7.849
591.56	7.710
591.76	7.862
591.96	7.718
592.16	7.430
592.37	7.423
592.57	7.544
592.77	7.468
592.97	7.234
593.18	7.114
593.38	7.031
593.58	7.196
593.79	6.959
593.99	6.861
594.19	7.099
594.39	6.701
594.60	6.815
594.80	6.802
595.00	6.631
595.20	6.640
595.41	6.624
595.61	6.534
595.81	6.487
596.01	6.318
596.21	6.404
596.42	6.137
596.62	6.301
596.82	6.125
597.02	6.005
597.23	5.879
597.43	5.775
597.63	5.769
597.83	5.667
598.04	5.608
598.24	5.669
598.44	5.644
598.64	5.524
598.84	5.581
599.05	5.488
599.25	5.107
599.45	5.508
599.65	5.304
599.85	5.213
600.06	4.978
600.26	5.037
600.46	5.176
600.66	4.863
600.87	4.992
601.07	4.855
601.27	4.777
601.47	4.744
601.67	4.706
601.87	4.570
602.08	4.425
602.28	4.598
602.48	4.421
602.68	4.345
602.88	4.369
603.09	4.140
603.29	4.391
603.49	4.035
603.69	4.127
603.89	4.258
604.10	3.903
604.30	3.969
604.50	3.944
604.70	3.868
604.90	3.896
605.10	3.692
605.31	3.646
605.51	3.432
605.71	3.684
605.91	3.642
606.11	3.563
606.31	3.541
606.52	3.492
606.72	3.347
606.92	3.387
607.12	3.287
607.32	3.417
607.52	3.214
607.72	3.143
607.93	3.130
608.13	3.122
608.33	3.047
608.53	2.956
608.73	2.920
608.93	2.859
609.13	2.921
609.34	2.904
609.54	2.618
609.74	2.516
609.94	2.701
610.14	2.724
610.34	2.556
610.54	2.583
610.74	2.449
610.95	2.430
611.15	2.353
611.35	2.230
611.55	2.164
611.75	2.180
611.95	2.405
612.15	2.131
612.35	2.225
612.56	2.038
612.76	2.221
612.96	1.884
613.16	2.135
613.36	2.111
613.56	2.064
613.76	1.942
613.96	1.911
614.16	1.839
614.36	1.757
614.57	1.792
614.77	1.805
614.97	1.802
615.17	1.629
615.37	1.653
615.57	1.650
615.77	1.463
615.97	1.562
616.17	1.567
616.37	1.428
616.57	1.496
616.78	1.415
616.98	1.419
617.18	1.328
617.38	1.278
617.58	1.495
617.78	1.358
617.98	1.354
618.18	1.224
618.38	1.204
618.58	1.179
618.78	1.074
618.98	1.130
619.18	1.259
619.38	1.061
619.58	1.044
619.79	0.971
619.99	1.016
620.19	1.042
620.39	0.867
620.59	0.875
620.79	0.832
620.99	0.779
621.19	0.799
621.39	0.889
621.59	0.941
621.79	0.710
621.99	0.763
622.19	0.833
622.39	0.813
622.59	0.717
622.79	0.669
622.99	0.801
623.19	0.573
623.39	0.592
623.59	0.719
623.79	0.463
623.99	0.637
624.19	0.567
624.39	0.531
624.59	0.763
624.79	0.326
624.99	0.645
625.19	0.549
625.39	0.455
625.59	0.222
625.79	0.484
625.99	0.455
626.19	0.190
626.39	0.322
626.59	0.284
626.79	0.345
626.99	0.259
627.19	0.217
627.39	0.154
627.59	0.255
627.79	0.138
627.99	0.501
628.19	0.103
628.39	0.165
628.59	0.095
628.79	0.312
628.99	0.086
629.19	0.212
629.39	0.237
629.59	0.051
629.79	0.234
629.99	0.121
630.19	0.122
630.39	0.202
630.59	0.070
630.79	0.198
630.99	0.239
631.19	0.212
631.39	0.109
631.59	0.144
631.79	0.218
631.99	0.086
632.19	0.150
632.39	0.138
632.59	0.025
632.79	0.084
632.99	0.126
633.19	-0.087
633.39	0.175
633.58	0.130
633.78	-0.011
633.98	-0.031
634.18	-0.119
634.38	0.151
634.58	-0.077
634.78	0.067
634.98	-0.007
635.18	-0.095
635.38	-0.053
635.58	-0.075
635.78	-0.027
635.98	0.210
636.18	0.152
636.38	-0.118
636.57	-0.002
636.77	0.090
636.97	0.042
637.17	0.094
637.37	0.010
637.57	0.124
637.77	0.162
637.97	0.242
638.17	0.224
638.37	0.217
638.57	0.146
638.76	0.141
638.96	0.107
639.16	0.060
639.36	0.109
639.56	0.085
639.76	0.080
639.96	0.222
640.16	0.072
640.36	0.129
640.56	0.213
640.75	0.270
640.95	0.200
641.15	0.067
641.35	0.074
641.55	0.086
641.75	0.069
641.95	0.217
642.15	0.147
642.34	0.253
642.54	0.407
642.74	0.278
642.94	0.345
643.14	0.308
643.34	0.086
643.54	0.445
643.74	0.188
643.93	0.340
644.13	0.158
644.33	0.335
644.53	0.216
644.73	0.473
644.93	0.398
645.13	0.363
645.32	0.372
645.52	0.328
645.72	0.464
645.92	0.455
646.12	0.446
646.32	0.336
646.52	0.365
646.71	0.557
646.91	0.522
647.11	0.482
647.31	0.546
647.51	0.608
647.71	0.536
647.90	0.502
648.10	0.557
648.30	0.637
648.50	0.750
648.70	0.636
648.89	0.700
649.09	0.858
649.29	0.809
649.49	0.769
649.69	0.866
649.89	0.752
650.08	0.730
650.28	0.631
650.48	0.998
650.68	1.065
650.88	0.826
651.07	0.892
651.27	0.802
651.47	0.898
651.67	0.875
651.87	0.966
652.06	0.996
652.26	1.093
652.46	0.975
652.66	1.202
652.86	1.127
653.05	1.058
653.25	1.146
653.45	1.163
653.65	1.110
653.85	1.261
654.04	1.465
654.24	1.290
654.44	1.075
654.64	1.316
654.83	1.132
655.03	1.384
655.23	1.330
655.43	1.355
655.63	1.310
655.82	1.454
656.02	1.494
656.22	1.434
656.42	1.611
656.61	1.498
656.81	1.502
657.01	1.407
657.21	1.671
657.40	1.617
657.60	1.762
657.80	1.826
658.00	1.741
658.19	1.760
658.39	1.836
658.59	1.819
658.79	1.874
658.98	1.816
659.18	1.834
659.38	1.954
659.58	2.007
659.77	1.902
659.97	1.950
660.17	2.133
660.36	2.096
660.56	2.038
660.76	2.077
660.96	2.118
661.15	2.076
661.35	2.168
661.55	2.148
661.75	2.295
661.94	2.378
662.14	2.511
662.34	2.290
662.53	2.541
662.73	2.261
662.93	2.455
663.13	2.526
663.32	2.557
663.52	2.628
663.72	2.654
663.91	2.848
664.11	2.653
664.31	2.683
664.50	2.659
664.70	2.755
664.90	2.753
665.10	2.886
665.29	2.783
665.49	3.026
665.69	3.039
665.88	3.016
666.08	3.022
666.28	3.168
666.47	2.974
666.67	3.130
666.87	3.279
667.06	3.253
667.26	3.227
667.46	3.362
667.65	3.343
667.85	3.297
668.05	3.236
668.24	3.347
668.44	3.518
668.64	3.359
668.83	3.482
669.03	3.493
669.23	3.598
669.42	3.482
669.62	3.722
669.82	3.730
670.01	3.733
670.21	3.791
670.41	3.929
670.60	3.884
670.80	3.873
671.00	3.918
671.19	3.969
671.39	3.955
671.58	4.014
671.78	4.000
671.98	4.055
672.17	4.031
672.37	4.266
672.57	4.202
672.76	4.322
672.96	4.271
673.15	4.356
673.35	4.468
673.55	4.566
673.74	4.512
673.94	4.378
674.14	4.462
674.33	4.623
674.53	4.625
674.72	4.706
674.92	4.757
675.12	4.812
675.31	4.672
675.51	4.863
675.70	4.789
675.90	4.861
676.10	4.927
676.29	5.047
676.49	5.179
676.68	5.160
676.88	5.218
677.08	5.187
677.27	5.300
677.47	5.318
677.66	5.366
677.86	5.263
678.06	5.308
678.25	5.305
678.45	5.362
678.64	5.490
678.84	5.696
679.03	5.605
679.23	5.657
679.43	5.668
679.62	5.600
679.82	5.818
680.01	5.850
680.21	5.808
680.40	5.988
680.60	5.893
680.80	6.023
680.99	6.045
681.19	6.026
681.38	6.189
681.58	6.105
681.77	6.286
681.97	6.167
682.16	6.236
682.36	6.432
682.56	6.393
682.75	6.284
682.95	6.409
683.14	6.421
683.34	6.563
683.53	6.628
683.73	6.456
683.92	6.601
684.12	6.786
684.31	6.759
684.51	6.857
684.70	6.739
684.90	7.052
685.10	6.832
685.29	7.002
685.49	7.027
685.68	7.079
685.88	7.063
686.07	7.112
686.27	7.232
686.46	7.307
686.66	7.211
686.85	7.227
687.05	7.402
687.24	7.469
687.44	7.571
687.63	7.508
687.83	7.623
688.02	7.664
688.22	7.594
688.41	7.678
688.61	7.640
688.80	7.779
689.00	7.819
689.19	7.818
689.39	7.896
689.58	7.941
689.78	7.973
689.97	7.999
690.17	8.106
690.36	8.056
690.56	8.124
690.75	8.264
690.95	8.278
691.14	8.317
691.34	8.338
691.53	8.411
691.72	8.592
691.92	8.530
692.11	8.410
692.31	8.498
692.50	8.661
692.70	8.637
692.89	8.876
693.09	8.903
693.28	8.890
693.48	9.024
693.67	8.911
693.87	9.084
694.06	9.042
694.25	8.982
694.45	9.106
694.64	9.176
694.84	9.256
695.03	9.270
695.23	9.378
695.42	9.425
695.62	9.472
695.81	9.403
696.00	9.637
696.20	9.703
696.39	9.622
696.59	9.676
696.78	9.634
696.98	9.812
697.17	9.696
697.36	9.778
697.56	9.940
697.75	9.908
697.95	9.987
698.14	9.994
698.34	10.099
698.53	10.194
698.72	10.374
698.92	10.347
699.11	10.240
699.31	10.345
699.50	10.432
699.69	10.510
699.89	10.460
700.08	10.619
700.28	10.648
700.47	10.742
700.66	10.640
700.86	10.654
701.05	10.758
701.25	10.849
701.44	11.047
701.63	10.876
701.83	10.929
702.02	11.038
702.21	11.112
702.41	11.224
702.60	11.066
702.80	11.271
702.99	11.237
703.18	11.321
703.38	11.078
703.57	11.216
703.77	11.384
703.96	11.325
704.15	11.443
704.35	11.403
704.54	11.539
704.73	11.672
704.93	11.646
705.12	11.778
705.31	11.886
705.51	11.853
705.70	12.043
705.89	11.976
706.09	11.957
706.28	12.043
706.48	12.034
706.67	12.204
706.86	12.197
707.06	12.131
707.25	12.414
707.44	12.421
707.64	12.389
707.83	12.526
708.02	12.562
708.22	12.607
708.41	12.575
708.60	12.661
708.80	12.619
708.99	12.590
709.18	12.635
709.38	12.807
709.57	12.870
709.76	12.968
709.95	12.965
710.15	12.884
710.34	13.058
710.53	13.075
710.73	13.265
710.92	13.204
711.11	13.267
711.31	13.202
711.50	13.301
711.69	13.332
711.89	13.377
712.08	13.425
712.27	13.418
712.46	13.564
712.66	13.701
712.85	13.571
713.04	13.795
713.24	13.804
713.43	13.881
713.62	13.955
713.81	13.910
714.01	13.962
714.20	14.059
714.39	14.058
714.59	14.173
714.78	14.073
714.97	14.092
715.16	14.234
715.36	14.223
715.55	14.261
715.74	14.427
715.93	14.484
716.13	14.564
716.32	14.546
716.51	14.527
716.71	14.676
716.90	14.765
717.09	14.880
717.28	14.846
717.48	14.839
717.67	14.829
717.86	14.878
718.05	14.832
718.25	14.951
718.44	15.208
718.63	15.079
718.82	15.044
719.02	15.153
719.21	15.195
719.40	15.172
719.59	15.371
719.78	15.471
719.98	15.393
720.17	15.508
720.36	15.612
720.55	15.524
720.75	15.535
720.94	15.747
721.13	15.794
721.32	15.795
721.51	15.816
721.71	15.914
721.90	16.112
722.09	16.099
722.28	16.090
722.48	16.074
722.67	16.256
722.86	16.168
723.05	16.174
723.24	16.290
723.44	16.389
723.63	16.336
723.82	16.462
724.01	16.612
724.20	16.583
724.40	16.577
724.59	16.604
724.78	16.592
724.97	16.727
725.16	16.800
725.35	16.900
725.55	16.938
725.74	16.945
725.93	16.943
726.12	16.984
726.31	17.043
726.51	17.056
726.70	16.993
726.89	17.158
727.08	17.239
727.27	17.340
727.46	17.233
727.66	17.250
727.85	17.431
728.04	17.471
728.23	17.573
728.42	17.572
728.61	17.639
728.81	17.647
729.00	17.723
729.19	17.649
729.38	17.875
729.57	17.855
729.76	17.824
729.95	17.890
730.15	17.930
730.34	17.983
730.53	18.162
730.72	18.054
730.91	18.082
731.10	18.146
731.29	18.246
731.49	18.340
731.68	18.333
731.87	18.311
732.06	18.284
732.25	18.335
732.44	18.485
732.63	18.510
732.82	18.626
733.02	18.509
733.21	18.549
733.40	18.576
733.59	18.657
733.78	18.587
733.97	18.710
734.16	18.669
734.35	18.889
734.54	19.007
734.74	18.992
734.93	19.068
735.12	19.269
735.31	19.283
735.50	19.112
735.69	19.100
735.88	19.207
736.07	19.327
736.26	19.301
736.45	19.465
736.64	19.512
736.84	19.549
737.03	19.517
737.22	19.443
737.41	19.578
737.60	19.715
737.79	19.702
737.98	19.783
738.17	19.981
738.36	19.891
738.55	20.019
738.74	19.943
738.93	19.985
739.12	19.972
739.32	20.029
739.51	20.033
739.70	20.148
739.89	20.159
740.08	20.150
740.27	20.190
740.46	20.088
740.65	20.181
740.84	20.270
741.03	20.194
741.22	20.419
741.41	20.411
741.60	20.582
741.79	20.625
741.98	20.672
742.17	20.794
742.36	20.640
742.55	20.836
742.74	20.837
742.93	21.017
743.12	20.980
743.31	20.982
743.51	21.163
743.70	21.121
743.89	21.189
744.08	21.045
744.27	21.289
744.46	21.161
744.65	21.259
744.84	21.285
745.03	21.094
745.22	21.346
745.41	21.348
745.60	21.447
745.79	21.445
745.98	21.609
746.17	21.526
746.36	21.767
746.55	21.627
746.74	21.765
746.93	21.607
747.12	21.735
747.31	21.846
747.50	21.834
747.69	22.033
747.88	21.942
748.07	22.040
748.26	22.123
748.45	22.090
748.64	22.174
748.83	22.308
749.02	22.221
749.21	22.325
749.40	22.250
749.59	22.444
749.77	22.518
749.96	22.399
750.15	22.402
750.34	22.444
750.53	22.427
750.72	22.516
750.91	22.459
751.10	22.615
751.29	22.636
751.48	22.525
751.67	22.605
751.86	22.678
752.05	22.663
752.24	22.886
752.43	22.913
752.62	23.073
752.81	23.093
753.00	23.119
753.19	23.261
753.38	23.188
753.57	23.210
753.76	23.290
753.94	23.264
754.13	23.283
754.32	23.476
754.51	23.253
754.70	23.223
754.89	23.272
755.08	23.503
755.27	23.620
755.46	23.552
755.65	23.494
755.84	23.530
756.03	23.749
756.22	23.749
756.40	23.700
756.59	23.833
756.78	23.767
756.97	24.001
757.16	23.896
757.35	24.045
757.54	24.203
757.73	24.081
757.92	24.250
758.11	24.251
758.29	24.309
758.48	24.642
758.67	24.600
758.86	24.530
759.05	24.495
759.24	24.440
759.43	24.376
759.62	24.308
759.81	24.467
759.99	24.528
760.18	24.768
760.37	24.790
760.56	24.867
760.75	24.929
760.94	24.885
761.13	24.863
761.32	24.864
761.50	24.792
761.69	24.837
761.88	25.042
762.07	25.076
762.26	25.178
762.45	25.159
762.64	25.096
762.82	25.173
763.01	25.143
763.20	25.158
763.39	25.213
763.58	25.320
763.77	25.293
763.96	25.228
764.14	25.378
764.33	25.319
764.52	25.407
764.71	25.336
764.90	25.313
765.09	25.551
765.27	25.537
765.46	25.679
765.65	25.665
765.84	25.491
766.03	25.743
766.22	25.655
766.40	25.672
766.59	25.668
766.78	25.776
766.97	25.934
767.16	25.906
767.35	25.847
767.53	26.092
767.72	25.991
767.91	26.183
768.10	26.089
768.29	26.055
768.47	25.940
768.66	26.044
768.85	26.154
769.04	26.288
769.23	26.145
769.41	26.173
769.60	26.226
769.79	26.351
769.98	26.462
770.17	26.429
770.35	26.460
770.54	26.576
770.73	26.640
770.92	26.736
771.10	26.692
771.29	26.698
771.48	26.829
771.67	26.790
771.86	26.886
772.04	26.903
772.23	26.818
772.42	26.823
772.61	26.966
772.79	26.939
772.98	27.186
773.17	27.162
773.36	27.243
773.54	27.208
773.73	27.246
773.92	27.149
774.11	27.181
774.30	27.128
774.48	27.244
774.67	27.398
774.86	27.584
775.05	27.525
775.23	27.577
775.42	27.546
775.61	27.588
775.79	27.663
775.98	27.679
776.17	27.530
776.36	27.518
776.54	27.510
776.73	27.521
776.92	27.624
777.11	27.683
777.29	27.785
777.48	27.741
777.67	27.905
777.85	28.011
778.04	27.975
778.23	27.952
778.42	27.892
778.60	28.012
778.79	27.924
778.98	28.179
779.16	27.908
779.35	28.143
779.54	28.127
779.73	28.320
779.91	28.170
780.10	28.282
780.29	28.174
780.47	28.246
780.66	28.201
780.85	28.308
781.03	28.388
781.22	28.362
781.41	28.428
781.60	28.413
781.78	28.567
781.97	28.562
782.16	28.654
782.34	28.510
782.53	28.543
782.72	28.731
782.90	28.750
783.09	28.812
783.28	28.870
783.46	28.733
783.65	28.780
783.84	28.659
784.02	28.741
784.21	28.806
784.40	28.869
784.58	28.862
784.77	28.906
784.96	29.154
785.14	29.113
785.33	29.089
785.52	29.105
785.70	29.129
785.89	29.146
786.08	29.240
786.26	29.342
786.45	29.245
786.63	29.368
786.82	29.431
787.01	29.240
787.19	29.397
787.38	29.474
787.57	29.325
787.75	29.404
787.94	29.516
788.13	29.507
788.31	29.642
788.50	29.638
788.68	29.564
788.87	29.576
789.06	29.823
789.24	29.863
789.43	29.967
789.61	29.814
789.80	30.044
789.99	30.073
790.17	29.994
790.36	30.003
790.55	29.981
790.73	30.012
790.92	29.938
791.10	30.044
791.29	30.074
791.48	30.132
791.66	30.068
791.85	30.068
792.03	30.315
792.22	30.321
792.40	30.370
792.59	30.380
792.78	30.505
792.96	30.374
793.15	30.478
793.33	30.468
793.52	30.430
793.71	30.419
793.89	30.462
794.08	30.635
794.26	30.675
794.45	30.673
794.63	30.745
794.82	30.584
795.01	30.718
795.19	30.561
795.38	30.676
795.56	30.795
795.75	30.864
795.93	31.025
796.12	31.045
796.30	31.051
796.49	31.052
796.68	30.983
796.86	30.963
797.05	30.821
797.23	30.943
797.42	31.063
797.60	30.966
797.79	31.016
797.97	31.142
798.16	31.090
798.34	31.142
798.53	31.277
798.71	31.278
798.90	31.307
799.08	31.317
799.27	31.214
799.46	31.376
799.64	31.468
799.83	31.579
800.01	31.545
800.20	31.455
800.38	31.602
800.57	31.526
800.75	31.578
800.94	31.618
801.12	31.577
801.31	31.656
801.49	31.601
801.68	31.755
801.86	31.696
802.05	31.707
802.23	31.899
802.42	31.996
802.60	31.909
802.79	31.874
802.97	32.013
803.16	31.902
803.34	31.898
803.53	31.990
803.71	32.032
803.90	31.870
804.08	31.725
804.27	31.799
804.45	31.906
804.63	31.836
804.82	31.882
805.00	31.849
805.19	31.944
805.37	31.850
805.56	31.925
805.74	31.983
805.93	31.870
806.11	32.009
806.30	32.098
806.48	32.085
806.67	32.297
806.85	32.427
807.04	32.440
807.22	32.569
807.40	32.406
807.59	32.497
807.77	32.336
807.96	32.421
808.14	32.355
808.33	32.530
808.51	32.567
808.69	32.401
808.88	32.473
809.06	32.586
809.25	32.501
809.43	32.499
809.62	32.444
809.80	32.282
809.99	32.216
810.17	32.424
810.35	32.445
810.54	32.675
810.72	32.697
810.91	32.750
811.09	32.829
811.27	32.900
811.46	32.841
811.64	32.792
811.83	32.847
812.01	32.771
812.19	32.864
812.38	32.954
812.56	32.950
812.75	32.922
812.93	32.890
813.11	32.818
813.30	32.765
813.48	32.875
813.67	33.036
813.85	33.107
814.03	33.129
814.22	33.090
814.40	33.174
814.59	33.146
814.77	33.141
814.95	32.940
815.14	33.056
815.32	33.040
815.50	33.280
815.69	33.500
815.87	33.267
816.06	33.465
816.24	33.365
816.42	33.335
816.61	33.264
816.79	33.238
816.97	33.345
817.16	33.260
817.34	33.358
817.52	33.307
817.71	33.378
817.89	33.429
818.07	33.444
818.26	33.552
818.44	33.561
818.63	33.551
818.81	33.536
818.99	33.548
819.18	33.657
819.36	33.675
819.54	33.736
819.73	33.619
819.91	33.723
820.09	33.632
820.28	33.673
820.46	33.802
820.64	33.745
820.83	33.874
821.01	33.835
821.19	33.786
821.37	33.744
821.56	33.769
821.74	33.618
821.92	33.867
822.11	33.930
822.29	34.037
822.47	33.934
822.66	34.026
822.84	34.048
823.02	34.020
823.21	33.966
823.39	34.032
823.57	34.155
823.75	34.012
823.94	34.099
824.12	34.138
824.30	33.985
824.49	34.004
824.67	33.979
824.85	34.024
825.03	34.262
825.22	34.285
825.40	34.355
825.58	34.235
825.77	34.205
825.95	34.276
826.13	34.089
826.31	34.047
826.50	34.031
826.68	34.127
826.86	34.186
827.04	34.014
827.23	34.195
827.41	34.240
827.59	34.157
827.78	34.223
827.96	34.520
828.14	34.587
828.32	34.507
828.51	34.478
828.69	34.535
828.87	34.545
829.05	34.494
829.23	34.514
829.42	34.476
829.60	34.467
829.78	34.465
829.96	34.442
830.15	34.478
830.33	34.572
830.51	34.610
830.69	34.614
830.88	34.537
831.06	34.647
831.24	34.346
831.42	34.483
831.60	34.267
831.79	34.532
831.97	34.832
832.15	34.903
832.33	34.933
832.52	34.851
832.70	34.941
832.88	34.882
833.06	34.751
833.24	34.637
833.43	34.600
833.61	34.626
833.79	34.473
833.97	34.694
834.15	34.667
834.34	34.936
834.52	34.758
834.70	34.807
834.88	34.838
835.06	34.927
835.25	34.896
835.43	34.979
835.61	34.961
835.79	35.000
835.97	34.804
836.15	34.887
836.34	35.214
836.52	35.020
836.70	35.044
836.88	34.942
837.06	35.035
837.24	34.997
837.43	35.084
837.61	35.091
837.79	35.108
837.97	35.104
838.15	35.272
838.33	35.179
838.52	35.317
838.70	35.329
838.88	35.234
839.06	35.237
839.24	35.390
839.42	35.403
839.60	35.422
839.79	35.444
839.97	35.444
840.15	35.777
840.33	35.691
840.51	35.773
840.69	35.859
840.87	35.622
841.06	35.544
841.24	35.593
841.42	35.536
841.60	35.581
841.78	35.645
841.96	35.670
842.14	35.731
842.32	35.594
842.51	35.826
842.69	35.624
842.87	35.660
843.05	35.644
843.23	35.941
843.41	35.861
843.59	35.850
843.77	35.727
843.95	35.804
844.14	35.867
844.32	35.701
844.50	35.806
844.68	35.635
844.86	35.888
845.04	35.921
845.22	35.954
845.40	35.950
845.58	35.956
845.76	35.927
845.94	36.036
846.12	36.174
846.31	36.040
846.49	35.945
846.67	35.853
846.85	35.746
847.03	35.850
847.21	35.714
847.39	35.870
847.57	35.740
847.75	35.880
847.93	35.795
848.11	35.800
848.29	35.731
848.47	35.672
848.65	35.833
848.83	35.766
849.02	35.783
849.20	35.793
849.38	35.978
849.56	36.095
849.74	36.004
849.92	36.003
850.10	35.970
850.28	36.000
850.46	36.204
850.64	36.194
850.82	36.095
851.00	36.247
851.18	36.099
851.36	36.163
851.54	36.119
851.72	36.156
851.90	36.165
852.08	35.827
852.26	35.956
852.44	36.066
852.62	35.957
852.80	35.863
852.98	36.300
853.16	36.130
853.34	35.930
853.52	36.135
853.70	36.221
853.88	36.172
854.06	35.993
854.24	36.067
854.42	36.239
854.60	36.228
854.78	36.142
854.96	36.155
855.14	36.285
855.32	36.148
855.50	35.955
855.68	35.872
855.86	35.817
856.04	35.827
856.22	35.936
856.40	36.101
856.58	35.954
856.76	36.145
856.94	36.227
857.12	36.313
857.30	36.354
857.48	36.596
857.66	36.278
857.84	36.190
858.02	36.231
858.20	36.357
858.38	36.251
858.56	36.425
858.74	36.382
858.92	36.308
859.10	36.548
859.28	36.521
859.46	36.580
859.64	36.624
859.81	36.811
859.99	36.607
860.17	36.591
860.35	36.680
860.53	36.620
860.71	36.690
860.89	36.619
861.07	36.582
861.25	36.421
861.43	36.369
861.61	36.452
861.79	36.469
861.97	36.582
862.15	36.578
862.33	36.736
862.50	36.482
862.68	36.499
862.86	36.637
863.04	36.501
863.22	36.604
863.40	36.634
863.58	36.617
863.76	36.640
863.94	36.686
864.12	36.705
864.30	36.491
864.47	36.453
864.65	36.725
864.83	36.674
865.01	36.926
865.19	36.860
865.37	36.746
865.55	36.836
865.73	36.869
865.91	36.899
866.09	36.950
866.26	36.769
866.44	36.497
866.62	36.559
866.80	36.451
866.98	36.512
867.16	36.718
867.34	36.652
867.52	36.758
867.69	36.643
867.87	36.655
868.05	36.646
868.23	36.801
868.41	36.920
868.59	36.952
868.77	36.809
868.94	36.844
869.12	36.692
869.30	36.808
869.48	36.629
869.66	36.649
869.84	36.589
870.02	36.766
870.19	36.565
870.37	36.570
870.55	36.468
870.73	36.633
870.91	36.849
871.09	36.910
871.26	36.981
871.44	36.855
871.62	36.784
871.80	36.942
871.98	36.644
872.16	36.652
872.33	36.488
872.51	36.575
872.69	36.673
872.87	36.342
873.05	36.421
873.22	36.437
873.40	36.699
873.58	36.504
873.76	36.545
873.94	36.656
874.12	36.653
874.29	37.011
874.47	36.853
874.65	36.771
874.83	36.587
875.01	36.939
875.18	36.870
875.36	36.814
875.54	36.605
875.72	36.780
875.89	36.753
876.07	36.441
876.25	36.496
876.43	36.512
876.61	36.781
876.78	37.119
876.96	37.063
877.14	37.084
877.32	36.881
877.49	36.801
877.67	36.563
877.85	36.705
878.03	36.610
878.21	36.541
878.38	36.746
878.56	36.842
878.74	36.726
878.92	36.881
879.09	36.969
879.27	36.918
879.45	37.110
879.63	37.111
879.80	37.162
879.98	37.093
880.16	37.408
880.34	37.332
880.51	37.362
880.69	37.193
880.87	36.868
881.05	37.232
881.22	37.202
881.40	37.013
881.58	37.118
881.75	37.112
881.93	37.185
882.11	37.113
882.29	37.410
882.46	37.354
882.64	37.352
882.82	37.197
883.00	36.960
883.17	36.866
883.35	36.865
883.53	36.856
883.70	36.801
883.88	36.707
884.06	36.370
884.23	36.488
884.41	36.528
884.59	36.613
884.77	36.814
884.94	37.254
885.12	37.383
885.30	37.514
885.47	37.541
885.65	37.409
885.83	37.205
886.00	37.103
886.18	37.004
886.36	37.090
886.53	36.922
886.71	36.926
886.89	36.917
887.07	37.033
887.24	37.043
887.42	37.112
887.60	37.198
887.77	37.394
887.95	37.103
888.13	37.203
888.30	37.251
888.48	37.408
888.66	37.411
888.83	37.468
889.01	37.191
889.18	37.143
889.36	37.019
889.54	36.899
889.71	37.115
889.89	37.018
890.07	37.196
890.24	37.126
890.42	37.248
890.60	37.357
890.77	37.460
890.95	37.722
891.13	37.692
891.30	37.685
891.48	37.710
891.65	37.632
891.83	37.869
892.01	38.026
892.18	37.883
892.36	37.771
892.54	37.824
892.71	37.506
892.89	37.723
893.06	37.673
893.24	37.310
893.42	37.249
893.59	37.356
893.77	37.275
893.94	37.203
894.12	37.365
894.30	37.258
894.47	37.277
894.65	37.161
894.82	37.395
895.00	37.776
895.18	37.645
895.35	37.565
895.53	37.497
895.70	37.500
895.88	37.320
896.06	37.228
896.23	37.599
896.41	37.490
896.58	37.251
896.76	37.314
896.93	37.480
897.11	37.373
897.29	37.409
897.46	37.445
897.64	37.480
897.81	37.387
897.99	37.351
898.16	37.003
898.34	37.136
898.52	37.400
898.69	37.145
898.87	37.187
899.04	37.310
899.22	37.129
899.39	37.410
899.57	37.480
899.74	37.422
899.92	37.683
900.10	37.863
900.27	37.674
900.45	37.885
900.62	37.659
900.80	37.952
900.97	37.824
901.15	37.676
901.32	37.790
901.50	37.638
901.67	37.472
901.85	37.236
902.02	37.439
902.20	37.605
902.37	37.591
902.55	37.527
902.72	37.475
902.90	37.761
903.07	37.459
903.25	37.624
903.43	37.440
903.60	37.569
903.78	37.646
903.95	37.511
904.13	37.441
904.30	37.604
904.48	37.608
904.65	37.627
904.83	37.512
905.00	37.521
905.17	37.252
905.35	37.300
905.52	37.004
905.70	37.209
905.87	37.363
906.05	37.105
906.22	37.248
906.40	37.032
906.57	37.078
906.75	36.946
906.92	36.892
907.10	37.178
907.27	37.070
907.45	36.989
907.62	37.346
907.80	37.468
907.97	37.387
908.15	37.164
908.32	37.178
908.49	37.328
908.67	37.447
908.84	37.383
909.02	37.559
909.19	37.556
909.37	37.522
909.54	37.351
909.72	37.592
909.89	37.498
910.07	37.289
910.24	37.373
910.41	37.698
910.59	37.548
910.76	37.555
910.94	37.546
911.11	37.459
911.29	37.713
911.46	37.572
911.63	37.482
911.81	37.408
911.98	37.340
912.16	37.246
912.33	37.261
912.50	37.226
912.68	37.252
912.85	37.096
913.03	37.268
913.20	37.406
913.38	37.494
913.55	37.349
913.72	37.497
913.90	37.494
914.07	37.561
914.25	37.480
914.42	37.233
914.59	37.406
914.77	37.291
914.94	37.601
915.11	37.561
915.29	37.771
915.46	37.767
915.64	37.757
915.81	37.616
915.98	37.369
916.16	37.281
916.33	37.250
916.51	37.317
916.68	37.095
916.85	37.120
917.03	36.934
917.20	36.971
917.37	36.881
917.55	37.074
917.72	37.309
917.89	37.277
918.07	37.717
918.24	37.127
918.42	37.278
918.59	37.388
918.76	37.436
918.94	37.408
919.11	37.520
919.28	37.318
919.46	37.250
919.63	37.214
919.80	36.893
919.98	37.111
920.15	37.001
920.32	36.761
920.50	36.430
920.67	36.581
920.84	36.719
921.02	37.023
921.19	37.175
921.36	37.323
921.54	37.342
921.71	37.631
921.88	37.385
922.06	36.537
922.23	37.558
922.40	37.372
922.57	37.122
922.75	37.484
922.92	37.470
923.09	37.481
923.27	37.284
923.44	37.420
923.61	37.477
923.79	37.682
923.96	37.501
924.13	37.467
924.30	37.281
924.48	37.322
924.65	37.485
924.82	37.508
925.00	37.542
925.17	37.341
925.34	37.509
925.51	37.630
925.69	37.588
925.86	37.694
926.03	37.492
926.21	37.337
926.38	37.252
926.55	37.274
926.72	37.156
926.90	37.302
927.07	37.396
927.24	36.998
927.41	37.331
927.59	37.351
927.76	37.300
927.93	37.359
928.10	37.579
928.28	37.336
928.45	37.487
928.62	37.241
928.79	37.070
928.97	37.034
929.14	37.423
929.31	36.975
929.48	37.533
929.66	37.332
929.83	37.705
930.00	37.319
930.17	37.713
930.34	37.064
930.52	37.472
930.69	37.052
930.86	37.242
931.03	36.770
931.21	36.842
931.38	37.018
931.55	36.860
931.72	36.616
931.89	36.798
932.07	37.241
932.24	36.853
932.41	36.837
932.58	37.012
932.75	37.177
932.93	37.078
933.10	37.436
933.27	36.913
933.44	37.069
933.61	36.806
933.79	37.227
933.96	37.075
934.13	36.901
934.30	36.392
934.47	37.007
934.65	36.439
934.82	36.647
934.99	37.038
935.16	36.845
935.33	37.434
935.50	37.362
935.68	37.267
935.85	37.293
936.02	37.465
936.19	37.638
936.36	37.408
936.53	37.269
936.71	37.633
936.88	37.340
937.05	36.977
937.22	37.001
937.39	37.363
937.56	37.081
937.74	36.558
937.91	37.011
938.08	37.076
938.25	36.691
938.42	37.059
938.59	37.414
938.76	36.628
938.94	36.851
939.11	36.702
939.28	36.979
939.45	37.222
939.62	36.644
939.79	36.996
939.96	36.617
940.13	36.910
940.31	36.742
940.48	36.793
940.65	36.793
940.82	36.258
940.99	36.209
941.16	36.131
941.33	36.556
941.50	36.505
941.67	36.475
941.85	36.345
942.02	36.093
942.19	35.880
942.36	35.710
942.53	36.235
942.70	36.470
942.87	36.354
943.04	36.263
943.21	36.069
943.38	36.369
943.56	36.426
943.73	36.418
943.90	36.571
944.07	36.954
944.24	36.977
944.41	36.640
944.58	36.770
944.75	36.909
944.92	36.588
945.09	36.780
945.26	37.053
945.43	37.009
945.60	36.754
945.78	37.275
945.95	36.604
946.12	36.580
946.29	37.002
946.46	36.217
946.63	37.054
946.80	36.763
946.97	36.981
947.14	36.719
947.31	37.595
947.48	37.482
947.65	37.284
947.82	37.375
947.99	36.917
948.16	37.246
948.33	37.289
948.50	37.257
948.67	37.089
948.84	37.118
949.01	36.511
949.18	37.170
949.35	37.309
949.52	37.369
949.69	37.258
949.86	36.868
950.03	36.772
950.20	36.622
950.38	36.133
950.55	36.426
950.72	36.270
950.89	36.447
951.06	35.830
951.23	36.014
951.40	35.727
951.57	36.414
951.74	36.180
951.91	35.946
952.08	36.235
952.25	36.330
952.42	36.350
952.59	36.726
952.76	36.637
952.92	36.409
953.09	36.370
953.26	35.868
953.43	36.637
953.60	36.160
953.77	36.701
953.94	36.266
954.11	36.498
954.28	36.224
954.45	36.146
954.62	36.313
954.79	35.956
954.96	36.378
955.13	36.257
955.30	35.611
955.47	36.306
955.64	36.265
955.81	35.901
955.98	36.501
956.15	35.940
956.32	36.811
956.49	35.642
956.66	36.791
956.83	35.848
957.00	36.101
957.17	36.223
957.33	35.943
957.50	35.727
957.67	36.371
957.84	35.734
958.01	35.949
958.18	36.283
958.35	36.646
958.52	36.111
958.69	36.297
958.86	36.638
959.03	35.976
959.20	35.959
959.37	35.651
959.53	36.096
959.70	36.443
959.87	36.399
960.04	36.112
960.21	36.710
960.38	36.328
960.55	35.961
960.72	35.870
960.89	35.983
961.06	35.831
961.23	35.980
961.39	36.020
961.56	35.899
961.73	36.024
961.90	35.643
962.07	35.725
962.24	35.772
962.41	36.234
962.58	35.768
962.75	35.853
962.91	35.332
963.08	36.038
963.25	35.716
963.42	35.734
963.59	35.753
963.76	35.964
963.93	35.248
964.09	36.086
964.26	35.592
964.43	35.961
964.60	35.524
964.77	36.349
964.94	36.328
965.11	36.776
965.27	36.174
965.44	36.395
965.61	36.616
965.78	36.025
965.95	36.123
966.12	35.784
966.29	36.038
966.45	35.792
966.62	35.836
966.79	35.344
966.96	35.758
967.13	35.627
967.30	35.617
967.46	35.900
967.63	35.372
967.80	35.236
967.97	35.668
968.14	35.826
968.30	36.147
968.47	36.073
968.64	32.430
968.81	36.500
968.98	35.661
969.15	36.569
969.31	35.780
969.48	35.495
969.65	34.952
969.82	35.529
969.99	35.228
970.15	35.178
970.32	35.240
970.49	34.332
970.66	35.522
970.82	34.852
970.99	34.863
971.16	35.787
971.33	35.224
971.50	35.526
971.66	35.492
971.83	35.287
972.00	35.506
972.17	35.823
972.34	36.385
972.50	35.632
972.67	34.935
972.84	35.283
973.01	35.324
973.17	35.589
973.34	35.488
973.51	35.677
973.68	35.292
973.84	35.801
974.01	35.133
974.18	35.267
974.35	35.051
974.51	35.193
974.68	34.859
974.85	35.039
975.02	34.558
975.18	35.058
975.35	34.708
975.52	34.696
975.69	35.304
975.85	35.186
976.02	34.560
976.19	34.492
976.36	34.737
976.52	35.195
976.69	34.758
976.86	34.441
977.02	34.985
977.19	35.820
977.36	34.583
977.53	35.034
977.69	35.458
977.86	35.325
978.03	34.489
978.19	36.149
978.36	35.329
978.53	34.531
978.70	35.153
978.86	35.482
979.03	35.266
979.20	35.213
979.36	35.622
979.53	34.430
979.70	35.058
979.86	35.572
980.03	34.353
980.20	35.506
980.36	34.536
980.53	35.457
980.70	35.338
980.86	33.968
981.03	35.014
981.20	34.005
981.36	35.459
981.53	34.073
981.70	34.452
981.86	34.775
982.03	34.448
982.20	35.500
982.36	35.074
982.53	35.151
982.70	34.856
982.86	35.479
983.03	34.549
983.20	35.258
983.36	35.002
983.53	35.684
983.70	35.613
983.86	35.032
984.03	34.173
984.20	35.275
984.36	34.040
984.53	35.483
984.70	35.505
984.86	34.459
985.03	34.274
985.19	34.397
985.36	35.693
985.53	35.401
985.69	36.265
985.86	34.842
986.03	34.560
986.19	35.111
986.36	33.743
986.52	34.820
986.69	34.049
986.86	34.126
987.02	33.775
987.19	34.815
987.35	34.561
987.52	33.136
987.69	34.414
987.85	34.541
988.02	34.625
988.18	34.158
988.35	33.222
988.52	34.960
988.68	34.460
988.85	34.895
989.01	33.653
989.18	35.551
989.35	34.240
989.51	33.606
989.68	34.599
989.84	34.726
990.01	34.324
990.17	34.039
990.34	34.577
990.51	33.975
990.67	34.528
990.84	34.396
991.00	34.391
991.17	34.384
991.33	34.074
991.50	33.777
991.66	34.213
991.83	34.488
992.00	33.187
992.16	33.448
992.33	33.581
992.49	32.913
992.66	33.426
992.82	34.005
992.99	33.987
993.15	34.002
993.32	34.460
993.48	35.480
993.65	33.917
993.82	34.595
993.98	34.613
994.15	34.494
994.31	34.943
994.48	33.892
994.64	35.007
994.81	33.271
994.97	35.626
995.14	33.444
995.30	33.840
995.47	34.168
995.63	33.096
995.80	32.850
995.96	32.907
996.13	34.149
996.29	34.547
996.46	33.453
996.62	34.032
996.79	34.712
996.95	34.823
997.12	33.392
997.28	32.454
997.45	34.545
997.61	34.082
997.78	33.947
997.94	33.818
998.11	35.161
998.27	33.580
998.44	33.422
998.60	32.756
998.77	32.985
998.93	32.833
999.10	33.136
999.26	34.181
999.43	33.874
999.59	32.492
999.75	34.208
999.92	33.243
1000.08	32.758
1000.25	33.101
1000.41	31.723
1000.58	32.452
1000.74	33.406
1000.91	33.079
1001.07	33.169
1001.24	32.670
1001.40	33.489
1001.56	35.094
1001.73	31.161
1001.89	34.216
1002.06	32.342
1002.22	33.250
1002.39	33.541
1002.55	33.781
1002.71	32.227
1002.88	33.420
1003.04	32.824
1003.21	30.007
1003.37	32.269
1003.54	31.438
1003.70	35.031
1003.86	32.060
1004.03	32.422
1004.19	32.415
1004.36	32.777
1004.52	34.382
1004.68	33.441
1004.85	30.909
1005.01	32.319
1005.18	31.587
1005.34	32.584
1005.50	33.361
1005.67	32.481
1005.83	32.277
1006.00	31.044
1006.16	31.234
1006.32	32.188
1006.49	32.253
1006.65	30.845
1006.82	31.119
1006.98	32.896
1007.14	30.948
1007.31	32.189
1007.47	31.182
1007.63	32.710
1007.80	29.188
1007.96	28.885
1008.13	30.108
1008.29	32.495
1008.45	31.544
1008.62	32.336
1008.78	32.108
1008.94	31.083
1009.11	30.449
1009.27	30.988
1009.43	30.191
1009.60	28.553
1009.76	31.540
1009.92	30.118
1010.09	33.356
1010.25	31.599
1010.42	31.177
1010.58	31.631
1010.74	31.382
1010.91	32.240
1011.07	30.417
1011.23	33.844
1011.40	33.185
1011.56	29.550
1011.72	31.355
1011.89	30.910
1012.05	28.194
1012.21	31.911
1012.37	30.343
1012.54	31.096
1012.70	31.512
1012.86	28.537
1013.03	33.237
1013.19	33.858
1013.35	32.247
1013.52	29.082
1013.68	30.799
1013.84	31.893
1014.01	32.855
1014.17	31.973
1014.33	30.882
1014.49	31.259
1014.66	27.705
1014.82	32.614
1014.98	30.392
1015.15	32.806
1015.31	32.514
1015.47	33.650
1015.63	32.665
1015.80	25.471
1015.96	27.700
1016.12	26.157
1016.29	30.645
1016.45	32.790
1016.61	30.777
1016.77	31.664
1016.94	30.169
1017.10	30.606
1017.26	28.977
1017.42	30.087
1017.59	33.290
1017.75	30.714
1017.91	32.334
1018.07	29.234
1018.24	28.371
1018.40	26.877
1018.56	29.137
1018.72	30.504
1018.89	30.089
1019.05	30.383
1019.21	27.125
1019.37	31.184
1019.54	28.180
1019.70	28.712
1019.86	29.754
1020.02	28.438
1020.19	29.003
1020.35	27.533
1020.51	31.404
1020.67	25.610
1020.83	27.431
1021.00	26.047
1021.16	29.011
1021.32	29.299
1021.48	27.153
1021.64	28.332
1021.81	28.589
1021.97	27.477
1022.13	26.684
1022.29	27.046
1022.45	25.720
1022.62	29.435
1022.78	31.699
1022.94	30.126
1023.10	25.010
1023.26	31.298
1023.43	25.893
1023.59	26.523
1023.75	33.027
1023.91	26.558
1024.07	24.780
1024.24	26.260
1024.40	26.184
1024.56	23.705
1024.72	26.896
1024.88	28.864
1025.04	31.312
1025.21	25.157
1025.37	28.505
1025.53	28.612
1025.69	25.361
1025.85	31.973
1026.01	24.289
1026.18	29.252
1026.34	25.515
1026.50	24.766
1026.66	25.017
1026.82	28.548
1026.98	22.569
1027.14	26.200
1027.31	22.961
1027.47	26.919
1027.63	28.241
1027.79	22.579
1027.95	23.337
1028.11	11.697
1028.27	22.714
1028.44	20.737
1028.60	29.051
1028.76	19.820
1028.92	25.260
1029.08	29.249
1029.24	23.695
1029.40	34.778
1029.56	27.760
1029.73	14.860
1029.89	25.708
1030.05	22.046
1030.21	25.483
1030.37	30.261
1030.53	25.703
1030.69	29.161
1030.85	26.931
1031.01	25.770
1031.17	20.241
1031.34	25.012
1031.50	19.658
1031.66	16.703
1031.82	19.707
1031.98	26.816
1032.14	21.341
1032.30	25.342
1032.46	20.534
1032.62	21.990
1032.78	11.839
1032.94	21.955
1033.10	19.691
1033.27	18.577
1033.43	21.741
1033.59	28.445
1033.75	25.476
1033.91	16.904
1034.07	6.903
1034.23	24.396
1034.39	27.806
1034.55	19.051
1034.71	14.818
1034.87	25.956
1035.03	24.554
1035.19	31.558
1035.35	11.538
1035.51	27.967
1035.67	25.523
1035.83	17.452
1035.99	11.182
1036.16	14.639
1036.32	27.749
1036.48	11.774
1036.64	20.063
1036.80	20.208
1036.96	23.379
1037.12	26.371
1037.28	13.055
1037.44	16.380
1037.60	17.869
1037.76	20.136
1037.92	12.415
1038.08	15.869
1038.24	19.380
1038.40	17.065
1038.56	9.091
1038.72	10.086
1038.88	8.320
1039.04	25.196
1039.20	9.834
1039.36	34.578
1039.52	2.553
1039.68	26.294
1039.84	8.629
1040.00	1.771
1040.16	24.109
1040.32	19.559
1040.48	11.328
1040.64	16.469
1040.80	20.033
1040.96	9.677
1041.12	22.281
1041.28	23.713
1041.44	18.428
1041.60	3.285
1041.76	11.117
1041.92	8.930
1042.08	-3.261
1042.24	26.366
1042.39	18.215
1042.55	15.944
1042.71	-7.542
1042.87	5.978
1043.03	4.076
1043.19	-40.102
