345.44	-0.286
345.66	-0.286
345.88	-0.286
346.10	-4.587
346.31	-6.875
346.53	-2.428
346.75	-8.037
346.97	0.294
347.19	-1.325
347.41	-3.577
347.63	-7.317
347.85	-9.267
348.07	-7.634
348.29	0.149
348.51	3.840
348.73	-0.146
348.95	-7.535
349.17	-1.435
349.39	-5.781
349.61	1.017
349.83	-1.627
350.05	-5.302
350.27	-2.857
350.49	-1.199
350.71	-5.794
350.93	2.057
351.15	-8.242
351.37	-7.550
351.59	-3.918
351.80	-7.613
352.02	-1.714
352.24	-5.000
352.46	-0.773
352.68	-1.411
352.90	0.965
353.12	-4.179
353.34	-0.906
353.56	0.766
353.78	-1.214
354.00	2.023
354.22	-5.580
354.44	0.301
354.66	-2.537
354.88	-8.915
355.09	-8.936
355.31	-5.222
355.53	-10.228
355.75	-3.453
355.97	-5.255
356.19	-2.260
356.41	-5.037
356.63	-9.374
356.85	-9.323
357.07	-9.284
357.29	-3.556
357.50	-5.271
357.72	-3.799
357.94	-1.898
358.16	-16.589
358.38	-1.538
358.60	-3.202
358.82	-11.482
359.04	-1.821
359.26	-1.372
359.48	-3.785
359.69	-4.072
359.91	-4.288
360.13	-8.695
360.35	-10.133
360.57	0.306
360.79	-1.849
361.01	-6.829
361.23	-4.315
361.45	-6.872
361.66	-0.595
361.88	-2.703
362.10	-4.782
362.32	-1.729
362.54	1.252
362.76	-2.950
362.98	-9.295
363.20	-1.424
363.41	-9.671
363.63	-1.199
363.85	-4.128
364.07	-5.760
364.29	-7.044
364.51	-10.575
364.73	-7.185
364.94	-3.470
365.16	-3.765
365.38	-7.975
365.60	-4.120
365.82	-5.124
366.04	6.212
366.26	-4.512
366.47	-6.250
366.69	-5.723
366.91	-9.493
367.13	-9.270
367.35	-3.481
367.57	-3.174
367.79	-6.677
368.00	-10.296
368.22	-6.467
368.44	-6.259
368.66	-4.482
368.88	-4.726
369.10	-6.990
369.31	-6.983
369.53	-12.799
369.75	-4.932
369.97	-10.128
370.19	-2.983
370.41	0.592
370.62	-9.782
370.84	-2.923
371.06	-3.001
371.28	-5.238
371.50	-3.721
371.71	-3.913
371.93	-4.992
372.15	-1.505
372.37	-8.054
372.59	-9.233
372.80	-5.197
373.02	-4.558
373.24	3.235
373.46	-6.666
373.68	-8.019
373.90	1.926
374.11	-0.462
374.33	-0.144
374.55	-5.462
374.77	-0.710
374.98	-2.914
375.20	-2.015
375.42	-0.000
375.64	2.086
375.86	-3.994
376.07	-10.883
376.29	-4.210
376.51	-2.879
376.73	4.457
376.95	0.579
377.16	0.436
377.38	-1.028
377.60	-9.984
377.82	-8.588
378.03	-6.441
378.25	-1.592
378.47	-3.490
378.69	-1.043
378.91	1.056
379.12	-5.128
379.34	-8.333
379.56	-3.013
379.78	0.145
379.99	-5.360
380.21	-0.606
380.43	-3.221
380.65	-10.140
380.86	1.187
381.08	-6.615
381.30	-2.795
381.52	-2.068
381.73	-14.150
381.95	-1.040
382.17	-2.353
382.39	-10.260
382.60	-3.524
382.82	-13.731
383.04	-9.007
383.26	-4.936
383.47	-0.308
383.69	-6.721
383.91	-6.796
384.13	1.153
384.34	1.606
384.56	1.416
384.78	-1.236
385.00	-4.706
385.21	0.298
385.43	-3.390
385.65	-0.949
385.86	-1.187
386.08	-1.780
386.30	-2.507
386.52	-11.593
386.73	-12.792
386.95	0.416
387.17	1.914
387.38	-4.321
387.60	-8.554
387.82	-3.064
388.04	-5.834
388.25	-5.440
388.47	-9.823
388.69	-3.682
388.90	3.598
389.12	-0.424
389.34	1.229
389.56	-2.909
389.77	1.080
389.99	-3.483
390.21	-5.222
390.42	-5.926
390.64	-6.491
390.86	-9.785
391.07	-12.130
391.29	-6.093
391.51	-3.858
391.72	-2.612
391.94	1.166
392.16	-2.090
392.38	-8.042
392.59	-6.666
392.81	-0.742
393.03	-11.679
393.24	-5.357
393.46	-2.748
393.68	-3.110
393.89	3.367
394.11	-5.633
394.33	-2.124
394.54	-2.266
394.76	1.327
394.98	2.755
395.19	-2.974
395.41	-3.636
395.63	-2.099
395.84	-5.803
396.06	-7.026
396.28	-0.156
396.49	1.852
396.71	-6.764
396.93	-3.215
397.14	-5.766
397.36	-2.160
397.57	-0.572
397.79	-4.084
398.01	-3.664
398.22	-5.718
398.44	-7.580
398.66	0.620
398.87	-7.244
399.09	-6.699
399.31	-2.909
399.52	-7.270
399.74	-7.197
399.96	-5.740
400.17	5.748
400.39	-4.836
400.60	-13.815
400.82	-8.333
401.04	0.145
401.25	-6.965
401.47	-3.338
401.69	-2.203
401.90	-2.041
402.12	-8.132
402.33	-7.923
402.55	-3.490
402.77	0.880
402.98	-3.453
403.20	-2.879
403.41	-1.742
403.63	-6.912
403.85	-5.909
404.06	-6.074
404.28	-4.800
404.49	-9.935
404.71	-2.000
404.93	-3.156
405.14	-9.953
405.36	-1.875
405.57	-2.193
405.79	-12.120
406.01	-9.686
406.22	-1.578
406.44	-1.687
406.65	-1.606
406.87	-0.601
407.09	-3.387
407.30	-8.172
407.52	-12.988
407.73	-5.920
407.95	-1.219
408.17	-5.817
408.38	-0.465
408.60	-11.300
408.81	-6.917
409.03	-1.815
409.24	-2.691
409.46	-10.925
409.68	-12.723
409.89	-3.177
410.11	-12.044
410.32	-16.497
410.54	-8.409
410.75	1.486
410.97	0.298
411.18	-2.595
411.40	-2.080
411.62	-6.125
411.83	0.444
412.05	-2.744
412.26	-4.207
412.48	-1.293
412.69	-0.000
412.91	-10.061
413.12	-9.849
413.34	-6.497
413.56	-4.418
413.77	-5.640
413.99	-2.489
414.20	-10.674
414.42	-5.803
414.63	-4.874
414.85	-10.610
415.06	-3.526
415.28	-11.146
415.49	-2.945
415.71	-6.708
415.92	-1.515
416.14	-1.543
416.35	-2.340
416.57	-2.473
416.79	-7.309
417.00	3.888
417.22	-7.647
417.43	-12.558
417.65	-8.255
417.86	-1.985
418.08	-6.389
418.29	-4.030
418.51	-8.737
418.72	-4.668
418.94	-6.212
419.15	-6.785
419.37	-4.920
419.58	-3.120
419.80	-2.363
420.01	-3.017
420.23	-9.531
420.44	-4.680
420.66	4.587
420.87	-2.496
421.09	-10.461
421.30	-4.666
421.52	0.301
421.73	0.624
421.95	-10.526
422.16	-6.595
422.38	-4.859
422.59	-5.448
422.81	-1.840
423.02	-3.490
423.23	-3.846
423.45	4.249
423.66	-0.927
423.88	-3.540
424.09	-2.531
424.31	-3.686
424.52	-4.062
424.74	-12.417
424.95	-1.374
425.17	-4.806
425.38	2.465
425.60	-1.548
425.81	-5.660
426.03	-2.012
426.24	-4.116
426.45	-0.458
426.67	-4.622
426.88	-11.128
427.10	-3.599
427.31	-8.534
427.53	-7.526
427.74	-0.760
427.96	-0.303
428.17	-11.980
428.39	-3.328
428.60	0.301
428.81	4.817
429.03	-13.256
429.24	-4.682
429.46	-11.869
429.67	-4.319
429.89	-8.320
430.10	-9.646
430.31	-0.744
430.53	-5.701
430.74	-4.018
430.96	-8.035
431.17	-7.999
431.39	-11.181
431.60	-0.307
431.81	-6.763
432.03	-0.768
432.24	-8.278
432.46	-4.762
432.67	-4.920
432.89	-6.065
433.10	-3.846
433.31	-3.485
433.53	-6.976
433.74	-3.169
433.96	-7.496
434.17	-7.131
434.38	-6.331
434.60	-9.075
434.81	-14.621
435.03	-10.939
435.24	-6.677
435.45	1.351
435.67	-5.090
435.88	-0.000
436.10	-2.215
436.31	-0.000
436.52	-9.914
436.74	-3.159
436.95	-16.914
437.17	-8.400
437.38	-8.832
437.59	-6.818
437.81	-5.728
438.02	-7.592
438.23	-10.298
438.45	-15.250
438.66	-3.349
438.88	-13.495
439.09	-6.240
439.30	-11.823
439.52	-3.184
439.73	-0.635
439.94	-10.908
440.16	-3.906
440.37	-9.230
440.58	-0.640
440.80	-9.646
441.01	-13.635
441.23	-17.850
441.44	-8.221
441.65	-4.882
441.87	-1.687
442.08	-8.888
442.29	-14.142
442.51	-8.082
442.72	-2.417
442.93	-8.803
443.15	-6.844
443.36	-2.765
443.57	-6.925
443.79	-5.641
444.00	-6.300
444.21	-4.647
444.43	-3.328
444.64	-0.868
444.85	-9.595
445.07	-3.652
445.28	-6.810
445.49	-7.972
445.71	-5.228
445.92	-13.643
446.13	-12.126
446.35	-5.781
446.56	-7.829
446.77	-13.405
446.99	-12.216
447.20	-3.471
447.41	-9.042
447.63	-8.403
447.84	-0.320
448.05	-4.975
448.27	-19.116
448.48	-6.510
448.69	-11.201
448.90	-15.760
449.12	-16.577
449.33	-6.227
449.54	-8.027
449.76	-5.647
449.97	-10.752
450.18	-11.013
450.40	-11.703
450.61	-8.799
450.82	-9.484
451.03	-12.402
451.25	-13.749
451.46	-19.469
451.67	-5.623
451.89	-3.814
452.10	-8.584
452.31	-21.237
452.52	-7.216
452.74	-18.991
452.95	-15.193
453.16	-9.699
453.38	-13.166
453.59	-17.862
453.80	-15.470
454.01	-10.912
454.23	-9.671
454.44	-17.613
454.65	-3.947
454.86	-4.957
455.08	-13.533
455.29	-18.670
455.50	-18.180
455.71	-11.301
455.93	-8.873
456.14	-10.452
456.35	-19.825
456.56	-12.885
456.78	-12.392
456.99	-14.257
457.20	-13.848
457.41	-11.510
457.63	-13.227
457.84	-14.181
458.05	-22.177
458.26	-11.515
458.48	-8.429
458.69	-14.726
458.90	-19.297
459.11	-10.393
459.33	-13.717
459.54	-4.838
459.75	-18.282
459.96	-20.083
460.18	-14.119
460.39	-26.812
460.60	-12.810
460.81	-14.989
461.02	-10.727
461.24	-12.754
461.45	-11.894
461.66	-19.164
461.87	-22.716
462.09	-13.904
462.30	-13.644
462.51	-16.951
462.72	-11.970
462.93	-3.824
463.15	-12.248
463.36	-15.383
463.57	-5.008
463.78	-12.120
463.99	-17.179
464.21	-14.285
464.42	-18.774
464.63	-23.230
464.84	-21.179
465.05	-30.749
465.27	-17.153
465.48	-25.883
465.69	-13.764
465.90	-15.126
466.11	-12.164
466.33	-9.532
466.54	-25.108
466.75	-19.606
466.96	-16.701
467.17	-16.928
467.38	-31.621
467.60	-16.921
467.81	-15.578
468.02	-18.361
468.23	-21.243
468.44	-20.088
468.65	-20.307
468.87	-24.836
469.08	-19.437
469.29	-16.452
469.50	-18.735
469.71	-15.765
469.92	-14.254
470.14	-27.398
470.35	-33.887
470.56	-28.322
470.77	-30.130
470.98	-16.315
471.19	-34.479
471.41	-25.932
471.62	-20.452
471.83	-24.813
472.04	-29.484
472.25	-36.359
472.46	-29.117
472.67	-29.185
472.89	-19.522
473.10	-12.384
473.31	-21.992
473.52	-32.489
473.73	-28.641
473.94	-47.378
474.15	-36.006
474.37	-37.887
474.58	-37.458
474.79	-39.125
475.00	-31.677
475.21	-38.597
475.42	-31.672
475.63	-29.542
475.84	-41.638
476.06	-43.230
476.27	-38.933
476.48	-32.349
476.69	-33.329
476.90	-32.322
477.11	-43.665
477.32	-33.238
477.53	-44.548
477.74	-41.189
477.96	-56.713
478.17	-37.112
478.38	-35.289
478.59	-43.804
478.80	-49.179
479.01	-52.359
479.22	-48.807
479.43	-64.420
479.64	-42.632
479.85	-37.989
480.06	-95.411
480.28	-66.656
480.49	-59.306
480.70	-41.891
480.91	-55.152
481.12	-74.208
481.33	-39.710
481.54	-70.390
481.75	-89.787
481.96	-51.506
482.17	-64.784
482.38	-81.143
482.59	-67.236
482.81	-74.322
483.02	-103.404
483.23	-111.326
483.44	-96.606
483.65	-72.842
483.86	-102.248
484.07	-139.244
484.28	-114.345
484.49	-93.655
484.70	-98.890
484.91	-109.346
485.12	-89.327
485.33	-81.077
485.54	-112.854
485.75	-94.420
485.96	-112.651
486.17	-131.142
486.38	-86.760
486.60	-185.775
486.81	-121.053
487.02	-268.409
487.23	-185.023
487.44	-453.041
487.65	-314.568
487.86	-494.861
488.07	-105.765
488.28	-328.101
488.49	-306.559
488.70	-198.882
488.91	-379.388
489.12	-276.773
489.33	-167.294
489.54	-425.162
489.75	-266.510
489.96	-1642.023
490.17	8317.623
490.38	1373.714
490.59	-1047.223
490.80	1339.774
491.01	522.220
491.22	-791.658
491.43	1560.387
491.64	489.582
491.85	-4204.327
492.06	-2636.021
492.27	3429.095
492.48	355.001
492.69	1558.934
492.90	-516.539
493.11	466.425
493.32	320.646
493.53	657.597
493.74	634.230
493.95	169.396
494.16	232.060
494.37	616.924
494.58	2339.927
494.79	163.471
495.00	227.450
495.21	195.189
495.42	166.971
495.63	136.845
495.84	135.813
496.05	161.884
496.26	164.159
496.47	183.265
496.68	157.190
496.89	151.036
497.10	142.111
497.31	130.441
497.52	127.042
497.73	119.458
497.94	149.735
498.15	184.189
498.36	132.047
498.57	153.148
498.78	131.800
498.99	147.476
499.19	100.016
499.40	105.192
499.61	99.198
499.82	119.188
500.03	114.366
500.24	120.023
500.45	125.618
500.66	97.384
500.87	135.238
501.08	132.152
501.29	92.581
501.50	87.512
501.71	80.768
501.92	109.071
502.13	80.367
502.34	90.259
502.55	81.065
502.76	96.528
502.96	80.696
503.17	72.215
503.38	68.719
503.59	95.574
503.80	85.599
504.01	70.324
504.22	90.091
504.43	82.444
504.64	64.423
504.85	69.561
505.06	72.025
505.27	82.580
505.47	64.073
505.68	69.527
505.89	64.259
506.10	70.326
506.31	55.286
506.52	68.443
506.73	82.456
506.94	76.084
507.15	67.168
507.36	66.845
507.56	58.657
507.77	57.778
507.98	60.605
508.19	47.373
508.40	50.005
508.61	60.313
508.82	55.561
509.03	59.553
509.24	71.538
509.44	60.501
509.65	56.751
509.86	55.560
510.07	61.544
510.28	57.878
510.49	61.387
510.70	51.913
510.91	52.513
511.11	46.766
511.32	52.537
511.53	60.490
511.74	48.820
511.95	51.528
512.16	48.421
512.37	51.036
512.58	51.290
512.78	51.219
512.99	42.814
513.20	44.393
513.41	44.501
513.62	44.570
513.83	39.827
514.04	48.605
514.24	41.631
514.45	43.762
514.66	48.217
514.87	37.303
515.08	44.836
515.29	42.621
515.49	37.866
515.70	31.923
515.91	45.419
516.12	42.531
516.33	45.154
516.54	48.390
516.74	40.748
516.95	43.321
517.16	47.095
517.37	40.142
517.58	43.977
517.79	43.902
517.99	43.235
518.20	41.711
518.41	40.223
518.62	36.905
518.83	39.531
519.03	43.384
519.24	35.245
519.45	35.210
519.66	35.631
519.87	40.771
520.07	33.690
520.28	43.969
520.49	32.597
520.70	35.107
520.91	31.923
521.12	32.116
521.32	38.696
521.53	31.768
521.74	36.366
521.95	33.144
522.15	34.532
522.36	37.816
522.57	43.752
522.78	33.409
522.99	37.372
523.19	33.122
523.40	32.504
523.61	32.496
523.82	26.141
524.03	30.706
524.23	32.338
524.44	29.107
524.65	32.950
524.86	31.815
525.06	32.376
525.27	26.716
525.48	33.735
525.69	26.505
525.89	29.030
526.10	29.702
526.31	32.112
526.52	32.745
526.72	31.333
526.93	23.760
527.14	31.815
527.35	28.037
527.56	26.903
527.76	27.318
527.97	32.104
528.18	25.675
528.38	26.871
528.59	23.835
528.80	25.622
529.01	26.489
529.21	24.391
529.42	22.922
529.63	26.817
529.84	22.183
530.04	24.956
530.25	28.699
530.46	24.438
530.67	28.585
530.87	27.090
531.08	23.450
531.29	21.736
531.50	25.270
531.70	25.520
531.91	24.915
532.12	28.381
532.32	26.532
532.53	20.730
532.74	28.491
532.95	22.332
533.15	28.537
533.36	26.838
533.57	25.159
533.77	24.758
533.98	21.028
534.19	24.130
534.39	22.908
534.60	25.374
534.81	27.413
535.02	22.860
535.22	25.175
535.43	19.217
535.64	20.308
535.84	21.576
536.05	20.517
536.26	21.836
536.46	17.527
536.67	19.726
536.88	19.261
537.08	20.076
537.29	22.988
537.50	20.816
537.70	19.754
537.91	21.481
538.12	18.793
538.33	17.974
538.53	19.627
538.74	21.503
538.95	21.466
539.15	19.336
539.36	17.953
539.57	18.294
539.77	19.946
539.98	17.636
540.18	16.125
540.39	19.277
540.60	19.006
540.80	16.856
541.01	21.239
541.22	19.188
541.42	20.276
541.63	17.414
541.84	17.708
542.04	19.797
542.25	17.363
542.46	17.053
542.66	17.224
542.87	18.478
543.08	17.903
543.28	16.708
543.49	16.355
543.69	16.583
543.90	15.857
544.11	17.359
544.31	16.141
544.52	14.826
544.73	16.929
544.93	17.097
545.14	16.599
545.34	15.610
545.55	15.765
545.76	18.735
545.96	16.880
546.17	16.224
546.38	14.741
546.58	15.748
546.79	15.778
546.99	15.853
547.20	15.912
547.41	14.960
547.61	11.426
547.82	13.057
548.02	13.594
548.23	15.319
548.44	15.839
548.64	12.212
548.85	15.657
549.05	14.278
549.26	15.968
549.47	16.027
549.67	11.189
549.88	13.849
550.08	15.219
550.29	9.879
550.50	11.248
550.70	16.291
550.91	12.586
551.11	13.217
551.32	11.345
551.52	11.292
551.73	12.953
551.94	13.300
552.14	13.539
552.35	12.406
552.55	12.538
552.76	10.912
552.96	9.381
553.17	12.070
553.38	10.440
553.58	11.111
553.79	13.324
553.99	11.209
554.20	12.937
554.40	11.557
554.61	11.452
554.81	10.592
555.02	10.966
555.23	10.749
555.43	11.907
555.64	11.671
555.84	10.611
556.05	13.060
556.25	13.093
556.46	11.744
556.66	12.207
556.87	10.106
557.07	11.749
557.28	9.796
557.48	10.698
557.69	11.216
557.90	10.680
558.10	8.141
558.31	9.732
558.51	10.155
558.72	10.970
558.92	7.987
559.13	10.386
559.33	10.274
559.54	9.575
559.74	8.062
559.95	8.048
560.15	8.909
560.36	7.953
560.56	7.587
560.77	7.822
560.97	9.038
561.18	7.250
561.38	9.532
561.59	9.129
561.79	12.349
562.00	7.583
562.20	7.739
562.41	9.211
562.61	7.383
562.82	10.157
563.02	7.597
563.23	5.447
563.43	6.952
563.64	6.810
563.84	9.787
564.05	7.652
564.25	7.708
564.46	9.632
564.66	7.261
564.87	8.370
565.07	7.858
565.28	9.056
565.48	8.170
565.68	6.686
565.89	5.705
566.09	8.045
566.30	7.921
566.50	6.346
566.71	6.850
566.91	7.492
567.12	7.267
567.32	5.543
567.53	6.459
567.73	6.885
567.94	7.056
568.14	7.159
568.34	8.166
568.55	6.009
568.75	5.904
568.96	6.007
569.16	6.787
569.37	7.216
569.57	6.832
569.78	7.039
569.98	7.261
570.18	4.791
570.39	6.494
570.59	6.384
570.80	6.321
571.00	5.982
571.21	5.616
571.41	5.999
571.61	5.467
571.82	5.651
572.02	4.917
572.23	6.598
572.43	5.994
572.64	4.682
572.84	5.536
573.04	5.243
573.25	5.405
573.45	6.307
573.66	5.163
573.86	6.530
574.06	4.832
574.27	4.920
574.47	6.083
574.68	6.802
574.88	4.778
575.08	5.350
575.29	4.863
575.49	4.065
575.70	6.528
575.90	3.329
576.10	4.313
576.31	3.880
576.51	4.517
576.72	4.377
576.92	3.811
577.12	5.696
577.33	3.005
577.53	4.444
577.73	4.358
577.94	3.397
578.14	5.344
578.35	4.099
578.55	5.838
578.75	2.813
578.96	4.097
579.16	4.190
579.36	4.051
579.57	4.726
579.77	4.313
579.98	3.358
580.18	3.257
580.38	4.081
580.59	2.687
580.79	4.796
580.99	3.762
581.20	2.913
581.40	3.686
581.60	4.285
581.81	3.817
582.01	2.750
582.21	4.327
582.42	3.347
582.62	3.218
582.82	3.150
583.03	3.592
583.23	2.912
583.43	4.164
583.64	3.423
583.84	3.728
584.04	4.323
584.25	3.370
584.45	4.098
584.65	2.336
584.86	3.223
585.06	3.680
585.26	2.822
585.47	5.134
585.67	4.101
585.87	3.527
586.08	4.274
586.28	3.770
586.48	3.263
586.69	4.443
586.89	2.695
587.09	2.381
587.30	1.954
587.50	3.133
587.70	3.251
587.90	3.187
588.11	4.254
588.31	3.814
588.51	2.858
588.72	4.462
588.92	1.820
589.12	4.426
589.33	1.859
589.53	1.880
589.73	2.300
589.93	2.864
590.14	2.526
590.34	2.442
590.54	2.753
590.75	2.001
590.95	2.748
591.15	3.614
591.35	0.661
591.56	3.015
591.76	2.231
591.96	2.306
592.16	2.272
592.37	1.600
592.57	1.460
592.77	2.267
592.97	2.781
593.18	2.492
593.38	1.934
593.58	1.899
593.79	1.630
593.99	1.906
594.19	0.590
594.39	2.089
594.60	2.200
594.80	2.153
595.00	2.078
595.20	2.365
595.41	1.045
595.61	3.069
595.81	3.098
596.01	1.729
596.21	1.927
596.42	2.020
596.62	2.288
596.82	2.370
597.02	1.427
597.23	2.085
597.43	3.256
597.63	1.098
597.83	2.049
598.04	3.000
598.24	3.673
598.44	2.912
598.64	3.058
598.84	1.556
599.05	1.856
599.25	2.071
599.45	2.228
599.65	1.989
599.85	2.022
600.06	2.766
600.26	2.595
600.46	2.296
600.66	1.975
600.87	1.942
601.07	2.561
601.27	2.670
601.47	1.718
601.67	1.800
601.87	2.275
602.08	0.513
602.28	1.843
602.48	1.134
602.68	1.542
602.88	2.071
603.09	1.558
603.29	1.530
603.49	2.564
603.69	1.172
603.89	1.564
604.10	1.905
604.30	2.015
604.50	1.170
604.70	2.374
604.90	1.401
605.10	2.011
605.31	2.133
605.51	2.111
605.71	1.787
605.91	3.000
606.11	1.636
606.31	1.572
606.52	1.091
606.72	2.036
606.92	2.591
607.12	0.924
607.32	1.824
607.52	2.124
607.72	2.015
607.93	0.698
608.13	1.459
608.33	2.438
608.53	1.830
608.73	1.157
608.93	2.812
609.13	1.337
609.34	1.682
609.54	1.273
609.74	1.828
609.94	2.037
610.14	2.504
610.34	2.535
610.54	1.632
610.74	1.487
610.95	2.129
611.15	0.999
611.35	2.134
611.55	3.024
611.75	0.999
611.95	1.504
612.15	1.396
612.35	2.956
612.56	1.345
612.76	1.696
612.96	0.956
613.16	1.996
613.36	1.919
613.56	0.918
613.76	0.297
613.96	1.607
614.16	2.268
614.36	2.812
614.57	1.809
614.77	2.264
614.97	2.740
615.17	2.432
615.37	1.408
615.57	2.406
615.77	2.351
615.97	2.115
616.17	2.138
616.37	1.917
616.57	1.831
616.78	2.059
616.98	1.862
617.18	2.109
617.38	1.967
617.58	1.885
617.78	2.127
617.98	2.305
618.18	0.629
618.38	1.937
618.58	2.164
618.78	2.907
618.98	2.358
619.18	1.710
619.38	1.569
619.58	2.066
619.79	2.034
619.99	2.153
620.19	2.420
620.39	1.608
620.59	1.502
620.79	3.009
620.99	2.695
621.19	2.386
621.39	2.407
621.59	1.516
621.79	2.254
621.99	1.662
622.19	2.730
622.39	2.683
622.59	1.565
622.79	2.160
622.99	2.397
623.19	1.979
623.39	1.851
623.59	2.547
623.79	1.246
623.99	2.207
624.19	2.062
624.39	1.797
624.59	2.395
624.79	1.983
624.99	2.188
625.19	2.240
625.39	1.871
625.59	2.816
625.79	2.011
625.99	2.348
626.19	2.985
626.39	1.929
626.59	3.673
626.79	2.323
626.99	2.105
627.19	2.974
627.39	2.366
627.59	2.197
627.79	2.068
627.99	2.403
628.19	2.741
628.39	1.673
628.59	1.674
628.79	3.426
628.99	2.717
629.19	2.729
629.39	3.594
629.59	2.538
629.79	2.592
629.99	2.676
630.19	2.314
630.39	3.185
630.59	2.827
630.79	2.215
630.99	3.443
631.19	2.136
631.39	2.967
631.59	2.613
631.79	3.050
631.99	2.613
632.19	2.346
632.39	2.579
632.59	2.112
632.79	3.005
632.99	2.598
633.19	2.549
633.39	3.272
633.58	2.430
633.78	2.494
633.98	3.029
634.18	2.322
634.38	2.575
634.58	3.310
634.78	2.681
634.98	2.521
635.18	2.401
635.38	2.566
635.58	2.649
635.78	2.680
635.98	3.258
636.18	3.444
636.38	2.594
636.57	3.169
636.77	2.874
636.97	3.892
637.17	3.518
637.37	3.471
637.57	3.698
637.77	2.677
637.97	3.110
638.17	2.758
638.37	2.782
638.57	2.992
638.76	3.305
638.96	3.024
639.16	2.999
639.36	3.556
639.56	3.686
639.76	2.658
639.96	2.961
640.16	2.352
640.36	3.033
640.56	3.980
640.75	3.196
640.95	3.439
641.15	3.314
641.35	3.690
641.55	3.890
641.75	3.389
641.95	3.804
642.15	4.022
642.34	3.140
642.54	3.267
642.74	3.246
642.94	3.600
643.14	3.208
643.34	3.437
643.54	3.114
643.74	3.511
643.93	3.646
644.13	3.138
644.33	3.292
644.53	3.528
644.73	4.212
644.93	2.935
645.13	3.157
645.32	3.732
645.52	3.621
645.72	3.512
645.92	4.168
646.12	4.224
646.32	4.079
646.52	3.538
646.71	3.859
646.91	4.074
647.11	3.628
647.31	3.525
647.51	3.872
647.71	4.461
647.90	4.331
648.10	4.010
648.30	3.491
648.50	3.952
648.70	4.651
648.89	3.734
649.09	3.964
649.29	4.228
649.49	3.979
649.69	3.682
649.89	4.274
650.08	4.725
650.28	4.040
650.48	4.503
650.68	3.632
650.88	4.504
651.07	3.741
651.27	4.389
651.47	3.783
651.67	4.079
651.87	4.157
652.06	4.322
652.26	4.078
652.46	4.519
652.66	4.631
652.86	3.718
653.05	4.387
653.25	4.174
653.45	4.525
653.65	4.148
653.85	3.929
654.04	4.690
654.24	4.534
654.44	4.266
654.64	4.577
654.83	4.796
655.03	4.400
655.23	5.197
655.43	4.644
655.63	4.300
655.82	4.661
656.02	4.254
656.22	4.643
656.42	4.827
656.61	4.091
656.81	4.828
657.01	4.732
657.21	4.566
657.40	4.393
657.60	4.428
657.80	4.707
658.00	5.348
658.19	4.977
658.39	5.185
658.59	5.388
658.79	4.960
658.98	5.020
659.18	5.000
659.38	4.762
659.58	5.052
659.77	4.946
659.97	5.485
660.17	5.051
660.36	5.240
660.56	4.410
660.76	5.427
660.96	5.432
661.15	5.128
661.35	5.391
661.55	5.087
661.75	5.062
661.94	5.352
662.14	4.886
662.34	5.003
662.53	5.665
662.73	5.085
662.93	5.266
663.13	4.883
663.32	4.895
663.52	5.537
663.72	5.691
663.91	5.274
664.11	5.214
664.31	4.983
664.50	5.966
664.70	5.313
664.90	5.431
665.10	4.935
665.29	5.848
665.49	5.355
665.69	5.845
665.88	5.667
666.08	5.503
666.28	5.346
666.47	5.564
666.67	5.794
666.87	5.626
667.06	5.544
667.26	5.740
667.46	4.717
667.65	5.916
667.85	5.884
668.05	6.117
668.24	5.837
668.44	5.309
668.64	5.736
668.83	5.825
669.03	6.218
669.23	6.407
669.42	6.056
669.62	5.971
669.82	5.914
670.01	5.921
670.21	5.916
670.41	5.793
670.60	6.585
670.80	6.135
671.00	6.486
671.19	6.461
671.39	6.336
671.58	6.037
671.78	5.701
671.98	6.037
672.17	6.529
672.37	6.001
672.57	6.304
672.76	6.071
672.96	6.568
673.15	6.347
673.35	6.763
673.55	6.685
673.74	6.417
673.94	6.187
674.14	6.333
674.33	6.565
674.53	6.319
674.72	6.335
674.92	6.416
675.12	6.238
675.31	6.318
675.51	6.829
675.70	6.279
675.90	5.797
676.10	6.431
676.29	6.390
676.49	6.544
676.68	6.643
676.88	6.820
677.08	6.202
677.27	6.993
677.47	6.634
677.66	6.577
677.86	6.855
678.06	7.284
678.25	6.639
678.45	6.963
678.64	6.931
678.84	6.634
679.03	7.253
679.23	6.496
679.43	6.956
679.62	7.069
679.82	6.668
680.01	6.950
680.21	6.785
680.40	7.537
680.60	6.609
680.80	7.060
680.99	6.946
681.19	6.907
681.38	6.482
681.58	6.912
681.77	6.892
681.97	6.683
682.16	7.176
682.36	6.990
682.56	6.953
682.75	7.103
682.95	7.595
683.14	6.908
683.34	7.272
683.53	7.202
683.73	7.273
683.92	7.177
684.12	6.839
684.31	7.255
684.51	7.017
684.70	7.955
684.90	7.800
685.10	7.898
685.29	7.154
685.49	7.156
685.68	7.816
685.88	7.207
686.07	7.452
686.27	7.530
686.46	7.467
686.66	7.443
686.85	7.588
687.05	7.619
687.24	7.561
687.44	7.329
687.63	8.126
687.83	7.974
688.02	7.880
688.22	7.905
688.41	7.872
688.61	7.569
688.80	8.020
689.00	7.700
689.19	7.739
689.39	8.419
689.58	7.992
689.78	8.289
689.97	8.041
690.17	7.948
690.36	8.052
690.56	7.713
690.75	8.009
690.95	8.355
691.14	8.146
691.34	7.699
691.53	8.180
691.72	8.231
691.92	7.883
692.11	8.203
692.31	8.110
692.50	8.162
692.70	7.916
692.89	8.519
693.09	7.771
693.28	7.712
693.48	8.703
693.67	7.948
693.87	8.215
694.06	8.455
694.25	8.465
694.45	7.983
694.64	8.172
694.84	7.801
695.03	7.927
695.23	8.330
695.42	8.094
695.62	8.649
695.81	8.397
696.00	8.830
696.20	8.183
696.39	8.291
696.59	8.578
696.78	8.162
696.98	8.410
697.17	8.478
697.36	9.338
697.56	8.448
697.75	9.101
697.95	8.034
698.14	8.581
698.34	8.578
698.53	8.571
698.72	8.258
698.92	8.511
699.11	8.682
699.31	8.606
699.50	8.782
699.69	9.023
699.89	8.985
700.08	8.591
700.28	8.893
700.47	8.361
700.66	9.141
700.86	9.037
701.05	8.989
701.25	9.002
701.44	8.747
701.63	8.978
701.83	8.919
702.02	9.155
702.21	9.061
702.41	9.096
702.60	9.244
702.80	9.272
702.99	8.707
703.18	9.043
703.38	9.103
703.57	9.070
703.77	9.386
703.96	8.929
704.15	8.819
704.35	9.141
704.54	9.124
704.73	9.139
704.93	9.220
705.12	9.160
705.31	9.343
705.51	9.420
705.70	9.510
705.89	9.299
706.09	9.334
706.28	9.242
706.48	8.952
706.67	9.284
706.86	9.413
707.06	9.508
707.25	9.445
707.44	9.787
707.64	9.721
707.83	9.432
708.02	9.312
708.22	9.433
708.41	9.698
708.60	9.810
708.80	9.105
708.99	9.792
709.18	9.502
709.38	9.577
709.57	9.682
709.76	9.723
709.95	9.986
710.15	9.759
710.34	10.393
710.53	9.620
710.73	9.788
710.92	9.458
711.11	9.492
711.31	9.789
711.50	9.106
711.69	9.664
711.89	9.714
712.08	10.169
712.27	9.782
712.46	9.597
712.66	9.725
712.85	9.125
713.04	9.654
713.24	10.287
713.43	9.048
713.62	9.611
713.81	9.481
714.01	9.744
714.20	10.255
714.39	9.880
714.59	10.027
714.78	9.710
714.97	10.179
715.16	9.603
715.36	9.575
715.55	9.769
715.74	9.964
715.93	10.214
716.13	10.264
716.32	9.868
716.51	9.609
716.71	9.429
716.90	9.824
717.09	10.097
717.28	9.884
717.48	10.126
717.67	10.742
717.86	10.255
718.05	10.053
718.25	10.149
718.44	10.806
718.63	9.937
718.82	10.488
719.02	10.063
719.21	10.175
719.40	10.208
719.59	10.030
719.78	10.321
719.98	10.398
720.17	10.095
720.36	10.571
720.55	10.069
720.75	10.200
720.94	10.256
721.13	10.186
721.32	10.012
721.51	10.751
721.71	10.677
721.90	10.632
722.09	10.610
722.28	10.404
722.48	10.827
722.67	10.847
722.86	10.364
723.05	10.614
723.24	10.213
723.44	10.389
723.63	10.684
723.82	10.797
724.01	10.372
724.20	10.470
724.40	10.571
724.59	10.783
724.78	10.583
724.97	10.419
725.16	11.040
725.35	10.920
725.55	10.755
725.74	10.590
725.93	10.806
726.12	11.045
726.31	11.178
726.51	11.368
726.70	10.144
726.89	10.822
727.08	10.929
727.27	10.895
727.46	10.927
727.66	10.752
727.85	10.937
728.04	10.948
728.23	11.208
728.42	10.991
728.61	10.944
728.81	10.885
729.00	10.862
729.19	10.968
729.38	11.051
729.57	11.080
729.76	11.049
729.95	10.716
730.15	11.451
730.34	11.110
730.53	11.479
730.72	11.012
730.91	11.384
731.10	11.033
731.29	10.830
731.49	11.066
731.68	11.525
731.87	10.893
732.06	11.399
732.25	11.554
732.44	10.951
732.63	11.430
732.82	10.994
733.02	11.240
733.21	11.092
733.40	10.691
733.59	11.547
733.78	11.750
733.97	10.878
734.16	11.154
734.35	11.307
734.54	11.330
734.74	11.211
734.93	11.369
735.12	11.311
735.31	10.996
735.50	11.135
735.69	11.298
735.88	11.472
736.07	11.478
736.26	10.696
736.45	11.645
736.64	10.892
736.84	11.176
737.03	10.878
737.22	11.176
737.41	11.216
737.60	11.007
737.79	11.411
737.98	11.214
738.17	11.600
738.36	11.007
738.55	11.214
738.74	11.782
738.93	11.948
739.12	11.445
739.32	11.214
739.51	11.418
739.70	12.015
739.89	11.262
740.08	11.610
740.27	11.274
740.46	11.421
740.65	11.147
740.84	11.809
741.03	11.146
741.22	11.338
741.41	11.381
741.60	11.360
741.79	11.595
741.98	11.737
742.17	11.909
742.36	11.805
742.55	11.963
742.74	11.771
742.93	11.877
743.12	11.872
743.31	11.662
743.51	12.033
743.70	11.478
743.89	11.838
744.08	11.328
744.27	11.875
744.46	11.948
744.65	11.878
744.84	11.523
745.03	11.762
745.22	11.690
745.41	11.723
745.60	11.594
745.79	12.042
745.98	11.804
746.17	12.021
746.36	11.736
746.55	11.863
746.74	11.972
746.93	11.501
747.12	11.323
747.31	11.851
747.50	12.095
747.69	12.008
747.88	11.817
748.07	11.857
748.26	11.895
748.45	11.741
748.64	12.075
748.83	11.909
749.02	12.179
749.21	12.035
749.40	12.423
749.59	12.373
749.77	12.010
749.96	12.120
750.15	11.668
750.34	12.149
750.53	11.718
750.72	12.297
750.91	12.639
751.10	12.493
751.29	12.256
751.48	11.786
751.67	12.379
751.86	12.326
752.05	11.813
752.24	12.467
752.43	12.331
752.62	11.836
752.81	11.901
753.00	12.412
753.19	12.291
753.38	12.440
753.57	12.062
753.76	12.242
753.94	12.323
754.13	12.177
754.32	12.436
754.51	12.129
754.70	12.376
754.89	12.013
755.08	12.565
755.27	12.519
755.46	12.310
755.65	12.249
755.84	11.826
756.03	12.276
756.22	12.224
756.40	12.425
756.59	12.043
756.78	12.518
756.97	12.338
757.16	12.034
757.35	11.850
757.54	12.111
757.73	12.322
757.92	12.196
758.11	11.957
758.29	12.396
758.48	12.604
758.67	12.621
758.86	12.646
759.05	12.333
759.24	12.291
759.43	12.116
759.62	12.413
759.81	12.412
759.99	12.360
760.18	12.425
760.37	12.399
760.56	12.348
760.75	12.459
760.94	12.704
761.13	12.379
761.32	12.594
761.50	12.623
761.69	12.258
761.88	12.749
762.07	12.588
762.26	12.888
762.45	12.791
762.64	12.213
762.82	12.869
763.01	12.432
763.20	12.689
763.39	12.764
763.58	12.621
763.77	12.735
763.96	12.823
764.14	13.021
764.33	13.131
764.52	12.718
764.71	12.822
764.90	12.679
765.09	12.423
765.27	13.260
765.46	12.697
765.65	12.932
765.84	12.802
766.03	13.060
766.22	12.813
766.40	12.954
766.59	12.497
766.78	12.673
766.97	12.804
767.16	13.093
767.35	12.640
767.53	12.851
767.72	12.978
767.91	12.466
768.10	12.967
768.29	12.955
768.47	13.255
768.66	12.868
768.85	12.973
769.04	12.965
769.23	13.204
769.41	12.923
769.60	12.914
769.79	12.879
769.98	12.800
770.17	12.910
770.35	12.893
770.54	13.341
770.73	12.853
770.92	13.096
771.10	12.792
771.29	13.005
771.48	13.302
771.67	13.075
771.86	13.106
772.04	12.682
772.23	12.929
772.42	13.011
772.61	13.211
772.79	13.060
772.98	12.400
773.17	13.255
773.36	13.030
773.54	13.485
773.73	12.955
773.92	12.945
774.11	12.907
774.30	13.375
774.48	13.818
774.67	12.909
774.86	13.286
775.05	13.142
775.23	13.422
775.42	13.761
775.61	13.032
775.79	13.010
775.98	12.999
776.17	12.928
776.36	13.232
776.54	13.406
776.73	13.091
776.92	13.244
777.11	13.414
777.29	13.041
777.48	12.965
777.67	12.891
777.85	13.184
778.04	13.176
778.23	13.367
778.42	13.260
778.60	13.456
778.79	13.305
778.98	13.034
779.16	13.125
779.35	12.701
779.54	13.168
779.73	13.126
779.91	12.854
780.10	13.222
780.29	12.854
780.47	13.321
780.66	12.676
780.85	13.172
781.03	13.272
781.22	13.344
781.41	12.997
781.60	12.845
781.78	13.130
781.97	13.299
782.16	13.292
782.34	13.464
782.53	13.063
782.72	13.171
782.90	13.169
783.09	12.906
783.28	13.116
783.46	13.216
783.65	12.895
783.84	13.351
784.02	13.295
784.21	13.051
784.40	13.194
784.58	13.303
784.77	12.912
784.96	13.044
785.14	12.870
785.33	12.848
785.52	13.467
785.70	13.123
785.89	13.074
786.08	13.076
786.26	13.242
786.45	12.917
786.63	13.452
786.82	13.394
787.01	13.611
787.19	13.256
787.38	13.226
787.57	13.309
787.75	12.697
787.94	12.814
788.13	12.937
788.31	12.915
788.50	12.932
788.68	13.140
788.87	13.395
789.06	12.978
789.24	12.990
789.43	13.193
789.61	13.271
789.80	13.100
789.99	13.441
790.17	13.441
790.36	12.827
790.55	13.445
790.73	12.828
790.92	12.909
791.10	13.141
791.29	12.935
791.48	13.316
791.66	12.929
791.85	12.772
792.03	13.363
792.22	12.931
792.40	12.993
792.59	12.622
792.78	13.162
792.96	12.787
793.15	12.569
793.33	12.694
793.52	13.025
793.71	12.903
793.89	12.864
794.08	13.200
794.26	12.618
794.45	12.881
794.63	13.103
794.82	12.891
795.01	12.680
795.19	12.702
795.38	12.709
795.56	12.539
795.75	12.798
795.93	12.500
796.12	12.774
796.30	12.855
796.49	12.627
796.68	12.596
796.86	12.636
797.05	12.649
797.23	12.699
797.42	12.344
797.60	12.351
797.79	12.520
797.97	12.439
798.16	12.809
798.34	12.459
798.53	12.351
798.71	12.352
798.90	12.424
799.08	12.776
799.27	12.488
799.46	12.458
799.64	12.277
799.83	12.398
800.01	12.927
800.20	12.671
800.38	12.551
800.57	12.534
800.75	12.549
800.94	12.522
801.12	12.750
801.31	12.477
801.49	12.723
801.68	12.569
801.86	12.534
802.05	12.080
802.23	12.576
802.42	12.419
802.60	12.760
802.79	12.569
802.97	12.530
803.16	12.461
803.34	12.607
803.53	12.666
803.71	12.290
803.90	12.179
804.08	12.589
804.27	12.681
804.45	12.771
804.63	12.287
804.82	12.388
805.00	12.845
805.19	12.477
805.37	12.725
805.56	12.544
805.74	12.679
805.93	12.398
806.11	12.446
806.30	12.964
806.48	12.844
806.67	12.452
806.85	12.515
807.04	12.582
807.22	12.718
807.40	12.632
807.59	12.547
807.77	12.404
807.96	12.745
808.14	12.793
808.33	12.694
808.51	12.965
808.69	12.615
808.88	12.468
809.06	12.724
809.25	12.666
809.43	12.290
809.62	12.696
809.80	12.574
809.99	12.796
810.17	12.717
810.35	12.451
810.54	12.575
810.72	12.435
810.91	12.705
811.09	12.749
811.27	12.780
811.46	12.706
811.64	12.965
811.83	12.384
812.01	12.789
812.19	13.074
812.38	12.753
812.56	12.775
812.75	12.464
812.93	12.802
813.11	12.282
813.30	12.797
813.48	12.640
813.67	13.113
813.85	12.735
814.03	12.732
814.22	12.551
814.40	12.821
814.59	13.159
814.77	12.958
814.95	12.528
815.14	12.715
815.32	12.758
815.50	12.693
815.69	13.069
815.87	12.910
816.06	12.595
816.24	13.090
816.42	12.967
816.61	12.935
816.79	12.773
816.97	13.213
817.16	12.858
817.34	12.945
817.52	12.660
817.71	12.570
817.89	12.764
818.07	12.864
818.26	12.993
818.44	12.702
818.63	12.601
818.81	12.645
818.99	12.832
819.18	12.774
819.36	12.886
819.54	13.197
819.73	13.150
819.91	12.926
820.09	13.192
820.28	12.946
820.46	12.742
820.64	12.991
820.83	12.779
821.01	13.176
821.19	12.761
821.37	12.922
821.56	12.948
821.74	13.025
821.92	13.501
822.11	13.220
822.29	12.560
822.47	13.197
822.66	12.902
822.84	12.966
823.02	13.099
823.21	13.125
823.39	13.295
823.57	13.398
823.75	13.146
823.94	12.995
824.12	12.974
824.30	12.971
824.49	12.897
824.67	13.070
824.85	13.730
825.03	12.861
825.22	13.204
825.40	13.156
825.58	13.943
825.77	13.153
825.95	13.120
826.13	13.591
826.31	13.230
826.50	13.404
826.68	13.490
826.86	13.339
827.04	13.590
827.23	13.534
827.41	13.146
827.59	13.176
827.78	13.375
827.96	13.466
828.14	13.315
828.32	13.375
828.51	13.290
828.69	13.151
828.87	13.172
829.05	13.382
829.23	13.598
829.42	13.089
829.60	12.899
829.78	13.688
829.96	13.431
830.15	13.181
830.33	14.173
830.51	13.407
830.69	13.298
830.88	13.520
831.06	13.569
831.24	13.699
831.42	13.311
831.60	13.806
831.79	13.770
831.97	14.099
832.15	13.968
832.33	13.859
832.52	14.001
832.70	13.936
832.88	13.502
833.06	13.666
833.24	13.801
833.43	14.297
833.61	13.854
833.79	14.428
833.97	14.013
834.15	14.060
834.34	13.744
834.52	13.653
834.70	14.058
834.88	13.937
835.06	13.856
835.25	13.438
835.43	13.707
835.61	14.002
835.79	14.002
835.97	13.860
836.15	13.545
836.34	13.923
836.52	13.843
836.70	13.917
836.88	14.132
837.06	13.797
837.24	14.099
837.43	13.919
837.61	14.209
837.79	14.300
837.97	13.947
838.15	14.058
838.33	13.732
838.52	14.001
838.70	13.830
838.88	14.033
839.06	14.322
839.24	13.867
839.42	14.077
839.60	14.183
839.79	14.015
839.97	14.374
840.15	14.265
840.33	13.968
840.51	14.152
840.69	14.459
840.87	14.185
841.06	13.931
841.24	13.926
841.42	13.993
841.60	14.232
841.78	14.107
841.96	14.408
842.14	14.184
842.32	14.412
842.51	14.801
842.69	14.372
842.87	14.652
843.05	14.610
843.23	14.473
843.41	14.648
843.59	14.353
843.77	14.389
843.95	14.460
844.14	14.965
844.32	14.583
844.50	14.561
844.68	14.740
844.86	14.216
845.04	14.365
845.22	15.489
845.40	15.330
845.58	14.752
845.76	14.843
845.94	14.853
846.12	15.239
846.31	14.704
846.49	15.078
846.67	14.809
846.85	15.069
847.03	14.830
847.21	15.075
847.39	14.832
847.57	14.791
847.75	14.916
847.93	14.737
848.11	14.908
848.29	14.869
848.47	14.611
848.65	15.370
848.83	14.691
849.02	15.041
849.20	15.093
849.38	15.074
849.56	15.135
849.74	15.468
849.92	15.047
850.10	14.834
850.28	15.134
850.46	14.563
850.64	15.118
850.82	15.250
851.00	15.243
851.18	15.093
851.36	14.959
851.54	15.513
851.72	15.404
851.90	15.529
852.08	15.163
852.26	15.174
852.44	15.162
852.62	15.223
852.80	15.595
852.98	15.076
853.16	15.332
853.34	15.007
853.52	15.133
853.70	14.927
853.88	15.550
854.06	15.470
854.24	15.330
854.42	15.050
854.60	15.892
854.78	15.742
854.96	15.356
855.14	15.697
855.32	15.696
855.50	15.797
855.68	15.971
855.86	15.371
856.04	15.622
856.22	15.418
856.40	15.516
856.58	15.889
856.76	15.662
856.94	16.126
857.12	15.906
857.30	15.745
857.48	15.654
857.66	16.187
857.84	16.375
858.02	15.950
858.20	15.829
858.38	15.714
858.56	15.530
858.74	15.545
858.92	16.023
859.10	15.825
859.28	16.114
859.46	15.958
859.64	16.149
859.81	16.001
859.99	16.537
860.17	15.800
860.35	15.690
860.53	16.107
860.71	16.661
860.89	15.948
861.07	15.698
861.25	16.459
861.43	16.309
861.61	16.299
861.79	16.295
861.97	16.075
862.15	16.836
862.33	16.375
862.50	16.201
862.68	16.310
862.86	16.606
863.04	16.411
863.22	16.200
863.40	16.520
863.58	16.377
863.76	16.369
863.94	16.853
864.12	16.352
864.30	16.961
864.47	16.498
864.65	16.720
864.83	16.859
865.01	16.792
865.19	17.103
865.37	16.904
865.55	17.400
865.73	17.070
865.91	17.342
866.09	16.816
866.26	16.904
866.44	17.372
866.62	17.378
866.80	16.717
866.98	17.315
867.16	17.178
867.34	16.949
867.52	16.832
867.69	16.717
867.87	17.129
868.05	17.176
868.23	16.858
868.41	17.071
868.59	17.046
868.77	16.936
868.94	17.319
869.12	17.480
869.30	17.397
869.48	17.594
869.66	17.529
869.84	17.122
870.02	17.411
870.19	17.214
870.37	17.047
870.55	17.469
870.73	17.493
870.91	17.424
871.09	17.321
871.26	17.561
871.44	17.834
871.62	17.246
871.80	17.874
871.98	18.058
872.16	17.990
872.33	17.356
872.51	17.588
872.69	17.681
872.87	17.694
873.05	17.265
873.22	17.367
873.40	17.869
873.58	17.990
873.76	18.001
873.94	17.671
874.12	18.051
874.29	18.103
874.47	18.068
874.65	17.996
874.83	17.741
875.01	18.452
875.18	17.932
875.36	18.013
875.54	18.350
875.72	17.907
875.89	18.296
876.07	18.081
876.25	18.658
876.43	18.611
876.61	18.279
876.78	18.763
876.96	18.617
877.14	18.479
877.32	18.438
877.49	18.742
877.67	18.268
877.85	18.760
878.03	18.933
878.21	18.922
878.38	18.499
878.56	18.486
878.74	18.630
878.92	19.152
879.09	19.311
879.27	19.069
879.45	18.899
879.63	18.724
879.80	18.748
879.98	18.610
880.16	18.960
880.34	19.029
880.51	19.303
880.69	18.871
880.87	18.786
881.05	19.178
881.22	18.869
881.40	19.250
881.58	18.694
881.75	19.075
881.93	19.230
882.11	19.141
882.29	19.283
882.46	19.315
882.64	18.912
882.82	18.685
883.00	19.347
883.17	19.200
883.35	19.105
883.53	19.561
883.70	19.525
883.88	18.778
884.06	19.387
884.23	18.942
884.41	19.873
884.59	19.455
884.77	19.337
884.94	19.225
885.12	19.259
885.30	19.168
885.47	19.609
885.65	19.250
885.83	19.724
886.00	19.343
886.18	19.990
886.36	19.962
886.53	19.345
886.71	19.565
886.89	19.712
887.07	19.426
887.24	19.877
887.42	19.377
887.60	19.626
887.77	19.667
887.95	19.610
888.13	19.563
888.30	19.940
888.48	19.636
888.66	19.945
888.83	19.420
889.01	19.515
889.18	19.639
889.36	19.653
889.54	19.930
889.71	19.622
889.89	19.870
890.07	20.504
890.24	20.001
890.42	19.851
890.60	19.746
890.77	20.204
890.95	20.213
891.13	19.887
891.30	19.957
891.48	19.902
891.65	19.655
891.83	19.637
892.01	19.955
892.18	19.802
892.36	19.922
892.54	20.061
892.71	20.323
892.89	20.322
893.06	20.008
893.24	20.092
893.42	20.081
893.59	20.146
893.77	20.071
893.94	19.760
894.12	20.765
894.30	20.413
894.47	20.306
894.65	20.495
894.82	20.565
895.00	20.280
895.18	20.317
895.35	20.219
895.53	20.392
895.70	20.318
895.88	20.570
896.06	20.562
896.23	20.606
896.41	20.084
896.58	20.148
896.76	20.275
896.93	20.537
897.11	20.518
897.29	20.733
897.46	21.177
897.64	20.933
897.81	21.134
897.99	20.791
898.16	21.175
898.34	21.626
898.52	20.636
898.69	21.051
898.87	21.181
899.04	20.690
899.22	20.873
899.39	21.031
899.57	21.229
899.74	21.193
899.92	21.265
900.10	20.897
900.27	21.446
900.45	21.044
900.62	21.359
900.80	20.995
900.97	21.214
901.15	21.228
901.32	21.106
901.50	21.292
901.67	21.408
901.85	21.300
902.02	21.115
902.20	21.437
902.37	20.956
902.55	21.236
902.72	21.331
902.90	21.440
903.07	21.353
903.25	21.316
903.43	21.378
903.60	21.284
903.78	21.629
903.95	21.774
904.13	21.525
904.30	21.308
904.48	21.701
904.65	21.479
904.83	21.362
905.00	21.220
905.17	21.145
905.35	21.098
905.52	21.774
905.70	21.489
905.87	21.307
906.05	20.951
906.22	21.527
906.40	21.464
906.57	21.859
906.75	21.693
906.92	21.399
907.10	21.208
907.27	21.643
907.45	21.216
907.62	21.778
907.80	21.592
907.97	21.708
908.15	22.033
908.32	21.800
908.49	22.026
908.67	21.771
908.84	21.676
909.02	21.896
909.19	21.975
909.37	21.791
909.54	22.583
909.72	22.139
909.89	22.373
910.07	22.218
910.24	22.289
910.41	22.019
910.59	21.799
910.76	22.327
910.94	22.157
911.11	22.243
911.29	22.113
911.46	22.476
911.63	22.574
911.81	22.796
911.98	22.457
912.16	22.574
912.33	22.421
912.50	22.101
912.68	22.882
912.85	22.886
913.03	22.258
913.20	22.670
913.38	22.576
913.55	22.778
913.72	22.645
913.90	23.030
914.07	23.163
914.25	22.851
914.42	22.715
914.59	22.929
914.77	22.773
914.94	22.508
915.11	22.588
915.29	22.893
915.46	22.414
915.64	22.782
915.81	22.600
915.98	22.604
916.16	22.694
916.33	22.356
916.51	22.471
916.68	23.063
916.85	22.690
917.03	22.948
917.20	22.218
917.37	22.680
917.55	22.653
917.72	22.837
917.89	22.510
918.07	22.930
918.24	22.722
918.42	22.930
918.59	23.056
918.76	23.128
918.94	22.543
919.11	22.614
919.28	23.126
919.46	23.019
919.63	23.301
919.80	23.703
919.98	22.968
920.15	22.774
920.32	23.027
920.50	23.030
920.67	23.498
920.84	23.070
921.02	22.633
921.19	22.602
921.36	23.062
921.54	22.724
921.71	22.779
921.88	22.729
922.06	23.289
922.23	22.815
922.40	22.743
922.57	23.121
922.75	23.709
922.92	23.122
923.09	23.585
923.27	22.850
923.44	22.746
923.61	23.283
923.79	23.109
923.96	22.910
924.13	23.944
924.30	23.539
924.48	23.192
924.65	23.402
924.82	23.528
925.00	23.371
925.17	22.852
925.34	23.641
925.51	22.924
925.69	23.209
925.86	23.056
926.03	23.551
926.21	23.144
926.38	23.297
926.55	23.171
926.72	23.090
926.90	23.656
927.07	23.136
927.24	23.583
927.41	23.505
927.59	23.024
927.76	23.210
927.93	23.595
928.10	23.510
928.28	23.704
928.45	23.741
928.62	23.594
928.79	23.256
928.97	23.730
929.14	23.555
929.31	23.287
929.48	23.197
929.66	23.474
929.83	23.298
930.00	23.063
930.17	23.114
930.34	23.268
930.52	23.635
930.69	23.175
930.86	23.179
931.03	22.878
931.21	23.373
931.38	23.421
931.55	23.633
931.72	23.201
931.89	23.101
932.07	23.227
932.24	23.300
932.41	23.550
932.58	23.204
932.75	23.095
932.93	23.119
933.10	23.283
933.27	23.420
933.44	23.466
933.61	23.228
933.79	23.187
933.96	23.762
934.13	23.631
934.30	24.151
934.47	24.003
934.65	23.869
934.82	23.781
934.99	23.431
935.16	23.748
935.33	23.656
935.50	23.476
935.68	23.298
935.85	22.936
936.02	23.439
936.19	23.296
936.36	23.589
936.53	23.498
936.71	23.480
936.88	23.674
937.05	23.485
937.22	23.419
937.39	22.947
937.56	23.376
937.74	23.219
937.91	23.730
938.08	23.559
938.25	23.929
938.42	23.344
938.59	23.206
938.76	23.352
938.94	24.266
939.11	23.801
939.28	24.095
939.45	23.211
939.62	23.952
939.79	23.710
939.96	23.793
940.13	23.891
940.31	23.689
940.48	23.187
940.65	23.304
940.82	23.947
940.99	23.324
941.16	23.958
941.33	23.000
941.50	23.353
941.67	23.623
941.85	23.544
942.02	23.523
942.19	23.576
942.36	24.150
942.53	22.974
942.70	23.602
942.87	23.350
943.04	23.558
943.21	23.902
943.38	22.997
943.56	23.377
943.73	23.193
943.90	23.471
944.07	23.587
944.24	23.171
944.41	23.419
944.58	23.459
944.75	23.292
944.92	23.404
945.09	23.605
945.26	23.272
945.43	23.221
945.60	22.931
945.78	23.109
945.95	23.724
946.12	23.058
946.29	22.933
946.46	22.930
946.63	23.029
946.80	23.521
946.97	23.019
947.14	22.774
947.31	23.748
947.48	23.495
947.65	24.529
947.82	23.991
947.99	23.594
948.16	23.026
948.33	23.773
948.50	24.481
948.67	23.927
948.84	24.494
949.01	24.549
949.18	23.899
949.35	23.665
949.52	23.736
949.69	24.346
949.86	23.525
950.03	23.825
950.20	23.932
950.38	23.730
950.55	24.418
950.72	24.396
950.89	24.545
951.06	24.001
951.23	24.145
951.40	24.023
951.57	24.360
951.74	23.390
951.91	23.670
952.08	23.612
952.25	23.898
952.42	23.695
952.59	23.961
952.76	23.835
952.92	23.565
953.09	23.864
953.26	23.950
953.43	23.721
953.60	23.910
953.77	24.147
953.94	24.540
954.11	24.513
954.28	24.047
954.45	23.933
954.62	24.264
954.79	23.859
954.96	23.853
955.13	24.583
955.30	23.549
955.47	23.877
955.64	24.075
955.81	23.752
955.98	23.602
956.15	24.233
956.32	24.669
956.49	23.277
956.66	24.566
956.83	24.702
957.00	23.723
957.17	24.220
957.33	23.489
957.50	23.599
957.67	24.405
957.84	23.637
958.01	23.517
958.18	23.725
958.35	23.259
958.52	23.446
958.69	24.103
958.86	24.318
959.03	24.408
959.20	24.095
959.37	24.548
959.53	23.444
959.70	24.009
959.87	24.101
960.04	23.839
960.21	24.330
960.38	23.430
960.55	24.374
960.72	24.157
960.89	23.639
961.06	23.852
961.23	23.757
961.39	23.904
961.56	23.099
961.73	24.182
961.90	23.542
962.07	24.594
962.24	23.326
962.41	23.348
962.58	24.058
962.75	24.146
962.91	24.284
963.08	23.645
963.25	23.942
963.42	23.740
963.59	23.341
963.76	23.541
963.93	23.301
964.09	23.063
964.26	23.393
964.43	23.027
964.60	23.178
964.77	22.582
964.94	22.831
965.11	22.757
965.27	23.215
965.44	23.095
965.61	22.975
965.78	23.415
965.95	22.949
966.12	23.209
966.29	23.855
966.45	22.770
966.62	23.137
966.79	23.844
966.96	23.116
967.13	23.497
967.30	22.541
967.46	23.366
967.63	22.387
967.80	23.069
967.97	23.773
968.14	24.116
968.30	23.669
968.47	23.180
968.64	23.715
968.81	23.741
968.98	24.001
969.15	23.988
969.31	23.751
969.48	23.679
969.65	23.951
969.82	23.562
969.99	22.770
970.15	23.495
970.32	23.051
970.49	23.566
970.66	22.841
970.82	24.052
970.99	23.662
971.16	23.558
971.33	23.302
971.50	23.011
971.66	23.449
971.83	23.439
972.00	22.894
972.17	24.018
972.34	23.721
972.50	23.872
972.67	23.020
972.84	22.855
973.01	23.428
973.17	23.788
973.34	22.624
973.51	22.766
973.68	22.958
973.84	23.732
974.01	24.133
974.18	23.806
974.35	23.285
974.51	23.969
974.68	23.463
974.85	23.937
975.02	23.844
975.18	23.485
975.35	24.005
975.52	23.666
975.69	23.154
975.85	23.525
976.02	23.499
976.19	23.458
976.36	23.864
976.52	24.955
976.69	23.669
976.86	23.366
977.02	23.271
977.19	24.036
977.36	23.550
977.53	23.788
977.69	24.318
977.86	24.135
978.03	23.340
978.19	24.899
978.36	24.426
978.53	24.084
978.70	23.676
978.86	24.865
979.03	24.357
979.20	24.369
979.36	24.698
979.53	24.689
979.70	25.279
979.86	23.968
980.03	25.044
980.20	23.963
980.36	23.696
980.53	24.410
980.70	24.469
980.86	24.064
981.03	25.316
981.20	24.938
981.36	25.182
981.53	24.128
981.70	23.991
981.86	24.742
982.03	24.453
982.20	26.217
982.36	24.549
982.53	23.825
982.70	24.725
982.86	25.148
983.03	23.761
983.20	24.718
983.36	25.705
983.53	24.412
983.70	25.705
983.86	24.947
984.03	25.079
984.20	23.295
984.36	24.637
984.53	24.952
984.70	23.975
984.86	24.207
985.03	24.743
985.19	23.489
985.36	24.458
985.53	23.660
985.69	23.528
985.86	23.329
986.03	24.293
986.19	23.716
986.36	23.059
986.52	23.877
986.69	23.925
986.86	24.161
987.02	23.932
987.19	24.394
987.35	24.320
987.52	24.239
987.69	23.072
987.85	22.267
988.02	24.645
988.18	24.069
988.35	24.013
988.52	24.059
988.68	23.486
988.85	24.469
989.01	23.798
989.18	24.467
989.35	24.921
989.51	23.890
989.68	25.297
989.84	23.216
990.01	24.291
990.17	25.540
990.34	24.116
990.51	24.514
990.67	24.034
990.84	25.106
991.00	24.490
991.17	24.259
991.33	25.012
991.50	24.465
991.66	23.717
991.83	23.807
992.00	24.675
992.16	24.409
992.33	23.848
992.49	24.374
992.66	24.853
992.82	24.215
992.99	24.256
993.15	24.089
993.32	24.646
993.48	24.855
993.65	23.512
993.82	23.947
993.98	24.385
994.15	24.361
994.31	25.013
994.48	25.295
994.64	24.801
994.81	24.937
994.97	24.467
995.14	25.104
995.30	25.470
995.47	24.737
995.63	24.052
995.80	24.328
995.96	24.610
996.13	25.221
996.29	24.242
996.46	23.596
996.62	24.977
996.79	23.286
996.95	25.889
997.12	24.911
997.28	24.747
997.45	25.693
997.61	23.982
997.78	24.365
997.94	24.354
998.11	24.702
998.27	23.706
998.44	24.853
998.60	23.652
998.77	25.820
998.93	25.208
999.10	25.108
999.26	25.877
999.43	23.469
999.59	25.166
999.75	26.056
999.92	24.290
1000.08	25.369
1000.25	25.409
1000.41	25.143
1000.58	25.197
1000.74	25.466
1000.91	25.928
1001.07	25.068
1001.24	25.705
1001.40	25.439
1001.56	26.280
1001.73	26.263
1001.89	25.273
1002.06	26.032
1002.22	26.227
1002.39	25.378
1002.55	24.984
1002.71	24.882
1002.88	26.274
1003.04	26.305
1003.21	25.922
1003.37	26.129
1003.54	25.951
1003.70	26.613
1003.86	26.550
1004.03	27.647
1004.19	25.778
1004.36	26.635
1004.52	26.982
1004.68	26.422
1004.85	25.863
1005.01	26.212
1005.18	25.437
1005.34	27.044
1005.50	24.820
1005.67	25.684
1005.83	26.315
1006.00	26.284
1006.16	25.954
1006.32	27.963
1006.49	25.641
1006.65	25.264
1006.82	27.147
1006.98	25.805
1007.14	25.518
1007.31	25.285
1007.47	25.677
1007.63	26.320
1007.80	25.409
1007.96	25.740
1008.13	27.062
1008.29	25.819
1008.45	26.766
1008.62	28.310
1008.78	26.894
1008.94	27.656
1009.11	27.484
1009.27	27.506
1009.43	29.017
1009.60	25.950
1009.76	24.942
1009.92	27.743
1010.09	27.578
1010.25	25.979
1010.42	26.738
1010.58	26.375
1010.74	27.098
1010.91	27.335
1011.07	26.382
1011.23	30.886
1011.40	27.857
1011.56	28.365
1011.72	29.041
1011.89	27.849
1012.05	25.987
1012.21	27.679
1012.37	28.605
1012.54	26.704
1012.70	27.473
1012.86	25.935
1013.03	29.323
1013.19	28.176
1013.35	26.020
1013.52	28.613
1013.68	28.122
1013.84	27.368
1014.01	28.193
1014.17	29.993
1014.33	27.312
1014.49	28.906
1014.66	27.445
1014.82	30.344
1014.98	29.346
1015.15	26.781
1015.31	28.506
1015.47	29.581
1015.63	30.645
1015.80	28.299
1015.96	27.904
1016.12	26.427
1016.29	27.711
1016.45	27.508
1016.61	28.287
1016.77	27.491
1016.94	30.252
1017.10	29.640
1017.26	29.496
1017.42	29.068
1017.59	27.117
1017.75	28.660
1017.91	28.039
1018.07	32.022
1018.24	28.016
1018.40	28.900
1018.56	29.802
1018.72	27.253
1018.89	29.323
1019.05	28.891
1019.21	27.972
1019.37	31.203
1019.54	28.936
1019.70	31.913
1019.86	27.387
1020.02	27.435
1020.19	30.585
1020.35	29.505
1020.51	30.457
1020.67	31.534
1020.83	31.419
1021.00	33.677
1021.16	32.511
1021.32	25.502
1021.48	31.591
1021.64	32.098
1021.81	30.417
1021.97	30.688
1022.13	32.674
1022.29	31.233
1022.45	30.586
1022.62	30.791
1022.78	33.468
1022.94	29.816
1023.10	30.489
1023.26	33.508
1023.43	31.664
1023.59	33.254
1023.75	32.127
1023.91	30.789
1024.07	33.197
1024.24	33.440
1024.40	33.249
1024.56	33.460
1024.72	32.533
1024.88	34.602
1025.04	35.433
1025.21	35.021
1025.37	34.754
1025.53	34.766
1025.69	34.275
1025.85	33.534
1026.01	36.574
1026.18	32.426
1026.34	32.788
1026.50	42.300
1026.66	36.608
1026.82	37.930
1026.98	36.619
1027.14	39.422
1027.31	37.443
1027.47	37.856
1027.63	37.406
1027.79	36.451
1027.95	34.755
1028.11	37.376
1028.27	38.105
1028.44	36.603
1028.60	39.493
1028.76	38.489
1028.92	38.072
1029.08	35.779
1029.24	39.589
1029.40	39.422
1029.56	38.219
1029.73	38.505
1029.89	37.131
1030.05	35.563
1030.21	43.777
1030.37	34.776
1030.53	42.313
1030.69	43.247
1030.85	40.831
1031.01	38.297
1031.17	41.633
1031.34	41.725
1031.50	39.305
1031.66	40.062
1031.82	40.775
1031.98	43.493
1032.14	44.070
1032.30	42.090
1032.46	41.969
1032.62	47.117
1032.78	42.077
1032.94	42.438
1033.10	42.808
1033.27	47.533
1033.43	46.514
1033.59	45.304
1033.75	44.965
1033.91	49.553
1034.07	51.457
1034.23	54.536
1034.39	42.840
1034.55	45.617
1034.71	54.780
1034.87	46.426
1035.03	45.274
1035.19	51.008
1035.35	49.198
1035.51	56.911
1035.67	42.569
1035.83	54.032
1035.99	55.079
1036.16	53.435
1036.32	48.623
1036.48	63.494
1036.64	66.974
1036.80	61.862
1036.96	52.479
1037.12	46.157
1037.28	59.005
1037.44	53.253
1037.60	63.851
1037.76	53.078
1037.92	67.002
1038.08	57.719
1038.24	60.177
1038.40	65.461
1038.56	61.682
1038.72	56.014
1038.88	59.519
1039.04	65.030
1039.20	72.258
1039.36	67.820
1039.52	65.147
1039.68	64.311
1039.84	60.865
1040.00	86.076
1040.16	82.475
1040.32	96.409
1040.48	82.439
1040.64	74.550
1040.80	98.875
1040.96	71.015
1041.12	80.413
1041.28	82.513
1041.44	87.728
1041.60	82.772
1041.76	79.596
1041.92	89.136
1042.08	85.253
1042.24	82.103
1042.39	99.085
1042.55	113.499
1042.71	92.444
1042.87	105.260
1043.03	126.730
1043.19	98.736
