345.44	107.439
345.66	107.439
345.88	107.439
346.10	98.851
346.31	51.724
346.53	80.727
346.75	95.807
346.97	86.710
347.19	108.588
347.41	91.813
347.63	97.922
347.85	83.942
348.07	90.393
348.29	87.482
348.51	70.154
348.73	100.786
348.95	81.549
349.17	91.810
349.39	64.651
349.61	60.433
349.83	38.963
350.05	54.960
350.27	56.445
350.49	63.261
350.71	7.951
350.93	45.924
351.15	54.269
351.37	37.827
351.59	24.034
351.80	37.437
352.02	11.249
352.24	55.743
352.46	46.113
352.68	31.631
352.90	52.603
353.12	49.945
353.34	-0.857
353.56	31.272
353.78	43.439
354.00	22.166
354.22	0.951
354.44	40.017
354.66	27.856
354.88	30.888
355.09	11.123
355.31	62.503
355.53	51.638
355.75	29.989
355.97	22.565
356.19	40.981
356.41	63.064
356.63	54.197
356.85	45.990
357.07	48.136
357.29	46.918
357.50	56.319
357.72	49.510
357.94	38.303
358.16	52.057
358.38	55.245
358.60	59.840
358.82	65.689
359.04	72.042
359.26	50.783
359.48	44.072
359.69	36.245
359.91	54.658
360.13	14.289
360.35	57.982
360.57	52.525
360.79	51.088
361.01	32.626
361.23	55.827
361.45	63.853
361.66	60.756
361.88	69.722
362.10	52.907
362.32	6.962
362.54	38.784
362.76	54.837
362.98	34.827
363.20	51.140
363.41	54.822
363.63	38.492
363.85	47.432
364.07	16.534
364.29	26.310
364.51	60.428
364.73	46.854
364.94	15.751
365.16	48.627
365.38	-652.479
365.60	46.773
365.82	54.762
366.04	-18.462
366.26	53.216
366.47	41.550
366.69	12.487
366.91	5.844
367.13	-34.352
367.35	43.784
367.57	57.973
367.79	34.274
368.00	3.032
368.22	60.912
368.44	38.083
368.66	52.141
368.88	60.172
369.10	60.285
369.31	51.989
369.53	30.808
369.75	17.178
369.97	44.609
370.19	32.185
370.41	55.303
370.62	45.041
370.84	27.975
371.06	44.345
371.28	31.806
371.50	55.774
371.71	52.806
371.93	44.559
372.15	39.574
372.37	32.016
372.59	44.753
372.80	55.371
373.02	39.406
373.24	32.544
373.46	42.865
373.68	18.168
373.90	42.570
374.11	40.983
374.33	41.232
374.55	53.570
374.77	55.535
374.98	53.911
375.20	54.334
375.42	24.292
375.64	-0.459
375.86	41.055
376.07	38.528
376.29	31.265
376.51	46.767
376.73	35.133
376.95	41.711
377.16	34.762
377.38	21.539
377.60	13.374
377.82	55.597
378.03	-5.864
378.25	48.016
378.47	24.756
378.69	31.687
378.91	37.232
379.12	38.152
379.34	36.430
379.56	39.190
379.78	27.290
379.99	12.563
380.21	19.697
380.43	25.374
380.65	48.814
380.86	43.403
381.08	33.459
381.30	23.034
381.52	32.991
381.73	-15.099
381.95	33.603
382.17	39.073
382.39	32.953
382.60	18.831
382.82	30.779
383.04	33.536
383.26	22.806
383.47	20.386
383.69	43.043
383.91	45.580
384.13	32.571
384.34	28.772
384.56	31.090
384.78	26.479
385.00	29.631
385.21	-1.889
385.43	32.819
385.65	19.681
385.86	19.343
386.08	17.980
386.30	25.132
386.52	22.898
386.73	35.932
386.95	3.518
387.17	40.344
387.38	9.572
387.60	15.573
387.82	22.931
388.04	21.317
388.25	16.274
388.47	16.596
388.69	11.187
388.90	9.654
389.12	12.056
389.34	18.651
389.56	22.624
389.77	33.679
389.99	23.831
390.21	16.371
390.42	26.661
390.64	20.345
390.86	19.415
391.07	24.125
391.29	7.321
391.51	30.817
391.72	22.331
391.94	5.850
392.16	31.382
392.38	-6.132
392.59	1.697
392.81	-9.867
393.03	11.346
393.24	19.792
393.46	21.909
393.68	20.228
393.89	19.453
394.11	-16.548
394.33	34.774
394.54	33.099
394.76	17.784
394.98	13.861
395.19	31.108
395.41	17.016
395.63	6.471
395.84	-0.473
396.06	22.208
396.28	18.723
396.49	10.931
396.71	18.852
396.93	12.385
397.14	8.276
397.36	5.949
397.57	16.603
397.79	6.296
398.01	18.783
398.22	-14.669
398.44	-11.080
398.66	23.697
398.87	24.120
399.09	15.592
399.31	22.128
399.52	-1.602
399.74	1.931
399.96	5.206
400.17	-3.996
400.39	19.718
400.60	6.224
400.82	11.568
401.04	13.875
401.25	4.262
401.47	15.574
401.69	19.594
401.90	24.484
402.12	6.645
402.33	-5.241
402.55	17.603
402.77	3.603
402.98	10.981
403.20	4.149
403.41	14.897
403.63	11.593
403.85	2.356
404.06	3.668
404.28	19.009
404.49	13.130
404.71	-1.486
404.93	10.904
405.14	6.336
405.36	0.427
405.57	8.465
405.79	6.011
406.01	3.408
406.22	8.911
406.44	13.481
406.65	15.346
406.87	7.957
407.09	-0.906
407.30	8.331
407.52	14.519
407.73	0.225
407.95	6.079
408.17	22.595
408.38	-1.385
408.60	0.015
408.81	-0.907
409.03	13.082
409.24	-2.001
409.46	12.679
409.68	6.337
409.89	13.892
410.11	12.710
410.32	-2.483
410.54	-1.823
410.75	2.035
410.97	13.843
411.18	5.799
411.40	6.064
411.62	14.170
411.83	23.886
412.05	1.749
412.26	5.502
412.48	11.917
412.69	21.225
412.91	11.544
413.12	19.607
413.34	17.894
413.56	7.404
413.77	13.602
413.99	15.793
414.20	16.920
414.42	20.394
414.63	22.061
414.85	9.678
415.06	1.319
415.28	15.609
415.49	-4.134
415.71	18.290
415.92	12.164
416.14	20.805
416.35	9.771
416.57	13.336
416.79	19.362
417.00	12.312
417.22	13.471
417.43	15.044
417.65	13.593
417.86	8.080
418.08	14.183
418.29	19.812
418.51	9.142
418.72	19.034
418.94	16.222
419.15	10.461
419.37	15.806
419.58	7.865
419.80	7.081
420.01	6.623
420.23	5.581
420.44	14.717
420.66	18.157
420.87	22.909
421.09	17.333
421.30	11.984
421.52	17.767
421.73	16.451
421.95	21.574
422.16	20.498
422.38	20.553
422.59	17.644
422.81	21.216
423.02	22.240
423.23	14.044
423.45	19.864
423.66	21.804
423.88	22.173
424.09	19.657
424.31	12.673
424.52	25.242
424.74	18.833
424.95	13.623
425.17	22.468
425.38	26.282
425.60	17.306
425.81	12.890
426.03	18.003
426.24	12.918
426.45	20.223
426.67	21.790
426.88	17.745
427.10	24.996
427.31	23.234
427.53	25.086
427.74	30.429
427.96	17.992
428.17	26.729
428.39	22.479
428.60	19.920
428.81	31.448
429.03	25.316
429.24	24.209
429.46	26.099
429.67	27.348
429.89	24.285
430.10	28.104
430.31	23.021
430.53	24.799
430.74	20.937
430.96	26.834
431.17	26.283
431.39	20.279
431.60	28.846
431.81	27.600
432.03	27.016
432.24	27.823
432.46	28.132
432.67	24.755
432.89	26.212
433.10	26.517
433.31	28.897
433.53	28.382
433.74	25.620
433.96	28.854
434.17	31.279
434.38	28.546
434.60	21.572
434.81	29.661
435.03	26.612
435.24	31.466
435.45	33.077
435.67	28.060
435.88	26.860
436.10	26.449
436.31	32.166
436.52	31.161
436.74	32.059
436.95	32.979
437.17	32.817
437.38	33.342
437.59	32.228
437.81	29.500
438.02	35.317
438.23	32.319
438.45	34.202
438.66	34.728
438.88	34.496
439.09	32.510
439.30	34.969
439.52	34.137
439.73	34.305
439.94	35.661
440.16	34.623
440.37	37.664
440.58	33.393
440.80	34.324
441.01	34.668
441.23	34.296
441.44	36.297
441.65	34.431
441.87	36.579
442.08	36.195
442.29	38.556
442.51	35.079
442.72	37.421
442.93	37.302
443.15	39.092
443.36	37.921
443.57	38.105
443.79	34.641
444.00	39.625
444.21	38.476
444.43	35.334
444.64	37.650
444.85	39.165
445.07	38.136
445.28	38.861
445.49	39.065
445.71	42.325
445.92	37.545
446.13	35.895
446.35	41.873
446.56	39.045
446.77	40.298
446.99	41.528
447.20	40.586
447.41	38.401
447.63	42.909
447.84	39.300
448.05	42.857
448.27	42.939
448.48	41.909
448.69	41.882
448.90	38.486
449.12	40.705
449.33	38.034
449.54	42.798
449.76	40.336
449.97	39.134
450.18	40.848
450.40	45.981
450.61	41.625
450.82	40.889
451.03	41.763
451.25	41.472
451.46	44.281
451.67	42.828
451.89	43.746
452.10	43.093
452.31	42.625
452.52	42.831
452.74	43.002
452.95	44.558
453.16	43.028
453.38	42.684
453.59	43.253
453.80	42.300
454.01	44.274
454.23	45.112
454.44	46.345
454.65	44.527
454.86	42.773
455.08	43.053
455.29	43.497
455.50	44.808
455.71	46.774
455.93	46.627
456.14	45.142
456.35	45.604
456.56	46.707
456.78	46.084
456.99	45.435
457.20	46.223
457.41	47.476
457.63	46.371
457.84	45.898
458.05	42.871
458.26	45.258
458.48	46.667
458.69	47.001
458.90	45.302
459.11	47.032
459.33	46.627
459.54	46.954
459.75	47.007
459.96	46.738
460.18	47.006
460.39	47.433
460.60	47.113
460.81	47.033
461.02	48.259
461.24	47.437
461.45	47.341
461.66	46.604
461.87	46.582
462.09	48.597
462.30	46.016
462.51	49.004
462.72	47.941
462.93	48.733
463.15	49.098
463.36	48.361
463.57	48.786
463.78	49.541
463.99	49.907
464.21	48.972
464.42	48.684
464.63	48.476
464.84	49.211
465.05	48.102
465.27	48.240
465.48	48.161
465.69	49.694
465.90	49.809
466.11	49.274
466.33	49.089
466.54	50.317
466.75	48.880
466.96	50.074
467.17	50.665
467.38	49.419
467.60	49.776
467.81	50.581
468.02	50.456
468.23	50.669
468.44	49.898
468.65	50.112
468.87	51.033
469.08	51.080
469.29	49.696
469.50	50.478
469.71	50.344
469.92	50.707
470.14	49.232
470.35	50.468
470.56	50.494
470.77	50.821
470.98	50.278
471.19	50.069
471.41	50.010
471.62	51.121
471.83	51.159
472.04	50.828
472.25	50.947
472.46	50.928
472.67	52.358
472.89	50.763
473.10	50.542
473.31	50.980
473.52	51.562
473.73	51.743
473.94	51.164
474.15	51.071
474.37	51.567
474.58	51.700
474.79	51.096
475.00	51.212
475.21	50.432
475.42	51.851
475.63	51.160
475.84	50.913
476.06	52.133
476.27	52.942
476.48	52.009
476.69	51.684
476.90	51.597
477.11	50.958
477.32	52.012
477.53	52.094
477.74	51.990
477.96	51.745
478.17	52.606
478.38	52.542
478.59	52.255
478.80	51.956
479.01	51.429
479.22	52.165
479.43	51.193
479.64	52.357
479.85	52.319
480.06	51.828
480.28	52.158
480.49	51.692
480.70	52.317
480.91	51.950
481.12	52.601
481.33	51.957
481.54	51.783
481.75	51.660
481.96	51.949
482.17	51.886
482.38	51.892
482.59	52.428
482.81	52.196
483.02	52.361
483.23	52.682
483.44	52.130
483.65	52.187
483.86	51.899
484.07	51.436
484.28	51.267
484.49	52.373
484.70	52.197
484.91	52.344
485.12	52.236
485.33	51.320
485.54	51.838
485.75	51.581
485.96	52.468
486.17	51.858
486.38	51.703
486.60	52.018
486.81	52.265
487.02	52.388
487.23	52.260
487.44	52.187
487.65	51.646
487.86	51.563
488.07	52.144
488.28	51.730
488.49	52.085
488.70	52.520
488.91	51.725
489.12	52.105
489.33	51.609
489.54	51.310
489.75	51.472
489.96	52.058
490.17	52.230
490.38	51.785
490.59	51.757
490.80	51.829
491.01	52.171
491.22	52.009
491.43	51.782
491.64	51.347
491.85	51.745
492.06	51.515
492.27	51.602
492.48	51.856
492.69	51.331
492.90	51.416
493.11	51.330
493.32	51.323
493.53	51.391
493.74	51.680
493.95	51.473
494.16	51.268
494.37	51.471
494.58	50.981
494.79	51.383
495.00	50.582
495.21	51.267
495.42	50.717
495.63	51.243
495.84	50.885
496.05	51.005
496.26	51.195
496.47	50.983
496.68	50.589
496.89	51.213
497.10	50.992
497.31	50.708
497.52	51.021
497.73	50.576
497.94	51.121
498.15	51.064
498.36	50.732
498.57	50.979
498.78	50.708
498.99	50.431
499.19	50.326
499.40	50.380
499.61	50.410
499.82	50.556
500.03	50.137
500.24	50.297
500.45	50.447
500.66	50.273
500.87	50.254
501.08	50.035
501.29	50.250
501.50	49.841
501.71	49.968
501.92	50.038
502.13	49.300
502.34	49.550
502.55	49.650
502.76	49.741
502.96	49.614
503.17	49.781
503.38	49.798
503.59	50.127
503.80	49.639
504.01	49.515
504.22	49.503
504.43	49.833
504.64	49.354
504.85	49.483
505.06	49.575
505.27	49.076
505.47	49.009
505.68	49.052
505.89	49.153
506.10	48.777
506.31	48.680
506.52	48.751
506.73	48.585
506.94	48.749
507.15	48.648
507.36	48.868
507.56	48.438
507.77	48.497
507.98	48.706
508.19	48.129
508.40	48.565
508.61	48.255
508.82	47.975
509.03	48.143
509.24	48.199
509.44	48.340
509.65	47.900
509.86	48.043
510.07	47.596
510.28	47.834
510.49	47.702
510.70	47.851
510.91	47.892
511.11	47.379
511.32	47.453
511.53	47.472
511.74	47.155
511.95	47.098
512.16	47.204
512.37	47.430
512.58	47.252
512.78	46.997
512.99	46.877
513.20	46.824
513.41	46.962
513.62	46.851
513.83	46.961
514.04	46.843
514.24	46.449
514.45	46.435
514.66	46.127
514.87	46.332
515.08	46.147
515.29	46.089
515.49	46.026
515.70	46.130
515.91	46.029
516.12	45.933
516.33	45.912
516.54	45.730
516.74	45.797
516.95	45.493
517.16	45.544
517.37	45.906
517.58	45.441
517.79	45.276
517.99	45.126
518.20	45.378
518.41	45.249
518.62	45.018
518.83	44.963
519.03	44.940
519.24	44.826
519.45	44.871
519.66	44.672
519.87	44.524
520.07	44.411
520.28	44.424
520.49	44.385
520.70	44.456
520.91	44.433
521.12	44.372
521.32	44.045
521.53	44.194
521.74	43.632
521.95	43.873
522.15	43.849
522.36	43.750
522.57	43.636
522.78	43.816
522.99	43.768
523.19	43.436
523.40	43.117
523.61	43.080
523.82	43.360
524.03	43.153
524.23	42.756
524.44	42.923
524.65	42.964
524.86	42.718
525.06	43.267
525.27	42.833
525.48	42.780
525.69	42.530
525.89	42.372
526.10	42.170
526.31	42.324
526.52	42.244
526.72	42.019
526.93	42.189
527.14	42.025
527.35	41.748
527.56	41.710
527.76	41.814
527.97	41.933
528.18	41.381
528.38	41.770
528.59	41.458
528.80	41.337
529.01	41.257
529.21	41.492
529.42	41.183
529.63	41.141
529.84	40.775
530.04	40.629
530.25	40.593
530.46	40.660
530.67	40.318
530.87	40.447
531.08	40.152
531.29	40.182
531.50	40.082
531.70	39.953
531.91	40.027
532.12	39.886
532.32	39.790
532.53	39.497
532.74	39.677
532.95	39.612
533.15	39.653
533.36	39.362
533.57	39.279
533.77	38.785
533.98	39.282
534.19	38.717
534.39	38.651
534.60	38.611
534.81	38.556
535.02	38.575
535.22	38.416
535.43	38.572
535.64	38.486
535.84	38.006
536.05	37.938
536.26	37.822
536.46	37.921
536.67	38.180
536.88	37.867
537.08	37.576
537.29	37.615
537.50	37.421
537.70	37.408
537.91	37.294
538.12	37.385
538.33	36.948
538.53	36.962
538.74	36.725
538.95	36.839
539.15	36.795
539.36	36.719
539.57	36.630
539.77	36.412
539.98	36.197
540.18	36.212
540.39	35.895
540.60	35.988
540.80	35.778
541.01	35.965
541.22	35.944
541.42	35.539
541.63	35.551
541.84	35.451
542.04	35.361
542.25	34.876
542.46	35.100
542.66	35.109
542.87	34.766
543.08	34.721
543.28	34.675
543.49	34.488
543.69	34.227
543.90	34.372
544.11	34.181
544.31	33.955
544.52	34.289
544.73	34.262
544.93	33.933
545.14	33.733
545.34	33.665
545.55	33.899
545.76	33.682
545.96	33.214
546.17	33.557
546.38	33.400
546.58	33.280
546.79	33.168
546.99	33.096
547.20	32.765
547.41	32.726
547.61	32.625
547.82	32.481
548.02	32.412
548.23	32.332
548.44	32.286
548.64	32.119
548.85	32.183
549.05	31.888
549.26	31.682
549.47	31.798
549.67	31.569
549.88	31.487
550.08	31.254
550.29	31.669
550.50	31.434
550.70	30.979
550.91	30.867
551.11	31.024
551.32	30.895
551.52	30.645
551.73	30.800
551.94	30.526
552.14	30.330
552.35	30.199
552.55	30.194
552.76	30.160
552.96	29.960
553.17	29.888
553.38	30.001
553.58	29.832
553.79	29.600
553.99	29.372
554.20	29.329
554.40	29.352
554.61	29.171
554.81	29.122
555.02	29.197
555.23	29.206
555.43	28.675
555.64	28.556
555.84	28.746
556.05	28.569
556.25	28.170
556.46	28.164
556.66	28.018
556.87	28.125
557.07	28.097
557.28	27.570
557.48	27.735
557.69	27.633
557.90	27.571
558.10	27.373
558.31	27.392
558.51	27.057
558.72	27.237
558.92	26.927
559.13	26.823
559.33	26.804
559.54	26.782
559.74	26.493
559.95	26.621
560.15	26.510
560.36	26.251
560.56	26.135
560.77	26.162
560.97	25.941
561.18	25.737
561.38	25.759
561.59	25.624
561.79	25.967
562.00	25.509
562.20	25.178
562.41	25.132
562.61	25.188
562.82	24.974
563.02	25.159
563.23	24.892
563.43	24.758
563.64	24.681
563.84	24.523
564.05	24.313
564.25	24.413
564.46	24.273
564.66	24.158
564.87	24.044
565.07	23.746
565.28	23.758
565.48	23.805
565.68	23.496
565.89	23.380
566.09	23.294
566.30	23.182
566.50	23.233
566.71	23.067
566.91	22.907
567.12	22.984
567.32	22.747
567.53	22.743
567.73	22.389
567.94	22.493
568.14	22.380
568.34	22.212
568.55	22.208
568.75	22.026
568.96	21.933
569.16	21.938
569.37	21.813
569.57	21.417
569.78	21.464
569.98	21.297
570.18	21.304
570.39	21.341
570.59	20.925
570.80	21.053
571.00	20.811
571.21	20.783
571.41	20.497
571.61	20.623
571.82	20.370
572.02	20.613
572.23	20.272
572.43	20.407
572.64	20.145
572.84	19.903
573.04	19.742
573.25	19.890
573.45	19.831
573.66	19.501
573.86	19.241
574.06	19.327
574.27	19.285
574.47	18.989
574.68	19.036
574.88	18.980
575.08	18.818
575.29	18.740
575.49	18.543
575.70	18.753
575.90	18.471
576.10	18.301
576.31	18.302
576.51	18.273
576.72	18.014
576.92	17.926
577.12	17.770
577.33	17.613
577.53	17.649
577.73	17.509
577.94	17.343
578.14	17.336
578.35	17.353
578.55	17.166
578.75	17.228
578.96	16.984
579.16	16.909
579.36	16.912
579.57	16.965
579.77	16.447
579.98	16.581
580.18	16.414
580.38	16.294
580.59	16.124
580.79	15.949
580.99	15.909
581.20	15.610
581.40	15.890
581.60	15.835
581.81	15.732
582.01	15.711
582.21	15.415
582.42	15.386
582.62	15.329
582.82	15.218
583.03	15.107
583.23	14.978
583.43	14.949
583.64	14.790
583.84	14.708
584.04	14.696
584.25	14.473
584.45	14.487
584.65	14.335
584.86	14.275
585.06	14.031
585.26	14.223
585.47	14.056
585.67	13.845
585.87	13.810
586.08	13.736
586.28	13.527
586.48	13.560
586.69	13.207
586.89	13.401
587.09	13.283
587.30	13.123
587.50	13.048
587.70	12.922
587.90	12.876
588.11	12.795
588.31	12.742
588.51	12.703
588.72	12.627
588.92	12.395
589.12	12.162
589.33	12.338
589.53	12.228
589.73	12.268
589.93	11.997
590.14	12.012
590.34	11.790
590.54	11.926
590.75	11.493
590.95	11.673
591.15	11.567
591.35	11.439
591.56	11.237
591.76	11.349
591.96	11.184
592.16	10.945
592.37	10.906
592.57	10.940
592.77	10.837
592.97	10.729
593.18	10.570
593.38	10.451
593.58	10.615
593.79	10.404
593.99	10.330
594.19	10.376
594.39	10.027
594.60	10.176
594.80	10.102
595.00	9.889
595.20	9.876
595.41	9.831
595.61	9.737
595.81	9.703
596.01	9.559
596.21	9.614
596.42	9.394
596.62	9.455
596.82	9.246
597.02	9.119
597.23	9.029
597.43	8.918
597.63	8.878
597.83	8.799
598.04	8.727
598.24	8.682
598.44	8.664
598.64	8.565
598.84	8.619
599.05	8.518
599.25	8.138
599.45	8.461
599.65	8.268
599.85	8.167
600.06	7.985
600.26	7.940
600.46	8.030
600.66	7.718
600.87	7.797
601.07	7.698
601.27	7.604
601.47	7.560
601.67	7.479
601.87	7.407
602.08	7.287
602.28	7.325
602.48	7.245
602.68	7.092
602.88	7.148
603.09	6.928
603.29	7.039
603.49	6.767
603.69	6.794
603.89	6.869
604.10	6.571
604.30	6.574
604.50	6.503
604.70	6.433
604.90	6.444
605.10	6.277
605.31	6.193
605.51	6.031
605.71	6.216
605.91	6.161
606.11	6.063
606.31	6.062
606.52	5.956
606.72	5.788
606.92	5.810
607.12	5.773
607.32	5.779
607.52	5.620
607.72	5.515
607.93	5.447
608.13	5.470
608.33	5.363
608.53	5.295
608.73	5.223
608.93	5.193
609.13	5.171
609.34	5.183
609.54	4.945
609.74	4.833
609.94	4.949
610.14	4.895
610.34	4.786
610.54	4.766
610.74	4.631
610.95	4.628
611.15	4.499
611.35	4.370
611.55	4.295
611.75	4.309
611.95	4.532
612.15	4.196
612.35	4.239
612.56	4.074
612.76	4.225
612.96	3.913
613.16	4.091
613.36	4.077
613.56	3.994
613.76	3.873
613.96	3.842
614.16	3.757
614.36	3.700
614.57	3.706
614.77	3.656
614.97	3.637
615.17	3.532
615.37	3.476
615.57	3.456
615.77	3.318
615.97	3.361
616.17	3.341
616.37	3.224
616.57	3.239
616.78	3.132
616.98	3.146
617.18	3.091
617.38	3.002
617.58	3.149
617.78	2.989
617.98	2.980
618.18	2.874
618.38	2.806
618.58	2.772
618.78	2.655
618.98	2.738
619.18	2.782
619.38	2.633
619.58	2.546
619.79	2.527
619.99	2.500
620.19	2.526
620.39	2.341
620.59	2.355
620.79	2.293
620.99	2.230
621.19	2.237
621.39	2.282
621.59	2.316
621.79	2.077
621.99	2.147
622.19	2.163
622.39	2.151
622.59	2.013
622.79	1.956
622.99	2.103
623.19	1.860
623.39	1.890
623.59	1.949
623.79	1.706
623.99	1.838
624.19	1.784
624.39	1.723
624.59	1.893
624.79	1.545
624.99	1.780
625.19	1.662
625.39	1.588
625.59	1.398
625.79	1.591
625.99	1.524
626.19	1.294
626.39	1.387
626.59	1.354
626.79	1.367
626.99	1.281
627.19	1.263
627.39	1.175
627.59	1.231
627.79	1.110
627.99	1.428
628.19	1.055
628.39	1.111
628.59	1.037
628.79	1.215
628.99	0.991
629.19	1.100
629.39	1.085
629.59	0.918
629.79	1.042
629.99	0.947
630.19	0.971
630.39	1.010
630.59	0.910
630.79	0.972
630.99	0.974
631.19	0.947
631.39	0.885
631.59	0.867
631.79	0.914
631.99	0.807
632.19	0.818
632.39	0.807
632.59	0.684
632.79	0.713
632.99	0.757
633.19	0.586
633.39	0.786
633.58	0.734
633.78	0.596
633.98	0.581
634.18	0.506
634.38	0.699
634.58	0.493
634.78	0.590
634.98	0.538
635.18	0.440
635.38	0.482
635.58	0.434
635.78	0.483
635.98	0.671
636.18	0.601
636.38	0.337
636.57	0.437
636.77	0.527
636.97	0.505
637.17	0.476
637.37	0.404
637.57	0.523
637.77	0.525
637.97	0.587
638.17	0.554
638.37	0.553
638.57	0.468
638.76	0.449
638.96	0.412
639.16	0.367
639.36	0.383
639.56	0.364
639.76	0.349
639.96	0.438
640.16	0.328
640.36	0.385
640.56	0.434
640.75	0.449
640.95	0.382
641.15	0.257
641.35	0.271
641.55	0.288
641.75	0.261
641.95	0.331
642.15	0.282
642.34	0.383
642.54	0.522
642.74	0.392
642.94	0.426
643.14	0.396
643.34	0.214
643.54	0.496
643.74	0.250
643.93	0.401
644.13	0.265
644.33	0.391
644.53	0.264
644.73	0.498
644.93	0.424
645.13	0.357
645.32	0.373
645.52	0.314
645.72	0.439
645.92	0.420
646.12	0.389
646.32	0.291
646.52	0.331
646.71	0.452
646.91	0.456
647.11	0.413
647.31	0.433
647.51	0.515
647.71	0.420
647.90	0.404
648.10	0.455
648.30	0.515
648.50	0.583
648.70	0.526
648.89	0.543
649.09	0.659
649.29	0.636
649.49	0.580
649.69	0.640
649.89	0.526
650.08	0.527
650.28	0.438
650.48	0.743
650.68	0.805
650.88	0.626
651.07	0.636
651.27	0.570
651.47	0.648
651.67	0.605
651.87	0.682
652.06	0.710
652.26	0.811
652.46	0.689
652.66	0.874
652.86	0.833
653.05	0.757
653.25	0.794
653.45	0.818
653.65	0.771
653.85	0.903
654.04	1.082
654.24	0.917
654.44	0.726
654.64	0.951
654.83	0.802
655.03	1.012
655.23	0.952
655.43	0.965
655.63	0.925
655.82	1.073
656.02	1.096
656.22	1.050
656.42	1.182
656.61	1.094
656.81	1.068
657.01	0.990
657.21	1.210
657.40	1.168
657.60	1.311
657.80	1.323
658.00	1.275
658.19	1.302
658.39	1.354
658.59	1.328
658.79	1.394
658.98	1.334
659.18	1.345
659.38	1.456
659.58	1.517
659.77	1.406
659.97	1.424
660.17	1.606
660.36	1.583
660.56	1.532
660.76	1.556
660.96	1.598
661.15	1.528
661.35	1.624
661.55	1.591
661.75	1.755
661.94	1.768
662.14	1.926
662.34	1.743
662.53	1.961
662.73	1.746
662.93	1.863
663.13	1.909
663.32	1.973
663.52	2.019
663.72	2.062
663.91	2.244
664.11	2.066
664.31	2.084
664.50	2.039
664.70	2.149
664.90	2.124
665.10	2.278
665.29	2.145
665.49	2.386
665.69	2.374
665.88	2.334
666.08	2.374
666.28	2.475
666.47	2.333
666.67	2.512
666.87	2.616
667.06	2.584
667.26	2.586
667.46	2.690
667.65	2.682
667.85	2.662
668.05	2.642
668.24	2.710
668.44	2.854
668.64	2.733
668.83	2.825
669.03	2.831
669.23	2.889
669.42	2.828
669.62	3.029
669.82	3.026
670.01	3.021
670.21	3.089
670.41	3.216
670.60	3.169
670.80	3.185
671.00	3.206
671.19	3.301
671.39	3.230
671.58	3.290
671.78	3.347
671.98	3.359
672.17	3.365
672.37	3.568
672.57	3.510
672.76	3.613
672.96	3.547
673.15	3.622
673.35	3.745
673.55	3.825
673.74	3.777
673.94	3.699
674.14	3.755
674.33	3.862
674.53	3.892
674.72	3.979
674.92	4.024
675.12	4.060
675.31	3.979
675.51	4.132
675.70	4.112
675.90	4.150
676.10	4.186
676.29	4.282
676.49	4.425
676.68	4.404
676.88	4.467
677.08	4.444
677.27	4.583
677.47	4.620
677.66	4.639
677.86	4.554
678.06	4.584
678.25	4.560
678.45	4.658
678.64	4.773
678.84	4.952
679.03	4.888
679.23	4.955
679.43	4.976
679.62	4.901
679.82	5.093
680.01	5.137
680.21	5.150
680.40	5.288
680.60	5.182
680.80	5.292
680.99	5.284
681.19	5.279
681.38	5.472
681.58	5.380
681.77	5.598
681.97	5.467
682.16	5.551
682.36	5.714
682.56	5.713
682.75	5.665
682.95	5.735
683.14	5.757
683.34	5.870
683.53	5.895
683.73	5.809
683.92	5.949
684.12	6.096
684.31	6.092
684.51	6.157
684.70	6.100
684.90	6.332
685.10	6.197
685.29	6.333
685.49	6.368
685.68	6.404
685.88	6.416
686.07	6.473
686.27	6.588
686.46	6.649
686.66	6.592
686.85	6.587
687.05	6.698
687.24	6.833
687.44	6.917
687.63	6.898
687.83	6.991
688.02	7.088
688.22	7.000
688.41	7.076
688.61	7.044
688.80	7.213
689.00	7.241
689.19	7.276
689.39	7.285
689.58	7.384
689.78	7.427
689.97	7.472
690.17	7.557
690.36	7.579
690.56	7.615
690.75	7.740
690.95	7.750
691.14	7.749
691.34	7.837
691.53	7.886
691.72	8.039
691.92	8.009
692.11	7.942
692.31	8.052
692.50	8.195
692.70	8.170
692.89	8.351
693.09	8.367
693.28	8.345
693.48	8.486
693.67	8.374
693.87	8.542
694.06	8.505
694.25	8.435
694.45	8.572
694.64	8.677
694.84	8.723
695.03	8.746
695.23	8.847
695.42	8.900
695.62	8.951
695.81	8.957
696.00	9.122
696.20	9.229
696.39	9.110
696.59	9.151
696.78	9.131
696.98	9.310
697.17	9.273
697.36	9.374
697.56	9.560
697.75	9.519
697.95	9.594
698.14	9.598
698.34	9.691
698.53	9.782
698.72	9.927
698.92	9.895
699.11	9.836
699.31	9.949
699.50	10.045
699.69	10.116
699.89	10.062
700.08	10.250
700.28	10.290
700.47	10.366
700.66	10.295
700.86	10.278
701.05	10.393
701.25	10.459
701.44	10.660
701.63	10.575
701.83	10.609
702.02	10.695
702.21	10.754
702.41	10.888
702.60	10.787
702.80	10.997
702.99	10.936
703.18	11.053
703.38	10.902
703.57	11.052
703.77	11.236
703.96	11.184
704.15	11.270
704.35	11.246
704.54	11.340
704.73	11.506
704.93	11.466
705.12	11.567
705.31	11.596
705.51	11.610
705.70	11.741
705.89	11.742
706.09	11.728
706.28	11.849
706.48	11.903
706.67	12.061
706.86	12.069
707.06	11.966
707.25	12.207
707.44	12.256
707.64	12.235
707.83	12.416
708.02	12.456
708.22	12.446
708.41	12.479
708.60	12.530
708.80	12.536
708.99	12.473
709.18	12.584
709.38	12.748
709.57	12.847
709.76	12.921
709.95	12.964
710.15	12.956
710.34	13.080
710.53	13.066
710.73	13.170
710.92	13.148
711.11	13.217
711.31	13.243
711.50	13.288
711.69	13.328
711.89	13.421
712.08	13.431
712.27	13.483
712.46	13.543
712.66	13.698
712.85	13.591
713.04	13.822
713.24	13.855
713.43	13.865
713.62	13.915
713.81	13.915
714.01	13.987
714.20	14.092
714.39	14.205
714.59	14.310
714.78	14.210
714.97	14.247
715.16	14.340
715.36	14.361
715.55	14.427
715.74	14.605
715.93	14.630
716.13	14.741
716.32	14.768
716.51	14.781
716.71	14.879
716.90	14.962
717.09	15.057
717.28	15.027
717.48	14.954
717.67	15.040
717.86	15.081
718.05	15.073
718.25	15.187
718.44	15.337
718.63	15.318
718.82	15.334
719.02	15.410
719.21	15.451
719.40	15.475
719.59	15.706
719.78	15.739
719.98	15.735
720.17	15.769
720.36	15.853
720.55	15.792
720.75	15.868
720.94	16.124
721.13	16.067
721.32	16.044
721.51	16.070
721.71	16.136
721.90	16.265
722.09	16.381
722.28	16.408
722.48	16.398
722.67	16.542
722.86	16.562
723.05	16.598
723.24	16.697
723.44	16.766
723.63	16.664
723.82	16.711
724.01	16.876
724.20	16.942
724.40	17.005
724.59	17.017
724.78	16.992
724.97	17.101
725.16	17.161
725.35	17.266
725.55	17.315
725.74	17.325
725.93	17.306
726.12	17.303
726.31	17.419
726.51	17.491
726.70	17.553
726.89	17.641
727.08	17.775
727.27	17.847
727.46	17.797
727.66	17.809
727.85	18.000
728.04	18.026
728.23	18.142
728.42	18.151
728.61	18.246
728.81	18.383
729.00	18.383
729.19	18.406
729.38	18.560
729.57	18.570
729.76	18.504
729.95	18.569
730.15	18.624
730.34	18.669
730.53	18.841
730.72	18.760
730.91	18.868
731.10	18.857
731.29	18.889
731.49	18.973
731.68	19.070
731.87	19.087
732.06	19.070
732.25	19.027
732.44	19.097
732.63	19.157
732.82	19.348
733.02	19.388
733.21	19.398
733.40	19.430
733.59	19.533
733.78	19.571
733.97	19.655
734.16	19.690
734.35	19.931
734.54	19.941
734.74	19.879
734.93	19.976
735.12	20.105
735.31	20.049
735.50	19.938
735.69	20.045
735.88	20.164
736.07	20.290
736.26	20.337
736.45	20.431
736.64	20.476
736.84	20.520
737.03	20.562
737.22	20.493
737.41	20.618
737.60	20.653
737.79	20.595
737.98	20.738
738.17	20.867
738.36	20.796
738.55	21.019
738.74	21.031
738.93	21.101
739.12	21.075
739.32	21.213
739.51	21.160
739.70	21.264
739.89	21.318
740.08	21.332
740.27	21.463
740.46	21.465
740.65	21.506
740.84	21.686
741.03	21.667
741.22	21.840
741.41	21.775
741.60	21.850
741.79	21.872
741.98	21.902
742.17	22.026
742.36	22.002
742.55	22.099
742.74	22.095
742.93	22.262
743.12	22.191
743.31	22.264
743.51	22.450
743.70	22.432
743.89	22.506
744.08	22.397
744.27	22.655
744.46	22.548
744.65	22.690
744.84	22.729
745.03	22.542
745.22	22.734
745.41	22.780
745.60	22.845
745.79	22.844
745.98	22.922
746.17	22.845
746.36	23.094
746.55	23.032
746.74	23.139
746.93	23.168
747.12	23.174
747.31	23.194
747.50	23.141
747.69	23.435
747.88	23.418
748.07	23.587
748.26	23.573
748.45	23.567
748.64	23.585
748.83	23.689
749.02	23.501
749.21	23.643
749.40	23.655
749.59	23.884
749.77	23.995
749.96	23.916
750.15	23.988
750.34	24.061
750.53	24.125
750.72	24.067
750.91	24.008
751.10	24.121
751.29	24.095
751.48	24.093
751.67	24.300
751.86	24.432
752.05	24.451
752.24	24.560
752.43	24.535
752.62	24.744
752.81	24.735
753.00	24.791
753.19	24.909
753.38	24.902
753.57	24.896
753.76	24.950
753.94	24.924
754.13	24.956
754.32	25.197
754.51	25.043
754.70	25.072
754.89	25.144
755.08	25.357
755.27	25.465
755.46	25.424
755.65	25.426
755.84	25.597
756.03	25.744
756.22	25.671
756.40	25.635
756.59	25.775
756.78	25.679
756.97	25.914
757.16	25.708
757.35	25.743
757.54	25.800
757.73	25.809
757.92	25.992
758.11	26.015
758.29	26.149
758.48	26.368
758.67	26.311
758.86	26.191
759.05	26.299
759.24	26.410
759.43	26.483
759.62	26.361
759.81	26.513
759.99	26.474
760.18	26.468
760.37	26.443
760.56	26.545
760.75	26.598
760.94	26.702
761.13	26.773
761.32	26.790
761.50	26.768
761.69	26.818
761.88	26.975
762.07	27.062
762.26	27.137
762.45	27.155
762.64	27.150
762.82	27.323
763.01	27.338
763.20	27.408
763.39	27.418
763.58	27.521
763.77	27.543
763.96	27.477
764.14	27.577
764.33	27.516
764.52	27.564
764.71	27.721
764.90	27.749
765.09	27.878
765.27	27.846
765.46	27.894
765.65	27.927
765.84	27.910
766.03	28.092
766.22	28.129
766.40	28.183
766.59	28.177
766.78	28.227
766.97	28.304
767.16	28.238
767.35	28.236
767.53	28.414
767.72	28.234
767.91	28.442
768.10	28.467
768.29	28.549
768.47	28.553
768.66	28.721
768.85	28.750
769.04	28.810
769.23	28.715
769.41	28.747
769.60	28.795
769.79	28.873
769.98	29.020
770.17	29.008
770.35	29.037
770.54	29.039
770.73	28.970
770.92	29.174
771.10	29.009
771.29	29.040
771.48	29.104
771.67	29.057
771.86	29.165
772.04	29.302
772.23	29.293
772.42	29.388
772.61	29.389
772.79	29.380
772.98	29.554
773.17	29.541
773.36	29.606
773.54	29.565
773.73	29.685
773.92	29.506
774.11	29.537
774.30	29.481
774.48	29.579
774.67	29.739
774.86	29.871
775.05	30.017
775.23	29.992
775.42	30.106
775.61	30.122
775.79	30.198
775.98	30.240
776.17	30.042
776.36	30.041
776.54	30.165
776.73	30.327
776.92	30.413
777.11	30.435
777.29	30.527
777.48	30.459
777.67	30.658
777.85	30.568
778.04	30.670
778.23	30.837
778.42	30.749
778.60	30.848
778.79	30.728
778.98	30.792
779.16	30.756
779.35	31.045
779.54	31.027
779.73	31.173
779.91	31.154
780.10	31.252
780.29	31.145
780.47	31.257
780.66	31.307
780.85	31.348
781.03	31.270
781.22	31.305
781.41	31.500
781.60	31.507
781.78	31.621
781.97	31.620
782.16	31.657
782.34	31.604
782.53	31.514
782.72	31.602
782.90	31.594
783.09	31.708
783.28	31.829
783.46	31.750
783.65	31.823
783.84	31.726
784.02	31.809
784.21	31.777
784.40	31.857
784.58	31.854
784.77	31.967
784.96	32.227
785.14	32.291
785.33	32.439
785.52	32.517
785.70	32.494
785.89	32.542
786.08	32.449
786.26	32.431
786.45	32.262
786.63	32.433
786.82	32.649
787.01	32.519
787.19	32.568
787.38	32.616
787.57	32.557
787.75	32.675
787.94	32.707
788.13	32.694
788.31	32.801
788.50	32.733
788.68	32.797
788.87	32.774
789.06	33.086
789.24	33.290
789.43	33.467
789.61	33.297
789.80	33.324
789.99	33.397
790.17	33.291
790.36	33.301
790.55	33.343
790.73	33.381
790.92	33.193
791.10	33.254
791.29	33.232
791.48	33.349
791.66	33.389
791.85	33.438
792.03	33.531
792.22	33.434
792.40	33.538
792.59	33.520
792.78	33.583
792.96	33.572
793.15	33.742
793.33	33.768
793.52	33.768
793.71	33.830
793.89	33.817
794.08	33.780
794.26	33.885
794.45	33.937
794.63	34.137
794.82	34.025
795.01	34.114
795.19	33.916
795.38	33.830
795.56	34.149
795.75	34.318
795.93	34.381
796.12	34.357
796.30	34.416
796.49	34.551
796.68	34.572
796.86	34.621
797.05	34.550
797.23	34.628
797.42	34.588
797.60	34.456
797.79	34.537
797.97	34.748
798.16	34.888
798.34	34.962
798.53	35.048
798.71	35.135
798.90	35.222
799.08	35.311
799.27	35.198
799.46	35.236
799.64	35.207
799.83	35.355
800.01	35.436
800.20	35.348
800.38	35.344
800.57	35.289
800.75	35.290
800.94	35.360
801.12	35.333
801.31	35.315
801.49	35.176
801.68	35.307
801.86	35.303
802.05	35.220
802.23	35.302
802.42	35.364
802.60	35.415
802.79	35.420
802.97	35.552
803.16	35.598
803.34	35.682
803.53	35.860
803.71	35.902
803.90	35.801
804.08	35.656
804.27	35.715
804.45	35.781
804.63	35.806
804.82	36.027
805.00	36.027
805.19	36.061
805.37	36.099
805.56	36.229
805.74	36.357
805.93	36.272
806.11	36.289
806.30	36.340
806.48	36.476
806.67	36.566
806.85	36.555
807.04	36.450
807.22	36.578
807.40	36.509
807.59	36.483
807.77	36.241
807.96	36.219
808.14	36.196
808.33	36.398
808.51	36.567
808.69	36.496
808.88	36.556
809.06	36.626
809.25	36.657
809.43	36.748
809.62	36.827
809.80	36.930
809.99	36.954
810.17	37.029
810.35	36.971
810.54	36.902
810.72	36.772
810.91	36.675
811.09	36.693
811.27	36.857
811.46	36.888
811.64	36.877
811.83	37.033
812.01	37.002
812.19	37.094
812.38	37.137
812.56	37.149
812.75	37.347
812.93	37.368
813.11	37.293
813.30	37.130
813.48	37.118
813.67	37.333
813.85	37.468
814.03	37.491
814.22	37.585
814.40	37.590
814.59	37.512
814.77	37.589
814.95	37.552
815.14	37.655
815.32	37.580
815.50	37.633
815.69	37.760
815.87	37.577
816.06	37.646
816.24	37.537
816.42	37.603
816.61	37.797
816.79	37.784
816.97	37.762
817.16	37.579
817.34	37.733
817.52	37.814
817.71	37.861
817.89	37.937
818.07	37.895
818.26	37.978
818.44	37.871
818.63	37.703
818.81	37.721
818.99	37.756
819.18	37.939
819.36	38.001
819.54	38.002
819.73	37.949
819.91	37.993
820.09	38.033
820.28	38.092
820.46	38.218
820.64	38.150
820.83	38.133
821.01	38.108
821.19	38.073
821.37	38.003
821.56	38.131
821.74	38.020
821.92	38.169
822.11	38.091
822.29	38.276
822.47	38.312
822.66	38.307
822.84	38.378
823.02	38.431
823.21	38.415
823.39	38.436
823.57	38.472
823.75	38.439
823.94	38.574
824.12	38.548
824.30	38.550
824.49	38.695
824.67	38.651
824.85	38.552
825.03	38.610
825.22	38.780
825.40	38.753
825.58	38.649
825.77	38.709
825.95	38.758
826.13	38.836
826.31	38.848
826.50	38.706
826.68	38.783
826.86	38.712
827.04	38.686
827.23	38.870
827.41	39.055
827.59	39.028
827.78	38.914
827.96	39.020
828.14	39.012
828.32	39.121
828.51	39.272
828.69	39.413
828.87	39.307
829.05	39.139
829.23	39.105
829.42	39.021
829.60	39.110
829.78	39.162
829.96	39.213
830.15	39.350
830.33	39.377
830.51	39.533
830.69	39.594
830.88	39.378
831.06	39.477
831.24	39.354
831.42	39.556
831.60	39.338
831.79	39.623
831.97	39.711
832.15	39.672
832.33	39.781
832.52	39.852
832.70	39.930
832.88	39.685
833.06	39.822
833.24	39.684
833.43	39.852
833.61	39.771
833.79	39.485
833.97	39.596
834.15	39.643
834.34	39.940
834.52	39.910
834.70	40.059
834.88	40.055
835.06	40.058
835.25	39.911
835.43	39.820
835.61	39.902
835.79	39.920
835.97	39.841
836.15	39.875
836.34	40.165
836.52	39.989
836.70	39.991
836.88	40.058
837.06	40.223
837.24	40.199
837.43	40.156
837.61	40.201
837.79	40.190
837.97	40.138
838.15	40.311
838.33	40.197
838.52	40.272
838.70	40.314
838.88	40.186
839.06	40.185
839.24	40.453
839.42	40.523
839.60	40.621
839.79	40.419
839.97	40.442
840.15	40.526
840.33	40.352
840.51	40.293
840.69	40.148
840.87	39.924
841.06	39.891
841.24	40.129
841.42	40.218
841.60	40.227
841.78	40.353
841.96	40.337
842.14	40.401
842.32	40.180
842.51	40.252
842.69	40.154
842.87	40.271
843.05	40.225
843.23	40.471
843.41	40.676
843.59	40.838
843.77	40.714
843.95	40.728
844.14	40.675
844.32	40.596
844.50	40.814
844.68	40.800
844.86	40.954
845.04	40.966
845.22	41.001
845.40	41.164
845.58	41.076
845.76	41.138
845.94	41.119
846.12	41.128
846.31	41.069
846.49	41.023
846.67	41.043
846.85	41.050
847.03	41.062
847.21	40.924
847.39	41.061
847.57	40.968
847.75	41.070
847.93	41.082
848.11	41.206
848.29	41.243
848.47	41.268
848.65	41.175
848.83	41.254
849.02	41.281
849.20	41.258
849.38	41.358
849.56	41.233
849.74	41.199
849.92	41.206
850.10	41.040
850.28	41.047
850.46	41.173
850.64	41.181
850.82	40.968
851.00	40.899
851.18	40.966
851.36	41.040
851.54	41.107
851.72	41.268
851.90	41.293
852.08	41.218
852.26	41.371
852.44	41.646
852.62	41.653
852.80	41.640
852.98	41.871
853.16	41.638
853.34	41.615
853.52	41.750
853.70	41.710
853.88	41.618
854.06	41.396
854.24	41.293
854.42	41.356
854.60	41.496
854.78	41.459
854.96	41.636
855.14	41.457
855.32	41.290
855.50	41.337
855.68	41.582
855.86	41.526
856.04	41.594
856.22	41.587
856.40	41.655
856.58	41.603
856.76	41.686
856.94	41.680
857.12	41.763
857.30	41.749
857.48	41.846
857.66	41.690
857.84	41.652
858.02	41.574
858.20	41.660
858.38	41.490
858.56	41.459
858.74	41.407
858.92	41.421
859.10	41.699
859.28	41.845
859.46	42.061
859.64	42.214
859.81	42.063
859.99	41.920
860.17	41.766
860.35	41.903
860.53	41.723
860.71	41.779
860.89	41.729
861.07	41.623
861.25	41.586
861.43	41.635
861.61	41.949
861.79	41.902
861.97	41.928
862.15	41.867
862.33	41.994
862.50	42.039
862.68	42.131
862.86	42.313
863.04	42.424
863.22	42.489
863.40	42.196
863.58	42.301
863.76	42.422
863.94	42.612
864.12	42.706
864.30	42.747
864.47	42.521
864.65	42.438
864.83	42.278
865.01	42.231
865.19	42.241
865.37	42.345
865.55	42.326
865.73	42.330
865.91	42.379
866.09	42.486
866.26	42.410
866.44	42.137
866.62	42.255
866.80	42.223
866.98	42.424
867.16	42.420
867.34	42.227
867.52	42.148
867.69	42.209
867.87	42.329
868.05	42.179
868.23	42.311
868.41	42.419
868.59	42.427
868.77	42.391
868.94	42.553
869.12	42.567
869.30	42.676
869.48	42.530
869.66	42.546
869.84	42.338
870.02	42.551
870.19	42.482
870.37	42.616
870.55	42.528
870.73	42.501
870.91	42.511
871.09	42.467
871.26	42.357
871.44	42.573
871.62	42.589
871.80	42.647
871.98	42.640
872.16	42.802
872.33	42.832
872.51	43.015
872.69	43.052
872.87	43.002
873.05	43.266
873.22	43.194
873.40	43.122
873.58	42.975
873.76	42.951
873.94	42.966
874.12	42.807
874.29	42.812
874.47	42.710
874.65	42.660
874.83	42.879
875.01	42.972
875.18	43.113
875.36	43.242
875.54	42.952
875.72	42.961
875.89	42.936
876.07	42.607
876.25	42.694
876.43	42.765
876.61	42.831
876.78	42.859
876.96	42.720
877.14	42.811
877.32	42.689
877.49	42.767
877.67	42.477
877.85	42.570
878.03	42.527
878.21	42.520
878.38	42.579
878.56	42.522
878.74	42.511
878.92	42.579
879.09	42.832
879.27	42.874
879.45	43.020
879.63	43.058
879.80	43.158
879.98	43.242
880.16	43.564
880.34	43.399
880.51	43.488
880.69	43.425
880.87	43.386
881.05	43.537
881.22	43.633
881.40	43.334
881.58	43.435
881.75	43.353
881.93	43.464
882.11	43.430
882.29	43.486
882.46	43.337
882.64	43.233
882.82	43.340
883.00	43.217
883.17	43.393
883.35	43.439
883.53	43.474
883.70	43.643
883.88	43.515
884.06	43.350
884.23	43.293
884.41	43.085
884.59	43.021
884.77	43.057
884.94	43.389
885.12	43.459
885.30	43.465
885.47	43.362
885.65	43.435
885.83	43.312
886.00	43.365
886.18	43.540
886.36	43.761
886.53	43.539
886.71	43.336
886.89	43.394
887.07	43.466
887.24	43.429
887.42	43.599
887.60	43.663
887.77	43.705
887.95	43.637
888.13	43.376
888.30	43.308
888.48	43.420
888.66	43.680
888.83	43.709
889.01	43.685
889.18	43.729
889.36	43.694
889.54	43.627
889.71	43.705
889.89	43.631
890.07	43.625
890.24	43.499
890.42	43.539
890.60	43.644
890.77	43.611
890.95	43.574
891.13	43.562
891.30	43.525
891.48	43.528
891.65	43.622
891.83	43.554
892.01	43.399
892.18	43.295
892.36	43.560
892.54	43.776
892.71	43.521
892.89	43.601
893.06	43.608
893.24	43.576
893.42	43.545
893.59	43.530
893.77	43.328
893.94	43.268
894.12	43.347
894.30	43.417
894.47	43.622
894.65	43.652
894.82	43.896
895.00	44.217
895.18	44.124
895.35	44.090
895.53	44.066
895.70	44.019
895.88	43.872
896.06	43.852
896.23	43.871
896.41	43.680
896.58	43.713
896.76	43.738
896.93	43.899
897.11	43.823
897.29	43.815
897.46	43.847
897.64	43.719
897.81	43.747
897.99	43.828
898.16	43.955
898.34	43.974
898.52	44.259
898.69	44.122
898.87	44.186
899.04	44.297
899.22	43.919
899.39	43.806
899.57	43.664
899.74	43.732
899.92	43.920
900.10	44.070
900.27	43.967
900.45	43.916
900.62	43.654
900.80	43.684
900.97	43.564
901.15	43.415
901.32	43.610
901.50	43.585
901.67	43.659
901.85	43.804
902.02	43.987
902.20	43.967
902.37	43.724
902.55	43.685
902.72	43.749
902.90	43.872
903.07	43.568
903.25	43.669
903.43	43.544
903.60	43.584
903.78	43.706
903.95	43.658
904.13	43.612
904.30	43.585
904.48	43.690
904.65	43.778
904.83	43.930
905.00	44.135
905.17	43.985
905.35	43.938
905.52	43.807
905.70	43.841
905.87	43.962
906.05	43.799
906.22	44.076
906.40	43.959
906.57	44.105
906.75	44.162
906.92	44.094
907.10	44.203
907.27	43.696
907.45	43.635
907.62	43.775
907.80	43.737
907.97	43.617
908.15	43.603
908.32	43.592
908.49	43.664
908.67	43.537
908.84	43.457
909.02	43.750
909.19	43.907
909.37	44.085
909.54	44.037
909.72	44.149
909.89	43.981
910.07	43.785
910.24	43.850
910.41	44.077
910.59	44.124
910.76	44.121
910.94	44.116
911.11	43.815
911.29	44.110
911.46	44.055
911.63	44.004
911.81	43.901
911.98	43.970
912.16	43.856
912.33	43.855
912.50	43.985
912.68	43.891
912.85	43.736
913.03	43.766
913.20	43.745
913.38	43.996
913.55	43.924
913.72	44.040
913.90	44.128
914.07	44.132
914.25	44.300
914.42	44.175
914.59	44.333
914.77	44.217
914.94	44.292
915.11	44.148
915.29	44.192
915.46	44.309
915.64	44.454
915.81	44.419
915.98	44.209
916.16	44.136
916.33	44.108
916.51	44.359
916.68	44.118
916.85	43.973
917.03	43.696
917.20	43.882
917.37	43.751
917.55	43.974
917.72	44.118
917.89	43.996
918.07	44.050
918.24	43.715
918.42	43.686
918.59	43.663
918.76	43.394
918.94	43.346
919.11	43.528
919.28	43.530
919.46	43.703
919.63	43.649
919.80	43.294
919.98	43.248
920.15	43.308
920.32	43.294
920.50	43.343
920.67	43.658
920.84	43.659
921.02	43.667
921.19	43.473
921.36	43.665
921.54	43.822
921.71	44.056
921.88	43.985
922.06	44.146
922.23	44.336
922.40	44.236
922.57	44.099
922.75	44.207
922.92	44.229
923.09	44.297
923.27	44.082
923.44	43.898
923.61	43.738
923.79	43.843
923.96	43.771
924.13	43.653
924.30	43.707
924.48	43.743
924.65	43.746
924.82	43.708
925.00	43.587
925.17	43.625
925.34	43.675
925.51	43.965
925.69	43.909
925.86	44.050
926.03	43.889
926.21	44.020
926.38	43.733
926.55	43.843
926.72	43.803
926.90	43.748
927.07	43.829
927.24	43.585
927.41	43.886
927.59	43.997
927.76	44.043
927.93	43.932
928.10	43.878
928.28	43.679
928.45	43.827
928.62	43.359
928.79	43.328
928.97	43.245
929.14	43.610
929.31	43.456
929.48	43.860
929.66	43.570
929.83	43.589
930.00	43.408
930.17	43.561
930.34	43.302
930.52	43.426
930.69	43.316
930.86	43.606
931.03	43.535
931.21	43.414
931.38	43.684
931.55	43.830
931.72	43.316
931.89	43.502
932.07	43.727
932.24	43.136
932.41	43.061
932.58	43.329
932.75	43.786
932.93	43.733
933.10	44.043
933.27	43.803
933.44	43.904
933.61	43.821
933.79	44.136
933.96	44.338
934.13	44.334
934.30	43.997
934.47	44.333
934.65	43.987
934.82	44.144
934.99	44.167
935.16	44.054
935.33	44.339
935.50	44.286
935.68	43.856
935.85	43.835
936.02	43.783
936.19	44.002
936.36	43.783
936.53	43.842
936.71	44.112
936.88	43.754
937.05	43.328
937.22	43.304
937.39	43.507
937.56	43.302
937.74	43.008
937.91	43.304
938.08	43.339
938.25	42.953
938.42	43.196
938.59	43.331
938.76	42.779
938.94	43.011
939.11	43.055
939.28	43.222
939.45	43.456
939.62	42.953
939.79	43.331
939.96	43.245
940.13	43.650
940.31	43.622
940.48	43.714
940.65	43.736
940.82	43.552
940.99	43.411
941.16	43.507
941.33	43.901
941.50	44.135
941.67	44.173
941.85	43.969
942.02	43.834
942.19	43.587
942.36	43.476
942.53	43.633
942.70	43.654
942.87	43.530
943.04	43.397
943.21	43.255
943.38	43.293
943.56	43.422
943.73	43.142
943.90	43.303
944.07	43.466
944.24	43.595
944.41	43.333
944.58	43.346
944.75	43.599
944.92	43.681
945.09	43.923
945.26	44.071
945.43	43.806
945.60	43.344
945.78	43.893
945.95	43.485
946.12	43.465
946.29	43.878
946.46	43.236
946.63	43.887
946.80	43.951
946.97	44.025
947.14	43.782
947.31	44.438
947.48	44.214
947.65	44.025
947.82	44.120
947.99	43.756
948.16	43.724
948.33	43.677
948.50	43.618
948.67	43.745
948.84	43.832
949.01	43.393
949.18	43.867
949.35	43.662
949.52	43.559
949.69	43.656
949.86	43.746
950.03	43.586
950.20	43.710
950.38	43.496
950.55	43.836
950.72	43.792
950.89	44.065
951.06	43.607
951.23	43.714
951.40	43.722
951.57	44.094
951.74	43.846
951.91	43.539
952.08	43.674
952.25	43.324
952.42	43.133
952.59	43.491
952.76	43.482
952.92	43.377
953.09	43.762
953.26	43.356
953.43	43.867
953.60	43.510
953.77	43.648
953.94	43.303
954.11	43.325
954.28	43.260
954.45	43.145
954.62	43.471
954.79	43.489
954.96	43.845
955.13	43.746
955.30	43.190
955.47	43.606
955.64	43.635
955.81	43.470
955.98	43.858
956.15	43.502
956.32	44.145
956.49	43.203
956.66	44.435
956.83	43.681
957.00	43.889
957.17	44.187
957.33	44.065
957.50	43.781
957.67	44.176
957.84	43.707
958.01	43.866
958.18	43.883
958.35	43.742
958.52	43.572
958.69	43.620
958.86	44.291
959.03	43.965
959.20	43.824
959.37	43.497
959.53	43.789
959.70	43.451
959.87	43.355
960.04	42.828
960.21	43.230
960.38	43.355
960.55	43.291
960.72	43.382
960.89	43.227
961.06	43.057
961.23	43.122
961.39	43.259
961.56	42.943
961.73	42.999
961.90	42.812
962.07	43.023
962.24	43.090
962.41	43.191
962.58	43.086
962.75	43.182
962.91	43.153
963.08	43.511
963.25	43.146
963.42	43.018
963.59	42.941
963.76	43.158
963.93	42.369
964.09	43.203
964.26	42.642
964.43	43.004
964.60	42.190
964.77	42.827
964.94	42.670
965.11	43.135
965.27	42.758
965.44	42.952
965.61	43.281
965.78	42.916
965.95	43.052
966.12	42.900
966.29	43.108
966.45	42.874
966.62	42.754
966.79	42.744
966.96	42.977
967.13	42.769
967.30	42.842
967.46	42.850
967.63	42.730
967.80	42.734
967.97	43.508
968.14	43.439
968.30	43.712
968.47	43.790
968.64	41.406
968.81	44.195
968.98	43.081
969.15	43.715
969.31	43.382
969.48	43.061
969.65	42.702
969.82	43.230
969.99	43.051
970.15	42.884
970.32	43.390
970.49	42.426
970.66	43.295
970.82	43.017
970.99	42.714
971.16	43.355
971.33	42.791
971.50	43.248
971.66	42.826
971.83	42.729
972.00	42.857
972.17	43.343
972.34	43.481
972.50	43.105
972.67	42.827
972.84	42.629
973.01	42.690
973.17	42.899
973.34	42.806
973.51	42.940
973.68	42.866
973.84	43.191
974.01	42.775
974.18	43.229
974.35	43.244
974.51	43.375
974.68	43.068
974.85	43.008
975.02	42.603
975.18	42.979
975.35	42.749
975.52	42.292
975.69	43.069
975.85	42.592
976.02	42.345
976.19	42.225
976.36	42.217
976.52	42.641
976.69	42.174
976.86	42.028
977.02	42.436
977.19	42.880
977.36	42.200
977.53	42.840
977.69	42.869
977.86	42.872
978.03	42.246
978.19	43.189
978.36	42.729
978.53	41.931
978.70	42.393
978.86	42.261
979.03	42.518
979.20	42.013
979.36	42.803
979.53	42.034
979.70	42.271
979.86	42.948
980.03	42.002
980.20	42.506
980.36	41.837
980.53	42.486
980.70	42.599
980.86	41.572
981.03	42.634
981.20	41.715
981.36	42.909
981.53	41.609
981.70	42.284
981.86	42.384
982.03	42.340
982.20	43.429
982.36	42.983
982.53	43.223
982.70	43.150
982.86	43.186
983.03	42.479
983.20	42.909
983.36	43.093
983.53	43.683
983.70	43.403
983.86	43.180
984.03	42.615
984.20	43.266
984.36	42.469
984.53	43.475
984.70	43.337
984.86	42.647
985.03	42.215
985.19	42.110
985.36	42.681
985.53	42.583
985.69	43.219
985.86	42.150
986.03	42.177
986.19	42.826
986.36	41.885
986.52	42.749
986.69	42.217
986.86	42.558
987.02	42.353
987.19	43.042
987.35	42.710
987.52	41.672
987.69	42.435
987.85	42.526
988.02	42.018
988.18	42.271
988.35	41.634
988.52	42.517
988.68	42.512
988.85	42.396
989.01	41.892
989.18	42.872
989.35	42.405
989.51	41.858
989.68	42.518
989.84	42.610
990.01	42.352
990.17	41.973
990.34	42.371
990.51	42.316
990.67	42.584
990.84	42.583
991.00	42.872
991.17	42.828
991.33	42.468
991.50	42.811
991.66	42.972
991.83	43.186
992.00	41.715
992.16	42.275
992.33	42.208
992.49	41.728
992.66	41.705
992.82	41.815
992.99	41.599
993.15	41.699
993.32	41.722
993.48	42.175
993.65	41.183
993.82	41.752
993.98	41.757
994.15	41.596
994.31	42.459
994.48	42.223
994.64	42.871
994.81	41.818
994.97	42.975
995.14	42.009
995.30	42.182
995.47	42.565
995.63	42.230
995.80	42.018
995.96	41.864
996.13	42.555
996.29	42.623
996.46	41.714
996.62	42.438
996.79	42.371
996.95	42.316
997.12	41.254
997.28	40.773
997.45	42.187
997.61	41.638
997.78	41.900
997.94	42.282
998.11	43.255
998.27	41.948
998.44	41.813
998.60	41.471
998.77	41.669
998.93	41.552
999.10	42.297
999.26	42.415
999.43	42.446
999.59	42.145
999.75	42.959
999.92	42.030
1000.08	42.016
1000.25	41.812
1000.41	41.170
1000.58	40.836
1000.74	41.678
1000.91	41.832
1001.07	41.672
1001.24	41.697
1001.40	42.253
1001.56	43.204
1001.73	40.386
1001.89	42.882
1002.06	41.407
1002.22	42.655
1002.39	42.550
1002.55	42.403
1002.71	41.693
1002.88	42.511
1003.04	42.106
1003.21	39.830
1003.37	41.392
1003.54	40.470
1003.70	43.378
1003.86	40.715
1004.03	41.093
1004.19	41.314
1004.36	41.831
1004.52	43.349
1004.68	41.986
1004.85	40.033
1005.01	41.074
1005.18	40.751
1005.34	41.221
1005.50	41.639
1005.67	41.705
1005.83	41.156
1006.00	40.441
1006.16	39.971
1006.32	41.370
1006.49	41.390
1006.65	40.592
1006.82	40.756
1006.98	42.025
1007.14	40.377
1007.31	41.957
1007.47	40.940
1007.63	41.966
1007.80	40.191
1007.96	39.870
1008.13	40.844
1008.29	42.224
1008.45	41.482
1008.62	42.162
1008.78	41.828
1008.94	41.199
1009.11	39.965
1009.27	40.895
1009.43	40.617
1009.60	39.157
1009.76	40.539
1009.92	40.671
1010.09	42.399
1010.25	41.729
1010.42	40.636
1010.58	41.584
1010.74	41.352
1010.91	41.382
1011.07	40.398
1011.23	43.101
1011.40	42.767
1011.56	39.679
1011.72	41.103
1011.89	40.854
1012.05	38.601
1012.21	41.123
1012.37	40.822
1012.54	41.084
1012.70	41.183
1012.86	39.881
1013.03	42.306
1013.19	42.913
1013.35	41.648
1013.52	39.018
1013.68	41.359
1013.84	41.706
1014.01	41.836
1014.17	40.496
1014.33	41.500
1014.49	40.489
1014.66	39.003
1014.82	41.543
1014.98	41.511
1015.15	41.764
1015.31	42.066
1015.47	42.326
1015.63	42.309
1015.80	36.563
1015.96	38.015
1016.12	37.514
1016.29	40.299
1016.45	43.060
1016.61	41.174
1016.77	41.155
1016.94	40.645
1017.10	40.716
1017.26	39.400
1017.42	41.066
1017.59	42.842
1017.75	41.326
1017.91	42.543
1018.07	40.085
1018.24	38.647
1018.40	38.900
1018.56	39.482
1018.72	40.544
1018.89	40.921
1019.05	41.292
1019.21	38.641
1019.37	41.788
1019.54	40.392
1019.70	39.269
1019.86	41.045
1020.02	39.604
1020.19	40.088
1020.35	39.436
1020.51	43.247
1020.67	37.813
1020.83	38.878
1021.00	38.735
1021.16	40.405
1021.32	40.439
1021.48	38.946
1021.64	39.757
1021.81	39.178
1021.97	39.076
1022.13	37.943
1022.29	38.630
1022.45	37.967
1022.62	40.856
1022.78	42.998
1022.94	41.068
1023.10	38.863
1023.26	43.124
1023.43	38.423
1023.59	39.600
1023.75	43.814
1023.91	39.586
1024.07	37.336
1024.24	39.517
1024.40	39.334
1024.56	37.710
1024.72	40.473
1024.88	42.043
1025.04	41.884
1025.21	37.610
1025.37	40.532
1025.53	40.247
1025.69	37.756
1025.85	43.111
1026.01	38.008
1026.18	40.537
1026.34	37.805
1026.50	39.265
1026.66	38.065
1026.82	42.348
1026.98	37.836
1027.14	38.969
1027.31	37.678
1027.47	40.137
1027.63	41.419
1027.79	37.384
1027.95	38.083
1028.11	30.411
1028.27	36.623
1028.44	37.143
1028.60	41.878
1028.76	35.939
1028.92	39.273
1029.08	42.423
1029.24	38.591
1029.40	46.451
1029.56	39.851
1029.73	32.898
1029.89	39.772
1030.05	37.112
1030.21	39.899
1030.37	43.487
1030.53	40.037
1030.69	42.277
1030.85	40.330
1031.01	40.874
1031.17	37.343
1031.34	38.769
1031.50	36.151
1031.66	35.631
1031.82	35.509
1031.98	41.317
1032.14	38.960
1032.30	39.798
1032.46	38.621
1032.62	38.334
1032.78	31.382
1032.94	37.655
1033.10	37.438
1033.27	36.555
1033.43	37.492
1033.59	43.687
1033.75	40.316
1033.91	34.826
1034.07	29.660
1034.23	39.418
1034.39	41.905
1034.55	36.539
1034.71	36.792
1034.87	39.340
1035.03	39.893
1035.19	43.666
1035.35	32.891
1035.51	40.958
1035.67	40.926
1035.83	36.536
1035.99	32.915
1036.16	34.892
1036.32	42.337
1036.48	33.877
1036.64	37.836
1036.80	40.306
1036.96	39.644
1037.12	43.229
1037.28	35.385
1037.44	36.300
1037.60	34.850
1037.76	40.511
1037.92	34.960
1038.08	35.759
1038.24	37.232
1038.40	38.309
1038.56	32.446
1038.72	36.385
1038.88	31.024
1039.04	44.944
1039.20	34.928
1039.36	49.701
1039.52	32.689
1039.68	43.209
1039.84	34.996
1040.00	28.919
1040.16	43.882
1040.32	41.867
1040.48	34.732
1040.64	39.015
1040.80	41.802
1040.96	35.275
1041.12	40.279
1041.28	42.700
1041.44	38.703
1041.60	33.755
1041.76	33.813
1041.92	37.249
1042.08	29.340
1042.24	43.752
1042.39	43.596
1042.55	39.287
1042.71	29.765
1042.87	35.508
1043.03	35.060
1043.19	12.668
