345.44	-2.575
345.66	-2.575
345.88	-2.575
346.10	-10.244
346.31	-7.473
346.53	-2.580
346.75	-6.337
346.97	-1.323
347.19	-6.922
347.41	-4.322
347.63	-9.755
347.85	-6.128
348.07	-2.844
348.29	0.448
348.51	-0.148
348.73	-1.022
348.95	-13.500
349.17	-3.156
349.39	-4.375
349.61	0.291
349.83	-4.142
350.05	-2.504
350.27	-0.571
350.49	-2.099
350.71	-11.092
350.93	-6.803
351.15	-7.931
351.37	-11.409
351.59	-6.269
351.80	-7.320
352.02	4.571
352.24	0.455
352.46	-2.627
352.68	-2.821
352.90	-6.430
353.12	-3.870
353.34	-0.604
353.56	-1.684
353.78	-4.856
354.00	3.179
354.22	-1.659
354.44	3.308
354.66	-4.179
354.88	-1.040
355.09	-11.401
355.31	-6.298
355.53	-2.137
355.75	-3.754
355.97	-6.156
356.19	-1.977
356.41	-5.037
356.63	-5.468
356.85	-6.165
357.07	-5.175
357.29	0.569
357.50	-2.196
357.72	-5.927
357.94	-5.109
358.16	-10.752
358.38	-1.077
358.60	0.291
358.82	-11.482
359.04	-1.821
359.26	-3.811
359.48	-5.993
359.69	-4.525
359.91	-4.900
360.13	-3.882
360.35	-8.196
360.57	-1.988
360.79	1.849
361.01	-2.601
361.23	-5.208
361.45	-12.542
361.66	-0.000
361.88	-8.108
362.10	-1.739
362.32	2.738
362.54	-0.417
362.76	-3.835
362.98	-5.847
363.20	-5.221
363.41	-11.802
363.63	-1.049
363.85	-5.810
364.07	-10.079
364.29	-2.603
364.51	-11.352
364.73	-7.185
364.94	-7.570
365.16	-0.151
365.38	-8.742
365.60	-5.229
365.82	-8.385
366.04	-1.364
366.26	-2.329
366.47	-6.250
366.69	-1.590
366.91	-7.594
367.13	-7.750
367.35	-10.126
367.57	-10.317
367.79	-7.011
368.00	-4.992
368.22	-13.929
368.44	-2.183
368.66	-4.622
368.88	-3.988
369.10	-5.471
369.31	-4.309
369.53	-9.599
369.75	-6.278
369.97	-13.182
370.19	-7.386
370.41	-4.142
370.62	-5.590
370.84	-2.308
371.06	-2.370
371.28	-10.158
371.50	3.256
371.71	-8.115
371.93	-2.937
372.15	1.641
372.37	-6.686
372.59	-3.599
372.80	-7.559
373.02	-4.843
373.24	-5.000
373.46	-3.968
373.68	-10.474
373.90	-2.222
374.11	-6.923
374.33	-0.288
374.55	-6.373
374.77	0.426
374.98	-6.748
375.20	-11.317
375.42	-3.892
375.64	-2.831
375.86	-4.608
376.07	-4.416
376.29	-7.669
376.51	-6.363
376.73	-0.418
376.95	-5.933
377.16	-3.633
377.38	-9.251
377.60	-1.382
377.82	-9.815
378.03	-0.307
378.25	-5.788
378.47	-5.462
378.69	-4.769
378.91	3.921
379.12	-1.508
379.34	-11.477
379.56	-2.295
379.78	-7.994
379.99	-6.891
380.21	-1.061
380.43	1.318
380.65	-11.232
380.86	-0.445
381.08	-7.384
381.30	-0.621
381.52	-2.511
381.73	-8.176
381.95	-1.040
382.17	0.147
382.39	-8.957
382.60	-6.608
382.82	-14.862
383.04	-7.938
383.26	-8.598
383.47	-6.461
383.69	-7.540
383.91	-10.679
384.13	-4.755
384.34	-0.438
384.56	-3.541
384.78	-7.727
385.00	-5.000
385.21	-2.086
385.43	-3.852
385.65	-6.012
385.86	-2.967
386.08	-5.489
386.30	-5.752
386.52	-9.130
386.73	-9.204
386.95	2.358
387.17	-3.240
387.38	-5.864
387.60	-6.932
387.82	-3.871
388.04	-7.617
388.25	-11.679
388.47	-4.985
388.69	-1.914
388.90	0.450
389.12	-1.977
389.34	-0.768
389.56	-3.063
389.77	1.080
389.99	-3.338
390.21	-7.987
390.42	-0.000
390.64	-6.182
390.86	-11.314
391.07	-1.711
391.29	-7.968
391.51	-1.852
391.72	-6.966
391.94	1.020
392.16	-2.733
392.38	-12.746
392.59	0.741
392.81	-12.017
393.03	-14.079
393.24	-3.571
393.46	-5.801
393.68	-6.220
393.89	-0.439
394.11	-7.668
394.33	-6.676
394.54	-5.891
394.76	-0.295
394.98	-0.000
395.19	1.983
395.41	-8.181
395.63	-1.349
395.84	-4.910
396.06	-7.189
396.28	-2.336
396.49	-1.709
396.71	-5.882
396.93	-15.433
397.14	-3.642
397.36	-3.703
397.57	-0.286
397.79	-2.874
398.01	0.916
398.22	-4.636
398.44	-9.838
398.66	-5.426
398.87	-10.708
399.09	-6.862
399.31	-6.125
399.52	-5.638
399.74	-4.288
399.96	-1.813
400.17	2.723
400.39	-10.296
400.60	-13.979
400.82	-4.475
401.04	-1.599
401.25	-6.346
401.47	-9.379
401.69	-6.461
401.90	-9.620
402.12	-8.433
402.33	-6.180
402.55	-6.069
402.77	-4.692
402.98	-1.952
403.20	-6.060
403.41	-1.742
403.63	-8.448
403.85	-4.976
404.06	-6.230
404.28	-12.639
404.49	-9.454
404.71	-2.571
404.93	-2.439
405.14	-12.403
405.36	-7.968
405.57	-3.216
405.79	-8.612
406.01	-4.322
406.22	-1.435
406.44	-6.748
406.65	-1.752
406.87	-3.153
407.09	-9.354
407.30	-5.497
407.52	-4.851
407.73	-9.919
407.95	0.762
408.17	-9.905
408.38	-7.906
408.60	-5.418
408.81	-0.301
409.03	-3.328
409.24	-0.708
409.46	-8.497
409.68	-7.830
409.89	4.690
410.11	-2.852
410.32	-13.130
410.54	0.764
410.75	-0.891
410.97	-8.643
411.18	-2.137
411.40	-4.012
411.62	-7.656
411.83	-3.402
412.05	-1.372
412.26	-8.414
412.48	0.287
412.69	-4.204
412.91	-8.513
413.12	-8.180
413.34	-4.596
413.56	-3.976
413.77	-8.993
413.99	-4.978
414.20	-7.378
414.42	-3.571
414.63	-7.389
414.85	-8.842
415.06	-0.987
415.28	-4.618
415.49	1.767
415.71	-9.516
415.92	-7.424
416.14	-6.635
416.35	-0.000
416.57	-4.327
416.79	-4.976
417.00	-1.866
417.22	-3.088
417.43	-11.302
417.65	-11.214
417.86	-4.580
418.08	-6.869
418.29	-4.179
418.51	-4.045
418.72	-6.927
418.94	-7.424
419.15	-4.685
419.37	-9.999
419.58	-8.374
419.80	-1.477
420.01	-3.592
420.23	-10.177
420.44	-1.404
420.66	-2.293
420.87	-0.881
421.09	-8.153
421.30	-7.166
421.52	-7.518
421.73	-2.964
421.95	-4.511
422.16	-3.681
422.38	-5.956
422.59	-7.692
422.81	-3.221
423.02	2.276
423.23	-8.615
423.45	1.214
423.66	-4.327
423.88	0.442
424.09	-6.487
424.31	-5.769
424.52	-7.656
424.74	-7.679
424.95	-5.496
425.17	-5.891
425.38	-2.773
425.60	-3.405
425.81	-6.289
426.03	-9.133
426.24	-3.658
426.45	-0.916
426.67	-1.695
426.88	-9.061
427.10	-6.259
427.31	-8.212
427.53	-5.530
427.74	-5.471
427.96	-2.124
428.17	-8.306
428.39	-6.505
428.60	-5.120
428.81	-4.087
429.03	-0.491
429.24	-4.229
429.46	-7.154
429.67	-7.641
429.89	-9.262
430.10	-2.090
430.31	-3.720
430.53	-9.090
430.74	-4.791
430.96	-10.267
431.17	-8.799
431.39	-3.993
431.60	-1.229
431.81	-2.737
432.03	-1.229
432.24	-8.609
432.46	-5.050
432.67	-6.349
432.89	-6.842
433.10	-10.534
433.31	-1.667
433.53	-9.457
433.74	-9.350
433.96	-6.296
434.17	-6.158
434.38	-4.545
434.60	-8.047
434.81	-10.083
435.03	-10.598
435.24	-9.856
435.45	-4.955
435.67	-9.031
435.88	-0.619
436.10	-7.594
436.31	-9.722
436.52	-14.187
436.74	-5.055
436.95	-14.427
437.17	-7.592
437.38	-10.725
437.59	-2.121
437.81	-7.037
438.02	-4.846
438.23	-0.997
438.45	-12.477
438.66	-4.306
438.88	-10.568
439.09	-5.460
439.30	-9.459
439.52	-6.847
439.73	-5.555
439.94	-8.760
440.16	-3.125
440.37	-5.077
440.58	-0.640
440.80	-5.948
441.01	-9.964
441.23	-14.037
441.44	-11.912
441.65	-3.149
441.87	-7.208
442.08	-8.375
442.29	-11.147
442.51	-6.022
442.72	-4.229
442.93	-3.488
443.15	-9.682
443.36	-1.843
443.57	-11.486
443.79	-0.855
444.00	-3.554
444.21	-7.056
444.43	-0.000
444.64	-9.722
444.85	-5.892
445.07	-7.652
445.28	-10.630
445.49	-12.304
445.71	-9.313
445.92	-5.823
446.13	-8.435
446.35	2.344
446.56	-7.651
446.77	-12.680
446.99	-15.357
447.20	-8.925
447.41	-7.446
447.63	-10.756
447.84	-0.160
448.05	-7.960
448.27	-12.581
448.48	-8.180
448.69	-6.818
448.90	-16.484
449.12	-7.583
449.33	-6.959
449.54	-1.222
449.76	-9.800
449.97	-15.053
450.18	-12.412
450.40	-15.145
450.61	-3.040
450.82	-9.816
451.03	-9.108
451.25	-16.427
451.46	-16.256
451.67	-13.180
451.89	-8.291
452.10	1.113
452.31	-13.096
452.52	-8.934
452.74	-21.316
452.95	-9.363
453.16	-7.054
453.38	-7.473
453.59	-10.857
453.80	-7.924
454.01	-11.090
454.23	-14.962
454.44	-7.706
454.65	-4.440
454.86	-12.136
455.08	-19.923
455.29	-9.515
455.50	-15.859
455.71	-12.842
455.93	-15.699
456.14	-14.981
456.35	-8.173
456.56	-23.410
456.78	-15.317
456.99	-10.546
457.20	-13.308
457.41	-14.567
457.63	-13.050
457.84	-16.181
458.05	-19.648
458.26	-10.748
458.48	-2.975
458.69	-18.908
458.90	-16.568
459.11	-8.601
459.33	-1.624
459.54	-15.232
459.75	-13.805
459.96	-17.335
460.18	-19.534
460.39	-19.555
460.60	-15.486
460.81	-16.317
461.02	-18.006
461.24	-7.993
461.45	-20.160
461.66	-7.590
461.87	-22.919
462.09	-12.570
462.30	-21.867
462.51	-13.904
462.72	-11.970
462.93	-12.618
463.15	-12.430
463.36	-13.653
463.57	-7.253
463.78	-13.067
463.99	-18.941
464.21	-16.022
464.42	-23.059
464.63	-19.190
464.84	-15.274
465.05	-16.370
465.27	-21.546
465.48	-25.219
465.69	-9.311
465.90	-15.323
466.11	-12.989
466.33	-12.450
466.54	-21.804
466.75	-30.063
466.96	-12.797
467.17	-18.896
467.38	-20.938
467.60	-21.976
467.81	-14.525
468.02	-21.901
468.23	-20.814
468.44	-27.311
468.65	-23.839
468.87	-25.052
469.08	-17.277
469.29	-8.974
469.50	-22.945
469.71	-9.934
469.92	-11.276
470.14	-25.759
470.35	-32.932
470.56	-24.135
470.77	-32.530
470.98	-19.578
471.19	-31.278
471.41	-25.184
471.62	-14.897
471.83	-28.498
472.04	-24.869
472.25	-34.655
472.46	-12.414
472.67	-27.408
472.89	-20.474
473.10	-11.008
473.31	-15.855
473.52	-20.166
473.73	-23.015
473.94	-50.763
474.15	-26.422
474.37	-28.771
474.58	-42.768
474.79	-38.504
475.00	-28.371
475.21	-26.681
475.42	-29.316
475.63	-23.987
475.84	-37.673
476.06	-34.407
476.27	-43.062
476.48	-25.585
476.69	-31.352
476.90	-30.812
477.11	-25.629
477.32	-28.293
477.53	-45.868
477.74	-41.189
477.96	-36.061
478.17	-39.872
478.38	-16.097
478.59	-54.596
478.80	-47.876
479.01	-40.373
479.22	-51.518
479.43	-40.263
479.64	-27.910
479.85	-34.950
480.06	-92.873
480.28	-47.456
480.49	-54.364
480.70	-22.321
480.91	-62.268
481.12	-65.765
481.33	-36.165
481.54	-49.318
481.75	-84.934
481.96	-50.207
482.17	-51.303
482.38	-77.762
482.59	-47.589
482.81	-76.092
483.02	-105.117
483.23	-70.254
483.44	-91.551
483.65	-74.747
483.86	-100.544
484.07	-116.393
484.28	-121.843
484.49	-103.423
484.70	-89.110
484.91	-128.716
485.12	-104.707
485.33	-89.001
485.54	-85.254
485.75	-92.568
485.96	-116.381
486.17	-132.059
486.38	-70.672
486.60	-191.433
486.81	-115.613
487.02	-281.258
487.23	-121.222
487.44	-487.891
487.65	-392.284
487.86	-413.545
488.07	-106.489
488.28	-321.439
488.49	-286.235
488.70	-162.815
488.91	-325.190
489.12	-213.986
489.33	-156.772
489.54	-450.718
489.75	-273.450
489.96	-1336.221
490.17	6153.689
490.38	1311.974
490.59	-935.021
490.80	1210.812
491.01	549.278
491.22	-709.639
491.43	1422.522
491.64	474.351
491.85	-3411.058
492.06	-2586.285
492.27	3267.726
492.48	394.656
492.69	1219.364
492.90	-416.642
493.11	344.904
493.32	256.758
493.53	657.597
493.74	690.977
493.95	150.412
494.16	185.648
494.37	497.868
494.58	2058.734
494.79	168.351
495.00	222.731
495.21	191.936
495.42	141.398
495.63	122.006
495.84	107.375
496.05	140.504
496.26	158.863
496.47	177.157
496.68	160.763
496.89	158.323
497.10	144.870
497.31	100.537
497.52	132.791
497.73	117.743
497.94	112.150
498.15	184.983
498.36	109.875
498.57	129.003
498.78	112.525
498.99	130.164
499.19	79.628
499.40	103.036
499.61	88.540
499.82	98.767
500.03	113.522
500.24	105.020
500.45	119.455
500.66	87.232
500.87	124.908
501.08	109.976
501.29	72.646
501.50	86.871
501.71	76.239
501.92	100.924
502.13	75.605
502.34	99.611
502.55	87.381
502.76	90.325
502.96	71.972
503.17	69.063
503.38	83.560
503.59	86.683
503.80	76.186
504.01	68.864
504.22	92.000
504.43	89.878
504.64	62.345
504.85	74.590
505.06	71.796
505.27	77.380
505.47	58.635
505.68	65.515
505.89	54.211
506.10	56.398
506.31	53.938
506.52	67.647
506.73	60.645
506.94	67.750
507.15	65.686
507.36	66.074
507.56	64.051
507.77	54.530
507.98	49.774
508.19	51.950
508.40	52.299
508.61	46.632
508.82	48.722
509.03	54.420
509.24	57.422
509.44	56.302
509.65	50.401
509.86	58.705
510.07	56.554
510.28	65.112
510.49	61.387
510.70	49.813
510.91	42.656
511.11	47.486
511.32	48.034
511.53	52.864
511.74	41.715
511.95	47.836
512.16	46.839
512.37	50.098
512.58	48.889
512.78	55.386
512.99	48.145
513.20	47.158
513.41	47.372
513.62	47.562
513.83	43.194
514.04	42.835
514.24	52.845
514.45	44.965
514.66	41.520
514.87	40.496
515.08	44.532
515.29	44.432
515.49	37.866
515.70	37.219
515.91	40.905
516.12	41.094
516.33	43.488
516.54	44.396
516.74	41.025
516.95	45.524
517.16	43.265
517.37	40.142
517.58	43.464
517.79	40.395
517.99	46.550
518.20	41.967
518.41	46.972
518.62	42.067
518.83	42.257
519.03	42.073
519.24	34.622
519.45	38.877
519.66	34.307
519.87	41.541
520.07	36.881
520.28	41.195
520.49	42.561
520.70	38.762
520.91	41.696
521.12	40.116
521.32	36.761
521.53	30.621
521.74	42.468
521.95	41.488
522.15	40.340
522.36	37.051
522.57	40.026
522.78	35.732
522.99	33.335
523.19	32.270
523.40	37.035
523.61	39.310
523.82	33.038
524.03	35.017
524.23	38.872
524.44	38.151
524.65	34.209
524.86	36.587
525.06	37.595
525.27	32.538
525.48	37.665
525.69	33.233
525.89	35.332
526.10	32.480
526.31	36.077
526.52	33.630
526.72	35.836
526.93	31.160
527.14	32.626
527.35	35.934
527.56	33.953
527.76	34.245
527.97	38.259
528.18	30.513
528.38	31.857
528.59	34.975
528.80	30.498
529.01	32.343
529.21	33.625
529.42	30.465
529.63	32.737
529.84	30.569
530.04	32.099
530.25	34.191
530.46	28.251
530.67	34.717
530.87	33.686
531.08	31.114
531.29	29.125
531.50	32.313
531.70	31.672
531.91	31.765
532.12	31.235
532.32	29.634
532.53	30.072
532.74	32.899
532.95	26.424
533.15	33.689
533.36	31.298
533.57	31.705
533.77	29.208
533.98	31.783
534.19	27.207
534.39	29.701
534.60	32.422
534.81	34.004
535.02	32.876
535.22	28.032
535.43	27.883
535.64	26.214
535.84	27.717
536.05	27.508
536.26	29.660
536.46	28.984
536.67	25.940
536.88	28.737
537.08	25.264
537.29	33.141
537.50	28.822
537.70	31.882
537.91	25.908
538.12	29.680
538.33	26.332
538.53	31.130
538.74	30.487
538.95	29.831
539.15	27.971
539.36	27.686
539.57	26.758
539.77	25.052
539.98	26.825
540.18	27.370
540.39	24.775
540.60	27.862
540.80	24.251
541.01	28.007
541.22	31.828
541.42	27.767
541.63	21.704
541.84	26.208
542.04	28.814
542.25	27.285
542.46	25.612
542.66	25.616
542.87	26.481
543.08	26.919
543.28	26.316
543.49	21.723
543.69	24.937
543.90	27.952
544.11	28.806
544.31	25.425
544.52	24.610
544.73	27.449
544.93	28.195
545.14	23.320
545.34	24.879
545.55	25.392
545.76	27.172
545.96	25.407
546.17	25.751
546.38	26.887
546.58	25.403
546.79	25.244
546.99	24.732
547.20	27.804
547.41	25.845
547.61	24.986
547.82	24.790
548.02	27.912
548.23	25.570
548.44	23.212
548.64	23.818
548.85	26.151
549.05	24.556
549.26	25.069
549.47	26.565
549.67	24.476
549.88	23.304
550.08	28.124
550.29	22.627
550.50	23.782
550.70	23.173
550.91	23.592
551.11	22.871
551.32	18.698
551.52	21.872
551.73	22.442
551.94	22.916
552.14	22.924
552.35	21.886
552.55	23.327
552.76	22.821
552.96	21.807
553.17	23.841
553.38	21.085
553.58	23.917
553.79	24.828
553.99	23.193
554.20	23.192
554.40	22.548
554.61	22.621
554.81	23.322
555.02	19.832
555.23	22.325
555.43	22.771
555.64	23.148
555.84	22.336
556.05	23.881
556.25	21.788
556.46	21.090
556.66	22.755
556.87	20.809
557.07	22.480
557.28	23.863
557.48	23.279
557.69	23.328
557.90	22.000
558.10	18.730
558.31	21.741
558.51	23.273
558.72	20.229
558.92	21.422
559.13	21.316
559.33	21.041
559.54	20.745
559.74	20.607
559.95	19.431
560.15	22.896
560.36	19.122
560.56	21.767
560.77	21.478
560.97	22.321
561.18	22.180
561.38	20.798
561.59	21.035
561.79	22.747
562.00	21.199
562.20	19.392
562.41	19.951
562.61	20.302
562.82	21.420
563.02	21.752
563.23	21.830
563.43	20.813
563.64	20.819
563.84	21.417
564.05	21.563
564.25	20.835
564.46	22.461
564.66	21.329
564.87	20.214
565.07	20.888
565.28	22.316
565.48	20.778
565.68	19.493
565.89	19.761
566.09	18.638
566.30	21.330
566.50	19.787
566.71	19.776
566.91	20.225
567.12	19.511
567.32	19.207
567.53	19.685
567.73	20.845
567.94	20.443
568.14	19.584
568.34	21.421
568.55	19.993
568.75	20.089
568.96	18.058
569.16	20.617
569.37	20.190
569.57	20.388
569.78	19.913
569.98	17.969
570.18	19.420
570.39	21.096
570.59	21.661
570.80	18.743
571.00	20.956
571.21	19.710
571.41	18.771
571.61	18.531
571.82	20.458
572.02	20.703
572.23	19.369
572.43	20.783
572.64	18.656
572.84	19.288
573.04	19.599
573.25	18.884
573.45	19.547
573.66	19.319
573.86	20.111
574.06	19.678
574.27	18.642
574.47	22.021
574.68	21.196
574.88	19.587
575.08	21.198
575.29	19.007
575.49	20.390
575.70	18.837
575.90	18.154
576.10	19.145
576.31	17.780
576.51	19.861
576.72	18.468
576.92	18.617
577.12	20.593
577.33	18.805
577.53	18.335
577.73	19.228
577.94	19.090
578.14	19.844
578.35	19.226
578.55	19.407
578.75	17.803
578.96	19.611
579.16	16.791
579.36	18.328
579.57	19.560
579.77	18.613
579.98	19.309
580.18	18.391
580.38	19.023
580.59	17.420
580.79	18.957
580.99	19.033
581.20	18.936
581.40	19.502
581.60	18.855
581.81	17.981
582.01	17.653
582.21	18.319
582.42	19.337
582.62	19.807
582.82	17.943
583.03	19.159
583.23	17.001
583.43	18.531
583.64	17.515
583.84	18.972
584.04	18.583
584.25	16.967
584.45	18.519
584.65	19.037
584.86	17.667
585.06	17.828
585.26	18.433
585.47	17.923
585.67	18.044
585.87	18.554
586.08	17.573
586.28	17.968
586.48	18.431
586.69	16.808
586.89	18.241
587.09	17.277
587.30	16.608
587.50	17.678
587.70	17.722
587.90	18.318
588.11	18.350
588.31	18.958
588.51	18.081
588.72	18.639
588.92	16.927
589.12	19.846
589.33	18.108
589.53	16.662
589.73	17.600
589.93	17.749
590.14	18.025
590.34	17.819
590.54	16.152
590.75	18.033
590.95	16.708
591.15	18.293
591.35	17.071
591.56	18.230
591.76	15.946
591.96	17.122
592.16	18.719
592.37	16.811
592.57	18.414
592.77	16.089
592.97	19.304
593.18	19.293
593.38	16.587
593.58	18.002
593.79	17.077
593.99	17.620
594.19	16.882
594.39	17.274
594.60	17.003
594.80	18.815
595.00	18.442
595.20	18.529
595.41	17.146
595.61	18.849
595.81	18.203
596.01	17.875
596.21	18.225
596.42	18.895
596.62	16.959
596.82	18.680
597.02	16.471
597.23	17.976
597.43	19.072
597.63	16.550
597.83	17.996
598.04	17.231
598.24	18.852
598.44	17.739
598.64	17.160
598.84	17.630
599.05	16.490
599.25	18.153
599.45	17.897
599.65	17.346
599.85	17.766
600.06	17.773
600.26	17.185
600.46	17.971
600.66	17.396
600.87	16.408
601.07	16.563
601.27	16.949
601.47	16.492
601.67	16.780
601.87	18.153
602.08	16.030
602.28	17.235
602.48	16.564
602.68	16.982
602.88	17.627
603.09	17.618
603.29	15.898
603.49	16.006
603.69	17.655
603.89	16.376
604.10	17.324
604.30	17.437
604.50	16.607
604.70	16.594
604.90	17.897
605.10	16.822
605.31	17.682
605.51	17.704
605.71	16.170
605.91	18.065
606.11	18.386
606.31	17.524
606.52	16.700
606.72	16.794
606.92	15.942
607.12	15.564
607.32	17.963
607.52	17.227
607.72	17.009
607.93	16.596
608.13	17.679
608.33	16.981
608.53	16.144
608.73	16.464
608.93	17.132
609.13	16.625
609.34	17.494
609.54	17.693
609.74	15.946
609.94	15.379
610.14	16.673
610.34	17.355
610.54	16.474
610.74	17.042
610.95	16.312
611.15	16.467
611.35	17.308
611.55	17.747
611.75	15.371
611.95	17.455
612.15	15.896
612.35	17.261
612.56	15.608
612.76	16.358
612.96	15.619
613.16	17.419
613.36	16.382
613.56	16.864
613.76	16.634
613.96	16.293
614.16	17.498
614.36	17.942
614.57	16.583
614.77	17.669
614.97	16.738
615.17	17.621
615.37	17.008
615.57	16.710
615.77	16.349
615.97	16.463
616.17	15.466
616.37	16.941
616.57	16.771
616.78	16.545
616.98	16.830
617.18	17.210
617.38	15.668
617.58	16.274
617.78	16.375
617.98	17.447
618.18	15.302
618.38	16.233
618.58	15.960
618.78	16.127
618.98	17.516
619.18	16.267
619.38	16.203
619.58	16.225
619.79	16.548
619.99	16.090
620.19	16.731
620.39	15.674
620.59	16.255
620.79	17.915
620.99	16.889
621.19	16.601
621.39	16.468
621.59	16.713
621.79	16.421
621.99	16.707
622.19	16.448
622.39	15.450
622.59	14.930
622.79	15.771
622.99	16.034
623.19	15.613
623.39	16.372
623.59	15.892
623.79	15.739
623.99	16.024
624.19	15.834
624.39	16.318
624.59	16.178
624.79	16.031
624.99	17.289
625.19	16.495
625.39	16.460
625.59	17.365
625.79	17.195
625.99	15.760
626.19	15.463
626.39	16.351
626.59	16.260
626.79	16.629
626.99	16.008
627.19	16.991
627.39	16.305
627.59	16.561
627.79	15.374
627.99	15.677
628.19	16.844
628.39	16.423
628.59	15.635
628.79	16.246
628.99	16.526
629.19	16.264
629.39	16.057
629.59	16.090
629.79	15.725
629.99	15.678
630.19	16.214
630.39	15.927
630.59	16.227
630.79	15.521
630.99	16.624
631.19	16.021
631.39	16.682
631.59	15.324
631.79	15.595
631.99	15.590
632.19	16.179
632.39	15.982
632.59	15.465
632.79	14.908
632.99	15.587
633.19	15.454
633.39	16.596
633.58	15.780
633.78	16.600
633.98	14.792
634.18	16.566
634.38	15.202
634.58	16.069
634.78	16.098
634.98	15.994
635.18	15.490
635.38	15.819
635.58	15.850
635.78	15.688
635.98	16.891
636.18	15.629
636.38	15.966
636.57	17.168
636.77	16.794
636.97	15.639
637.17	15.845
637.37	16.243
637.57	15.542
637.77	16.289
637.97	16.820
638.17	15.361
638.37	15.429
638.57	15.805
638.76	16.526
638.96	16.234
639.16	16.217
639.36	15.184
639.56	16.088
639.76	16.047
639.96	16.613
640.16	15.546
640.36	15.425
640.56	16.517
640.75	16.497
640.95	15.769
641.15	16.555
641.35	15.772
641.55	16.131
641.75	15.896
641.95	15.527
642.15	15.805
642.34	15.003
642.54	15.757
642.74	16.051
642.94	15.462
643.14	16.002
643.34	16.786
643.54	15.292
643.74	15.878
643.93	14.994
644.13	15.008
644.33	15.807
644.53	15.594
644.73	15.913
644.93	16.220
645.13	15.760
645.32	16.374
645.52	15.898
645.72	15.957
645.92	15.384
646.12	16.153
646.32	15.820
646.52	15.366
646.71	16.056
646.91	15.614
647.11	15.689
647.31	15.524
647.51	15.785
647.71	15.526
647.90	15.334
648.10	15.504
648.30	14.810
648.50	15.243
648.70	16.508
648.89	15.212
649.09	15.411
649.29	15.338
649.49	16.221
649.69	15.634
649.89	15.689
650.08	15.662
650.28	14.709
650.48	16.527
650.68	15.294
650.88	16.060
651.07	14.589
651.27	15.919
651.47	15.438
651.67	15.222
651.87	15.281
652.06	15.543
652.26	16.177
652.46	16.399
652.66	15.570
652.86	15.841
653.05	14.938
653.25	15.482
653.45	15.112
653.65	15.913
653.85	15.095
654.04	15.161
654.24	15.312
654.44	15.399
654.64	15.976
654.83	15.256
655.03	15.355
655.23	14.468
655.43	15.703
655.63	14.999
655.82	15.431
656.02	15.408
656.22	16.142
656.42	15.837
656.61	14.475
656.81	15.410
657.01	15.301
657.21	15.305
657.40	15.485
657.60	15.311
657.80	15.731
658.00	15.214
658.19	15.534
658.39	15.701
658.59	15.593
658.79	15.368
658.98	15.784
659.18	15.415
659.38	15.406
659.58	15.652
659.77	15.588
659.97	16.245
660.17	15.523
660.36	15.677
660.56	15.700
660.76	15.921
660.96	15.089
661.15	15.956
661.35	15.597
661.55	15.373
661.75	14.639
661.94	15.681
662.14	15.507
662.34	15.158
662.53	16.265
662.73	15.190
662.93	15.453
663.13	15.036
663.32	15.010
663.52	14.936
663.72	15.437
663.91	15.103
664.11	15.139
664.31	15.275
664.50	15.513
664.70	15.697
664.90	15.990
665.10	14.814
665.29	15.872
665.49	16.046
665.69	15.171
665.88	15.032
666.08	15.219
666.28	15.170
666.47	15.880
666.67	15.816
666.87	15.869
667.06	15.680
667.26	14.521
667.46	14.129
667.65	15.986
667.85	15.778
668.05	15.498
668.24	15.315
668.44	15.590
668.64	15.323
668.83	15.350
669.03	16.061
669.23	15.085
669.42	15.431
669.62	15.547
669.82	14.720
670.01	15.146
670.21	15.410
670.41	15.658
670.60	15.238
670.80	15.249
671.00	15.266
671.19	15.199
671.39	15.384
671.58	15.140
671.78	15.052
671.98	15.583
672.17	15.407
672.37	14.959
672.57	15.635
672.76	15.938
672.96	15.796
673.15	15.723
673.35	15.356
673.55	14.754
673.74	15.412
673.94	15.052
674.14	15.843
674.33	15.544
674.53	15.451
674.72	15.678
674.92	14.776
675.12	15.685
675.31	15.004
675.51	15.006
675.70	15.233
675.90	14.515
676.10	15.285
676.29	14.699
676.49	15.421
676.68	15.579
676.88	15.862
677.08	15.075
677.27	15.281
677.47	14.875
677.66	15.313
677.86	15.858
678.06	15.355
678.25	15.145
678.45	15.499
678.64	15.308
678.84	15.062
679.03	15.024
679.23	15.194
679.43	15.240
679.62	15.621
679.82	15.183
680.01	15.978
680.21	15.489
680.40	14.878
680.60	14.918
680.80	14.829
680.99	15.500
681.19	15.604
681.38	14.373
681.58	15.143
681.77	14.513
681.97	14.880
682.16	15.072
682.36	14.831
682.56	15.381
682.75	14.965
682.95	15.558
683.14	14.550
683.34	14.816
683.53	14.718
683.73	15.257
683.92	14.974
684.12	14.743
684.31	15.367
684.51	15.348
684.70	15.406
684.90	14.897
685.10	15.377
685.29	14.901
685.49	15.225
685.68	14.774
685.88	14.633
686.07	15.531
686.27	14.891
686.46	15.230
686.66	15.296
686.85	15.401
687.05	15.146
687.24	15.146
687.44	14.454
687.63	15.024
687.83	15.015
688.02	15.319
688.22	15.242
688.41	15.177
688.61	15.029
688.80	15.507
689.00	14.771
689.19	15.266
689.39	15.039
689.58	15.090
689.78	15.107
689.97	14.951
690.17	14.760
690.36	14.921
690.56	14.954
690.75	14.997
690.95	15.332
691.14	15.049
691.34	14.594
691.53	15.035
691.72	15.508
691.92	15.342
692.11	15.268
692.31	15.128
692.50	15.016
692.70	14.405
692.89	14.607
693.09	14.616
693.28	14.770
693.48	14.719
693.67	14.190
693.87	14.586
694.06	15.540
694.25	15.026
694.45	14.955
694.64	15.451
694.84	14.368
695.03	14.719
695.23	14.677
695.42	14.875
695.62	15.176
695.81	15.133
696.00	15.339
696.20	14.682
696.39	14.921
696.59	15.524
696.78	14.332
696.98	14.545
697.17	15.386
697.36	15.309
697.56	14.629
697.75	15.348
697.95	14.597
698.14	14.919
698.34	14.428
698.53	14.420
698.72	15.166
698.92	14.819
699.11	15.604
699.31	14.704
699.50	14.983
699.69	14.986
699.89	14.692
700.08	14.782
700.28	14.424
700.47	14.858
700.66	15.237
700.86	14.835
701.05	14.763
701.25	15.226
701.44	15.036
701.63	15.239
701.83	15.000
702.02	15.059
702.21	14.577
702.41	15.271
702.60	14.509
702.80	14.497
702.99	14.660
703.18	14.671
703.38	14.775
703.57	15.002
703.77	14.830
703.96	15.159
704.15	14.680
704.35	14.761
704.54	15.109
704.73	14.721
704.93	14.811
705.12	14.442
705.31	14.584
705.51	15.200
705.70	14.715
705.89	14.894
706.09	14.420
706.28	14.170
706.48	14.616
706.67	15.203
706.86	14.302
707.06	14.441
707.25	14.411
707.44	15.041
707.64	15.255
707.83	14.584
708.02	14.505
708.22	14.660
708.41	14.753
708.60	15.051
708.80	14.572
708.99	15.065
709.18	14.264
709.38	14.582
709.57	14.848
709.76	14.855
709.95	14.845
710.15	14.866
710.34	15.020
710.53	13.954
710.73	14.486
710.92	14.824
711.11	14.653
711.31	14.677
711.50	14.196
711.69	14.013
711.89	14.476
712.08	14.420
712.27	15.141
712.46	14.430
712.66	14.662
712.85	14.436
713.04	14.288
713.24	14.333
713.43	14.581
713.62	14.808
713.81	14.137
714.01	14.765
714.20	15.026
714.39	14.566
714.59	13.921
714.78	14.482
714.97	14.996
715.16	14.573
715.36	14.793
715.55	14.753
715.74	15.149
715.93	15.201
716.13	15.042
716.32	14.398
716.51	14.443
716.71	14.663
716.90	14.190
717.09	14.489
717.28	14.104
717.48	14.253
717.67	14.426
717.86	14.295
718.05	14.262
718.25	14.116
718.44	14.660
718.63	14.259
718.82	14.698
719.02	14.604
719.21	14.885
719.40	14.520
719.59	13.953
719.78	14.622
719.98	14.708
720.17	14.124
720.36	14.457
720.55	14.749
720.75	14.310
720.94	14.485
721.13	15.128
721.32	14.643
721.51	14.214
721.71	14.804
721.90	14.313
722.09	14.705
722.28	14.390
722.48	14.681
722.67	14.804
722.86	14.648
723.05	14.229
723.24	14.131
723.44	14.167
723.63	14.396
723.82	14.382
724.01	13.867
724.20	14.523
724.40	14.716
724.59	14.220
724.78	14.129
724.97	14.011
725.16	14.291
725.35	14.200
725.55	13.895
725.74	13.426
725.93	14.263
726.12	14.737
726.31	14.462
726.51	14.781
726.70	14.337
726.89	14.111
727.08	14.287
727.27	14.432
727.46	14.892
727.66	14.496
727.85	14.397
728.04	14.273
728.23	13.946
728.42	14.946
728.61	14.667
728.81	14.725
729.00	14.869
729.19	14.181
729.38	14.770
729.57	14.256
729.76	13.968
729.95	13.761
730.15	13.686
730.34	14.255
730.53	14.535
730.72	14.467
730.91	14.337
731.10	14.566
731.29	14.313
731.49	14.310
731.68	14.649
731.87	13.922
732.06	14.443
732.25	14.185
732.44	14.078
732.63	14.695
732.82	14.461
733.02	14.558
733.21	13.744
733.40	14.228
733.59	14.093
733.78	14.888
733.97	14.040
734.16	14.301
734.35	14.313
734.54	14.720
734.74	14.192
734.93	14.112
735.12	14.165
735.31	14.117
735.50	14.504
735.69	14.721
735.88	14.143
736.07	14.243
736.26	14.347
736.45	14.092
736.64	13.719
736.84	13.721
737.03	13.850
737.22	14.205
737.41	14.486
737.60	13.984
737.79	14.108
737.98	14.219
738.17	13.921
738.36	13.960
738.55	14.328
738.74	14.612
738.93	14.699
739.12	14.165
739.32	14.370
739.51	13.960
739.70	14.065
739.89	14.260
740.08	14.026
740.27	14.060
740.46	14.207
740.65	14.214
740.84	14.440
741.03	13.855
741.22	14.061
741.41	14.174
741.60	14.224
741.79	13.556
741.98	14.586
742.17	14.104
742.36	14.273
742.55	14.296
742.74	14.207
742.93	13.840
743.12	14.283
743.31	14.261
743.51	14.247
743.70	13.463
743.89	14.021
744.08	14.098
744.27	14.054
744.46	14.109
744.65	14.308
744.84	14.383
745.03	14.216
745.22	14.052
745.41	14.267
745.60	13.618
745.79	13.920
745.98	13.713
746.17	14.343
746.36	13.966
746.55	13.942
746.74	13.958
746.93	13.843
747.12	13.529
747.31	14.067
747.50	13.921
747.69	13.875
747.88	14.211
748.07	14.023
748.26	13.893
748.45	13.919
748.64	14.451
748.83	14.123
749.02	13.955
749.21	14.004
749.40	14.438
749.59	14.171
749.77	13.816
749.96	14.153
750.15	14.323
750.34	14.145
750.53	13.560
750.72	14.120
750.91	14.016
751.10	13.481
751.29	14.282
751.48	13.760
751.67	13.742
751.86	14.411
752.05	14.141
752.24	14.147
752.43	14.382
752.62	14.170
752.81	13.954
753.00	13.671
753.19	13.764
753.38	14.503
753.57	13.938
753.76	14.198
753.94	14.067
754.13	13.903
754.32	13.746
754.51	13.976
754.70	13.999
754.89	14.177
755.08	13.631
755.27	13.840
755.46	13.924
755.65	13.862
755.84	13.709
756.03	13.891
756.22	13.942
756.40	14.247
756.59	13.573
756.78	14.238
756.97	13.937
757.16	13.648
757.35	13.983
757.54	14.024
757.73	13.905
757.92	13.897
758.11	13.507
758.29	14.081
758.48	13.760
758.67	14.528
758.86	14.272
759.05	14.095
759.24	14.303
759.43	14.118
759.62	14.077
759.81	14.196
759.99	13.864
760.18	13.579
760.37	14.150
760.56	13.903
760.75	13.946
760.94	13.608
761.13	13.567
761.32	14.022
761.50	14.030
761.69	13.633
761.88	13.262
762.07	13.882
762.26	13.898
762.45	13.769
762.64	13.601
762.82	13.934
763.01	13.771
763.20	14.115
763.39	13.639
763.58	13.755
763.77	13.690
763.96	14.436
764.14	13.882
764.33	13.713
764.52	13.740
764.71	13.867
764.90	13.649
765.09	13.748
765.27	13.805
765.46	13.660
765.65	14.076
765.84	14.372
766.03	13.928
766.22	13.845
766.40	13.428
766.59	14.059
766.78	14.105
766.97	13.779
767.16	14.040
767.35	13.639
767.53	13.762
767.72	14.094
767.91	13.255
768.10	14.230
768.29	13.669
768.47	14.114
768.66	14.082
768.85	13.941
769.04	14.024
769.23	13.764
769.41	14.216
769.60	13.694
769.79	13.738
769.98	13.518
770.17	13.689
770.35	13.906
770.54	13.989
770.73	13.736
770.92	13.981
771.10	14.068
771.29	13.652
771.48	13.943
771.67	13.748
771.86	13.742
772.04	13.859
772.23	14.330
772.42	14.133
772.61	14.141
772.79	13.507
772.98	13.585
773.17	13.838
773.36	14.101
773.54	14.050
773.73	13.898
773.92	14.120
774.11	13.622
774.30	13.900
774.48	14.197
774.67	14.051
774.86	13.856
775.05	13.682
775.23	13.764
775.42	14.263
775.61	13.555
775.79	13.592
775.98	13.777
776.17	13.953
776.36	13.206
776.54	13.846
776.73	13.717
776.92	13.956
777.11	13.773
777.29	13.597
777.48	13.557
777.67	13.401
777.85	13.460
778.04	13.549
778.23	14.132
778.42	14.075
778.60	13.803
778.79	13.398
778.98	13.401
779.16	13.470
779.35	13.393
779.54	13.577
779.73	13.321
779.91	13.512
780.10	13.904
780.29	13.659
780.47	13.428
780.66	13.379
780.85	13.207
781.03	13.476
781.22	13.525
781.41	13.207
781.60	13.853
781.78	13.194
781.97	13.398
782.16	13.612
782.34	13.803
782.53	13.517
782.72	13.795
782.90	13.094
783.09	14.038
783.28	13.413
783.46	13.400
783.65	13.227
783.84	12.985
784.02	13.645
784.21	13.463
784.40	13.628
784.58	13.530
784.77	13.120
784.96	13.113
785.14	13.189
785.33	13.293
785.52	13.353
785.70	13.337
785.89	13.434
786.08	13.596
786.26	13.116
786.45	13.616
786.63	13.417
786.82	13.517
787.01	13.561
787.19	13.665
787.38	13.571
787.57	13.720
787.75	13.522
787.94	12.795
788.13	13.038
788.31	13.280
788.50	13.335
788.68	13.390
788.87	13.256
789.06	13.923
789.24	13.019
789.43	13.356
789.61	13.581
789.80	13.340
789.99	13.204
790.17	13.178
790.36	13.122
790.55	12.955
790.73	13.315
790.92	13.237
791.10	12.989
791.29	13.276
791.48	13.457
791.66	13.687
791.85	13.147
792.03	13.288
792.22	13.109
792.40	13.418
792.59	13.248
792.78	13.112
792.96	13.076
793.15	13.040
793.33	12.980
793.52	13.201
793.71	13.327
793.89	13.393
794.08	13.081
794.26	13.045
794.45	13.338
794.63	13.293
794.82	13.293
795.01	13.008
795.19	13.280
795.38	12.957
795.56	12.861
795.75	12.744
795.93	12.909
796.12	12.871
796.30	12.829
796.49	13.257
796.68	13.127
796.86	13.153
797.05	13.486
797.23	13.024
797.42	12.815
797.60	12.875
797.79	13.075
797.97	13.339
798.16	13.236
798.34	12.983
798.53	12.891
798.71	12.982
798.90	12.868
799.08	13.081
799.27	13.125
799.46	13.073
799.64	12.957
799.83	12.902
800.01	13.297
800.20	13.069
800.38	13.090
800.57	12.444
800.75	13.159
800.94	13.162
801.12	12.811
801.31	12.933
801.49	12.396
801.68	12.429
801.86	12.863
802.05	12.676
802.23	12.724
802.42	12.807
802.60	12.691
802.79	13.006
802.97	12.827
803.16	12.849
803.34	12.950
803.53	13.286
803.71	12.611
803.90	12.638
804.08	13.149
804.27	12.815
804.45	12.935
804.63	13.177
804.82	13.121
805.00	12.819
805.19	12.895
805.37	12.952
805.56	13.183
805.74	13.351
805.93	13.147
806.11	13.081
806.30	13.209
806.48	12.926
806.67	12.861
806.85	12.775
807.04	13.002
807.22	13.092
807.40	13.066
807.59	13.069
807.77	13.262
807.96	13.015
808.14	13.105
808.33	13.034
808.51	13.197
808.69	13.017
808.88	12.485
809.06	12.758
809.25	12.798
809.43	12.889
809.62	13.099
809.80	13.013
809.99	13.165
810.17	12.557
810.35	13.021
810.54	12.888
810.72	13.170
810.91	13.190
811.09	13.035
811.27	13.210
811.46	12.715
811.64	13.088
811.83	12.824
812.01	12.876
812.19	13.385
812.38	12.950
812.56	12.805
812.75	12.821
812.93	13.258
813.11	12.309
813.30	12.911
813.48	12.882
813.67	13.465
813.85	12.969
814.03	12.745
814.22	12.969
814.40	13.123
814.59	13.155
814.77	12.842
814.95	12.656
815.14	13.077
815.32	12.921
815.50	12.697
815.69	12.828
815.87	12.919
816.06	12.818
816.24	12.970
816.42	12.435
816.61	12.671
816.79	12.845
816.97	12.958
817.16	12.934
817.34	13.187
817.52	12.575
817.71	12.844
817.89	13.215
818.07	12.708
818.26	12.837
818.44	12.834
818.63	12.967
818.81	12.831
818.99	12.960
819.18	12.738
819.36	12.270
819.54	13.395
819.73	12.715
819.91	12.908
820.09	12.908
820.28	12.602
820.46	13.087
820.64	13.185
820.83	12.857
821.01	12.964
821.19	13.007
821.37	12.927
821.56	12.934
821.74	12.873
821.92	13.304
822.11	13.059
822.29	13.062
822.47	13.028
822.66	13.022
822.84	12.838
823.02	12.879
823.21	13.079
823.39	13.127
823.57	13.172
823.75	12.692
823.94	13.209
824.12	13.529
824.30	12.603
824.49	13.418
824.67	13.009
824.85	13.159
825.03	12.638
825.22	13.010
825.40	12.664
825.58	13.086
825.77	13.097
825.95	13.177
826.13	12.959
826.31	13.259
826.50	12.743
826.68	13.231
826.86	12.821
827.04	13.411
827.23	13.323
827.41	13.236
827.59	12.930
827.78	13.535
827.96	13.263
828.14	13.306
828.32	13.352
828.51	12.921
828.69	13.090
828.87	13.313
829.05	12.920
829.23	13.303
829.42	13.094
829.60	13.097
829.78	13.238
829.96	13.221
830.15	13.332
830.33	13.799
830.51	13.040
830.69	13.379
830.88	13.736
831.06	13.473
831.24	13.183
831.42	13.058
831.60	13.551
831.79	13.828
831.97	13.450
832.15	13.733
832.33	13.680
832.52	13.913
832.70	13.446
832.88	13.158
833.06	13.279
833.24	13.344
833.43	13.578
833.61	13.550
833.79	14.058
833.97	13.655
834.15	13.422
834.34	13.322
834.52	13.639
834.70	13.649
834.88	13.698
835.06	13.701
835.25	13.781
835.43	13.755
835.61	13.720
835.79	13.639
835.97	13.797
836.15	13.613
836.34	13.801
836.52	13.785
836.70	14.130
836.88	13.663
837.06	13.768
837.24	13.420
837.43	13.550
837.61	14.091
837.79	14.173
837.97	14.181
838.15	14.142
838.33	13.766
838.52	13.725
838.70	13.786
838.88	13.825
839.06	13.709
839.24	13.833
839.42	13.686
839.60	14.188
839.79	14.264
839.97	14.004
840.15	14.055
840.33	14.623
840.51	14.457
840.69	14.652
840.87	14.166
841.06	13.852
841.24	13.902
841.42	13.974
841.60	13.960
841.78	13.963
841.96	14.438
842.14	14.194
842.32	14.780
842.51	14.831
842.69	14.692
842.87	14.443
843.05	14.297
843.23	14.224
843.41	14.861
843.59	14.592
843.77	14.537
843.95	14.868
844.14	15.041
844.32	14.939
844.50	14.886
844.68	14.941
844.86	14.912
845.04	14.579
845.22	15.082
845.40	15.066
845.58	14.817
845.76	14.777
845.94	14.948
846.12	15.169
846.31	14.660
846.49	15.426
846.67	15.313
846.85	14.676
847.03	15.064
847.21	14.803
847.39	14.992
847.57	14.707
847.75	14.625
847.93	15.169
848.11	15.012
848.29	14.769
848.47	15.013
848.65	15.430
848.83	15.237
849.02	15.126
849.20	15.602
849.38	15.159
849.56	15.180
849.74	15.645
849.92	15.072
850.10	15.330
850.28	15.607
850.46	15.120
850.64	15.613
850.82	15.563
851.00	15.328
851.18	15.321
851.36	16.168
851.54	15.703
851.72	16.152
851.90	15.549
852.08	15.675
852.26	16.082
852.44	15.993
852.62	16.154
852.80	15.889
852.98	16.116
853.16	15.878
853.34	15.727
853.52	15.605
853.70	16.137
853.88	16.149
854.06	15.974
854.24	16.231
854.42	15.997
854.60	16.607
854.78	16.149
854.96	16.044
855.14	16.529
855.32	16.247
855.50	16.366
855.68	16.367
855.86	16.066
856.04	16.241
856.22	17.004
856.40	16.575
856.58	16.772
856.76	16.505
856.94	16.946
857.12	16.623
857.30	16.440
857.48	17.188
857.66	17.270
857.84	17.193
858.02	16.999
858.20	16.916
858.38	16.722
858.56	17.059
858.74	16.853
858.92	16.908
859.10	16.646
859.28	16.898
859.46	17.052
859.64	17.604
859.81	17.379
859.99	17.230
860.17	17.185
860.35	18.013
860.53	17.345
860.71	17.512
860.89	17.488
861.07	16.922
861.25	17.562
861.43	17.420
861.61	18.060
861.79	17.608
861.97	17.664
862.15	17.711
862.33	17.710
862.50	17.702
862.68	18.240
862.86	18.403
863.04	17.655
863.22	18.046
863.40	17.752
863.58	17.936
863.76	17.843
863.94	17.803
864.12	18.158
864.30	18.474
864.47	18.437
864.65	18.526
864.83	18.248
865.01	18.187
865.19	18.596
865.37	18.600
865.55	18.491
865.73	18.665
865.91	18.788
866.09	18.467
866.26	19.184
866.44	19.329
866.62	18.994
866.80	18.841
866.98	19.123
867.16	19.506
867.34	18.899
867.52	19.141
867.69	19.035
867.87	19.781
868.05	19.277
868.23	19.191
868.41	19.033
868.59	19.359
868.77	19.433
868.94	19.743
869.12	19.033
869.30	19.141
869.48	19.613
869.66	19.546
869.84	19.254
870.02	19.261
870.19	19.817
870.37	19.470
870.55	20.124
870.73	19.844
870.91	19.930
871.09	19.963
871.26	19.763
871.44	20.425
871.62	19.998
871.80	19.972
871.98	20.144
872.16	19.961
872.33	20.124
872.51	20.353
872.69	20.555
872.87	20.412
873.05	20.190
873.22	20.481
873.40	20.144
873.58	20.213
873.76	20.262
873.94	20.606
874.12	19.962
874.29	20.327
874.47	20.598
874.65	20.561
874.83	20.008
875.01	20.571
875.18	20.703
875.36	20.636
875.54	20.316
875.72	20.649
875.89	20.995
876.07	20.714
876.25	21.153
876.43	20.887
876.61	21.457
876.78	21.367
876.96	21.316
877.14	21.280
877.32	21.105
877.49	21.571
877.67	21.363
877.85	21.768
878.03	21.715
878.21	21.561
878.38	22.282
878.56	21.437
878.74	22.019
878.92	21.531
879.09	21.912
879.27	21.936
879.45	21.543
879.63	21.447
879.80	21.419
879.98	21.415
880.16	22.264
880.34	22.057
880.51	22.661
880.69	22.219
880.87	22.048
881.05	22.228
881.22	22.295
881.40	22.690
881.58	22.611
881.75	22.333
881.93	22.550
882.11	22.255
882.29	22.226
882.46	22.477
882.64	23.533
882.82	21.963
883.00	22.569
883.17	22.940
883.35	22.584
883.53	22.640
883.70	22.416
883.88	22.810
884.06	22.084
884.23	23.262
884.41	22.718
884.59	22.506
884.77	22.996
884.94	22.917
885.12	22.974
885.30	22.903
885.47	23.330
885.65	23.001
885.83	23.286
886.00	23.345
886.18	23.863
886.36	23.333
886.53	23.299
886.71	23.447
886.89	23.535
887.07	23.432
887.24	23.712
887.42	23.484
887.60	23.285
887.77	23.482
887.95	23.418
888.13	23.415
888.30	23.521
888.48	23.457
888.66	23.406
888.83	23.415
889.01	23.317
889.18	23.748
889.36	23.890
889.54	23.537
889.71	23.723
889.89	23.375
890.07	23.486
890.24	23.572
890.42	23.460
890.60	23.658
890.77	24.017
890.95	23.639
891.13	23.893
891.30	24.180
891.48	24.066
891.65	23.990
891.83	24.069
892.01	24.063
892.18	24.228
892.36	24.177
892.54	24.234
892.71	24.271
892.89	24.391
893.06	24.013
893.24	24.415
893.42	24.451
893.59	24.724
893.77	24.341
893.94	24.440
894.12	24.463
894.30	24.246
894.47	24.673
894.65	24.762
894.82	24.662
895.00	23.923
895.18	24.548
895.35	24.442
895.53	24.515
895.70	24.068
895.88	24.543
896.06	24.734
896.23	24.484
896.41	24.491
896.58	24.743
896.76	24.546
896.93	24.515
897.11	24.643
897.29	24.302
897.46	24.810
897.64	24.688
897.81	24.926
897.99	24.470
898.16	24.438
898.34	24.514
898.52	24.547
898.69	25.177
898.87	24.866
899.04	24.273
899.22	24.479
899.39	25.120
899.57	24.670
899.74	24.974
899.92	24.973
900.10	24.751
900.27	25.312
900.45	24.987
900.62	25.583
900.80	25.106
900.97	25.467
901.15	24.932
901.32	25.215
901.50	25.969
901.67	25.450
901.85	25.542
902.02	25.564
902.20	25.392
902.37	25.369
902.55	25.438
902.72	25.417
902.90	25.150
903.07	25.319
903.25	25.212
903.43	25.198
903.60	25.710
903.78	25.657
903.95	25.659
904.13	25.741
904.30	25.546
904.48	25.259
904.65	25.480
904.83	25.698
905.00	25.435
905.17	25.747
905.35	25.500
905.52	26.000
905.70	25.605
905.87	25.666
906.05	25.272
906.22	25.839
906.40	25.503
906.57	25.683
906.75	25.393
906.92	26.002
907.10	25.375
907.27	26.081
907.45	25.710
907.62	25.918
907.80	25.511
907.97	25.795
908.15	26.337
908.32	26.330
908.49	26.335
908.67	26.190
908.84	26.432
909.02	25.482
909.19	26.322
909.37	26.071
909.54	26.189
909.72	26.198
909.89	26.149
910.07	26.011
910.24	26.171
910.41	26.255
910.59	26.233
910.76	26.347
910.94	26.733
911.11	26.274
911.29	26.449
911.46	26.721
911.63	26.214
911.81	27.377
911.98	26.679
912.16	26.816
912.33	26.844
912.50	26.578
912.68	27.485
912.85	27.279
913.03	27.097
913.20	26.954
913.38	27.005
913.55	27.364
913.72	27.165
913.90	26.988
914.07	27.172
914.25	27.111
914.42	27.349
914.59	27.285
914.77	27.257
914.94	27.473
915.11	27.468
915.29	27.801
915.46	27.230
915.64	27.214
915.81	27.303
915.98	27.304
916.16	27.863
916.33	27.778
916.51	27.628
916.68	27.869
916.85	27.363
917.03	27.817
917.20	27.622
917.37	27.861
917.55	27.931
917.72	27.973
917.89	27.756
918.07	28.171
918.24	27.980
918.42	27.708
918.59	28.262
918.76	28.227
918.94	27.688
919.11	28.247
919.28	28.121
919.46	28.485
919.63	28.259
919.80	27.950
919.98	27.712
920.15	27.798
920.32	28.699
920.50	28.439
920.67	28.496
920.84	28.158
921.02	27.925
921.19	28.527
921.36	28.531
921.54	28.465
921.71	27.914
921.88	28.568
922.06	28.070
922.23	28.340
922.40	28.486
922.57	28.287
922.75	28.634
922.92	28.726
923.09	28.535
923.27	28.418
923.44	28.436
923.61	28.588
923.79	28.785
923.96	29.130
924.13	29.038
924.30	28.934
924.48	29.189
924.65	29.386
924.82	28.894
925.00	29.030
925.17	29.126
925.34	29.645
925.51	28.671
925.69	29.160
925.86	29.512
926.03	29.514
926.21	29.139
926.38	29.323
926.55	28.625
926.72	28.653
926.90	29.060
927.07	28.802
927.24	29.246
927.41	29.221
927.59	29.263
927.76	29.136
927.93	29.122
928.10	28.643
928.28	29.791
928.45	29.315
928.62	28.250
928.79	29.482
928.97	29.151
929.14	29.397
929.31	29.968
929.48	29.298
929.66	29.687
929.83	29.685
930.00	28.857
930.17	29.381
930.34	29.535
930.52	29.013
930.69	28.888
930.86	29.574
931.03	29.260
931.21	29.788
931.38	29.495
931.55	29.293
931.72	29.605
931.89	29.294
932.07	28.913
932.24	29.811
932.41	29.509
932.58	29.029
932.75	29.526
932.93	29.279
933.10	29.434
933.27	29.461
933.44	29.709
933.61	29.770
933.79	29.378
933.96	28.998
934.13	30.002
934.30	29.500
934.47	29.485
934.65	29.615
934.82	30.175
934.99	29.248
935.16	30.112
935.33	29.793
935.50	29.423
935.68	30.284
935.85	29.676
936.02	29.963
936.19	29.157
936.36	30.093
936.53	29.726
936.71	29.618
936.88	29.879
937.05	29.586
937.22	29.533
937.39	30.430
937.56	29.505
937.74	30.317
937.91	29.926
938.08	30.079
938.25	29.829
938.42	30.006
938.59	30.148
938.76	30.298
938.94	29.876
939.11	29.941
939.28	29.836
939.45	30.327
939.62	30.397
939.79	30.596
939.96	30.142
940.13	29.535
940.31	30.479
940.48	30.068
940.65	30.386
940.82	30.172
940.99	29.188
941.16	30.393
941.33	29.933
941.50	30.476
941.67	30.315
941.85	30.202
942.02	30.312
942.19	30.454
942.36	30.924
942.53	30.004
942.70	30.696
942.87	30.413
943.04	30.659
943.21	31.279
943.38	30.645
943.56	30.893
943.73	30.797
943.90	31.797
944.07	30.596
944.24	30.755
944.41	30.959
944.58	30.586
944.75	31.280
944.92	31.386
945.09	31.059
945.26	30.232
945.43	30.014
945.60	30.219
945.78	30.410
945.95	30.294
946.12	30.090
946.29	30.269
946.46	29.894
946.63	30.230
946.80	30.220
946.97	30.315
947.14	30.353
947.31	31.239
947.48	30.816
947.65	30.382
947.82	31.838
947.99	31.004
948.16	30.655
948.33	30.387
948.50	30.811
948.67	30.972
948.84	30.758
949.01	31.242
949.18	31.477
949.35	31.132
949.52	30.220
949.69	31.426
949.86	30.573
950.03	31.347
950.20	31.417
950.38	31.154
950.55	30.806
950.72	31.471
950.89	31.635
951.06	30.352
951.23	31.518
951.40	31.412
951.57	30.795
951.74	31.613
951.91	30.241
952.08	30.982
952.25	31.217
952.42	30.989
952.59	31.221
952.76	30.750
952.92	30.357
953.09	31.093
953.26	31.460
953.43	31.156
953.60	31.154
953.77	30.824
953.94	30.648
954.11	31.272
954.28	31.286
954.45	31.123
954.62	31.415
954.79	30.955
954.96	30.808
955.13	31.781
955.30	30.246
955.47	31.499
955.64	31.071
955.81	31.430
955.98	31.367
956.15	32.165
956.32	31.981
956.49	31.010
956.66	31.622
956.83	32.002
957.00	31.371
957.17	31.886
957.33	30.474
957.50	31.113
957.67	31.479
957.84	31.543
958.01	31.369
958.18	31.633
958.35	31.189
958.52	31.631
958.69	30.855
958.86	31.133
959.03	31.421
959.20	31.275
959.37	31.866
959.53	31.689
959.70	31.546
959.87	31.614
960.04	31.234
960.21	30.803
960.38	31.295
960.55	31.506
960.72	31.507
960.89	31.314
961.06	31.054
961.23	31.577
961.39	31.803
961.56	31.392
961.73	31.251
961.90	31.367
962.07	31.128
962.24	31.392
962.41	31.757
962.58	31.292
962.75	31.142
962.91	31.427
963.08	31.431
963.25	32.054
963.42	31.065
963.59	31.647
963.76	31.687
963.93	31.148
964.09	31.496
964.26	31.355
964.43	31.742
964.60	31.275
964.77	31.733
964.94	31.457
965.11	31.315
965.27	31.545
965.44	30.782
965.61	31.280
965.78	30.955
965.95	31.717
966.12	30.908
966.29	31.766
966.45	30.921
966.62	30.859
966.79	31.368
966.96	30.453
967.13	31.087
967.30	31.642
967.46	31.666
967.63	31.943
967.80	30.349
967.97	31.463
968.14	32.127
968.30	31.825
968.47	31.471
968.64	31.875
968.81	31.625
968.98	30.545
969.15	32.174
969.31	31.099
969.48	31.353
969.65	32.055
969.82	31.588
969.99	30.971
970.15	31.937
970.32	31.685
970.49	32.022
970.66	31.227
970.82	31.048
970.99	31.717
971.16	31.600
971.33	31.816
971.50	30.866
971.66	31.136
971.83	32.104
972.00	30.919
972.17	31.532
972.34	30.842
972.50	31.933
972.67	31.277
972.84	31.552
973.01	32.011
973.17	32.108
973.34	31.467
973.51	31.750
973.68	32.165
973.84	31.544
974.01	30.925
974.18	31.113
974.35	31.918
974.51	32.310
974.68	31.676
974.85	31.685
975.02	31.715
975.18	31.644
975.35	32.168
975.52	31.799
975.69	32.713
975.85	32.858
976.02	32.053
976.19	32.522
976.36	32.712
976.52	32.315
976.69	32.853
976.86	31.453
977.02	31.978
977.19	32.692
977.36	32.184
977.53	31.691
977.69	32.442
977.86	33.472
978.03	32.465
978.19	33.052
978.36	32.505
978.53	32.708
978.70	33.300
978.86	32.895
979.03	32.930
979.20	34.305
979.36	34.185
979.53	32.384
979.70	34.753
979.86	33.145
980.03	33.624
980.20	32.606
980.36	32.593
980.53	33.298
980.70	33.258
980.86	33.033
981.03	33.848
981.20	33.711
981.36	33.112
981.53	33.562
981.70	32.985
981.86	32.989
982.03	33.710
982.20	33.979
982.36	33.996
982.53	32.346
982.70	33.367
982.86	34.910
983.03	33.296
983.20	33.074
983.36	32.979
983.53	32.554
983.70	34.252
983.86	33.283
984.03	33.620
984.20	32.057
984.36	33.843
984.53	34.304
984.70	32.919
984.86	31.720
985.03	32.518
985.19	31.258
985.36	32.728
985.53	32.475
985.69	32.111
985.86	32.792
986.03	32.461
986.19	32.920
986.36	32.094
986.52	31.033
986.69	33.016
986.86	31.832
987.02	32.196
987.19	33.261
987.35	32.240
987.52	32.554
987.69	32.103
987.85	32.232
988.02	30.991
988.18	32.921
988.35	32.091
988.52	32.749
988.68	32.333
988.85	32.549
989.01	33.135
989.18	32.484
989.35	31.519
989.51	32.394
989.68	32.262
989.84	31.938
990.01	32.535
990.17	32.668
990.34	32.428
990.51	33.383
990.67	34.005
990.84	32.431
991.00	32.709
991.17	32.624
991.33	33.102
991.50	32.335
991.66	33.116
991.83	33.163
992.00	32.931
992.16	32.430
992.33	32.560
992.49	33.361
992.66	32.752
992.82	31.922
992.99	33.634
993.15	34.394
993.32	33.935
993.48	34.317
993.65	33.693
993.82	32.519
993.98	33.964
994.15	33.595
994.31	33.684
994.48	34.097
994.64	35.648
994.81	33.865
994.97	33.455
995.14	34.700
995.30	33.184
995.47	33.486
995.63	33.136
995.80	33.994
995.96	33.263
996.13	32.926
996.29	33.806
996.46	33.067
996.62	33.334
996.79	33.118
996.95	34.231
997.12	34.711
997.28	33.766
997.45	33.028
997.61	33.253
997.78	34.187
997.94	34.482
998.11	32.853
998.27	34.457
998.44	33.947
998.60	33.759
998.77	33.392
998.93	34.060
999.10	33.373
999.26	32.671
999.43	31.497
999.59	32.480
999.75	33.280
999.92	33.632
1000.08	34.069
1000.25	32.862
1000.41	33.959
1000.58	34.609
1000.74	35.081
1000.91	33.180
1001.07	33.089
1001.24	33.530
1001.40	34.913
1001.56	34.055
1001.73	35.332
1001.89	34.483
1002.06	33.654
1002.22	34.322
1002.39	34.347
1002.55	33.907
1002.71	35.304
1002.88	36.129
1003.04	35.216
1003.21	34.074
1003.37	34.171
1003.54	34.518
1003.70	35.260
1003.86	35.662
1004.03	35.167
1004.19	36.910
1004.36	35.545
1004.52	34.643
1004.68	33.900
1004.85	36.046
1005.01	35.102
1005.18	33.835
1005.34	36.755
1005.50	34.136
1005.67	35.569
1005.83	36.148
1006.00	36.580
1006.16	34.714
1006.32	36.996
1006.49	35.772
1006.65	35.056
1006.82	34.349
1006.98	35.694
1007.14	34.237
1007.31	37.146
1007.47	35.192
1007.63	37.276
1007.80	36.570
1007.96	37.008
1008.13	37.494
1008.29	35.453
1008.45	37.557
1008.62	38.274
1008.78	37.651
1008.94	37.260
1009.11	37.391
1009.27	36.044
1009.43	35.361
1009.60	37.041
1009.76	35.748
1009.92	37.021
1010.09	38.166
1010.25	35.706
1010.42	36.662
1010.58	36.596
1010.74	36.345
1010.91	35.101
1011.07	37.497
1011.23	38.418
1011.40	35.423
1011.56	35.995
1011.72	37.185
1011.89	36.566
1012.05	37.323
1012.21	35.748
1012.37	39.155
1012.54	35.529
1012.70	37.363
1012.86	36.818
1013.03	38.396
1013.19	39.184
1013.35	36.021
1013.52	38.317
1013.68	36.937
1013.84	36.768
1014.01	33.529
1014.17	39.020
1014.33	37.874
1014.49	34.907
1014.66	37.260
1014.82	36.545
1014.98	38.767
1015.15	36.629
1015.31	38.353
1015.47	37.930
1015.63	40.822
1015.80	37.797
1015.96	39.913
1016.12	39.066
1016.29	40.282
1016.45	38.297
1016.61	39.921
1016.77	36.682
1016.94	38.238
1017.10	39.491
1017.26	39.626
1017.42	38.263
1017.59	36.296
1017.75	38.695
1017.91	38.570
1018.07	43.248
1018.24	38.931
1018.40	39.766
1018.56	41.164
1018.72	39.939
1018.89	40.977
1019.05	38.731
1019.21	36.738
1019.37	41.461
1019.54	42.744
1019.70	43.019
1019.86	39.972
1020.02	41.949
1020.19	40.531
1020.35	39.324
1020.51	43.553
1020.67	40.742
1020.83	39.604
1021.00	42.071
1021.16	43.005
1021.32	39.590
1021.48	38.789
1021.64	43.065
1021.81	40.064
1021.97	41.105
1022.13	46.426
1022.29	43.782
1022.45	41.059
1022.62	41.148
1022.78	41.305
1022.94	40.649
1023.10	43.797
1023.26	41.813
1023.43	43.456
1023.59	44.080
1023.75	41.898
1023.91	43.720
1024.07	44.439
1024.24	45.964
1024.40	43.671
1024.56	46.266
1024.72	41.837
1024.88	41.964
1025.04	43.270
1025.21	44.806
1025.37	45.708
1025.53	48.877
1025.69	43.231
1025.85	43.581
1026.01	46.798
1026.18	47.060
1026.34	39.916
1026.50	50.270
1026.66	47.844
1026.82	48.360
1026.98	47.635
1027.14	46.921
1027.31	47.998
1027.47	49.274
1027.63	46.435
1027.79	50.556
1027.95	45.985
1028.11	44.734
1028.27	52.165
1028.44	44.773
1028.60	48.392
1028.76	49.658
1028.92	51.756
1029.08	56.628
1029.24	48.566
1029.40	52.329
1029.56	48.588
1029.73	53.743
1029.89	51.302
1030.05	48.191
1030.21	56.227
1030.37	49.666
1030.53	51.618
1030.69	52.677
1030.85	52.127
1031.01	51.226
1031.17	58.159
1031.34	53.023
1031.50	52.180
1031.66	50.705
1031.82	51.605
1031.98	54.583
1032.14	61.133
1032.30	57.130
1032.46	54.975
1032.62	56.893
1032.78	51.867
1032.94	59.413
1033.10	59.595
1033.27	57.163
1033.43	61.244
1033.59	59.521
1033.75	58.848
1033.91	60.815
1034.07	61.318
1034.23	68.637
1034.39	64.397
1034.55	66.525
1034.71	68.363
1034.87	65.989
1035.03	68.842
1035.19	68.629
1035.35	61.351
1035.51	69.224
1035.67	64.011
1035.83	72.201
1035.99	67.392
1036.16	65.691
1036.32	69.483
1036.48	72.667
1036.64	76.594
1036.80	76.291
1036.96	72.282
1037.12	60.291
1037.28	72.806
1037.44	73.291
1037.60	75.198
1037.76	79.925
1037.92	83.406
1038.08	77.340
1038.24	80.307
1038.40	85.008
1038.56	71.463
1038.72	82.548
1038.88	68.591
1039.04	80.524
1039.20	89.009
1039.36	91.410
1039.52	95.685
1039.68	78.236
1039.84	91.676
1040.00	93.180
1040.16	101.108
1040.32	116.832
1040.48	116.949
1040.64	109.523
1040.80	112.946
1040.96	109.683
1041.12	106.929
1041.28	115.732
1041.44	123.751
1041.60	124.541
1041.76	104.168
1041.92	113.701
1042.08	112.195
1042.24	130.618
1042.39	174.334
1042.55	142.635
1042.71	138.413
1042.87	139.764
1043.03	163.911
1043.19	126.946
