345.44	185.000
345.66	185.000
345.88	185.000
346.10	51.685
346.31	151.515
346.53	23.864
346.75	114.948
346.97	97.436
347.19	101.402
347.41	80.315
347.63	85.020
347.85	110.526
348.07	77.436
348.29	23.750
348.51	81.124
348.73	-4.110
348.95	35.950
349.17	150.980
349.39	76.068
349.61	65.459
349.83	39.062
350.05	69.022
350.27	-0.820
350.49	80.628
350.71	27.737
350.93	60.542
351.15	41.832
351.37	63.989
351.59	57.534
351.80	77.322
352.02	57.534
352.24	55.603
352.46	49.794
352.68	53.438
352.90	30.037
353.12	32.949
353.34	75.094
353.56	43.860
353.78	58.046
354.00	42.014
354.22	38.424
354.44	68.800
354.66	68.219
354.88	62.455
355.09	62.667
355.31	80.000
355.53	46.667
355.75	46.036
355.97	71.094
356.19	66.476
356.41	76.821
356.63	61.962
356.85	56.177
357.07	62.254
357.29	55.031
357.50	49.041
357.72	52.071
357.94	74.914
358.16	65.770
358.38	37.121
358.60	71.705
358.82	32.676
359.04	72.449
359.26	61.408
359.48	31.492
359.69	60.059
359.91	40.597
360.13	63.930
360.35	30.323
360.57	54.348
360.79	84.463
361.01	47.569
361.23	86.491
361.45	49.682
361.66	60.377
361.88	63.181
362.10	67.963
362.32	90.378
362.54	55.133
362.76	51.301
362.98	73.314
363.20	48.975
363.41	44.576
363.63	55.307
363.85	57.895
364.07	52.632
364.29	71.078
364.51	58.130
364.73	57.991
364.94	50.139
365.16	57.821
365.38	36.242
365.60	51.713
365.82	65.068
366.04	69.849
366.26	43.496
366.47	53.002
366.69	69.583
366.91	59.039
367.13	60.587
367.35	41.828
367.57	73.431
367.79	65.147
368.00	70.554
368.22	65.720
368.44	44.516
368.66	30.735
368.88	55.090
369.10	75.510
369.31	43.495
369.53	55.361
369.75	43.577
369.97	57.224
370.19	42.586
370.41	38.653
370.62	43.961
370.84	49.798
371.06	65.549
371.28	55.535
371.50	52.466
371.71	53.318
371.93	50.644
372.15	48.668
372.37	56.750
372.59	51.650
372.80	57.395
373.02	17.221
373.24	54.869
373.46	53.632
373.68	67.273
373.90	58.484
374.11	59.429
374.33	37.691
374.55	45.217
374.77	41.856
374.98	54.091
375.20	43.792
375.42	35.593
375.64	39.446
375.86	58.228
376.07	45.325
376.29	67.593
376.51	60.708
376.73	47.943
376.95	69.636
377.16	50.096
377.38	58.511
377.60	57.306
377.82	37.296
378.03	45.029
378.25	44.815
378.47	35.986
378.69	29.774
378.91	46.763
379.12	40.803
379.34	47.097
379.56	32.974
379.78	27.345
379.99	43.548
380.21	33.225
380.43	58.943
380.65	67.934
380.86	58.912
381.08	42.637
381.30	55.396
381.52	51.452
381.73	47.905
381.95	44.815
382.17	23.826
382.39	45.338
382.60	49.815
382.82	46.272
383.04	41.650
383.26	44.922
383.47	43.680
383.69	52.104
383.91	25.720
384.13	36.771
384.34	51.115
384.56	32.006
384.78	44.406
385.00	37.811
385.21	63.778
385.43	55.211
385.65	45.631
385.86	61.466
386.08	40.262
386.30	31.987
386.52	25.493
386.73	41.991
386.95	36.861
387.17	34.684
387.38	29.601
387.60	32.167
387.82	22.078
388.04	60.130
388.25	16.144
388.47	19.825
388.69	28.958
388.90	28.079
389.12	30.585
389.34	47.913
389.56	23.703
389.77	21.172
389.99	30.971
390.21	26.709
390.42	27.010
390.64	34.928
390.86	43.034
391.07	38.694
391.29	31.927
391.51	30.452
391.72	36.089
391.94	37.765
392.16	31.487
392.38	20.643
392.59	45.495
392.81	27.872
393.03	20.385
393.24	35.229
393.46	27.260
393.68	30.389
393.89	40.710
394.11	43.621
394.33	39.706
394.54	27.093
394.76	18.473
394.98	30.945
395.19	16.157
395.41	40.476
395.63	33.713
395.84	32.723
396.06	44.134
396.28	38.763
396.49	34.059
396.71	45.540
396.93	33.501
397.14	21.277
397.36	34.211
397.57	28.652
397.79	26.753
398.01	42.017
398.22	23.177
398.44	31.212
398.66	39.349
398.87	29.275
399.09	26.427
399.31	38.445
399.52	35.294
399.74	25.316
399.96	37.052
400.17	33.532
400.39	47.937
400.60	39.464
400.82	31.266
401.04	24.143
401.25	36.962
401.47	28.140
401.69	41.090
401.90	33.250
402.12	42.369
402.33	24.725
402.55	34.550
402.77	25.000
402.98	42.320
403.20	42.781
403.41	34.180
403.63	36.484
403.85	28.981
404.06	41.047
404.28	29.736
404.49	50.610
404.71	29.134
404.93	30.932
405.14	24.629
405.36	43.454
405.57	27.725
405.79	31.078
406.01	45.877
406.22	26.837
406.44	26.167
406.65	39.362
406.87	31.178
407.09	33.370
407.30	38.980
407.52	38.930
407.73	36.979
407.95	23.392
408.17	28.887
408.38	23.108
408.60	45.351
408.81	35.214
409.03	31.278
409.24	35.892
409.46	37.202
409.68	33.122
409.89	39.754
410.11	32.507
410.32	20.588
410.54	16.754
410.75	27.421
410.97	39.391
411.18	38.673
411.40	30.382
411.62	27.480
411.83	34.455
412.05	20.801
412.26	29.659
412.48	45.005
412.69	31.549
412.91	36.421
413.12	37.438
413.34	27.289
413.56	32.765
413.77	21.083
413.99	41.607
414.20	42.845
414.42	28.639
414.63	34.400
414.85	33.363
415.06	37.167
415.28	35.196
415.49	41.208
415.71	31.454
415.92	37.438
416.14	33.393
416.35	40.190
416.57	40.789
416.79	25.054
417.00	39.371
417.22	43.886
417.43	35.000
417.65	42.706
417.86	34.914
418.08	33.920
418.29	35.079
418.51	32.535
418.72	42.286
418.94	35.946
419.15	34.630
419.37	38.160
419.58	41.739
419.80	39.789
420.01	38.474
420.23	36.137
420.44	33.868
420.66	38.929
420.87	43.266
421.09	33.811
421.30	32.587
421.52	37.077
421.73	40.797
421.95	29.759
422.16	41.352
422.38	44.838
422.59	40.764
422.81	35.277
423.02	37.706
423.23	34.145
423.45	33.214
423.66	32.406
423.88	35.758
424.09	46.871
424.31	40.537
424.52	32.616
424.74	41.039
424.95	38.984
425.17	43.720
425.38	31.918
425.60	40.380
425.81	39.332
426.03	39.513
426.24	39.553
426.45	37.833
426.67	42.096
426.88	40.443
427.10	41.672
427.31	41.724
427.53	35.503
427.74	50.208
427.96	40.725
428.17	47.033
428.39	47.927
428.60	40.185
428.81	44.140
429.03	42.866
429.24	44.960
429.46	43.681
429.67	41.031
429.89	41.470
430.10	45.347
430.31	41.173
430.53	43.133
430.74	41.343
430.96	41.210
431.17	46.778
431.39	43.441
431.60	40.297
431.81	39.912
432.03	38.760
432.24	39.111
432.46	36.186
432.67	42.279
432.89	44.186
433.10	39.761
433.31	43.245
433.53	40.041
433.74	41.722
433.96	35.954
434.17	44.373
434.38	46.245
434.60	35.343
434.81	41.814
435.03	45.221
435.24	45.106
435.45	37.500
435.67	37.844
435.88	44.063
436.10	46.941
436.31	42.358
436.52	43.451
436.74	38.901
436.95	42.535
437.17	44.037
437.38	41.059
437.59	41.704
437.81	47.978
438.02	46.543
438.23	38.669
438.45	39.767
438.66	47.634
438.88	43.413
439.09	41.714
439.30	46.260
439.52	44.670
439.73	44.552
439.94	41.620
440.16	46.338
440.37	41.598
440.58	43.930
440.80	48.543
441.01	45.087
441.23	44.680
441.44	43.569
441.65	42.333
441.87	41.929
442.08	41.928
442.29	46.266
442.51	44.099
442.72	44.526
442.93	45.120
443.15	46.391
443.36	45.771
443.57	46.154
443.79	42.995
444.00	45.840
444.21	41.455
444.43	44.532
444.64	45.028
444.85	50.671
445.07	43.274
445.28	39.719
445.49	44.489
445.71	42.183
445.92	47.264
446.13	47.269
446.35	45.036
446.56	46.002
446.77	46.178
446.99	47.511
447.20	45.860
447.41	44.831
447.63	44.022
447.84	39.658
448.05	41.658
448.27	41.496
448.48	45.869
448.69	45.522
448.90	41.664
449.12	47.936
449.33	40.361
449.54	48.269
449.76	46.133
449.97	49.968
450.18	47.768
450.40	43.603
450.61	43.515
450.82	49.660
451.03	43.653
451.25	45.651
451.46	44.338
451.67	43.409
451.89	50.246
452.10	47.400
452.31	42.232
452.52	43.560
452.74	44.298
452.95	44.163
453.16	44.000
453.38	50.535
453.59	44.515
453.80	48.811
454.01	43.650
454.23	42.981
454.44	46.575
454.65	44.515
454.86	43.821
455.08	47.487
455.29	44.790
455.50	41.734
455.71	46.019
455.93	49.885
456.14	44.760
456.35	41.146
456.56	43.023
456.78	41.876
456.99	42.861
457.20	42.281
457.41	48.461
457.63	45.967
457.84	48.661
458.05	43.323
458.26	43.767
458.48	46.461
458.69	46.627
458.90	45.471
459.11	45.060
459.33	41.930
459.54	45.468
459.75	45.620
459.96	45.699
460.18	47.023
460.39	44.906
460.60	44.212
460.81	44.773
461.02	41.115
461.24	44.558
461.45	45.030
461.66	44.771
461.87	43.862
462.09	45.457
462.30	45.517
462.51	46.239
462.72	45.341
462.93	45.351
463.15	45.279
463.36	43.289
463.57	45.619
463.78	44.115
463.99	43.006
464.21	47.844
464.42	43.340
464.63	43.928
464.84	43.319
465.05	45.118
465.27	47.260
465.48	42.552
465.69	46.681
465.90	43.693
466.11	45.003
466.33	44.945
466.54	39.503
466.75	45.234
466.96	46.788
467.17	46.881
467.38	43.818
467.60	46.496
467.81	47.188
468.02	44.102
468.23	44.228
468.44	43.575
468.65	44.936
468.87	44.348
469.08	43.920
469.29	44.503
469.50	44.177
469.71	43.438
469.92	44.817
470.14	44.685
470.35	47.320
470.56	44.185
470.77	45.826
470.98	41.342
471.19	44.151
471.41	44.436
471.62	42.851
471.83	43.449
472.04	43.943
472.25	44.710
472.46	45.626
472.67	45.582
472.89	43.960
473.10	44.887
473.31	43.669
473.52	44.663
473.73	43.857
473.94	44.136
474.15	46.758
474.37	45.181
474.58	43.908
474.79	44.674
475.00	42.394
475.21	43.437
475.42	42.975
475.63	43.752
475.84	42.393
476.06	42.852
476.27	43.420
476.48	42.233
476.69	42.756
476.90	43.671
477.11	45.070
477.32	42.772
477.53	45.021
477.74	42.802
477.96	43.358
478.17	43.652
478.38	43.414
478.59	42.372
478.80	44.665
479.01	42.840
479.22	42.857
479.43	43.108
479.64	43.043
479.85	42.037
480.06	41.354
480.28	42.373
480.49	42.126
480.70	43.250
480.91	44.012
481.12	43.139
481.33	41.005
481.54	42.411
481.75	42.985
481.96	42.983
482.17	42.141
482.38	42.564
482.59	42.110
482.81	41.998
483.02	42.170
483.23	41.057
483.44	41.633
483.65	42.262
483.86	41.195
484.07	42.185
484.28	41.504
484.49	41.369
484.70	41.357
484.91	40.499
485.12	41.213
485.33	41.398
485.54	40.294
485.75	41.117
485.96	42.038
486.17	39.994
486.38	40.301
486.60	41.572
486.81	39.840
487.02	40.980
487.23	41.553
487.44	40.389
487.65	40.299
487.86	40.555
488.07	41.436
488.28	39.118
488.49	41.231
488.70	41.265
488.91	40.500
489.12	41.035
489.33	39.829
489.54	39.763
489.75	40.753
489.96	39.665
490.17	39.708
490.38	39.675
490.59	39.339
490.80	39.431
491.01	39.567
491.22	39.118
491.43	38.630
491.64	38.068
491.85	39.721
492.06	39.726
492.27	38.501
492.48	39.261
492.69	38.670
492.90	39.425
493.11	38.267
493.32	38.420
493.53	38.033
493.74	39.373
493.95	38.805
494.16	39.505
494.37	38.840
494.58	37.896
494.79	37.290
495.00	38.372
495.21	37.980
495.42	38.165
495.63	37.096
495.84	38.069
496.05	38.170
496.26	38.662
496.47	38.263
496.68	37.222
496.89	38.551
497.10	37.812
497.31	37.996
497.52	38.198
497.73	38.072
497.94	38.235
498.15	37.052
498.36	37.011
498.57	37.131
498.78	37.708
498.99	36.128
499.19	36.601
499.40	37.244
499.61	36.726
499.82	36.818
500.03	35.891
500.24	36.302
500.45	36.922
500.66	36.666
500.87	36.460
501.08	35.961
501.29	36.847
501.50	35.986
501.71	35.347
501.92	35.885
502.13	36.564
502.34	35.651
502.55	35.884
502.76	36.212
502.96	35.543
503.17	35.380
503.38	35.174
503.59	34.623
503.80	35.335
504.01	34.968
504.22	34.446
504.43	35.102
504.64	34.999
504.85	34.841
505.06	34.679
505.27	33.972
505.47	35.012
505.68	34.912
505.89	34.983
506.10	34.447
506.31	35.101
506.52	34.641
506.73	33.412
506.94	34.196
507.15	33.077
507.36	34.119
507.56	33.190
507.77	33.593
507.98	33.598
508.19	33.249
508.40	33.055
508.61	33.842
508.82	33.283
509.03	33.153
509.24	32.317
509.44	32.847
509.65	32.730
509.86	32.337
510.07	32.538
510.28	32.352
510.49	32.446
510.70	32.327
510.91	32.569
511.11	33.081
511.32	31.589
511.53	32.134
511.74	31.362
511.95	33.023
512.16	31.813
512.37	31.882
512.58	31.352
512.78	31.198
512.99	31.991
513.20	32.292
513.41	30.849
513.62	30.728
513.83	30.999
514.04	31.007
514.24	31.029
514.45	31.539
514.66	31.257
514.87	31.112
515.08	30.778
515.29	30.937
515.49	30.380
515.70	29.419
515.91	30.684
516.12	29.768
516.33	30.513
516.54	29.808
516.74	29.572
516.95	30.235
517.16	29.694
517.37	29.794
517.58	29.562
517.79	28.852
517.99	29.678
518.20	29.156
518.41	28.724
518.62	28.693
518.83	28.770
519.03	28.483
519.24	28.810
519.45	28.299
519.66	28.833
519.87	27.802
520.07	28.420
520.28	28.492
520.49	28.307
520.70	27.912
520.91	27.460
521.12	27.612
521.32	27.654
521.53	27.494
521.74	28.404
521.95	27.391
522.15	27.137
522.36	27.220
522.57	27.489
522.78	27.028
522.99	27.181
523.19	26.672
523.40	27.282
523.61	26.937
523.82	26.549
524.03	26.730
524.23	26.205
524.44	26.684
524.65	26.374
524.86	26.276
525.06	26.678
525.27	26.341
525.48	25.817
525.69	25.611
525.89	26.018
526.10	25.890
526.31	25.421
526.52	25.296
526.72	25.184
526.93	25.103
527.14	24.642
527.35	25.404
527.56	25.297
527.76	24.753
527.97	24.559
528.18	24.711
528.38	24.580
528.59	24.623
528.80	24.287
529.01	24.169
529.21	24.095
529.42	23.800
529.63	24.064
529.84	23.991
530.04	23.898
530.25	23.932
530.46	23.570
530.67	23.512
530.87	23.180
531.08	23.448
531.29	23.223
531.50	23.142
531.70	23.347
531.91	22.888
532.12	22.971
532.32	22.814
532.53	22.445
532.74	22.901
532.95	22.422
533.15	22.492
533.36	22.339
533.57	22.492
533.77	21.475
533.98	22.024
534.19	22.351
534.39	21.997
534.60	21.932
534.81	22.084
535.02	21.679
535.22	21.336
535.43	21.437
535.64	21.829
535.84	21.411
536.05	21.184
536.26	21.058
536.46	20.708
536.67	20.786
536.88	21.019
537.08	20.498
537.29	20.450
537.50	20.583
537.70	20.304
537.91	20.056
538.12	19.945
538.33	20.256
538.53	20.182
538.74	19.878
538.95	19.976
539.15	19.531
539.36	19.563
539.57	19.460
539.77	19.570
539.98	19.156
540.18	18.836
540.39	19.254
540.60	19.106
540.80	18.581
541.01	18.978
541.22	18.396
541.42	18.836
541.63	18.067
541.84	18.543
542.04	18.192
542.25	18.654
542.46	18.064
542.66	18.336
542.87	17.831
543.08	17.917
543.28	17.853
543.49	17.664
543.69	17.755
543.90	17.451
544.11	17.683
544.31	17.484
544.52	17.302
544.73	17.016
544.93	16.923
545.14	17.096
545.34	17.016
545.55	16.521
545.76	16.622
545.96	16.574
546.17	16.841
546.38	16.441
546.58	16.018
546.79	16.297
546.99	16.111
547.20	16.363
547.41	15.912
547.61	15.746
547.82	15.601
548.02	15.748
548.23	15.604
548.44	15.591
548.64	15.267
548.85	15.377
549.05	15.144
549.26	14.953
549.47	15.433
549.67	14.978
549.88	14.838
550.08	14.805
550.29	14.871
550.50	14.817
550.70	14.306
550.91	14.802
551.11	14.612
551.32	14.363
551.52	14.271
551.73	14.012
551.94	13.776
552.14	13.852
552.35	13.896
552.55	13.446
552.76	13.835
552.96	13.473
553.17	13.503
553.38	13.567
553.58	13.307
553.79	13.199
553.99	12.786
554.20	13.325
554.40	13.028
554.61	12.905
554.81	12.888
555.02	12.613
555.23	12.783
555.43	12.737
555.64	12.676
555.84	12.410
556.05	12.311
556.25	12.345
556.46	11.995
556.66	11.745
556.87	12.302
557.07	12.004
557.28	11.774
557.48	11.674
557.69	11.911
557.90	11.525
558.10	11.616
558.31	11.317
558.51	11.370
558.72	11.091
558.92	11.112
559.13	11.100
559.33	10.931
559.54	11.099
559.74	11.028
559.95	10.834
560.15	10.343
560.36	10.696
560.56	10.756
560.77	10.572
560.97	10.549
561.18	10.211
561.38	10.028
561.59	10.156
561.79	9.676
562.00	10.019
562.20	9.779
562.41	9.938
562.61	9.339
562.82	9.538
563.02	9.635
563.23	9.483
563.43	9.456
563.64	9.516
563.84	9.281
564.05	9.347
564.25	8.992
564.46	8.952
564.66	9.019
564.87	8.921
565.07	8.859
565.28	8.798
565.48	8.556
565.68	8.669
565.89	8.680
566.09	8.468
566.30	8.522
566.50	8.264
566.71	8.385
566.91	8.390
567.12	8.120
567.32	7.994
567.53	7.930
567.73	8.105
567.94	8.094
568.14	7.796
568.34	7.693
568.55	7.791
568.75	7.578
568.96	7.569
569.16	7.256
569.37	7.814
569.57	7.097
569.78	7.382
569.98	7.378
570.18	7.010
570.39	7.252
570.59	7.231
570.80	7.032
571.00	6.767
571.21	6.577
571.41	6.630
571.61	6.578
571.82	6.336
572.02	6.638
572.23	6.431
572.43	6.397
572.64	6.424
572.84	6.259
573.04	6.272
573.25	6.204
573.45	5.914
573.66	6.055
573.86	6.281
574.06	6.127
574.27	5.777
574.47	5.835
574.68	5.797
574.88	5.666
575.08	5.577
575.29	5.609
575.49	5.529
575.70	5.267
575.90	5.526
576.10	5.273
576.31	5.175
576.51	5.068
576.72	5.129
576.92	5.232
577.12	5.042
577.33	5.056
577.53	4.942
577.73	4.928
577.94	4.706
578.14	4.800
578.35	4.607
578.55	4.774
578.75	4.611
578.96	4.620
579.16	4.485
579.36	4.531
579.57	4.484
579.77	4.378
579.98	4.458
580.18	4.479
580.38	4.300
580.59	4.240
580.79	4.253
580.99	4.055
581.20	4.006
581.40	3.992
581.60	4.124
581.81	3.685
582.01	3.827
582.21	3.895
582.42	3.742
582.62	3.678
582.82	3.687
583.03	3.424
583.23	3.425
583.43	3.377
583.64	3.556
583.84	3.333
584.04	3.116
584.25	3.331
584.45	3.194
584.65	3.228
584.86	3.161
585.06	2.994
585.26	3.267
585.47	3.167
585.67	3.041
585.87	2.972
586.08	2.966
586.28	2.856
586.48	2.813
586.69	2.872
586.89	2.958
587.09	2.678
587.30	2.793
587.50	2.674
587.70	2.393
587.90	2.548
588.11	2.468
588.31	2.301
588.51	2.535
588.72	2.447
588.92	2.370
589.12	2.252
589.33	2.425
589.53	2.288
589.73	2.340
589.93	1.994
590.14	2.234
590.34	2.051
590.54	2.230
590.75	2.184
590.95	1.969
591.15	1.971
591.35	2.061
591.56	1.967
591.76	1.834
591.96	1.880
592.16	1.732
592.37	1.926
592.57	1.937
592.77	1.796
592.97	1.752
593.18	1.842
593.38	1.722
593.58	1.617
593.79	1.789
593.99	1.509
594.19	1.596
594.39	1.462
594.60	1.587
594.80	1.434
595.00	1.617
595.20	1.512
595.41	1.341
595.61	1.253
595.81	1.228
596.01	1.467
596.21	1.312
596.42	1.219
596.62	1.236
596.82	1.273
597.02	1.186
597.23	1.135
597.43	1.147
597.63	1.261
597.83	1.045
598.04	1.012
598.24	1.189
598.44	1.030
598.64	1.130
598.84	0.983
599.05	1.084
599.25	0.991
599.45	1.061
599.65	1.029
599.85	0.959
600.06	0.905
600.26	0.984
600.46	0.892
600.66	0.764
600.87	0.935
601.07	0.920
601.27	0.855
601.47	0.729
601.67	0.718
601.87	0.826
602.08	0.878
602.28	0.763
602.48	0.829
602.68	0.768
602.88	0.788
603.09	0.662
603.29	0.713
603.49	0.763
603.69	0.601
603.89	0.706
604.10	0.716
604.30	0.666
604.50	0.636
604.70	0.729
604.90	0.618
605.10	0.579
605.31	0.647
605.51	0.674
605.71	0.570
605.91	0.716
606.11	0.573
606.31	0.641
606.52	0.464
606.72	0.507
606.92	0.600
607.12	0.491
607.32	0.474
607.52	0.572
607.72	0.429
607.93	0.476
608.13	0.423
608.33	0.452
608.53	0.444
608.73	0.579
608.93	0.432
609.13	0.596
609.34	0.541
609.54	0.523
609.74	0.389
609.94	0.465
610.14	0.538
610.34	0.456
610.54	0.351
610.74	0.396
610.95	0.414
611.15	0.367
611.35	0.502
611.55	0.311
611.75	0.413
611.95	0.338
612.15	0.464
612.35	0.432
612.56	0.380
612.76	0.551
612.96	0.477
613.16	0.458
613.36	0.478
613.56	0.400
613.76	0.430
613.96	0.409
614.16	0.475
614.36	0.505
614.57	0.423
614.77	0.377
614.97	0.562
615.17	0.596
615.37	0.562
615.57	0.461
615.77	0.494
615.97	0.539
616.17	0.524
616.37	0.462
616.57	0.576
616.78	0.531
616.98	0.507
617.18	0.525
617.38	0.526
617.58	0.563
617.78	0.547
617.98	0.595
618.18	0.530
618.38	0.554
618.58	0.603
618.78	0.672
618.98	0.723
619.18	0.779
619.38	0.800
619.58	0.678
619.79	0.598
619.99	0.691
620.19	0.716
620.39	0.658
620.59	0.986
620.79	0.788
620.99	0.791
621.19	0.848
621.39	0.833
621.59	0.830
621.79	0.862
621.99	0.862
622.19	0.836
622.39	0.805
622.59	0.824
622.79	0.910
622.99	0.913
623.19	0.955
623.39	0.895
623.59	0.970
623.79	1.033
623.99	0.934
624.19	1.000
624.39	1.040
624.59	1.049
624.79	1.095
624.99	1.020
625.19	1.196
625.39	1.192
625.59	1.120
625.79	1.130
625.99	1.190
626.19	1.164
626.39	1.190
626.59	1.197
626.79	1.242
626.99	1.286
627.19	1.371
627.39	1.246
627.59	1.300
627.79	1.280
627.99	1.257
628.19	1.452
628.39	1.405
628.59	1.583
628.79	1.447
628.99	1.512
629.19	1.507
629.39	1.585
629.59	1.551
629.79	1.568
629.99	1.719
630.19	1.561
630.39	1.702
630.59	1.685
630.79	1.592
630.99	1.733
631.19	1.764
631.39	1.702
631.59	1.778
631.79	1.826
631.99	1.899
632.19	1.815
632.39	1.958
632.59	1.762
632.79	1.903
632.99	1.891
633.19	1.994
633.39	2.091
633.58	2.167
633.78	2.005
633.98	2.237
634.18	2.228
634.38	2.127
634.58	2.171
634.78	2.150
634.98	2.166
635.18	2.263
635.38	2.329
635.58	2.406
635.78	2.343
635.98	2.440
636.18	2.342
636.38	2.443
636.57	2.582
636.77	2.534
636.97	2.597
637.17	2.416
637.37	2.591
637.57	2.708
637.77	2.753
637.97	2.852
638.17	2.759
638.37	2.778
638.57	2.699
638.76	2.765
638.96	2.891
639.16	2.722
639.36	2.950
639.56	2.979
639.76	3.110
639.96	3.011
640.16	3.009
640.36	3.053
640.56	3.014
640.75	3.160
640.95	3.094
641.15	3.200
641.35	3.140
641.55	3.237
641.75	3.260
641.95	3.369
642.15	3.392
642.34	3.370
642.54	3.369
642.74	3.354
642.94	3.567
643.14	3.553
643.34	3.608
643.54	3.506
643.74	3.620
643.93	3.754
644.13	3.665
644.33	3.664
644.53	3.794
644.73	3.866
644.93	3.768
645.13	3.949
645.32	3.914
645.52	3.789
645.72	3.991
645.92	3.947
646.12	3.982
646.32	4.023
646.52	4.055
646.71	4.216
646.91	4.070
647.11	4.214
647.31	4.074
647.51	4.339
647.71	4.311
647.90	4.373
648.10	4.389
648.30	4.430
648.50	4.451
648.70	4.578
648.89	4.427
649.09	4.557
649.29	4.652
649.49	4.567
649.69	4.802
649.89	4.684
650.08	4.695
650.28	4.739
650.48	4.815
650.68	4.981
650.88	4.986
651.07	4.833
651.27	5.036
651.47	5.048
651.67	5.102
651.87	5.060
652.06	5.205
652.26	5.271
652.46	5.177
652.66	5.321
652.86	5.255
653.05	5.355
653.25	5.222
653.45	5.242
653.65	5.400
653.85	5.563
654.04	5.565
654.24	5.644
654.44	5.624
654.64	5.669
654.83	5.704
655.03	5.795
655.23	5.862
655.43	5.969
655.63	5.841
655.82	5.979
656.02	5.804
656.22	6.032
656.42	6.014
656.61	6.164
656.81	6.118
657.01	6.125
657.21	6.101
657.40	6.237
657.60	6.227
657.80	6.233
658.00	6.548
658.19	6.391
658.39	6.404
658.59	6.370
658.79	6.435
658.98	6.515
659.18	6.676
659.38	6.474
659.58	6.685
659.77	6.761
659.97	6.809
660.17	6.871
660.36	6.871
660.56	6.899
660.76	6.968
660.96	6.990
661.15	7.015
661.35	6.869
661.55	7.043
661.75	7.107
661.94	7.151
662.14	7.007
662.34	7.199
662.53	7.273
662.73	7.355
662.93	7.420
663.13	7.541
663.32	7.661
663.52	7.673
663.72	7.785
663.91	7.580
664.11	7.632
664.31	7.672
664.50	7.754
664.70	7.703
664.90	7.833
665.10	7.827
665.29	7.851
665.49	8.019
665.69	7.978
665.88	7.849
666.08	8.020
666.28	7.944
666.47	8.159
666.67	8.144
666.87	8.390
667.06	8.355
667.26	8.325
667.46	8.324
667.65	8.442
667.85	8.422
668.05	8.431
668.24	8.414
668.44	8.719
668.64	8.550
668.83	8.524
669.03	8.571
669.23	8.742
669.42	8.710
669.62	8.908
669.82	8.924
670.01	8.859
670.21	9.056
670.41	9.049
670.60	9.075
670.80	9.091
671.00	9.071
671.19	9.227
671.39	9.153
671.58	9.252
671.78	9.195
671.98	9.263
672.17	9.405
672.37	9.577
672.57	9.401
672.76	9.576
672.96	9.651
673.15	9.730
673.35	9.574
673.55	9.779
673.74	9.782
673.94	9.778
674.14	9.789
674.33	9.837
674.53	9.855
674.72	10.020
674.92	9.943
675.12	9.977
675.31	10.080
675.51	10.061
675.70	10.228
675.90	10.205
676.10	10.197
676.29	10.281
676.49	10.402
676.68	10.163
676.88	10.443
677.08	10.500
677.27	10.620
677.47	10.568
677.66	10.473
677.86	10.657
678.06	10.510
678.25	10.723
678.45	10.752
678.64	10.841
678.84	10.930
679.03	10.953
679.23	10.813
679.43	11.002
679.62	11.165
679.82	11.134
680.01	10.944
680.21	11.198
680.40	11.089
680.60	11.480
680.80	11.443
680.99	11.246
681.19	11.477
681.38	11.398
681.58	11.376
681.77	11.535
681.97	11.593
682.16	11.745
682.36	11.771
682.56	11.669
682.75	11.756
682.95	11.863
683.14	11.898
683.34	11.938
683.53	11.982
683.73	12.156
683.92	12.188
684.12	12.122
684.31	12.165
684.51	12.301
684.70	12.205
684.90	12.085
685.10	12.187
685.29	12.380
685.49	12.550
685.68	12.446
685.88	12.641
686.07	12.441
686.27	12.690
686.46	12.691
686.66	12.896
686.85	12.745
687.05	12.809
687.24	12.878
687.44	12.936
687.63	13.034
687.83	12.989
688.02	12.926
688.22	12.818
688.41	13.034
688.61	12.947
688.80	13.045
689.00	13.357
689.19	13.274
689.39	13.292
689.58	13.241
689.78	13.278
689.97	13.411
690.17	13.455
690.36	13.464
690.56	13.600
690.75	13.622
690.95	13.637
691.14	13.643
691.34	13.634
691.53	13.886
691.72	13.833
691.92	13.772
692.11	14.018
692.31	13.860
692.50	13.819
692.70	13.892
692.89	14.018
693.09	13.945
693.28	14.176
693.48	14.161
693.67	14.300
693.87	14.108
694.06	14.438
694.25	14.356
694.45	14.330
694.64	14.375
694.84	14.697
695.03	14.599
695.23	14.675
695.42	14.749
695.62	14.462
695.81	14.716
696.00	14.773
696.20	14.877
696.39	14.906
696.59	14.749
696.78	14.821
696.98	14.867
697.17	14.849
697.36	15.088
697.56	15.225
697.75	15.079
697.95	15.093
698.14	15.243
698.34	15.251
698.53	15.400
698.72	15.405
698.92	15.460
699.11	15.490
699.31	15.477
699.50	15.427
699.69	15.617
699.89	15.728
700.08	15.759
700.28	15.938
700.47	15.866
700.66	15.826
700.86	15.640
701.05	15.968
701.25	16.029
701.44	15.835
701.63	16.077
701.83	16.000
702.02	16.042
702.21	15.912
702.41	16.073
702.60	16.022
702.80	16.194
702.99	16.295
703.18	16.427
703.38	16.373
703.57	16.384
703.77	16.432
703.96	16.404
704.15	16.479
704.35	16.499
704.54	16.608
704.73	16.646
704.93	16.713
705.12	16.716
705.31	16.811
705.51	16.800
705.70	16.703
705.89	16.882
706.09	17.087
706.28	17.059
706.48	17.018
706.67	17.061
706.86	17.115
707.06	17.220
707.25	17.259
707.44	17.574
707.64	17.214
707.83	17.466
708.02	17.471
708.22	17.318
708.41	17.291
708.60	17.385
708.80	17.523
708.99	17.493
709.18	17.471
709.38	17.486
709.57	17.634
709.76	17.680
709.95	17.775
710.15	17.783
710.34	17.961
710.53	17.757
710.73	17.801
710.92	17.825
711.11	17.859
711.31	18.129
711.50	18.136
711.69	17.998
711.89	18.236
712.08	18.207
712.27	18.166
712.46	18.243
712.66	18.283
712.85	18.329
713.04	18.469
713.24	18.538
713.43	18.377
713.62	18.423
713.81	18.286
714.01	18.452
714.20	18.630
714.39	18.666
714.59	18.600
714.78	18.630
714.97	18.645
715.16	18.953
715.36	18.892
715.55	19.012
715.74	18.909
715.93	18.879
716.13	19.141
716.32	19.297
716.51	19.411
716.71	19.225
716.90	19.255
717.09	19.151
717.28	19.298
717.48	19.210
717.67	19.405
717.86	19.351
718.05	19.360
718.25	19.546
718.44	19.508
718.63	19.589
718.82	19.460
719.02	19.684
719.21	19.395
719.40	19.660
719.59	19.510
719.78	19.667
719.98	19.698
720.17	19.640
720.36	19.757
720.55	19.976
720.75	20.054
720.94	20.137
721.13	20.064
721.32	20.015
721.51	20.118
721.71	19.967
721.90	20.114
722.09	20.189
722.28	20.150
722.48	20.171
722.67	20.088
722.86	20.291
723.05	20.297
723.24	20.301
723.44	20.590
723.63	20.375
723.82	20.443
724.01	20.415
724.20	20.670
724.40	20.512
724.59	20.761
724.78	20.505
724.97	20.520
725.16	20.806
725.35	20.909
725.55	20.982
725.74	20.842
725.93	20.886
726.12	21.105
726.31	21.042
726.51	21.045
726.70	21.131
726.89	21.002
727.08	21.060
727.27	21.164
727.46	21.141
727.66	21.285
727.85	21.404
728.04	21.349
728.23	21.557
728.42	21.462
728.61	21.530
728.81	21.371
729.00	21.666
729.19	21.654
729.38	21.598
729.57	21.627
729.76	21.768
729.95	21.645
730.15	21.674
730.34	21.635
730.53	21.695
730.72	21.898
730.91	21.838
731.10	21.732
731.29	22.021
731.49	21.826
731.68	21.774
731.87	22.156
732.06	22.167
732.25	22.119
732.44	21.949
732.63	22.101
732.82	22.167
733.02	22.132
733.21	22.395
733.40	22.238
733.59	22.161
733.78	22.195
733.97	22.419
734.16	22.334
734.35	22.842
734.54	22.554
734.74	22.459
734.93	22.730
735.12	22.720
735.31	22.619
735.50	22.716
735.69	22.655
735.88	22.753
736.07	22.780
736.26	22.685
736.45	22.804
736.64	22.776
736.84	22.769
737.03	22.924
737.22	23.024
737.41	23.016
737.60	23.179
737.79	23.246
737.98	23.153
738.17	23.103
738.36	23.101
738.55	23.302
738.74	23.067
738.93	23.204
739.12	23.286
739.32	23.129
739.51	23.143
739.70	23.167
739.89	23.303
740.08	23.675
740.27	23.459
740.46	23.413
740.65	23.379
740.84	23.611
741.03	23.383
741.22	23.695
741.41	23.461
741.60	23.625
741.79	23.524
741.98	23.727
742.17	23.841
742.36	23.693
742.55	23.977
742.74	23.950
742.93	23.903
743.12	23.904
743.31	24.049
743.51	23.865
743.70	24.181
743.89	24.275
744.08	24.325
744.27	24.208
744.46	24.431
744.65	24.545
744.84	24.351
745.03	24.426
745.22	24.357
745.41	24.297
745.60	24.448
745.79	24.512
745.98	24.568
746.17	24.582
746.36	24.457
746.55	24.368
746.74	24.512
746.93	24.639
747.12	24.771
747.31	24.737
747.50	24.664
747.69	24.629
747.88	24.966
748.07	24.968
748.26	25.159
748.45	24.853
748.64	24.963
748.83	25.091
749.02	25.146
749.21	25.328
749.40	25.191
749.59	24.999
749.77	25.214
749.96	24.931
750.15	25.041
750.34	25.174
750.53	25.314
750.72	25.403
750.91	25.471
751.10	25.370
751.29	25.370
751.48	25.361
751.67	25.380
751.86	25.477
752.05	25.487
752.24	25.522
752.43	25.674
752.62	25.575
752.81	25.669
753.00	25.690
753.19	25.668
753.38	25.770
753.57	25.760
753.76	25.769
753.94	25.736
754.13	25.800
754.32	26.036
754.51	25.619
754.70	25.799
754.89	25.915
755.08	25.671
755.27	25.735
755.46	25.638
755.65	25.798
755.84	25.983
756.03	25.887
756.22	26.014
756.40	25.985
756.59	25.984
756.78	26.076
756.97	26.273
757.16	26.168
757.35	26.295
757.54	26.237
757.73	26.186
757.92	26.341
758.11	26.445
758.29	26.414
758.48	26.476
758.67	26.494
758.86	26.338
759.05	26.663
759.24	26.390
759.43	26.472
759.62	26.539
759.81	26.469
759.99	26.676
760.18	26.805
760.37	26.747
760.56	26.910
760.75	26.975
760.94	26.882
761.13	26.633
761.32	26.625
761.50	27.019
761.69	27.051
761.88	27.029
762.07	26.683
762.26	26.729
762.45	27.023
762.64	26.768
762.82	26.929
763.01	26.866
763.20	26.997
763.39	27.266
763.58	27.372
763.77	27.315
763.96	27.286
764.14	27.442
764.33	27.301
764.52	27.392
764.71	27.329
764.90	27.348
765.09	27.192
765.27	27.503
765.46	27.575
765.65	27.693
765.84	27.394
766.03	27.533
766.22	27.463
766.40	27.555
766.59	27.517
766.78	27.528
766.97	27.629
767.16	27.605
767.35	27.678
767.53	27.543
767.72	27.211
767.91	27.728
768.10	28.046
768.29	27.825
768.47	28.088
768.66	27.989
768.85	27.861
769.04	27.977
769.23	28.000
769.41	27.815
769.60	28.041
769.79	28.135
769.98	27.967
770.17	27.817
770.35	28.082
770.54	28.108
770.73	28.174
770.92	28.253
771.10	28.358
771.29	28.113
771.48	28.248
771.67	28.453
771.86	28.332
772.04	28.501
772.23	28.481
772.42	28.504
772.61	28.324
772.79	28.322
772.98	28.546
773.17	28.550
773.36	28.574
773.54	28.441
773.73	28.464
773.92	28.432
774.11	28.389
774.30	28.483
774.48	28.593
774.67	28.461
774.86	28.777
775.05	28.796
775.23	28.535
775.42	28.491
775.61	28.524
775.79	28.750
775.98	28.615
776.17	28.815
776.36	28.937
776.54	28.805
776.73	29.089
776.92	28.986
777.11	28.796
777.29	28.891
777.48	28.897
777.67	28.806
777.85	28.952
778.04	28.857
778.23	28.917
778.42	28.937
778.60	28.948
778.79	29.042
778.98	29.203
779.16	28.951
779.35	28.971
779.54	29.138
779.73	29.140
779.91	29.395
780.10	29.117
780.29	29.095
780.47	29.467
780.66	29.276
780.85	29.437
781.03	29.185
781.22	29.386
781.41	29.646
781.60	29.579
781.78	29.628
781.97	29.707
782.16	29.573
782.34	29.706
782.53	29.669
782.72	29.629
782.90	29.662
783.09	29.608
783.28	29.805
783.46	29.845
783.65	29.843
783.84	29.439
784.02	29.552
784.21	29.602
784.40	29.963
784.58	30.063
784.77	29.605
784.96	29.585
785.14	29.618
785.33	29.913
785.52	29.735
785.70	29.834
785.89	29.787
786.08	29.822
786.26	29.945
786.45	29.742
786.63	30.196
786.82	29.895
787.01	29.895
787.19	30.003
787.38	30.101
787.57	29.926
787.75	29.970
787.94	30.006
788.13	30.101
788.31	29.974
788.50	29.941
788.68	30.194
788.87	30.410
789.06	30.363
789.24	30.056
789.43	30.693
789.61	30.623
789.80	30.604
789.99	30.582
790.17	30.480
790.36	30.618
790.55	30.519
790.73	30.594
790.92	30.293
791.10	30.313
791.29	30.418
791.48	30.355
791.66	30.792
791.85	30.967
792.03	30.631
792.22	30.436
792.40	30.468
792.59	30.946
792.78	30.693
792.96	30.854
793.15	30.424
793.33	30.662
793.52	30.627
793.71	30.600
793.89	30.897
794.08	30.641
794.26	30.821
794.45	30.553
794.63	30.760
794.82	30.844
795.01	30.869
795.19	31.038
795.38	30.812
795.56	30.952
795.75	31.036
795.93	30.832
796.12	30.790
796.30	30.840
796.49	31.028
796.68	31.082
796.86	31.151
797.05	31.056
797.23	31.141
797.42	31.131
797.60	31.315
797.79	31.142
797.97	31.077
798.16	31.171
798.34	31.114
798.53	31.259
798.71	31.178
798.90	30.981
799.08	31.214
799.27	31.182
799.46	31.201
799.64	31.295
799.83	31.316
800.01	30.938
800.20	31.281
800.38	31.483
800.57	31.181
800.75	31.362
800.94	31.428
801.12	31.433
801.31	31.491
801.49	31.449
801.68	31.241
801.86	31.571
802.05	31.693
802.23	31.673
802.42	31.483
802.60	31.659
802.79	31.392
802.97	31.538
803.16	31.412
803.34	31.746
803.53	31.655
803.71	31.775
803.90	31.674
804.08	31.686
804.27	31.642
804.45	31.783
804.63	31.693
804.82	31.676
805.00	31.973
805.19	32.178
805.37	32.109
805.56	32.436
805.74	32.194
805.93	32.108
806.11	32.056
806.30	32.127
806.48	31.971
806.67	31.945
806.85	31.852
807.04	31.953
807.22	31.871
807.40	32.027
807.59	32.083
807.77	32.174
807.96	32.042
808.14	32.109
808.33	32.102
808.51	31.902
808.69	31.995
808.88	32.030
809.06	32.387
809.25	31.906
809.43	32.347
809.62	31.928
809.80	32.213
809.99	31.988
810.17	32.227
810.35	32.258
810.54	32.071
810.72	32.035
810.91	32.234
811.09	32.193
811.27	32.157
811.46	32.411
811.64	32.209
811.83	32.396
812.01	32.227
812.19	32.369
812.38	32.223
812.56	32.298
812.75	32.358
812.93	32.267
813.11	32.227
813.30	32.200
813.48	32.415
813.67	32.609
813.85	32.553
814.03	32.444
814.22	32.490
814.40	32.388
814.59	32.276
814.77	32.587
814.95	32.475
815.14	32.493
815.32	32.426
815.50	32.283
815.69	32.329
815.87	32.379
816.06	32.700
816.24	32.524
816.42	32.455
816.61	32.620
816.79	32.690
816.97	32.760
817.16	32.509
817.34	32.702
817.52	32.601
817.71	32.632
817.89	32.759
818.07	32.741
818.26	32.864
818.44	32.772
818.63	33.122
818.81	33.036
818.99	33.086
819.18	32.663
819.36	33.196
819.54	33.140
819.73	32.919
819.91	32.697
820.09	32.540
820.28	32.890
820.46	32.923
820.64	33.114
820.83	33.078
821.01	32.988
821.19	32.945
821.37	32.941
821.56	33.243
821.74	33.143
821.92	32.892
822.11	32.583
822.29	32.797
822.47	32.724
822.66	32.822
822.84	32.936
823.02	32.733
823.21	32.859
823.39	32.823
823.57	33.077
823.75	32.991
823.94	32.673
824.12	32.892
824.30	33.270
824.49	32.793
824.67	32.805
824.85	32.712
825.03	32.992
825.22	33.265
825.40	32.903
825.58	33.310
825.77	33.481
825.95	33.372
826.13	33.276
826.31	33.414
826.50	33.295
826.68	33.357
826.86	33.158
827.04	33.105
827.23	32.952
827.41	33.213
827.59	32.877
827.78	32.756
827.96	33.001
828.14	32.779
828.32	32.946
828.51	33.080
828.69	33.011
828.87	33.592
829.05	33.433
829.23	33.485
829.42	33.405
829.60	33.129
829.78	33.287
829.96	33.416
830.15	33.276
830.33	33.217
830.51	33.350
830.69	33.526
830.88	33.469
831.06	33.409
831.24	33.389
831.42	33.731
831.60	33.271
831.79	33.073
831.97	33.204
832.15	33.175
832.33	33.311
832.52	33.452
832.70	33.135
832.88	33.160
833.06	33.402
833.24	33.134
833.43	33.533
833.61	33.527
833.79	33.443
833.97	33.611
834.15	33.575
834.34	33.383
834.52	33.106
834.70	33.288
834.88	33.152
835.06	33.245
835.25	33.455
835.43	33.231
835.61	33.273
835.79	33.153
835.97	33.543
836.15	33.252
836.34	33.317
836.52	33.295
836.70	33.605
836.88	33.743
837.06	33.876
837.24	33.831
837.43	33.816
837.61	33.459
837.79	33.876
837.97	33.724
838.15	33.700
838.33	33.735
838.52	33.517
838.70	33.390
838.88	33.670
839.06	33.630
839.24	33.554
839.42	33.709
839.60	33.362
839.79	33.785
839.97	33.427
840.15	33.920
840.33	33.762
840.51	34.019
840.69	34.000
840.87	33.661
841.06	33.872
841.24	33.888
841.42	33.857
841.60	33.761
841.78	33.845
841.96	33.968
842.14	33.671
842.32	33.826
842.51	33.723
842.69	33.903
842.87	33.836
843.05	33.930
843.23	33.759
843.41	33.616
843.59	33.824
843.77	33.900
843.95	33.562
844.14	33.794
844.32	34.053
844.50	34.095
844.68	34.225
844.86	34.089
845.04	34.087
845.22	34.222
845.40	34.002
845.58	34.128
845.76	33.980
845.94	33.840
846.12	33.817
846.31	34.012
846.49	34.325
846.67	34.246
846.85	34.206
847.03	33.719
847.21	34.179
847.39	33.860
847.57	33.891
847.75	33.993
847.93	33.915
848.11	33.851
848.29	33.725
848.47	33.647
848.65	34.272
848.83	34.050
849.02	33.995
849.20	34.058
849.38	34.225
849.56	34.167
849.74	33.937
849.92	33.835
850.10	33.904
850.28	33.823
850.46	33.982
850.64	33.677
850.82	33.813
851.00	33.957
851.18	34.121
851.36	34.052
851.54	34.111
851.72	33.525
851.90	34.036
852.08	33.721
852.26	33.871
852.44	33.880
852.62	33.930
852.80	33.852
852.98	33.913
853.16	33.751
853.34	33.622
853.52	33.765
853.70	33.798
853.88	33.911
854.06	34.169
854.24	33.798
854.42	33.954
854.60	34.025
854.78	34.129
854.96	34.201
855.14	34.078
855.32	33.869
855.50	33.500
855.68	33.678
855.86	33.443
856.04	33.532
856.22	33.917
856.40	33.588
856.58	33.632
856.76	33.895
856.94	34.249
857.12	33.962
857.30	34.188
857.48	34.200
857.66	34.021
857.84	34.034
858.02	34.206
858.20	34.016
858.38	34.123
858.56	33.974
858.74	34.264
858.92	34.091
859.10	33.846
859.28	33.775
859.46	34.024
859.64	33.836
859.81	33.929
859.99	34.252
860.17	34.084
860.35	34.031
860.53	34.266
860.71	34.259
860.89	34.301
861.07	34.025
861.25	34.043
861.43	34.294
861.61	33.845
861.79	34.117
861.97	34.135
862.15	34.272
862.33	34.107
862.50	34.157
862.68	34.213
862.86	34.343
863.04	34.166
863.22	34.429
863.40	33.903
863.58	34.117
863.76	33.744
863.94	33.796
864.12	34.075
864.30	33.904
864.47	33.962
864.65	34.164
864.83	34.467
865.01	34.195
865.19	34.031
865.37	34.248
865.55	33.955
865.73	33.870
865.91	34.166
866.09	33.741
866.26	33.922
866.44	34.017
866.62	34.263
866.80	33.808
866.98	33.714
867.16	33.844
867.34	33.798
867.52	34.084
867.69	34.205
867.87	34.173
868.05	34.248
868.23	33.883
868.41	34.008
868.59	34.265
868.77	34.163
868.94	34.246
869.12	34.094
869.30	34.151
869.48	34.193
869.66	34.236
869.84	34.335
870.02	34.027
870.19	34.109
870.37	33.902
870.55	33.814
870.73	33.598
870.91	34.159
871.09	34.208
871.26	34.172
871.44	33.936
871.62	34.381
871.80	34.042
871.98	34.656
872.16	34.320
872.33	34.346
872.51	34.320
872.69	34.260
872.87	33.952
873.05	34.236
873.22	34.459
873.40	34.016
873.58	34.045
873.76	34.166
873.94	34.011
874.12	34.413
874.29	34.176
874.47	34.387
874.65	34.105
874.83	34.511
875.01	33.909
875.18	34.055
875.36	34.101
875.54	33.976
875.72	34.043
875.89	34.311
876.07	33.839
876.25	34.245
876.43	34.018
876.61	33.945
876.78	34.072
876.96	34.235
877.14	34.102
877.32	33.918
877.49	34.383
877.67	34.382
877.85	33.935
878.03	34.350
878.21	34.251
878.38	34.208
878.56	33.927
878.74	34.129
878.92	34.593
879.09	34.206
879.27	34.563
879.45	34.295
879.63	34.636
879.80	34.564
879.98	34.614
880.16	34.022
880.34	33.950
880.51	34.049
880.69	34.315
880.87	34.342
881.05	34.084
881.22	34.050
881.40	34.538
881.58	34.573
881.75	34.198
881.93	34.004
882.11	34.205
882.29	34.138
882.46	34.347
882.64	34.115
882.82	34.069
883.00	34.355
883.17	34.253
883.35	33.897
883.53	34.286
883.70	34.293
883.88	34.269
884.06	34.028
884.23	33.961
884.41	34.372
884.59	34.140
884.77	34.419
884.94	34.170
885.12	34.521
885.30	34.361
885.47	34.218
885.65	34.238
885.83	34.040
886.00	34.409
886.18	33.945
886.36	34.626
886.53	34.284
886.71	34.451
886.89	34.397
887.07	34.557
887.24	34.263
887.42	34.852
887.60	34.354
887.77	34.429
887.95	34.360
888.13	34.519
888.30	34.503
888.48	34.389
888.66	34.235
888.83	34.092
889.01	34.158
889.18	34.142
889.36	33.993
889.54	34.068
889.71	34.021
889.89	33.997
890.07	33.467
890.24	33.778
890.42	34.272
890.60	34.165
890.77	34.080
890.95	34.006
891.13	34.348
891.30	34.261
891.48	34.476
891.65	34.163
891.83	34.076
892.01	34.332
892.18	34.322
892.36	34.205
892.54	34.042
892.71	33.950
892.89	33.958
893.06	34.492
893.24	34.599
893.42	34.702
893.59	34.194
893.77	34.308
893.94	34.181
894.12	34.143
894.30	34.151
894.47	33.994
894.65	33.629
894.82	33.823
895.00	34.024
895.18	33.885
895.35	34.027
895.53	34.148
895.70	34.003
895.88	34.140
896.06	34.294
896.23	34.231
896.41	34.276
896.58	33.715
896.76	34.001
896.93	34.059
897.11	34.054
897.29	34.245
897.46	34.008
897.64	33.898
897.81	34.040
897.99	33.690
898.16	33.903
898.34	34.052
898.52	34.048
898.69	34.211
898.87	34.132
899.04	34.343
899.22	33.883
899.39	33.955
899.57	34.132
899.74	33.961
899.92	33.958
900.10	33.840
900.27	33.566
900.45	33.852
900.62	33.118
900.80	33.806
900.97	33.635
901.15	33.990
901.32	33.817
901.50	33.981
901.67	34.067
901.85	33.918
902.02	34.135
902.20	33.893
902.37	33.868
902.55	33.842
902.72	33.607
902.90	33.801
903.07	33.787
903.25	33.851
903.43	34.079
903.60	34.000
903.78	34.185
903.95	34.201
904.13	33.970
904.30	34.170
904.48	34.226
904.65	33.948
904.83	33.813
905.00	34.123
905.17	34.190
905.35	33.743
905.52	33.874
905.70	34.074
905.87	33.829
906.05	33.911
906.22	34.064
906.40	33.871
906.57	33.651
906.75	33.637
906.92	33.965
907.10	33.540
907.27	33.516
907.45	33.849
907.62	33.829
907.80	33.568
907.97	33.617
908.15	33.734
908.32	33.897
908.49	33.992
908.67	34.109
908.84	33.912
909.02	33.757
909.19	33.379
909.37	33.783
909.54	33.670
909.72	33.808
909.89	33.912
910.07	33.952
910.24	34.084
910.41	34.208
910.59	33.617
910.76	34.036
910.94	33.920
911.11	34.310
911.29	33.947
911.46	34.073
911.63	33.877
911.81	34.109
911.98	33.861
912.16	34.119
912.33	33.889
912.50	33.713
912.68	33.797
912.85	33.660
913.03	33.832
913.20	33.529
913.38	34.113
913.55	33.960
913.72	34.038
913.90	34.134
914.07	33.589
914.25	33.253
914.42	33.442
914.59	33.403
914.77	33.271
914.94	33.533
915.11	33.936
915.29	33.772
915.46	33.479
915.64	33.827
915.81	33.529
915.98	33.451
916.16	33.425
916.33	33.692
916.51	33.527
916.68	33.231
916.85	33.585
917.03	33.769
917.20	33.470
917.37	33.213
917.55	33.547
917.72	33.381
917.89	33.780
918.07	33.430
918.24	33.480
918.42	33.777
918.59	33.796
918.76	33.712
918.94	33.881
919.11	33.846
919.28	33.796
919.46	33.716
919.63	33.894
919.80	33.927
919.98	33.494
920.15	34.233
920.32	34.229
920.50	33.698
920.67	33.813
920.84	33.725
921.02	33.781
921.19	33.453
921.36	33.499
921.54	33.646
921.71	33.206
921.88	33.065
922.06	33.455
922.23	33.353
922.40	33.550
922.57	33.212
922.75	33.047
922.92	33.034
923.09	33.385
923.27	32.985
923.44	32.999
923.61	33.666
923.79	33.392
923.96	34.259
924.13	33.469
924.30	33.282
924.48	33.465
924.65	33.868
924.82	34.172
925.00	33.879
925.17	33.870
925.34	33.731
925.51	33.814
925.69	34.044
925.86	34.461
926.03	33.479
926.21	34.127
926.38	33.455
926.55	33.278
926.72	33.626
926.90	33.548
927.07	33.416
927.24	33.604
927.41	33.696
927.59	33.286
927.76	33.358
927.93	33.742
928.10	33.459
928.28	33.326
928.45	32.978
928.62	32.981
928.79	33.382
928.97	33.011
929.14	33.388
929.31	33.245
929.48	33.301
929.66	33.548
929.83	33.447
930.00	33.951
930.17	33.320
930.34	33.176
930.52	33.544
930.69	33.871
930.86	33.674
931.03	33.780
931.21	33.378
931.38	33.715
931.55	33.994
931.72	34.046
931.89	33.180
932.07	33.961
932.24	33.354
932.41	33.588
932.58	34.198
932.75	34.167
932.93	33.546
933.10	34.192
933.27	33.505
933.44	33.887
933.61	33.251
933.79	33.062
933.96	33.567
934.13	33.026
934.30	32.973
934.47	33.576
934.65	33.586
934.82	33.310
934.99	33.657
935.16	33.434
935.33	33.117
935.50	33.339
935.68	33.443
935.85	32.949
936.02	33.109
936.19	33.613
936.36	32.951
936.53	33.619
936.71	33.473
936.88	33.472
937.05	33.385
937.22	32.933
937.39	33.484
937.56	33.070
937.74	33.545
937.91	33.601
938.08	33.175
938.25	33.564
938.42	33.604
938.59	33.303
938.76	33.210
938.94	32.864
939.11	33.272
939.28	32.819
939.45	32.750
939.62	33.384
939.79	33.524
939.96	32.924
940.13	33.229
940.31	33.351
940.48	33.271
940.65	32.643
940.82	33.555
940.99	32.861
941.16	33.323
941.33	32.977
941.50	33.467
941.67	33.396
941.85	33.178
942.02	33.181
942.19	33.623
942.36	33.815
942.53	32.778
942.70	33.023
942.87	33.051
943.04	33.502
943.21	32.806
943.38	33.460
943.56	32.970
943.73	33.383
943.90	33.925
944.07	32.819
944.24	32.984
944.41	32.949
944.58	33.087
944.75	32.425
944.92	33.108
945.09	32.972
945.26	32.891
945.43	33.259
945.60	33.571
945.78	33.279
945.95	33.453
946.12	33.240
946.29	33.662
946.46	33.173
946.63	33.027
946.80	33.278
946.97	33.298
947.14	32.740
947.31	32.886
947.48	33.296
947.65	33.169
947.82	33.055
947.99	33.595
948.16	33.554
948.33	33.314
948.50	33.482
948.67	33.108
948.84	32.889
949.01	33.385
949.18	33.459
949.35	32.998
949.52	32.456
949.69	32.933
949.86	32.943
950.03	33.640
950.20	33.111
950.38	33.707
950.55	33.207
950.72	33.465
950.89	33.275
951.06	33.221
951.23	32.482
951.40	32.511
951.57	33.009
951.74	32.432
951.91	32.667
952.08	33.154
952.25	31.833
952.42	33.144
952.59	32.767
952.76	32.282
952.92	32.751
953.09	32.123
953.26	32.466
953.43	33.237
953.60	32.577
953.77	31.958
953.94	32.420
954.11	33.261
954.28	32.466
954.45	32.438
954.62	33.114
954.79	32.587
954.96	32.542
955.13	32.896
955.30	32.560
955.47	33.256
955.64	32.447
955.81	32.471
955.98	32.594
956.15	33.305
956.32	33.175
956.49	32.933
956.66	32.401
956.83	33.065
957.00	32.390
957.17	33.192
957.33	33.991
957.50	32.729
957.67	33.472
957.84	34.197
958.01	33.848
958.18	33.248
958.35	33.294
958.52	32.572
958.69	32.505
958.86	32.132
959.03	32.235
959.20	32.351
959.37	32.771
959.53	32.689
959.70	33.384
959.87	32.710
960.04	32.724
960.21	32.648
960.38	33.002
960.55	32.797
960.72	32.959
960.89	32.809
961.06	32.585
961.23	32.449
961.39	32.077
961.56	32.349
961.73	31.899
961.90	33.088
962.07	32.739
962.24	32.160
962.41	31.780
962.58	32.236
962.75	32.389
962.91	32.243
963.08	32.530
963.25	31.866
963.42	32.375
963.59	32.616
963.76	32.338
963.93	32.011
964.09	32.226
964.26	32.092
964.43	32.663
964.60	32.808
964.77	32.903
964.94	32.400
965.11	32.880
965.27	32.331
965.44	33.101
965.61	31.984
965.78	32.655
965.95	32.385
966.12	33.056
966.29	31.674
966.45	32.279
966.62	32.825
966.79	32.547
966.96	32.447
967.13	32.183
967.30	32.343
967.46	32.551
967.63	31.348
967.80	32.530
967.97	32.973
968.14	32.575
968.30	32.115
968.47	32.290
968.64	33.794
968.81	32.534
968.98	32.383
969.15	31.955
969.31	31.949
969.48	32.495
969.65	33.324
969.82	32.135
969.99	32.355
970.15	33.077
970.32	32.930
970.49	33.017
970.66	32.202
970.82	31.960
970.99	32.571
971.16	32.492
971.33	32.325
971.50	31.913
971.66	31.252
971.83	33.227
972.00	32.009
972.17	32.391
972.34	32.646
972.50	33.776
972.67	32.536
972.84	32.987
973.01	32.779
973.17	32.656
973.34	32.547
973.51	31.326
973.68	31.494
973.84	31.888
974.01	32.195
974.18	32.716
974.35	32.770
974.51	32.428
974.68	33.086
974.85	32.851
975.02	33.220
975.18	33.253
975.35	32.845
975.52	33.114
975.69	33.033
975.85	32.400
976.02	32.357
976.19	32.221
976.36	32.606
976.52	31.388
976.69	32.247
976.86	32.612
977.02	32.496
977.19	32.676
977.36	32.581
977.53	31.851
977.69	31.164
977.86	32.741
978.03	33.092
978.19	32.391
978.36	32.718
978.53	32.745
978.70	33.004
978.86	32.508
979.03	32.630
979.20	32.853
979.36	32.323
979.53	32.457
979.70	32.665
979.86	32.539
980.03	31.857
980.20	32.202
980.36	31.255
980.53	32.135
980.70	32.509
980.86	32.593
981.03	32.475
981.20	31.886
981.36	32.031
981.53	32.243
981.70	32.251
981.86	32.825
982.03	32.565
982.20	32.673
982.36	32.383
982.53	32.996
982.70	32.505
982.86	32.979
983.03	31.971
983.20	32.200
983.36	33.148
983.53	33.761
983.70	31.780
983.86	33.854
984.03	32.863
984.20	32.294
984.36	32.037
984.53	31.682
984.70	33.924
984.86	32.187
985.03	32.149
985.19	33.143
985.36	33.504
985.53	32.352
985.69	32.572
985.86	32.906
986.03	32.696
986.19	32.479
986.36	32.653
986.52	33.011
986.69	31.737
986.86	32.980
987.02	32.782
987.19	32.374
987.35	31.554
987.52	33.625
987.69	33.423
987.85	31.804
988.02	32.570
988.18	32.536
988.35	32.269
988.52	31.787
988.68	32.890
988.85	31.945
989.01	32.399
989.18	33.229
989.35	31.600
989.51	31.588
989.68	31.650
989.84	32.359
990.01	32.065
990.17	31.706
990.34	31.960
990.51	33.095
990.67	31.214
990.84	32.821
991.00	32.021
991.17	31.500
991.33	31.981
991.50	32.061
991.66	32.373
991.83	31.021
992.00	30.586
992.16	32.100
992.33	30.871
992.49	31.493
992.66	32.289
992.82	33.166
992.99	31.090
993.15	31.090
993.32	33.022
993.48	31.492
993.65	31.349
993.82	32.208
993.98	31.505
994.15	31.484
994.31	32.712
994.48	31.198
994.64	32.584
994.81	32.986
994.97	32.291
995.14	32.722
995.30	31.971
995.47	32.377
995.63	34.224
995.80	32.856
995.96	32.679
996.13	32.070
996.29	33.081
996.46	31.438
996.62	32.844
996.79	32.169
996.95	29.957
997.12	32.602
997.28	32.938
997.45	31.388
997.61	33.234
997.78	30.927
997.94	32.299
998.11	32.568
998.27	32.394
998.44	32.331
998.60	33.080
998.77	32.799
998.93	32.078
999.10	32.145
999.26	31.967
999.43	32.129
999.59	31.385
999.75	31.320
999.92	33.308
1000.08	30.613
1000.25	33.971
1000.41	34.306
1000.58	32.659
1000.74	31.939
1000.91	31.576
1001.07	33.598
1001.24	31.378
1001.40	31.092
1001.56	32.668
1001.73	32.447
1001.89	31.107
1002.06	32.545
1002.22	33.904
1002.39	32.698
1002.55	31.471
1002.71	31.402
1002.88	32.743
1003.04	32.997
1003.21	33.501
1003.37	33.430
1003.54	32.840
1003.70	32.307
1003.86	31.774
1004.03	32.034
1004.19	32.483
1004.36	33.941
1004.52	33.266
1004.68	31.170
1004.85	33.260
1005.01	31.880
1005.18	31.052
1005.34	31.667
1005.50	30.956
1005.67	32.195
1005.83	32.591
1006.00	31.885
1006.16	31.850
1006.32	32.998
1006.49	32.545
1006.65	31.774
1006.82	30.256
1006.98	32.008
1007.14	33.036
1007.31	32.334
1007.47	31.188
1007.63	33.401
1007.80	33.730
1007.96	30.439
1008.13	32.790
1008.29	32.148
1008.45	32.461
1008.62	33.202
1008.78	30.979
1008.94	31.385
1009.11	33.005
1009.27	31.952
1009.43	34.463
1009.60	32.962
1009.76	33.152
1009.92	30.935
1010.09	30.610
1010.25	33.002
1010.42	32.971
1010.58	34.132
1010.74	33.420
1010.91	33.183
1011.07	30.637
1011.23	32.720
1011.40	32.050
1011.56	33.653
1011.72	33.090
1011.89	32.919
1012.05	34.651
1012.21	32.523
1012.37	31.092
1012.54	30.384
1012.70	32.518
1012.86	30.144
1013.03	31.511
1013.19	30.413
1013.35	31.732
1013.52	35.313
1013.68	30.169
1013.84	30.716
1014.01	33.107
1014.17	31.139
1014.33	33.291
1014.49	30.343
1014.66	31.621
1014.82	34.129
1014.98	33.689
1015.15	32.081
1015.31	32.992
1015.47	32.382
1015.63	35.175
1015.80	32.397
1015.96	33.693
1016.12	33.611
1016.29	33.012
1016.45	35.177
1016.61	32.921
1016.77	34.472
1016.94	31.391
1017.10	35.931
1017.26	31.109
1017.42	30.853
1017.59	32.699
1017.75	32.859
1017.91	34.409
1018.07	31.722
1018.24	32.276
1018.40	31.896
1018.56	33.420
1018.72	31.193
1018.89	32.590
1019.05	35.219
1019.21	34.169
1019.37	29.675
1019.54	33.499
1019.70	30.924
1019.86	31.505
1020.02	34.615
1020.19	33.512
1020.35	35.568
1020.51	34.665
1020.67	29.979
1020.83	33.189
1021.00	34.826
1021.16	31.142
1021.32	33.773
1021.48	32.947
1021.64	31.979
1021.81	38.323
1021.97	31.535
1022.13	32.964
1022.29	37.563
1022.45	32.985
1022.62	32.435
1022.78	35.394
1022.94	34.979
1023.10	33.416
1023.26	34.826
1023.43	30.498
1023.59	31.623
1023.75	33.072
1023.91	32.773
1024.07	34.589
1024.24	33.283
1024.40	33.137
1024.56	38.389
1024.72	33.193
1024.88	37.778
1025.04	35.829
1025.21	33.850
1025.37	37.567
1025.53	37.704
1025.69	33.443
1025.85	33.832
1026.01	33.125
1026.18	31.694
1026.34	34.368
1026.50	32.441
1026.66	39.093
1026.82	37.135
1026.98	32.000
1027.14	35.924
1027.31	34.966
1027.47	34.798
1027.63	29.785
1027.79	33.862
1027.95	34.617
1028.11	34.544
1028.27	34.582
1028.44	35.860
1028.60	29.316
1028.76	35.720
1028.92	38.378
1029.08	35.204
1029.24	33.670
1029.40	35.639
1029.56	34.754
1029.73	37.906
1029.89	35.568
1030.05	37.379
1030.21	38.850
1030.37	34.470
1030.53	37.719
1030.69	40.170
1030.85	36.127
1031.01	37.827
1031.17	39.427
1031.34	36.909
1031.50	36.721
1031.66	38.689
1031.82	37.821
1031.98	38.026
1032.14	34.938
1032.30	35.853
1032.46	37.328
1032.62	36.908
1032.78	36.258
1032.94	36.837
1033.10	38.836
1033.27	34.339
1033.43	37.317
1033.59	34.586
1033.75	34.345
1033.91	26.975
1034.07	37.114
1034.23	37.086
1034.39	29.475
1034.55	35.623
1034.71	37.731
1034.87	37.213
1035.03	35.550
1035.19	37.147
1035.35	35.642
1035.51	34.997
1035.67	35.625
1035.83	36.720
1035.99	41.470
1036.16	37.281
1036.32	37.287
1036.48	36.293
1036.64	39.170
1036.80	44.655
1036.96	45.093
1037.12	36.957
1037.28	40.407
1037.44	42.051
1037.60	36.957
1037.76	33.908
1037.92	38.993
1038.08	33.501
1038.24	35.426
1038.40	35.553
1038.56	40.761
1038.72	36.954
1038.88	45.764
1039.04	48.314
1039.20	46.957
1039.36	38.889
1039.52	38.629
1039.68	39.913
1039.84	36.494
1040.00	39.589
1040.16	38.809
1040.32	32.684
1040.48	34.624
1040.64	34.542
1040.80	40.383
1040.96	39.153
1041.12	31.353
1041.28	35.088
1041.44	28.484
1041.60	27.241
1041.76	47.222
1041.92	43.933
1042.08	33.619
1042.24	43.352
1042.39	49.843
1042.55	43.227
1042.71	40.843
1042.87	42.131
1043.03	46.341
1043.19	46.982
