345.44	62.105
345.66	62.105
345.88	62.105
346.10	48.582
346.31	-331.034
346.53	45.980
346.75	67.907
346.97	76.781
347.19	85.725
347.41	84.286
347.63	86.933
347.85	64.231
348.07	72.626
348.29	61.941
348.51	54.621
348.73	83.154
348.95	81.285
349.17	88.561
349.39	50.187
349.61	48.282
349.83	41.547
350.05	44.693
350.27	53.319
350.49	53.440
350.71	-23.532
350.93	41.634
351.15	38.149
351.37	23.783
351.59	12.700
351.80	33.882
352.02	-0.662
352.24	54.557
352.46	39.760
352.68	17.135
352.90	36.020
353.12	46.182
353.34	-33.660
353.56	18.779
353.78	39.468
354.00	7.301
354.22	-26.800
354.44	26.063
354.66	5.221
354.88	13.020
355.09	5.130
355.31	54.349
355.53	45.306
355.75	24.038
355.97	2.187
356.19	25.963
356.41	54.267
356.63	44.749
356.85	36.786
357.07	43.319
357.29	44.528
357.50	46.774
357.72	30.218
357.94	30.252
358.16	42.318
358.38	40.494
358.60	44.397
358.82	54.381
359.04	62.841
359.26	38.309
359.48	22.437
359.69	26.260
359.91	37.014
360.13	-2.320
360.35	55.542
360.57	42.270
360.79	39.205
361.01	6.233
361.23	45.208
361.45	60.111
361.66	55.747
361.88	62.241
362.10	39.410
362.32	-7.289
362.54	24.631
362.76	45.562
362.98	10.015
363.20	37.759
363.41	45.653
363.63	26.462
363.85	36.710
364.07	-3.083
364.29	16.224
364.51	51.716
364.73	29.743
364.94	1.221
365.16	33.880
365.38	-850.620
365.60	25.981
365.82	45.605
366.04	-135.980
366.26	40.966
366.47	28.131
366.69	-28.442
366.91	-10.919
367.13	-79.734
367.35	30.321
367.57	46.193
367.79	27.357
368.00	-15.550
368.22	50.994
368.44	19.033
368.66	41.878
368.88	52.002
369.10	47.465
369.31	37.043
369.53	10.382
369.75	-5.157
369.97	29.338
370.19	17.143
370.41	47.904
370.62	24.327
370.84	9.391
371.06	29.568
371.28	20.394
371.50	39.567
371.71	39.893
371.93	30.327
372.15	19.985
372.37	10.073
372.59	29.509
372.80	42.571
373.02	22.178
373.24	18.627
373.46	30.332
373.68	-14.679
373.90	25.616
374.11	25.745
374.33	29.440
374.55	38.558
374.77	42.474
374.98	43.884
375.20	36.969
375.42	0.733
375.64	-33.457
375.86	21.863
376.07	23.395
376.29	11.598
376.51	25.599
376.73	18.295
376.95	19.452
377.16	6.888
377.38	8.786
377.60	-6.440
377.82	44.828
378.03	-27.907
378.25	30.676
378.47	7.993
378.69	9.512
378.91	20.040
379.12	24.118
379.34	22.719
379.56	23.006
379.78	6.299
379.99	-9.189
380.21	-7.969
380.43	10.727
380.65	36.321
380.86	28.312
381.08	18.387
381.30	-3.397
381.52	18.477
381.73	-47.889
381.95	19.836
382.17	23.483
382.39	13.492
382.60	-1.933
382.82	16.530
383.04	14.311
383.26	4.133
383.47	0.971
383.69	23.802
383.91	31.360
384.13	12.536
384.34	10.407
384.56	15.365
384.78	4.833
385.00	11.765
385.21	-28.216
385.43	17.135
385.65	3.818
385.86	4.010
386.08	0.249
386.30	14.039
386.52	3.164
386.73	22.280
386.95	-16.624
387.17	31.444
387.38	-1.890
387.60	-0.778
387.82	8.688
388.04	9.076
388.25	-0.296
388.47	2.692
388.69	-7.974
388.90	-3.434
389.12	-1.196
389.34	-1.235
389.56	11.032
389.77	25.776
389.99	10.718
390.21	4.978
390.42	17.571
390.64	8.950
390.86	5.361
391.07	17.373
391.29	-5.117
391.51	20.169
391.72	10.883
391.94	-8.175
392.16	23.937
392.38	-19.882
392.59	-7.207
392.81	-22.569
393.03	-0.445
393.24	10.684
393.46	10.747
393.68	17.314
393.89	10.780
394.11	-28.230
394.33	27.995
394.54	28.180
394.76	10.953
394.98	8.043
395.19	24.491
395.41	9.445
395.63	-4.705
395.84	-13.418
396.06	20.574
396.28	10.721
396.49	5.769
396.71	14.942
396.93	5.147
397.14	2.172
397.36	3.913
397.57	12.126
397.79	2.976
398.01	16.813
398.22	-19.920
398.44	-11.416
398.66	18.982
398.87	21.982
399.09	12.861
399.31	22.418
399.52	-2.349
399.74	2.336
399.96	3.579
400.17	-2.757
400.39	18.703
400.60	5.740
400.82	10.823
401.04	12.716
401.25	6.185
401.47	17.180
401.69	20.982
401.90	27.124
402.12	9.848
402.33	-1.180
402.55	19.259
402.77	7.976
402.98	13.899
403.20	6.582
403.41	17.739
403.63	16.745
403.85	7.203
404.06	8.258
404.28	22.521
404.49	16.781
404.71	4.393
404.93	16.311
405.14	11.937
405.36	6.785
405.57	11.884
405.79	13.981
406.01	10.472
406.22	14.591
406.44	19.110
406.65	20.198
406.87	15.513
407.09	7.552
407.30	16.285
407.52	19.902
407.73	11.985
407.95	14.337
408.17	28.461
408.38	8.382
408.60	9.262
408.81	9.674
409.03	21.116
409.24	8.124
409.46	21.430
409.68	17.124
409.89	21.964
410.11	21.520
410.32	6.776
410.54	8.442
410.75	12.339
410.97	23.189
411.18	16.124
411.40	14.841
411.62	24.676
411.83	33.128
412.05	12.963
412.26	15.567
412.48	22.206
412.69	32.167
412.91	22.279
413.12	28.836
413.34	28.066
413.56	21.202
413.77	25.492
413.99	25.713
414.20	29.606
414.42	30.474
414.63	32.947
414.85	22.579
415.06	13.597
415.28	27.187
415.49	9.189
415.71	29.254
415.92	25.821
416.14	31.587
416.35	23.998
416.57	25.885
416.79	31.669
417.00	25.469
417.22	27.868
417.43	28.540
417.65	25.992
417.86	21.621
418.08	27.689
418.29	31.637
418.51	24.768
418.72	31.306
418.94	29.523
419.15	24.803
419.37	28.586
419.58	23.177
419.80	21.527
420.01	22.922
420.23	20.026
420.44	28.801
420.66	30.656
420.87	34.356
421.09	31.846
421.30	26.935
421.52	32.092
421.73	30.279
421.95	36.054
422.16	33.779
422.38	33.430
422.59	31.754
422.81	34.076
423.02	34.967
423.23	29.607
423.45	35.057
423.66	34.668
423.88	35.084
424.09	33.031
424.31	29.006
424.52	37.939
424.74	32.653
424.95	28.804
425.17	36.275
425.38	39.213
425.60	32.330
425.81	28.428
426.03	31.846
426.24	27.564
426.45	34.857
426.67	33.818
426.88	32.063
427.10	38.409
427.31	34.215
427.53	37.703
427.74	42.309
427.96	32.105
428.17	39.914
428.39	35.275
428.60	34.083
428.81	43.675
429.03	38.175
429.24	35.612
429.46	38.948
429.67	40.354
429.89	37.612
430.10	41.103
430.31	37.640
430.53	37.305
430.74	33.802
430.96	38.880
431.17	38.676
431.39	33.652
431.60	41.354
431.81	38.850
432.03	40.442
432.24	40.361
432.46	40.717
432.67	37.745
432.89	38.175
433.10	39.164
433.31	40.517
433.53	40.575
433.74	37.942
433.96	40.469
434.17	42.654
434.38	40.964
434.60	34.431
434.81	41.480
435.03	38.393
435.24	43.054
435.45	44.225
435.67	39.486
435.88	39.088
436.10	38.693
436.31	43.021
436.52	41.745
436.74	43.481
436.95	43.804
437.17	43.623
437.38	44.383
437.59	43.669
437.81	42.102
438.02	46.110
438.23	43.211
438.45	44.529
438.66	44.862
438.88	44.574
439.09	43.856
439.30	45.166
439.52	44.232
439.73	44.018
439.94	45.610
440.16	45.071
440.37	46.853
440.58	44.253
440.80	44.329
441.01	44.759
441.23	43.885
441.44	45.766
441.65	43.980
441.87	45.716
442.08	46.035
442.29	47.003
442.51	44.570
442.72	45.811
442.93	46.855
443.15	47.956
443.36	46.691
443.57	46.682
443.79	43.143
444.00	47.700
444.21	46.985
444.43	43.711
444.64	46.069
444.85	47.482
445.07	46.713
445.28	46.969
445.49	46.713
445.71	49.925
445.92	46.372
446.13	44.228
446.35	49.539
446.56	46.963
446.77	48.014
446.99	48.989
447.20	48.111
447.41	46.234
447.63	50.181
447.84	45.728
448.05	49.933
448.27	50.284
448.48	49.329
448.69	48.425
448.90	46.140
449.12	48.495
449.33	44.337
449.54	49.467
449.76	46.849
449.97	46.421
450.18	46.950
450.40	51.808
450.61	48.295
450.82	47.222
451.03	48.509
451.25	48.727
451.46	50.418
451.67	48.942
451.89	49.551
452.10	49.166
452.31	48.593
452.52	49.046
452.74	48.631
452.95	49.916
453.16	49.243
453.38	48.397
453.59	48.946
453.80	48.042
454.01	48.878
454.23	49.722
454.44	51.221
454.65	49.718
454.86	48.066
455.08	48.203
455.29	48.890
455.50	49.565
455.71	51.533
455.93	50.687
456.14	49.659
456.35	50.200
456.56	50.858
456.78	50.044
456.99	49.868
457.20	50.905
457.41	50.330
457.63	50.055
457.84	50.420
458.05	47.663
458.26	49.196
458.48	50.197
458.69	50.855
458.90	49.598
459.11	50.405
459.33	50.443
459.54	50.302
459.75	50.562
459.96	50.098
460.18	50.186
460.39	50.731
460.60	50.290
460.81	50.886
461.02	51.808
461.24	50.344
461.45	50.356
461.66	50.227
461.87	49.345
462.09	51.447
462.30	48.606
462.51	51.534
462.72	50.680
462.93	51.263
463.15	51.609
463.36	50.954
463.57	51.326
463.78	51.993
463.99	52.030
464.21	50.626
464.42	50.988
464.63	50.821
464.84	50.590
465.05	49.811
465.27	49.332
465.48	49.927
465.69	51.306
465.90	51.711
466.11	50.670
466.33	50.325
466.54	51.217
466.75	50.767
466.96	51.201
467.17	51.627
467.38	50.425
467.60	51.431
467.81	51.830
468.02	51.613
468.23	50.908
468.44	50.468
468.65	51.081
468.87	51.675
469.08	51.460
469.29	49.920
469.50	51.037
469.71	50.991
469.92	51.228
470.14	49.312
470.35	51.020
470.56	51.004
470.77	51.210
470.98	50.422
471.19	50.197
471.41	50.226
471.62	51.118
471.83	51.133
472.04	51.041
472.25	50.922
472.46	50.651
472.67	52.199
472.89	50.643
473.10	50.082
473.31	51.027
473.52	51.223
473.73	51.360
473.94	50.848
474.15	50.521
474.37	51.242
474.58	51.154
474.79	50.511
475.00	50.947
475.21	49.496
475.42	51.027
475.63	50.344
475.84	50.254
476.06	51.036
476.27	52.015
476.48	50.952
476.69	50.647
476.90	50.425
477.11	49.660
477.32	50.387
477.53	50.716
477.74	50.679
477.96	50.289
478.17	51.152
478.38	50.729
478.59	50.481
478.80	50.116
479.01	49.834
479.22	50.501
479.43	49.572
479.64	50.458
479.85	50.358
480.06	49.621
480.28	49.828
480.49	49.343
480.70	50.045
480.91	49.414
481.12	50.167
481.33	49.749
481.54	49.346
481.75	49.411
481.96	49.743
482.17	49.597
482.38	49.232
482.59	49.578
482.81	49.406
483.02	49.538
483.23	49.911
483.44	49.186
483.65	49.359
483.86	48.977
484.07	48.525
484.28	48.212
484.49	49.270
484.70	48.881
484.91	49.216
485.12	48.990
485.33	48.239
485.54	48.620
485.75	48.312
485.96	49.005
486.17	48.553
486.38	48.161
486.60	48.199
486.81	48.710
487.02	48.525
487.23	48.475
487.44	48.280
487.65	47.766
487.86	47.766
488.07	48.165
488.28	47.973
488.49	48.443
488.70	48.653
488.91	47.931
489.12	48.405
489.33	47.701
489.54	47.360
489.75	47.191
489.96	47.866
490.17	47.922
490.38	47.411
490.59	47.551
490.80	47.515
491.01	47.971
491.22	47.464
491.43	47.460
491.64	46.929
491.85	47.571
492.06	47.089
492.27	47.200
492.48	47.019
492.69	46.605
492.90	46.580
493.11	46.391
493.32	46.226
493.53	46.264
493.74	46.830
493.95	46.421
494.16	46.070
494.37	46.372
494.58	45.883
494.79	46.255
495.00	45.505
495.21	46.095
495.42	45.542
495.63	46.114
495.84	45.386
496.05	45.588
496.26	46.063
496.47	45.573
496.68	45.292
496.89	45.691
497.10	45.484
497.31	45.312
497.52	45.480
497.73	44.818
497.94	45.286
498.15	45.229
498.36	44.687
498.57	45.024
498.78	44.735
498.99	44.416
499.19	44.376
499.40	44.527
499.61	44.373
499.82	44.329
500.03	44.059
500.24	44.133
500.45	44.053
500.66	44.051
500.87	43.914
501.08	43.645
501.29	43.952
501.50	43.380
501.71	43.543
501.92	43.641
502.13	42.793
502.34	43.050
502.55	42.997
502.76	43.248
502.96	42.937
503.17	42.819
503.38	42.891
503.59	43.307
503.80	42.675
504.01	42.470
504.22	42.407
504.43	42.763
504.64	42.251
504.85	42.508
505.06	42.577
505.27	41.876
505.47	41.654
505.68	41.748
505.89	41.799
506.10	41.320
506.31	41.418
506.52	41.438
506.73	41.412
506.94	41.364
507.15	41.148
507.36	41.102
507.56	40.872
507.77	40.950
507.98	41.043
508.19	40.562
508.40	40.799
508.61	40.576
508.82	40.182
509.03	40.212
509.24	40.435
509.44	40.488
509.65	39.964
509.86	40.291
510.07	39.634
510.28	39.657
510.49	39.897
510.70	39.935
510.91	39.705
511.11	39.246
511.32	39.299
511.53	39.312
511.74	39.097
511.95	38.930
512.16	39.173
512.37	39.114
512.58	38.923
512.78	38.586
512.99	38.683
513.20	38.680
513.41	38.541
513.62	38.432
513.83	38.371
514.04	38.178
514.24	38.003
514.45	37.803
514.66	37.545
514.87	37.709
515.08	37.572
515.29	37.519
515.49	37.418
515.70	37.536
515.91	37.239
516.12	36.946
516.33	36.880
516.54	36.913
516.74	36.902
516.95	36.679
517.16	36.534
517.37	36.746
517.58	36.252
517.79	36.266
517.99	36.062
518.20	36.253
518.41	36.083
518.62	35.952
518.83	35.638
519.03	35.637
519.24	35.490
519.45	35.488
519.66	35.294
519.87	35.054
520.07	34.886
520.28	35.019
520.49	34.851
520.70	34.908
520.91	34.865
521.12	34.882
521.32	34.501
521.53	34.591
521.74	33.885
521.95	34.213
522.15	34.116
522.36	34.015
522.57	33.826
522.78	34.041
522.99	33.799
523.19	33.648
523.40	33.280
523.61	33.293
523.82	33.499
524.03	33.297
524.23	32.814
524.44	32.862
524.65	32.983
524.86	32.606
525.06	33.210
525.27	32.761
525.48	32.695
525.69	32.319
525.89	32.343
526.10	32.053
526.31	32.096
526.52	32.029
526.72	31.777
526.93	32.051
527.14	31.707
527.35	31.496
527.56	31.465
527.76	31.460
527.97	31.472
528.18	30.955
528.38	31.295
528.59	30.945
528.80	30.816
529.01	30.720
529.21	30.747
529.42	30.573
529.63	30.677
529.84	30.372
530.04	30.179
530.25	30.006
530.46	30.119
530.67	29.467
530.87	29.781
531.08	29.410
531.29	29.536
531.50	29.459
531.70	29.191
531.91	29.218
532.12	29.069
532.32	28.786
532.53	28.643
532.74	28.632
532.95	28.705
533.15	28.727
533.36	28.586
533.57	28.445
533.77	27.854
533.98	28.411
534.19	27.694
534.39	27.566
534.60	27.476
534.81	27.485
535.02	27.472
535.22	27.324
535.43	27.454
535.64	27.203
535.84	26.864
536.05	26.899
536.26	26.612
536.46	26.699
536.67	26.940
536.88	26.633
537.08	26.411
537.29	26.322
537.50	26.148
537.70	26.106
537.91	26.045
538.12	26.109
538.33	25.676
538.53	25.542
538.74	25.376
538.95	25.539
539.15	25.447
539.36	25.278
539.57	25.173
539.77	25.061
539.98	24.859
540.18	24.864
540.39	24.466
540.60	24.556
540.80	24.470
541.01	24.395
541.22	24.483
541.42	24.023
541.63	24.049
541.84	24.018
542.04	23.819
542.25	23.470
542.46	23.650
542.66	23.614
542.87	23.293
543.08	23.303
543.28	23.065
543.49	22.929
543.69	22.751
543.90	22.952
544.11	22.731
544.31	22.430
544.52	22.692
544.73	22.647
544.93	22.259
545.14	22.049
545.34	22.014
545.55	22.266
545.76	22.026
545.96	21.436
546.17	21.792
546.38	21.565
546.58	21.518
546.79	21.409
546.99	21.302
547.20	21.024
547.41	20.976
547.61	20.815
547.82	20.648
548.02	20.760
548.23	20.661
548.44	20.509
548.64	20.469
548.85	20.516
549.05	20.184
549.26	20.067
549.47	20.125
549.67	19.797
549.88	19.665
550.08	19.496
550.29	19.951
550.50	19.625
550.70	19.206
550.91	19.112
551.11	19.241
551.32	19.118
551.52	18.905
551.73	18.993
551.94	18.734
552.14	18.548
552.35	18.345
552.55	18.377
552.76	18.442
552.96	18.091
553.17	18.174
553.38	18.136
553.58	18.038
553.79	17.771
553.99	17.598
554.20	17.702
554.40	17.542
554.61	17.380
554.81	17.355
555.02	17.390
555.23	17.422
555.43	16.882
555.64	16.672
555.84	16.926
556.05	16.769
556.25	16.285
556.46	16.276
556.66	16.075
556.87	16.327
557.07	16.272
557.28	15.728
557.48	15.926
557.69	15.857
557.90	15.764
558.10	15.543
558.31	15.584
558.51	15.284
558.72	15.447
558.92	15.184
559.13	15.016
559.33	15.097
559.54	14.990
559.74	14.812
559.95	14.854
560.15	14.757
560.36	14.605
560.56	14.338
560.77	14.361
560.97	14.198
561.18	14.091
561.38	14.103
561.59	14.069
561.79	14.322
562.00	13.873
562.20	13.564
562.41	13.481
562.61	13.613
562.82	13.339
563.02	13.610
563.23	13.289
563.43	13.193
563.64	13.138
563.84	12.955
564.05	12.729
564.25	12.922
564.46	12.843
564.66	12.665
564.87	12.502
565.07	12.353
565.28	12.280
565.48	12.361
565.68	11.971
565.89	11.960
566.09	11.950
566.30	11.821
566.50	11.846
566.71	11.680
566.91	11.522
567.12	11.593
567.32	11.410
567.53	11.439
567.73	11.021
567.94	11.265
568.14	11.241
568.34	10.945
568.55	10.919
568.75	10.791
568.96	10.738
569.16	10.762
569.37	10.651
569.57	10.263
569.78	10.311
569.98	10.182
570.18	10.192
570.39	10.323
570.59	9.845
570.80	10.060
571.00	9.840
571.21	9.822
571.41	9.491
571.61	9.655
571.82	9.421
572.02	9.710
572.23	9.382
572.43	9.542
572.64	9.296
572.84	9.142
573.04	9.000
573.25	9.094
573.45	9.111
573.66	8.809
573.86	8.496
574.06	8.702
574.27	8.662
574.47	8.374
574.68	8.508
574.88	8.382
575.08	8.222
575.29	8.182
575.49	8.021
575.70	8.302
575.90	8.034
576.10	7.900
576.31	7.883
576.51	7.871
576.72	7.645
576.92	7.613
577.12	7.452
577.33	7.349
577.53	7.390
577.73	7.243
577.94	7.087
578.14	7.096
578.35	7.163
578.55	6.970
578.75	7.100
578.96	6.861
579.16	6.863
579.36	6.923
579.57	7.003
579.77	6.508
579.98	6.693
580.18	6.514
580.38	6.475
580.59	6.331
580.79	6.027
580.99	6.157
581.20	5.796
581.40	6.121
581.60	6.130
581.81	5.996
582.01	6.107
582.21	5.818
582.42	5.802
582.62	5.760
582.82	5.661
583.03	5.660
583.23	5.554
583.43	5.506
583.64	5.449
583.84	5.368
584.04	5.359
584.25	5.150
584.45	5.221
584.65	5.032
584.86	5.069
585.06	4.848
585.26	5.038
585.47	4.937
585.67	4.791
585.87	4.777
586.08	4.714
586.28	4.555
586.48	4.611
586.69	4.287
586.89	4.565
587.09	4.444
587.30	4.303
587.50	4.295
587.70	4.210
587.90	4.179
588.11	4.087
588.31	4.109
588.51	4.175
588.72	4.122
588.92	3.869
589.12	3.645
589.33	3.868
589.53	3.753
589.73	3.854
589.93	3.684
590.14	3.708
590.34	3.534
590.54	3.745
590.75	3.337
590.95	3.532
591.15	3.470
591.35	3.346
591.56	3.135
591.76	3.303
591.96	3.206
592.16	2.989
592.37	2.981
592.57	3.097
592.77	3.002
592.97	2.906
593.18	2.788
593.38	2.739
593.58	2.939
593.79	2.721
593.99	2.687
594.19	2.829
594.39	2.524
594.60	2.654
594.80	2.664
595.00	2.501
595.20	2.490
595.41	2.548
595.61	2.433
595.81	2.462
596.01	2.337
596.21	2.434
596.42	2.252
596.62	2.379
596.82	2.226
597.02	2.157
597.23	2.049
597.43	1.977
597.63	2.020
597.83	1.952
598.04	1.922
598.24	1.965
598.44	1.976
598.64	1.906
598.84	1.983
599.05	1.909
599.25	1.612
599.45	1.956
599.65	1.821
599.85	1.778
600.06	1.601
600.26	1.623
600.46	1.768
600.66	1.472
600.87	1.640
601.07	1.564
601.27	1.480
601.47	1.516
601.67	1.499
601.87	1.441
602.08	1.329
602.28	1.458
602.48	1.377
602.68	1.279
602.88	1.337
603.09	1.149
603.29	1.382
603.49	1.130
603.69	1.226
603.89	1.345
604.10	1.085
604.30	1.141
604.50	1.122
604.70	1.088
604.90	1.152
605.10	0.997
605.31	1.001
605.51	0.836
605.71	1.055
605.91	1.069
606.11	1.037
606.31	1.027
606.52	0.955
606.72	0.855
606.92	0.947
607.12	0.908
607.32	0.987
607.52	0.886
607.72	0.825
607.93	0.804
608.13	0.866
608.33	0.819
608.53	0.747
608.73	0.734
608.93	0.736
609.13	0.802
609.34	0.831
609.54	0.612
609.74	0.534
609.94	0.751
610.14	0.750
610.34	0.648
610.54	0.715
610.74	0.605
610.95	0.639
611.15	0.593
611.35	0.492
611.55	0.437
611.75	0.497
611.95	0.762
612.15	0.504
612.35	0.614
612.56	0.483
612.76	0.646
612.96	0.375
613.16	0.618
613.36	0.660
613.56	0.622
613.76	0.545
613.96	0.546
614.16	0.514
614.36	0.491
614.57	0.551
614.77	0.544
614.97	0.588
615.17	0.525
615.37	0.480
615.57	0.519
615.77	0.397
615.97	0.530
616.17	0.535
616.37	0.475
616.57	0.540
616.78	0.491
616.98	0.550
617.18	0.482
617.38	0.479
617.58	0.682
617.78	0.569
617.98	0.597
618.18	0.550
618.38	0.526
618.58	0.541
618.78	0.457
618.98	0.585
619.18	0.707
619.38	0.565
619.58	0.553
619.79	0.560
619.99	0.588
620.19	0.647
620.39	0.490
620.59	0.565
620.79	0.549
620.99	0.525
621.19	0.556
621.39	0.679
621.59	0.739
621.79	0.566
621.99	0.638
622.19	0.705
622.39	0.758
622.59	0.674
622.79	0.654
622.99	0.825
623.19	0.647
623.39	0.702
623.59	0.842
623.79	0.630
623.99	0.794
624.19	0.799
624.39	0.780
624.59	0.988
624.79	0.687
624.99	0.957
625.19	0.902
625.39	0.843
625.59	0.704
625.79	0.940
625.99	0.933
626.19	0.742
626.39	0.881
626.59	0.903
626.79	0.946
626.99	0.899
627.19	0.909
627.39	0.903
627.59	0.980
627.79	0.917
627.99	1.276
628.19	0.954
628.39	1.040
628.59	0.997
628.79	1.214
628.99	1.044
629.19	1.170
629.39	1.216
629.59	1.104
629.79	1.285
629.99	1.235
630.19	1.267
630.39	1.348
630.59	1.287
630.79	1.413
630.99	1.461
631.19	1.462
631.39	1.427
631.59	1.472
631.79	1.577
631.99	1.484
632.19	1.557
632.39	1.559
632.59	1.494
632.79	1.575
632.99	1.650
633.19	1.504
633.39	1.752
633.58	1.733
633.78	1.643
633.98	1.664
634.18	1.640
634.38	1.888
634.58	1.714
634.78	1.841
634.98	1.824
635.18	1.766
635.38	1.833
635.58	1.845
635.78	1.921
635.98	2.130
636.18	2.125
636.38	1.904
636.57	2.036
636.77	2.161
636.97	2.161
637.17	2.200
637.37	2.184
637.57	2.296
637.77	2.347
637.97	2.474
638.17	2.462
638.37	2.505
638.57	2.451
638.76	2.460
638.96	2.483
639.16	2.456
639.36	2.519
639.56	2.517
639.76	2.547
639.96	2.665
640.16	2.596
640.36	2.707
640.56	2.803
640.75	2.824
640.95	2.808
641.15	2.728
641.35	2.800
641.55	2.841
641.75	2.839
641.95	2.941
642.15	2.926
642.34	3.048
642.54	3.233
642.74	3.133
642.94	3.232
643.14	3.210
643.34	3.070
643.54	3.405
643.74	3.198
643.93	3.365
644.13	3.245
644.33	3.436
644.53	3.345
644.73	3.584
644.93	3.532
645.13	3.533
645.32	3.560
645.52	3.534
645.72	3.698
645.92	3.720
646.12	3.729
646.32	3.669
646.52	3.770
646.71	3.908
646.91	3.939
647.11	3.904
647.31	3.987
647.51	4.072
647.71	4.015
647.90	4.048
648.10	4.124
648.30	4.196
648.50	4.332
648.70	4.283
648.89	4.341
649.09	4.479
649.29	4.462
649.49	4.449
649.69	4.564
649.89	4.470
650.08	4.535
650.28	4.464
650.48	4.787
650.68	4.860
650.88	4.680
651.07	4.742
651.27	4.722
651.47	4.841
651.67	4.839
651.87	4.943
652.06	4.998
652.26	5.094
652.46	5.007
652.66	5.187
652.86	5.188
653.05	5.127
653.25	5.213
653.45	5.275
653.65	5.272
653.85	5.426
654.04	5.624
654.24	5.522
654.44	5.377
654.64	5.627
654.83	5.497
655.03	5.699
655.23	5.652
655.43	5.697
655.63	5.695
655.82	5.866
656.02	5.907
656.22	5.895
656.42	6.064
656.61	5.989
656.81	6.031
657.01	5.974
657.21	6.206
657.40	6.176
657.60	6.339
657.80	6.378
658.00	6.340
658.19	6.371
658.39	6.473
658.59	6.490
658.79	6.591
658.98	6.565
659.18	6.595
659.38	6.715
659.58	6.832
659.77	6.736
659.97	6.791
660.17	6.942
660.36	6.946
660.56	6.913
660.76	6.983
660.96	7.079
661.15	7.058
661.35	7.134
661.55	7.131
661.75	7.305
661.94	7.344
662.14	7.524
662.34	7.378
662.53	7.595
662.73	7.373
662.93	7.540
663.13	7.622
663.32	7.723
663.52	7.736
663.72	7.809
663.91	8.021
664.11	7.885
664.31	7.909
664.50	7.933
664.70	7.979
664.90	8.016
665.10	8.155
665.29	8.048
665.49	8.309
665.69	8.370
665.88	8.355
666.08	8.412
666.28	8.519
666.47	8.409
666.67	8.582
666.87	8.732
667.06	8.695
667.26	8.718
667.46	8.814
667.65	8.857
667.85	8.893
668.05	8.889
668.24	9.001
668.44	9.121
668.64	9.044
668.83	9.106
669.03	9.096
669.23	9.202
669.42	9.142
669.62	9.388
669.82	9.395
670.01	9.421
670.21	9.500
670.41	9.626
670.60	9.635
670.80	9.603
671.00	9.680
671.19	9.771
671.39	9.725
671.58	9.764
671.78	9.864
671.98	9.922
672.17	10.003
672.37	10.181
672.57	10.177
672.76	10.264
672.96	10.269
673.15	10.287
673.35	10.413
673.55	10.496
673.74	10.459
673.94	10.395
674.14	10.455
674.33	10.594
674.53	10.668
674.72	10.747
674.92	10.816
675.12	10.871
675.31	10.787
675.51	10.958
675.70	10.973
675.90	11.008
676.10	11.014
676.29	11.169
676.49	11.351
676.68	11.287
676.88	11.380
677.08	11.345
677.27	11.467
677.47	11.573
677.66	11.583
677.86	11.508
678.06	11.575
678.25	11.577
678.45	11.666
678.64	11.758
678.84	12.009
679.03	11.959
679.23	12.047
679.43	12.048
679.62	12.009
679.82	12.194
680.01	12.277
680.21	12.280
680.40	12.367
680.60	12.328
680.80	12.456
680.99	12.437
681.19	12.404
681.38	12.572
681.58	12.475
681.77	12.740
681.97	12.668
682.16	12.775
682.36	12.936
682.56	12.929
682.75	12.893
682.95	12.959
683.14	12.971
683.34	13.107
683.53	13.159
683.73	13.095
683.92	13.275
684.12	13.423
684.31	13.445
684.51	13.511
684.70	13.471
684.90	13.718
685.10	13.565
685.29	13.726
685.49	13.813
685.68	13.862
685.88	13.873
686.07	13.875
686.27	13.953
686.46	14.054
686.66	13.991
686.85	14.036
687.05	14.121
687.24	14.208
687.44	14.335
687.63	14.331
687.83	14.426
688.02	14.534
688.22	14.482
688.41	14.572
688.61	14.553
688.80	14.735
689.00	14.749
689.19	14.813
689.39	14.858
689.58	14.948
689.78	15.024
689.97	15.029
690.17	15.054
690.36	15.089
690.56	15.164
690.75	15.313
690.95	15.314
691.14	15.365
691.34	15.403
691.53	15.440
691.72	15.628
691.92	15.556
692.11	15.470
692.31	15.610
692.50	15.761
692.70	15.758
692.89	15.925
693.09	15.937
693.28	15.900
693.48	16.083
693.67	16.029
693.87	16.203
694.06	16.128
694.25	16.085
694.45	16.244
694.64	16.337
694.84	16.406
695.03	16.376
695.23	16.470
695.42	16.571
695.62	16.604
695.81	16.632
696.00	16.821
696.20	16.874
696.39	16.773
696.59	16.816
696.78	16.830
696.98	16.955
697.17	16.958
697.36	17.035
697.56	17.257
697.75	17.175
697.95	17.250
698.14	17.251
698.34	17.390
698.53	17.459
698.72	17.600
698.92	17.583
699.11	17.533
699.31	17.605
699.50	17.750
699.69	17.808
699.89	17.778
700.08	17.962
700.28	17.982
700.47	18.071
700.66	17.995
700.86	17.971
701.05	18.062
701.25	18.158
701.44	18.389
701.63	18.259
701.83	18.311
702.02	18.387
702.21	18.427
702.41	18.575
702.60	18.428
702.80	18.512
702.99	18.546
703.18	18.648
703.38	18.555
703.57	18.734
703.77	18.903
703.96	18.867
704.15	18.845
704.35	18.882
704.54	18.978
704.73	19.113
704.93	19.063
705.12	19.172
705.31	19.219
705.51	19.309
705.70	19.426
705.89	19.402
706.09	19.361
706.28	19.525
706.48	19.593
706.67	19.791
706.86	19.736
707.06	19.624
707.25	19.886
707.44	19.879
707.64	19.875
707.83	19.993
708.02	20.087
708.22	20.156
708.41	20.146
708.60	20.192
708.80	20.225
708.99	20.210
709.18	20.204
709.38	20.283
709.57	20.406
709.76	20.491
709.95	20.548
710.15	20.518
710.34	20.658
710.53	20.639
710.73	20.733
710.92	20.786
711.11	20.872
711.31	20.910
711.50	20.990
711.69	21.016
711.89	21.037
712.08	21.068
712.27	21.145
712.46	21.167
712.66	21.259
712.85	21.202
713.04	21.400
713.24	21.425
713.43	21.406
713.62	21.486
713.81	21.481
714.01	21.555
714.20	21.669
714.39	21.703
714.59	21.754
714.78	21.703
714.97	21.633
715.16	21.747
715.36	21.779
715.55	21.801
715.74	21.928
715.93	22.007
716.13	22.111
716.32	22.202
716.51	22.260
716.71	22.378
716.90	22.425
717.09	22.614
717.28	22.548
717.48	22.506
717.67	22.597
717.86	22.561
718.05	22.587
718.25	22.612
718.44	22.746
718.63	22.665
718.82	22.702
719.02	22.749
719.21	22.813
719.40	22.848
719.59	23.095
719.78	23.164
719.98	23.115
720.17	23.107
720.36	23.179
720.55	23.151
720.75	23.138
720.94	23.349
721.13	23.332
721.32	23.317
721.51	23.392
721.71	23.395
721.90	23.581
722.09	23.671
722.28	23.692
722.48	23.682
722.67	23.865
722.86	23.815
723.05	23.856
723.24	23.931
723.44	23.967
723.63	23.946
723.82	23.936
724.01	24.040
724.20	24.091
724.40	24.126
724.59	24.112
724.78	24.097
724.97	24.200
725.16	24.225
725.35	24.396
725.55	24.452
725.74	24.469
725.93	24.452
726.12	24.469
726.31	24.563
726.51	24.633
726.70	24.611
726.89	24.752
727.08	24.777
727.27	24.832
727.46	24.751
727.66	24.762
727.85	25.016
728.04	25.022
728.23	25.188
728.42	25.305
728.61	25.348
728.81	25.435
729.00	25.500
729.19	25.476
729.38	25.591
729.57	25.563
729.76	25.552
729.95	25.643
730.15	25.608
730.34	25.684
730.53	25.797
730.72	25.681
730.91	25.724
731.10	25.756
731.29	25.829
731.49	25.878
731.68	26.036
731.87	26.111
732.06	26.059
732.25	26.041
732.44	26.054
732.63	26.143
732.82	26.271
733.02	26.349
733.21	26.332
733.40	26.354
733.59	26.439
733.78	26.475
733.97	26.498
734.16	26.536
734.35	26.804
734.54	26.824
734.74	26.847
734.93	26.923
735.12	27.054
735.31	26.928
735.50	26.819
735.69	26.904
735.88	27.066
736.07	27.109
736.26	27.186
736.45	27.248
736.64	27.252
736.84	27.348
737.03	27.408
737.22	27.338
737.41	27.429
737.60	27.465
737.79	27.448
737.98	27.538
738.17	27.688
738.36	27.607
738.55	27.780
738.74	27.716
738.93	27.701
739.12	27.678
739.32	27.769
739.51	27.732
739.70	27.800
739.89	27.783
740.08	27.798
740.27	27.933
740.46	27.877
740.65	27.961
740.84	28.131
741.03	28.092
741.22	28.301
741.41	28.161
741.60	28.231
741.79	28.271
741.98	28.272
742.17	28.412
742.36	28.429
742.55	28.526
742.74	28.493
742.93	28.735
743.12	28.680
743.31	28.637
743.51	28.731
743.70	28.664
743.89	28.756
744.08	28.743
744.27	29.046
744.46	28.948
744.65	28.993
744.84	28.957
745.03	28.706
745.22	28.887
745.41	29.017
745.60	29.173
745.79	29.191
745.98	29.184
746.17	29.007
746.36	29.281
746.55	29.262
746.74	29.398
746.93	29.350
747.12	29.320
747.31	29.271
747.50	29.220
747.69	29.454
747.88	29.487
748.07	29.600
748.26	29.686
748.45	29.656
748.64	29.687
748.83	29.791
749.02	29.566
749.21	29.685
749.40	29.708
749.59	29.823
749.77	29.974
749.96	29.975
750.15	30.046
750.34	30.105
750.53	30.078
750.72	30.108
750.91	30.059
751.10	30.200
751.29	30.192
751.48	30.168
751.67	30.277
751.86	30.278
752.05	30.298
752.24	30.479
752.43	30.527
752.62	30.708
752.81	30.676
753.00	30.609
753.19	30.647
753.38	30.645
753.57	30.691
753.76	30.745
753.94	30.795
754.13	30.786
754.32	31.046
754.51	30.911
754.70	30.949
754.89	30.872
755.08	31.057
755.27	31.260
755.46	31.317
755.65	31.283
755.84	31.305
756.03	31.324
756.22	31.263
756.40	31.203
756.59	31.350
756.78	31.240
756.97	31.474
757.16	31.423
757.35	31.512
757.54	31.613
757.73	31.617
757.92	31.789
758.11	31.701
758.29	31.764
758.48	31.895
758.67	31.854
758.86	31.659
759.05	31.756
759.24	31.854
759.43	31.847
759.62	31.766
759.81	31.828
759.99	31.832
760.18	31.806
760.37	31.793
760.56	31.980
760.75	32.111
760.94	32.193
761.13	32.212
761.32	32.176
761.50	32.126
761.69	32.197
761.88	32.333
762.07	32.363
762.26	32.444
762.45	32.481
762.64	32.442
762.82	32.595
763.01	32.565
763.20	32.619
763.39	32.588
763.58	32.619
763.77	32.555
763.96	32.485
764.14	32.672
764.33	32.633
764.52	32.650
764.71	32.696
764.90	32.676
765.09	32.916
765.27	32.877
765.46	33.017
765.65	32.993
765.84	32.954
766.03	33.105
766.22	33.018
766.40	33.037
766.59	33.046
766.78	33.080
766.97	33.316
767.16	33.253
767.35	33.315
767.53	33.385
767.72	33.238
767.91	33.368
768.10	33.456
768.29	33.511
768.47	33.518
768.66	33.802
768.85	33.886
769.04	34.041
769.23	33.966
769.41	33.852
769.60	33.838
769.79	33.873
769.98	34.031
770.17	33.862
770.35	33.797
770.54	33.830
770.73	33.814
770.92	33.980
771.10	33.973
771.29	34.013
771.48	34.055
771.67	33.906
771.86	33.928
772.04	34.006
772.23	33.958
772.42	34.041
772.61	34.126
772.79	34.142
772.98	34.241
773.17	34.331
773.36	34.353
773.54	34.321
773.73	34.361
773.92	34.279
774.11	34.296
774.30	34.203
774.48	34.353
774.67	34.331
774.86	34.411
775.05	34.524
775.23	34.510
775.42	34.564
775.61	34.759
775.79	34.795
775.98	34.960
776.17	34.756
776.36	34.734
776.54	34.835
776.73	34.868
776.92	34.923
777.11	35.033
777.29	35.105
777.48	35.120
777.67	35.257
777.85	35.071
778.04	35.142
778.23	35.239
778.42	35.157
778.60	35.234
778.79	35.136
778.98	35.212
779.16	35.019
779.35	35.220
779.54	35.279
779.73	35.477
779.91	35.401
780.10	35.484
780.29	35.460
780.47	35.524
780.66	35.564
780.85	35.609
781.03	35.562
781.22	35.556
781.41	35.568
781.60	35.559
781.78	35.768
781.97	35.802
782.16	35.863
782.34	35.817
782.53	35.837
782.72	35.909
782.90	35.819
783.09	35.708
783.28	35.776
783.46	35.652
783.65	35.777
783.84	35.875
784.02	35.954
784.21	36.015
784.40	36.163
784.58	36.180
784.77	36.139
784.96	36.164
785.14	36.212
785.33	36.255
785.52	36.317
785.70	36.374
785.89	36.595
786.08	36.511
786.26	36.509
786.45	36.359
786.63	36.479
786.82	36.609
787.01	36.584
787.19	36.677
787.38	36.768
787.57	36.781
787.75	36.825
787.94	36.892
788.13	36.797
788.31	36.782
788.50	36.733
788.68	36.672
788.87	36.602
789.06	36.832
789.24	37.059
789.43	37.193
789.61	37.029
789.80	37.019
789.99	37.053
790.17	37.079
790.36	37.139
790.55	37.121
790.73	37.228
790.92	36.997
791.10	36.959
791.29	36.918
791.48	37.153
791.66	37.170
791.85	37.175
792.03	37.236
792.22	37.133
792.40	37.253
792.59	37.317
792.78	37.346
792.96	37.297
793.15	37.425
793.33	37.377
793.52	37.356
793.71	37.400
793.89	37.294
794.08	37.239
794.26	37.234
794.45	37.222
794.63	37.480
794.82	37.326
795.01	37.400
795.19	37.360
795.38	37.317
795.56	37.543
795.75	37.626
795.93	37.858
796.12	37.795
796.30	37.886
796.49	37.851
796.68	37.833
796.86	38.032
797.05	37.879
797.23	38.027
797.42	38.121
797.60	38.108
797.79	38.273
797.97	38.326
798.16	38.355
798.34	38.307
798.53	38.325
798.71	38.355
798.90	38.343
799.08	38.437
799.27	38.413
799.46	38.411
799.64	38.338
799.83	38.362
800.01	38.343
800.20	38.232
800.38	38.208
800.57	38.165
800.75	38.217
800.94	38.377
801.12	38.403
801.31	38.462
801.49	38.382
801.68	38.489
801.86	38.502
802.05	38.444
802.23	38.639
802.42	38.599
802.60	38.580
802.79	38.581
802.97	38.668
803.16	38.590
803.34	38.683
803.53	38.914
803.71	38.935
803.90	38.821
804.08	38.736
804.27	38.844
804.45	38.940
804.63	38.980
804.82	38.995
805.00	38.918
805.19	38.956
805.37	39.122
805.56	39.091
805.74	39.230
805.93	39.122
806.11	39.120
806.30	39.020
806.48	39.121
806.67	39.234
806.85	39.234
807.04	39.096
807.22	39.124
807.40	39.052
807.59	39.152
807.77	39.046
807.96	39.066
808.14	39.023
808.33	39.178
808.51	39.217
808.69	39.126
808.88	39.153
809.06	39.308
809.25	39.306
809.43	39.454
809.62	39.562
809.80	39.617
809.99	39.532
810.17	39.657
810.35	39.636
810.54	39.621
810.72	39.460
810.91	39.393
811.09	39.339
811.27	39.380
811.46	39.407
811.64	39.375
811.83	39.497
812.01	39.587
812.19	39.698
812.38	39.790
812.56	39.827
812.75	39.892
812.93	39.868
813.11	39.810
813.30	39.671
813.48	39.672
813.67	39.916
813.85	40.014
814.03	39.985
814.22	39.982
814.40	39.925
814.59	39.898
814.77	39.884
814.95	39.802
815.14	39.775
815.32	39.545
815.50	39.620
815.69	39.776
815.87	39.664
816.06	39.714
816.24	39.691
816.42	39.843
816.61	39.908
816.79	39.805
816.97	39.773
817.16	39.675
817.34	39.912
817.52	40.043
817.71	40.125
817.89	40.132
818.07	40.078
818.26	40.158
818.44	40.115
818.63	39.973
818.81	40.034
818.99	40.007
819.18	40.158
819.36	40.122
819.54	40.194
819.73	40.164
819.91	40.373
820.09	40.333
820.28	40.418
820.46	40.618
820.64	40.655
820.83	40.671
821.01	40.493
821.19	40.410
821.37	40.393
821.56	40.489
821.74	40.515
821.92	40.633
822.11	40.563
822.29	40.505
822.47	40.459
822.66	40.466
822.84	40.619
823.02	40.559
823.21	40.456
823.39	40.660
823.57	40.607
823.75	40.520
823.94	40.514
824.12	40.460
824.30	40.474
824.49	40.619
824.67	40.542
824.85	40.446
825.03	40.503
825.22	40.669
825.40	40.644
825.58	40.486
825.77	40.679
825.95	40.823
826.13	40.806
826.31	40.781
826.50	40.732
826.68	40.828
826.86	40.753
827.04	40.780
827.23	40.870
827.41	40.971
827.59	41.052
827.78	40.896
827.96	40.998
828.14	40.885
828.32	40.870
828.51	40.829
828.69	40.864
828.87	40.766
829.05	40.616
829.23	40.719
829.42	40.708
829.60	40.948
829.78	40.977
829.96	40.986
830.15	40.958
830.33	41.025
830.51	41.104
830.69	41.094
830.88	41.024
831.06	40.944
831.24	40.731
831.42	40.852
831.60	40.594
831.79	40.850
831.97	41.048
832.15	41.068
832.33	41.003
832.52	41.114
832.70	41.177
832.88	40.948
833.06	41.047
833.24	40.934
833.43	41.062
833.61	41.003
833.79	40.822
833.97	40.966
834.15	41.036
834.34	41.197
834.52	41.127
834.70	41.209
834.88	41.249
835.06	41.386
835.25	41.145
835.43	41.071
835.61	41.039
835.79	40.969
835.97	40.944
836.15	41.064
836.34	41.417
836.52	41.125
836.70	41.149
836.88	41.025
837.06	41.169
837.24	41.219
837.43	41.255
837.61	41.184
837.79	41.266
837.97	41.218
838.15	41.344
838.33	41.275
838.52	41.319
838.70	41.363
838.88	41.223
839.06	41.208
839.24	41.416
839.42	41.507
839.60	41.541
839.79	41.519
839.97	41.436
840.15	41.536
840.33	41.457
840.51	41.408
840.69	41.516
840.87	41.537
841.06	41.457
841.24	41.721
841.42	41.682
841.60	41.653
841.78	41.682
841.96	41.596
842.14	41.637
842.32	41.498
842.51	41.699
842.69	41.564
842.87	41.653
843.05	41.562
843.23	41.692
843.41	41.774
843.59	41.808
843.77	41.834
843.95	41.842
844.14	41.723
844.32	41.649
844.50	41.799
844.68	41.810
844.86	41.982
845.04	41.917
845.22	42.015
845.40	42.082
845.58	41.899
845.76	41.928
845.94	41.829
846.12	41.930
846.31	41.962
846.49	41.885
846.67	41.925
846.85	41.767
847.03	41.834
847.21	41.516
847.39	41.565
847.57	41.564
847.75	41.791
847.93	41.718
848.11	41.843
848.29	41.841
848.47	41.733
848.65	41.725
848.83	41.897
849.02	42.133
849.20	42.213
849.38	42.395
849.56	42.246
849.74	42.059
849.92	42.033
850.10	41.870
850.28	41.920
850.46	41.995
850.64	42.086
850.82	41.998
851.00	42.126
851.18	42.091
851.36	42.135
851.54	41.985
851.72	42.117
851.90	42.128
852.08	42.035
852.26	42.199
852.44	42.386
852.62	42.424
852.80	42.259
852.98	42.493
853.16	42.230
853.34	42.152
853.52	42.190
853.70	42.054
853.88	42.022
854.06	41.877
854.24	41.965
854.42	41.983
854.60	42.079
854.78	41.877
854.96	41.931
855.14	41.915
855.32	41.880
855.50	41.996
855.68	42.220
855.86	42.106
856.04	42.092
856.22	42.077
856.40	42.239
856.58	42.255
856.76	42.260
856.94	42.320
857.12	42.433
857.30	42.174
857.48	42.365
857.66	42.244
857.84	42.168
858.02	42.038
858.20	42.188
858.38	42.021
858.56	41.995
858.74	41.928
858.92	41.905
859.10	42.142
859.28	42.203
859.46	42.336
859.64	42.322
859.81	42.329
859.99	42.092
860.17	42.101
860.35	42.244
860.53	42.214
860.71	42.262
860.89	42.064
861.07	41.942
861.25	42.108
861.43	42.139
861.61	42.292
861.79	42.312
861.97	42.299
862.15	42.121
862.33	42.285
862.50	42.246
862.68	42.301
862.86	42.403
863.04	42.364
863.22	42.313
863.40	42.074
863.58	42.063
863.76	42.224
863.94	42.337
864.12	42.390
864.30	42.324
864.47	42.125
864.65	42.066
864.83	42.084
865.01	42.149
865.19	42.143
865.37	42.050
865.55	42.093
865.73	42.148
865.91	42.154
866.09	42.101
866.26	42.117
866.44	41.920
866.62	41.845
866.80	41.773
866.98	42.006
867.16	42.164
867.34	42.130
867.52	42.230
867.69	42.265
867.87	42.273
868.05	42.113
868.23	42.153
868.41	42.216
868.59	42.400
868.77	42.500
868.94	42.653
869.12	42.577
869.30	42.654
869.48	42.502
869.66	42.537
869.84	42.469
870.02	42.701
870.19	42.441
870.37	42.488
870.55	42.311
870.73	42.323
870.91	42.329
871.09	42.357
871.26	42.271
871.44	42.451
871.62	42.521
871.80	42.755
871.98	42.697
872.16	42.796
872.33	42.777
872.51	42.969
872.69	43.085
872.87	42.931
873.05	43.132
873.22	42.862
873.40	42.652
873.58	42.446
873.76	42.361
873.94	42.451
874.12	42.409
874.29	42.533
874.47	42.372
874.65	42.345
874.83	42.465
875.01	42.583
875.18	42.531
875.36	42.684
875.54	42.583
875.72	42.631
875.89	42.605
876.07	42.512
876.25	42.678
876.43	42.713
876.61	42.555
876.78	42.566
876.96	42.387
877.14	42.335
877.32	42.231
877.49	42.404
877.67	42.090
877.85	42.081
878.03	41.984
878.21	42.057
878.38	42.107
878.56	42.004
878.74	42.117
878.92	42.312
879.09	42.470
879.27	42.348
879.45	42.460
879.63	42.535
879.80	42.500
879.98	42.508
880.16	42.724
880.34	42.654
880.51	42.666
880.69	42.605
880.87	42.506
881.05	42.531
881.22	42.464
881.40	42.178
881.58	42.270
881.75	42.247
881.93	42.345
882.11	42.327
882.29	42.477
882.46	42.409
882.64	42.378
882.82	42.512
883.00	42.349
883.17	42.357
883.35	42.558
883.53	42.597
883.70	42.549
883.88	42.446
884.06	42.193
884.23	42.276
884.41	42.327
884.59	42.225
884.77	42.305
884.94	42.625
885.12	42.677
885.30	42.696
885.47	42.693
885.65	42.795
885.83	42.793
886.00	42.900
886.18	42.982
886.36	43.123
886.53	42.789
886.71	42.685
886.89	42.698
887.07	42.792
887.24	42.871
887.42	42.927
887.60	42.872
887.77	42.905
887.95	42.860
888.13	42.796
888.30	42.760
888.48	42.766
888.66	42.768
888.83	42.637
889.01	42.537
889.18	42.497
889.36	42.416
889.54	42.454
889.71	42.723
889.89	42.686
890.07	42.723
890.24	42.545
890.42	42.577
890.60	42.684
890.77	42.615
890.95	42.522
891.13	42.429
891.30	42.450
891.48	42.419
891.65	42.354
891.83	42.351
892.01	42.213
892.18	42.105
892.36	42.469
892.54	42.748
892.71	42.464
892.89	42.432
893.06	42.408
893.24	42.324
893.42	42.423
893.59	42.386
893.77	42.315
893.94	42.399
894.12	42.416
894.30	42.361
894.47	42.549
894.65	42.573
894.82	42.706
895.00	42.754
895.18	42.513
895.35	42.434
895.53	42.527
895.70	42.507
895.88	42.395
896.06	42.303
896.23	42.360
896.41	42.327
896.58	42.358
896.76	42.552
896.93	42.642
897.11	42.698
897.29	42.679
897.46	42.776
897.64	42.758
897.81	42.724
897.99	42.686
898.16	42.454
898.34	42.423
898.52	42.629
898.69	42.452
898.87	42.568
899.04	42.766
899.22	42.520
899.39	42.619
899.57	42.668
899.74	42.765
899.92	42.810
900.10	42.909
900.27	42.845
900.45	42.641
900.62	42.449
900.80	42.494
900.97	42.340
901.15	42.222
901.32	42.341
901.50	42.308
901.67	42.329
901.85	42.287
902.02	42.415
902.20	42.289
902.37	42.047
902.55	41.979
902.72	42.076
902.90	42.285
903.07	42.110
903.25	42.449
903.43	42.312
903.60	42.365
903.78	42.180
903.95	42.016
904.13	41.828
904.30	41.992
904.48	42.195
904.65	42.254
904.83	42.299
905.00	42.443
905.17	42.407
905.35	42.521
905.52	42.247
905.70	42.304
905.87	42.289
906.05	42.299
906.22	42.443
906.40	42.377
906.57	42.499
906.75	42.569
906.92	42.774
907.10	42.877
907.27	42.613
907.45	42.621
907.62	42.633
907.80	42.527
907.97	42.344
908.15	42.080
908.32	42.034
908.49	42.046
908.67	42.022
908.84	41.968
909.02	42.208
909.19	42.346
909.37	42.256
909.54	42.103
909.72	42.376
909.89	42.137
910.07	42.126
910.24	42.336
910.41	42.460
910.59	42.389
910.76	42.257
910.94	42.271
911.11	41.982
911.29	42.186
911.46	42.207
911.63	42.129
911.81	41.990
911.98	42.038
912.16	41.982
912.33	41.975
912.50	42.025
912.68	41.900
912.85	41.761
913.03	41.685
913.20	41.721
913.38	41.924
913.55	41.897
913.72	42.016
913.90	42.146
914.07	42.221
914.25	42.256
914.42	42.348
914.59	42.423
914.77	42.256
914.94	42.264
915.11	41.925
915.29	41.925
915.46	41.990
915.64	42.081
915.81	42.237
915.98	42.170
916.16	42.304
916.33	42.442
916.51	42.622
916.68	42.462
916.85	42.329
917.03	41.889
917.20	41.985
917.37	41.891
917.55	42.085
917.72	42.148
917.89	41.914
918.07	41.989
918.24	41.690
918.42	41.866
918.59	41.948
918.76	41.706
918.94	41.771
919.11	42.074
919.28	42.055
919.46	42.099
919.63	42.163
919.80	41.880
919.98	41.780
920.15	41.870
920.32	41.847
920.50	41.688
920.67	41.901
920.84	41.790
921.02	41.751
921.19	41.654
921.36	41.656
921.54	41.896
921.71	42.034
921.88	41.998
922.06	42.070
922.23	42.160
922.40	42.019
922.57	41.900
922.75	42.066
922.92	42.019
923.09	42.072
923.27	41.897
923.44	41.819
923.61	41.704
923.79	41.795
923.96	41.720
924.13	41.800
924.30	41.780
924.48	41.870
924.65	41.839
924.82	41.835
925.00	42.014
925.17	42.056
925.34	42.091
925.51	42.362
925.69	42.181
925.86	42.387
926.03	42.166
926.21	42.251
926.38	41.928
926.55	41.888
926.72	41.760
926.90	41.571
927.07	41.768
927.24	41.673
927.41	41.963
927.59	41.949
927.76	42.057
927.93	42.174
928.10	42.073
928.28	41.895
928.45	41.867
928.62	41.434
928.79	41.353
928.97	41.318
929.14	41.684
929.31	41.559
929.48	41.878
929.66	41.662
929.83	41.660
930.00	41.311
930.17	41.497
930.34	41.170
930.52	41.336
930.69	41.144
930.86	41.483
931.03	41.420
931.21	41.465
931.38	41.649
931.55	41.745
931.72	41.234
931.89	41.376
932.07	41.513
932.24	41.091
932.41	40.832
932.58	41.213
932.75	41.426
932.93	41.510
933.10	41.673
933.27	41.366
933.44	41.593
933.61	41.353
933.79	41.788
933.96	41.808
934.13	41.956
934.30	41.620
934.47	41.996
934.65	41.650
934.82	41.655
934.99	41.764
935.16	41.529
935.33	41.904
935.50	41.899
935.68	41.672
935.85	41.627
936.02	41.677
936.19	41.780
936.36	41.732
936.53	41.822
936.71	42.278
936.88	41.788
937.05	41.427
937.22	41.500
937.39	41.807
937.56	41.734
937.74	41.242
937.91	41.543
938.08	41.684
938.25	41.323
938.42	41.220
938.59	41.489
938.76	40.995
938.94	41.210
939.11	41.353
939.28	41.604
939.45	41.790
939.62	41.247
939.79	41.430
939.96	41.147
940.13	41.457
940.31	41.499
940.48	41.572
940.65	41.817
940.82	41.586
940.99	41.514
941.16	41.417
941.33	41.832
941.50	41.845
941.67	41.878
941.85	41.874
942.02	41.786
942.19	41.499
942.36	41.394
942.53	41.423
942.70	41.208
942.87	41.165
943.04	41.074
943.21	40.778
943.38	41.004
943.56	40.980
943.73	40.684
943.90	40.882
944.07	40.987
944.24	41.158
944.41	40.982
944.58	40.970
944.75	41.198
944.92	41.228
945.09	41.511
945.26	41.675
945.43	41.625
945.60	41.221
945.78	41.938
945.95	41.477
946.12	41.589
946.29	41.893
946.46	40.981
946.63	41.286
946.80	41.354
946.97	41.473
947.14	41.140
947.31	41.688
947.48	41.447
947.65	41.253
947.82	41.164
947.99	40.573
948.16	40.640
948.33	40.831
948.50	40.813
948.67	40.866
948.84	40.828
949.01	40.453
949.18	40.979
949.35	40.758
949.52	40.735
949.69	40.830
949.86	40.861
950.03	40.837
950.20	40.858
950.38	40.637
950.55	40.730
950.72	40.810
950.89	40.961
951.06	40.540
951.23	40.761
951.40	40.675
951.57	41.040
951.74	41.009
951.91	40.915
952.08	40.887
952.25	40.905
952.42	40.595
952.59	41.010
952.76	41.091
952.92	41.235
953.09	41.392
953.26	41.026
953.43	41.503
953.60	41.096
953.77	41.362
953.94	41.104
954.11	40.847
954.28	40.743
954.45	40.659
954.62	41.040
954.79	40.765
954.96	41.075
955.13	40.805
955.30	40.117
955.47	40.442
955.64	40.686
955.81	40.274
955.98	40.899
956.15	40.511
956.32	41.059
956.49	40.151
956.66	41.357
956.83	40.566
957.00	40.893
957.17	41.127
957.33	41.122
957.50	41.149
957.67	41.367
957.84	40.936
958.01	40.878
958.18	40.956
958.35	41.062
958.52	40.845
958.69	40.968
958.86	41.585
959.03	41.216
959.20	40.790
959.37	40.525
959.53	40.936
959.70	40.847
959.87	40.672
960.04	40.059
960.21	40.767
960.38	40.713
960.55	40.710
960.72	40.809
960.89	40.883
961.06	40.785
961.23	40.525
961.39	40.528
961.56	40.172
961.73	40.537
961.90	40.176
962.07	40.547
962.24	40.548
962.41	40.836
962.58	40.325
962.75	40.548
962.91	40.437
963.08	40.792
963.25	40.650
963.42	40.547
963.59	40.334
963.76	40.611
963.93	39.811
964.09	40.697
964.26	40.059
964.43	40.465
964.60	39.842
964.77	40.486
964.94	40.196
965.11	40.598
965.27	40.259
965.44	40.314
965.61	40.441
965.78	39.838
965.95	40.046
966.12	39.687
966.29	39.930
966.45	39.679
966.62	39.678
966.79	39.588
966.96	39.894
967.13	39.746
967.30	39.857
967.46	39.893
967.63	39.703
967.80	39.408
967.97	39.690
968.14	39.593
968.30	40.150
968.47	39.997
968.64	37.793
968.81	40.856
968.98	39.872
969.15	40.407
969.31	39.988
969.48	39.448
969.65	39.922
969.82	39.634
969.99	39.618
970.15	39.329
970.32	40.062
970.49	39.357
970.66	40.166
970.82	39.768
970.99	39.625
971.16	40.568
971.33	39.786
971.50	40.081
971.66	40.135
971.83	39.930
972.00	40.047
972.17	40.328
972.34	40.801
972.50	40.255
972.67	39.822
972.84	40.043
973.01	40.014
973.17	40.110
973.34	39.961
973.51	39.732
973.68	39.690
973.84	39.895
974.01	39.488
974.18	39.906
974.35	40.065
974.51	40.205
974.68	39.898
974.85	39.881
975.02	39.883
975.18	40.203
975.35	40.328
975.52	39.752
975.69	40.485
975.85	40.004
976.02	39.727
976.19	39.740
976.36	39.565
976.52	40.098
976.69	39.662
976.86	39.467
977.02	39.942
977.19	40.182
977.36	39.527
977.53	39.868
977.69	39.896
977.86	39.803
978.03	39.333
978.19	40.449
978.36	39.879
978.53	39.180
978.70	39.765
978.86	39.632
979.03	39.578
979.20	39.241
979.36	39.836
979.53	38.919
979.70	39.306
979.86	39.797
980.03	38.687
980.20	39.623
980.36	38.871
980.53	39.521
980.70	39.592
980.86	38.304
981.03	39.336
981.20	38.611
981.36	39.867
981.53	38.752
981.70	39.240
981.86	39.119
982.03	39.239
982.20	40.229
982.36	39.747
982.53	39.948
982.70	39.732
982.86	39.832
983.03	39.147
983.20	39.546
983.36	39.569
983.53	40.549
983.70	40.263
983.86	40.102
984.03	39.473
984.20	39.924
984.36	39.135
984.53	40.305
984.70	39.838
984.86	39.179
985.03	39.145
985.19	39.104
985.36	39.763
985.53	39.882
985.69	40.519
985.86	39.107
986.03	39.059
986.19	39.681
986.36	38.521
986.52	39.339
986.69	38.786
986.86	39.039
987.02	38.790
987.19	39.259
987.35	39.264
987.52	37.910
987.69	38.887
987.85	38.874
988.02	38.971
988.18	38.617
988.35	37.978
988.52	39.060
988.68	38.802
988.85	38.975
989.01	38.427
989.18	39.488
989.35	38.794
989.51	38.093
989.68	39.066
989.84	39.047
990.01	38.521
990.17	38.697
990.34	38.866
990.51	39.169
990.67	39.157
990.84	39.025
991.00	39.266
991.17	39.284
991.33	38.635
991.50	38.774
991.66	39.344
991.83	39.610
992.00	38.347
992.16	39.025
992.33	38.789
992.49	38.455
992.66	38.914
992.82	39.312
992.99	38.858
993.15	38.875
993.32	39.209
993.48	39.617
993.65	38.186
993.82	39.044
993.98	38.889
994.15	38.608
994.31	39.605
994.48	38.872
994.64	39.650
994.81	38.881
994.97	40.345
995.14	38.659
995.30	38.840
995.47	39.410
995.63	38.616
995.80	38.293
995.96	38.308
996.13	38.845
996.29	38.511
996.46	38.071
996.62	38.607
996.79	38.860
996.95	38.925
997.12	38.085
997.28	37.299
997.45	38.354
997.61	38.408
997.78	38.244
997.94	38.622
998.11	39.411
998.27	38.425
998.44	38.128
998.60	37.771
998.77	38.195
998.93	37.941
999.10	38.900
999.26	38.958
999.43	38.793
999.59	38.177
999.75	39.248
999.92	38.553
1000.08	38.263
1000.25	38.674
1000.41	37.539
1000.58	37.520
1000.74	38.163
1000.91	38.327
1001.07	38.075
1001.24	37.852
1001.40	38.519
1001.56	39.725
1001.73	36.639
1001.89	39.104
1002.06	37.807
1002.22	38.783
1002.39	38.608
1002.55	38.059
1002.71	37.445
1002.88	38.512
1003.04	38.238
1003.21	36.080
1003.37	37.787
1003.54	37.165
1003.70	39.757
1003.86	37.152
1004.03	37.430
1004.19	37.889
1004.36	38.273
1004.52	40.018
1004.68	38.886
1004.85	36.890
1005.01	37.668
1005.18	37.200
1005.34	38.570
1005.50	38.802
1005.67	38.796
1005.83	38.231
1006.00	37.705
1006.16	37.684
1006.32	38.953
1006.49	39.074
1006.65	37.670
1006.82	37.752
1006.98	39.097
1007.14	37.093
1007.31	38.734
1007.47	37.865
1007.63	38.764
1007.80	36.723
1007.96	36.289
1008.13	36.955
1008.29	38.915
1008.45	38.046
1008.62	38.794
1008.78	38.173
1008.94	37.368
1009.11	36.845
1009.27	37.480
1009.43	37.032
1009.60	35.234
1009.76	37.173
1009.92	36.867
1010.09	38.774
1010.25	38.145
1010.42	37.212
1010.58	37.596
1010.74	37.475
1010.91	38.226
1011.07	37.088
1011.23	39.745
1011.40	38.951
1011.56	36.277
1011.72	37.438
1011.89	37.235
1012.05	35.346
1012.21	37.552
1012.37	36.938
1012.54	37.269
1012.70	37.675
1012.86	36.051
1013.03	38.982
1013.19	40.083
1013.35	38.709
1013.52	35.622
1013.68	38.124
1013.84	38.897
1014.01	39.335
1014.17	38.082
1014.33	38.354
1014.49	38.050
1014.66	36.120
1014.82	38.968
1014.98	38.273
1015.15	39.795
1015.31	39.262
1015.47	39.549
1015.63	39.214
1015.80	34.040
1015.96	36.051
1016.12	34.465
1016.29	37.445
1016.45	40.019
1016.61	37.740
1016.77	38.007
1016.94	37.394
1017.10	37.750
1017.26	36.236
1017.42	37.513
1017.59	40.053
1017.75	38.253
1017.91	39.615
1018.07	36.500
1018.24	36.096
1018.40	35.967
1018.56	36.335
1018.72	37.481
1018.89	37.320
1019.05	38.462
1019.21	35.436
1019.37	38.805
1019.54	36.307
1019.70	35.738
1019.86	36.985
1020.02	35.930
1020.19	36.887
1020.35	35.762
1020.51	39.719
1020.67	34.333
1020.83	34.649
1021.00	34.282
1021.16	36.007
1021.32	37.162
1021.48	35.126
1021.64	36.268
1021.81	36.426
1021.97	35.486
1022.13	35.053
1022.29	35.603
1022.45	34.630
1022.62	37.048
1022.78	40.182
1022.94	37.778
1023.10	35.443
1023.26	39.474
1023.43	34.722
1023.59	35.088
1023.75	40.941
1023.91	35.905
1024.07	34.425
1024.24	36.255
1024.40	35.921
1024.56	34.503
1024.72	36.623
1024.88	37.456
1025.04	39.872
1025.21	34.041
1025.37	36.954
1025.53	36.821
1025.69	35.185
1025.85	39.476
1026.01	34.951
1026.18	38.065
1026.34	35.878
1026.50	36.196
1026.66	34.880
1026.82	38.432
1026.98	34.209
1027.14	37.008
1027.31	33.514
1027.47	36.379
1027.63	38.521
1027.79	34.186
1027.95	34.939
1028.11	27.113
1028.27	33.519
1028.44	32.811
1028.60	38.162
1028.76	32.928
1028.92	35.603
1029.08	38.389
1029.24	35.696
1029.40	42.983
1029.56	36.283
1029.73	29.681
1029.89	36.411
1030.05	33.712
1030.21	36.213
1030.37	40.082
1030.53	36.900
1030.69	38.745
1030.85	37.915
1031.01	37.539
1031.17	33.075
1031.34	36.482
1031.50	33.313
1031.66	32.227
1031.82	32.440
1031.98	37.762
1032.14	35.510
1032.30	36.734
1032.46	31.638
1032.62	34.812
1032.78	28.413
1032.94	36.563
1033.10	35.099
1033.27	33.476
1033.43	36.083
1033.59	40.529
1033.75	38.648
1033.91	32.864
1034.07	26.762
1034.23	37.042
1034.39	39.866
1034.55	34.039
1034.71	32.216
1034.87	37.627
1035.03	37.603
1035.19	42.288
1035.35	29.115
1035.51	39.822
1035.67	38.442
1035.83	32.738
1035.99	30.166
1036.16	31.541
1036.32	40.684
1036.48	31.988
1036.64	36.265
1036.80	36.184
1036.96	37.094
1037.12	39.308
1037.28	34.074
1037.44	35.729
1037.60	34.146
1037.76	37.544
1037.92	30.953
1038.08	32.959
1038.24	34.654
1038.40	34.387
1038.56	31.126
1038.72	30.944
1038.88	28.553
1039.04	40.770
1039.20	31.483
1039.36	46.628
1039.52	28.120
1039.68	38.821
1039.84	29.434
1040.00	27.410
1040.16	40.507
1040.32	36.723
1040.48	27.729
1040.64	34.441
1040.80	36.738
1040.96	32.530
1041.12	35.858
1041.28	38.212
1041.44	35.834
1041.60	29.757
1041.76	30.627
1041.92	34.474
1042.08	26.395
1042.24	41.067
1042.39	39.495
1042.55	35.889
1042.71	23.210
1042.87	30.342
1043.03	32.126
1043.19	9.150
