345.44	-1.574
345.66	-1.574
345.88	-1.574
346.10	-1.682
346.31	-7.324
346.53	-1.669
346.75	0.618
346.97	1.618
347.19	2.504
347.41	-4.620
347.63	-7.774
347.85	-5.231
348.07	-5.239
348.29	-1.943
348.51	-1.182
348.73	-0.876
348.95	-5.965
349.17	-3.156
349.39	-0.312
349.61	-0.291
349.83	-0.000
350.05	0.589
350.27	0.571
350.49	-6.746
350.71	-12.085
350.93	-1.108
351.15	-6.842
351.37	-8.892
351.59	-4.075
351.80	-2.342
352.02	-0.143
352.24	4.697
352.46	-4.946
352.68	1.097
352.90	-3.215
353.12	-4.334
353.34	-1.359
353.56	-4.594
353.78	-6.676
354.00	2.456
354.22	1.357
354.44	1.654
354.66	-1.194
354.88	-3.863
355.09	-4.468
355.31	0.154
355.53	-3.053
355.75	-0.450
355.97	-8.558
356.19	-1.554
356.41	1.037
356.63	-4.062
356.85	-2.707
357.07	-3.805
357.29	2.987
357.50	-3.660
357.72	-11.094
357.94	3.066
358.16	-5.683
358.38	1.385
358.60	-6.113
358.82	-6.060
359.04	-0.759
359.26	-2.134
359.48	-6.466
359.69	-1.056
359.91	-1.684
360.13	-6.987
360.35	-6.408
360.57	-2.905
360.79	-3.390
361.01	-0.488
361.23	1.637
361.45	-5.498
361.66	1.339
361.88	-4.133
362.10	-3.043
362.32	-0.720
362.54	2.781
362.76	5.309
362.98	-5.697
363.20	0.633
363.41	4.262
363.63	-1.199
363.85	-3.211
364.07	-10.559
364.29	3.369
364.51	-5.287
364.73	-8.532
364.94	-3.785
365.16	2.861
365.38	-2.607
365.60	-1.585
365.82	-0.311
366.04	-4.545
366.26	2.474
366.47	-0.156
366.69	2.067
366.91	-8.069
367.13	-8.358
367.35	-3.797
367.57	0.476
367.79	-9.682
368.00	-8.892
368.22	-4.643
368.44	3.493
368.66	-2.241
368.88	2.806
369.10	-2.887
369.31	-0.891
369.53	-4.480
369.75	-2.391
369.97	-6.430
370.19	1.420
370.41	0.888
370.62	-8.540
370.84	-2.615
371.06	-0.158
371.28	-7.142
371.50	-4.651
371.71	-6.232
371.93	-1.468
372.15	2.189
372.37	-7.598
372.59	-3.443
372.80	-5.984
373.02	-4.131
373.24	7.500
373.46	-7.619
373.68	-6.055
373.90	-4.296
374.11	0.308
374.33	3.741
374.55	-5.311
374.77	2.699
374.98	-2.607
375.20	-2.480
375.42	1.497
375.64	1.937
375.86	-6.605
376.07	-5.520
376.29	-2.105
376.51	-2.727
376.73	1.393
376.95	-0.000
377.16	3.052
377.38	-1.028
377.60	-3.072
377.82	-0.920
378.03	-0.153
378.25	3.618
378.47	0.152
378.69	2.682
378.91	2.262
379.12	-6.184
379.34	-6.603
379.56	3.587
379.78	0.145
379.99	-5.972
380.21	-2.879
380.43	5.417
380.65	-9.048
380.86	-1.632
381.08	-4.000
381.30	-0.932
381.52	5.022
381.73	-13.521
381.95	-0.891
382.17	0.441
382.39	-7.328
382.60	7.929
382.82	-10.015
383.04	-3.664
383.26	-2.548
383.47	-0.462
383.69	-5.901
383.91	-4.369
384.13	1.585
384.34	2.774
384.56	0.283
384.78	-2.627
385.00	-1.912
385.21	-0.447
385.43	-3.236
385.65	2.373
385.86	-4.154
386.08	1.335
386.30	1.032
386.52	-5.652
386.73	-5.928
386.95	-1.526
387.17	-1.620
387.38	-1.543
387.60	-1.032
387.82	-1.935
388.04	-0.972
388.25	-4.800
388.47	0.880
388.69	1.325
388.90	2.249
389.12	-3.248
389.34	2.150
389.56	-4.441
389.77	-1.389
389.99	1.451
390.21	-0.768
390.42	0.741
390.64	-10.509
390.86	-12.690
391.07	-6.998
391.29	-7.343
391.51	-3.703
391.72	-5.370
391.94	1.166
392.16	-0.965
392.38	-6.221
392.59	2.518
392.81	-4.006
393.03	-6.880
393.24	-1.786
393.46	-5.954
393.68	-4.043
393.89	0.732
394.11	-11.423
394.33	-1.821
394.54	0.604
394.76	0.442
394.98	4.958
395.19	-3.258
395.41	-5.606
395.63	-4.198
395.84	-1.190
396.06	-4.411
396.28	-1.246
396.49	1.567
396.71	1.176
396.93	-1.608
397.14	2.276
397.36	2.315
397.57	2.003
397.79	-1.059
398.01	1.069
398.22	-4.791
398.44	-5.645
398.66	2.480
398.87	-10.708
399.09	-6.045
399.31	-6.891
399.52	-2.967
399.74	-4.900
399.96	-6.042
400.17	4.841
400.39	-5.460
400.60	-7.072
400.82	-0.154
401.04	-1.308
401.25	-6.965
401.47	-1.272
401.69	2.790
401.90	0.437
402.12	-3.614
402.33	1.743
402.55	1.214
402.77	0.293
402.98	-4.504
403.20	-1.364
403.41	-1.016
403.63	-3.994
403.85	-3.577
404.06	-0.623
404.28	-1.600
404.49	-12.018
404.71	3.714
404.93	3.587
405.14	-6.585
405.36	-3.594
405.57	-1.170
405.79	-9.090
406.01	-1.043
406.22	-5.308
406.44	-0.767
406.65	-3.066
406.87	-2.853
407.09	-7.741
407.30	-6.835
407.52	-3.756
407.73	-9.279
407.95	4.878
408.17	1.101
408.38	0.930
408.60	-8.359
408.81	-0.752
409.03	-3.782
409.24	3.258
409.46	-6.676
409.68	-5.872
409.89	-1.361
410.11	-4.437
410.32	-9.090
410.54	-8.256
410.75	1.486
410.97	-1.192
411.18	-7.022
411.40	2.972
411.62	-3.063
411.83	-0.740
412.05	-2.134
412.26	-6.957
412.48	0.718
412.69	-3.303
412.91	0.774
413.12	-6.677
413.34	-10.300
413.56	0.295
413.77	-3.506
413.99	-0.439
414.20	-0.314
414.42	-4.613
414.63	-4.559
414.85	-9.485
415.06	4.936
415.28	-3.344
415.49	-2.062
415.71	-5.772
415.92	-0.455
416.14	-2.315
416.35	4.524
416.57	2.009
416.79	-6.998
417.00	-1.400
417.22	-6.029
417.43	-8.634
417.65	-4.673
417.86	1.374
418.08	-3.674
418.29	5.074
418.51	0.809
418.72	-2.861
418.94	-4.545
419.15	-7.108
419.37	1.428
419.58	-0.000
419.80	1.625
420.01	-1.580
420.23	-2.100
420.44	-3.900
420.66	4.893
420.87	-1.322
421.09	-7.692
421.30	-5.833
421.52	-4.962
421.73	2.028
421.95	-6.616
422.16	-5.674
422.38	0.157
422.59	-2.724
422.81	-2.914
423.02	0.607
423.23	-1.077
423.45	-0.000
423.66	-2.782
423.88	-1.475
424.09	-2.215
424.31	-5.288
424.52	-3.125
424.74	-14.705
424.95	-3.511
425.17	-5.426
425.38	0.154
425.60	-1.548
425.81	-2.830
426.03	-6.037
426.24	-2.744
426.45	0.305
426.67	-6.009
426.88	-9.538
427.10	-4.069
427.31	-3.864
427.53	-2.458
427.74	-0.304
427.96	-0.910
428.17	-4.792
428.39	-0.605
428.60	-1.958
428.81	4.233
429.03	-5.401
429.24	-3.927
429.46	-7.317
429.67	-3.820
429.89	-2.355
430.10	-7.556
430.31	1.786
430.53	-3.698
430.74	-3.091
430.96	1.339
431.17	-2.240
431.39	-3.035
431.60	-3.072
431.81	-2.898
432.03	-6.144
432.24	-4.304
432.46	0.577
432.67	-5.238
432.89	-3.577
433.10	-0.167
433.31	5.909
433.53	-1.860
433.74	-0.475
433.96	-0.750
434.17	-6.158
434.38	-1.786
434.60	-10.616
434.81	-6.554
435.03	-8.546
435.24	0.159
435.45	1.201
435.67	-7.060
435.88	3.096
436.10	-7.278
436.31	0.309
436.52	-8.717
436.74	-3.317
436.95	-17.909
437.17	-0.323
437.38	-6.151
437.59	6.363
437.81	-1.800
438.02	-0.323
438.23	-8.139
438.45	-5.199
438.66	-7.974
438.88	-3.902
439.09	-3.120
439.30	-7.432
439.52	-9.553
439.73	-8.253
439.94	-0.992
440.16	-0.312
440.37	-3.692
440.58	-0.480
440.80	-4.341
441.01	-6.992
441.23	-6.239
441.44	-1.510
441.65	1.890
441.87	-5.061
442.08	-10.939
442.29	-2.329
442.51	-3.803
442.72	0.906
442.93	-4.651
443.15	-3.005
443.36	-4.762
443.57	-8.108
443.79	-7.008
444.00	6.946
444.21	-1.205
444.43	1.165
444.64	-2.604
444.85	2.693
445.07	-9.565
445.28	-1.993
445.49	-7.798
445.71	-4.902
445.92	-6.489
446.13	-4.569
446.35	-2.031
446.56	-4.270
446.77	-13.586
446.99	-7.504
447.20	-3.140
447.41	-8.333
447.63	-5.378
447.84	5.280
448.05	-2.156
448.27	-11.110
448.48	-4.841
448.69	-3.084
448.90	-8.152
449.12	-3.880
449.33	-2.381
449.54	-1.920
449.76	-6.644
449.97	-6.989
450.18	-5.070
450.40	-1.549
450.61	-2.560
450.82	-2.662
451.03	-6.589
451.25	-10.713
451.46	-8.695
451.67	-1.406
451.89	1.492
452.10	-1.113
452.31	-7.433
452.52	-1.546
452.74	-12.402
452.95	-6.007
453.16	-10.052
453.38	-6.049
453.59	-0.350
453.80	-3.207
454.01	-7.871
454.23	-2.372
454.44	-12.843
454.65	-0.987
454.86	1.367
455.08	-11.089
455.29	-7.719
455.50	-14.892
455.71	0.171
455.93	-0.171
456.14	-10.452
456.35	-6.956
456.56	-9.255
456.78	-13.080
456.99	-14.843
457.20	-14.208
457.41	-9.711
457.63	-4.762
457.84	-13.272
458.05	-7.198
458.26	-8.445
458.48	-0.165
458.69	-12.726
458.90	-8.186
459.11	-8.601
459.33	-0.180
459.54	-11.469
459.75	-7.276
459.96	-8.033
460.18	-5.996
460.39	-14.112
460.60	0.574
460.81	-12.143
461.02	-6.896
461.24	0.510
461.45	-7.056
461.66	-8.159
461.87	-9.533
462.09	-11.237
462.30	-8.784
462.51	-1.905
462.72	-11.417
462.93	-1.912
463.15	-4.022
463.36	-4.807
463.57	-4.317
463.78	-1.515
463.99	-17.619
464.21	-7.528
464.42	-13.264
464.63	-13.130
464.84	2.240
465.05	-9.955
465.27	-3.347
465.48	-9.734
465.69	-6.072
465.90	-11.787
466.11	-7.216
466.33	-4.474
466.54	-12.774
466.75	-12.635
466.96	-14.749
467.17	-8.267
467.38	-13.247
467.60	-14.724
467.81	-3.158
468.02	-16.149
468.23	-10.943
468.44	-10.834
468.65	-7.726
468.87	-11.014
469.08	-2.160
469.29	-4.059
469.50	-6.736
469.71	-3.887
469.92	-7.872
470.14	-8.664
470.35	-18.137
470.56	-21.673
470.77	-10.132
470.98	-7.458
471.19	-17.978
471.41	-11.969
471.62	-12.625
471.83	-11.792
472.04	-16.921
472.25	-22.725
472.46	-3.160
472.67	-15.227
472.89	-10.475
473.10	0.229
473.31	-10.229
473.52	-18.205
473.73	-16.367
473.94	-26.150
474.15	-14.247
474.37	-14.243
474.58	-15.927
474.79	-25.462
475.00	-11.293
475.21	-11.398
475.42	-20.417
475.63	-15.150
475.84	-21.527
476.06	-18.527
476.27	-24.186
476.48	-18.233
476.69	-23.161
476.90	-12.385
477.11	-6.961
477.32	-14.284
477.53	-9.240
477.74	-13.835
477.96	-23.931
478.17	-5.214
478.38	-21.979
478.59	-10.157
478.80	-16.610
479.01	-28.703
479.22	-29.148
479.43	-12.750
479.64	-13.802
479.85	-16.715
480.06	-62.931
480.28	-22.823
480.49	-28.513
480.70	0.917
480.91	-29.177
481.12	-43.992
481.33	-8.864
481.54	-17.934
481.75	-31.062
481.96	-28.999
482.17	-13.481
482.38	-36.707
482.59	-11.352
482.81	-19.465
483.02	-42.847
483.23	-61.067
483.44	-33.700
483.65	-21.900
483.86	-38.627
484.07	-87.831
484.28	-72.481
484.49	-36.198
484.70	-39.121
484.91	-49.362
485.12	-35.494
485.33	-45.720
485.54	-42.320
485.75	-35.793
485.96	-56.698
486.17	-59.610
486.38	-38.496
486.60	-61.296
486.81	-30.603
487.02	-172.752
487.23	-92.511
487.44	-106.871
487.65	-146.181
487.86	-123.134
488.07	-26.079
488.28	-98.264
488.49	-182.919
488.70	-75.225
488.91	-128.721
489.12	-82.007
489.33	-36.826
489.54	-178.893
489.75	-88.837
489.96	-611.604
490.17	3381.148
490.38	439.897
490.59	-317.907
490.80	472.861
491.01	270.581
491.22	-324.508
491.43	852.260
491.64	217.592
491.85	-1765.024
492.06	-1143.934
492.27	1916.259
492.48	171.836
492.69	486.202
492.90	-158.373
493.11	132.243
493.32	179.610
493.53	317.115
493.74	183.593
493.95	36.508
494.16	97.981
494.37	173.172
494.58	1044.431
494.79	95.968
495.00	141.566
495.21	78.076
495.42	54.153
495.63	70.896
495.84	56.875
496.05	68.725
496.26	68.252
496.47	96.214
496.68	50.730
496.89	72.868
497.10	52.429
497.31	38.153
497.52	55.186
497.73	62.872
497.94	50.316
498.15	54.780
498.36	62.575
498.57	70.365
498.78	50.532
498.99	55.143
499.19	46.161
499.40	44.405
499.61	28.284
499.82	55.426
500.03	55.706
500.24	54.556
500.45	35.552
500.66	40.608
500.87	69.497
501.08	44.805
501.29	46.290
501.50	29.491
501.71	32.835
501.92	42.090
502.13	34.826
502.34	24.394
502.55	44.568
502.76	41.867
502.96	35.519
503.17	33.242
503.38	41.296
503.59	20.448
503.80	29.415
504.01	37.717
504.22	33.975
504.43	41.898
504.64	20.262
504.85	23.746
505.06	34.636
505.27	50.159
505.47	41.612
505.68	22.730
505.89	23.834
506.10	19.637
506.31	31.464
506.52	31.303
506.73	25.535
506.94	24.734
507.15	35.312
507.36	29.052
507.56	33.037
507.77	22.508
507.98	22.813
508.19	17.164
508.40	14.680
508.61	26.784
508.82	23.079
509.03	22.589
509.24	30.864
509.44	19.849
509.65	25.796
509.86	13.209
510.07	24.326
510.28	20.215
510.49	26.019
510.70	25.575
510.91	26.884
511.11	24.282
511.32	22.141
511.53	27.212
511.74	16.395
511.95	24.079
512.16	20.729
512.37	27.207
512.58	16.125
512.78	24.307
512.99	18.257
513.20	21.302
513.41	15.950
513.62	21.419
513.83	24.160
514.04	21.155
514.24	21.200
514.45	17.745
514.66	25.299
514.87	15.821
515.08	25.382
515.29	19.360
515.49	12.345
515.70	9.834
515.91	18.055
516.12	19.254
516.33	17.728
516.54	15.823
516.74	18.648
516.95	19.972
517.16	17.732
517.37	17.064
517.58	14.232
517.79	22.301
517.99	18.648
518.20	17.348
518.41	18.183
518.62	18.711
518.83	22.802
519.03	17.432
519.24	16.813
519.45	16.382
519.66	13.643
519.87	24.360
520.07	12.885
520.28	18.170
520.49	15.622
520.70	18.716
520.91	17.916
521.12	16.687
521.32	22.129
521.53	13.762
521.74	22.915
521.95	22.630
522.15	18.480
522.36	18.362
522.57	16.708
522.78	15.377
522.99	17.703
523.19	14.804
523.40	16.422
523.61	17.401
523.82	13.905
524.03	21.452
524.23	15.726
524.44	20.687
524.65	15.321
524.86	19.513
525.06	14.378
525.27	14.762
525.48	18.232
525.69	18.757
525.89	18.802
526.10	14.103
526.31	15.660
526.52	16.717
526.72	16.605
526.93	12.367
527.14	16.515
527.35	14.611
527.56	18.275
527.76	14.342
527.97	18.467
528.18	13.024
528.38	16.806
528.59	17.617
528.80	14.245
529.01	16.603
529.21	13.676
529.42	7.834
529.63	16.593
529.84	11.723
530.04	13.925
530.25	16.032
530.46	14.645
530.67	15.420
530.87	16.359
531.08	14.052
531.29	13.145
531.50	18.725
531.70	13.051
531.91	12.586
532.12	18.053
532.32	16.164
532.53	12.456
532.74	19.103
532.95	12.634
533.15	15.700
533.36	17.259
533.57	15.695
533.77	13.431
533.98	12.440
534.19	14.737
534.39	15.640
534.60	14.014
534.81	19.132
535.02	16.514
535.22	11.275
535.43	11.078
535.64	10.114
535.84	11.969
536.05	15.882
536.26	11.878
536.46	13.354
536.67	12.789
536.88	11.325
537.08	12.406
537.29	15.011
537.50	17.031
537.70	15.178
537.91	11.394
538.12	15.586
538.33	12.131
538.53	14.379
538.74	13.255
538.95	13.842
539.15	13.063
539.36	11.320
539.57	10.649
539.77	12.254
539.98	9.122
540.18	11.952
540.39	14.197
540.60	12.739
540.80	11.992
541.01	15.119
541.22	15.194
541.42	14.158
541.63	11.908
541.84	10.818
542.04	14.848
542.25	12.141
542.46	13.256
542.66	12.619
542.87	14.639
543.08	10.422
543.28	11.445
543.49	12.984
543.69	13.228
543.90	13.716
544.11	12.202
544.31	12.864
544.52	13.446
544.73	14.269
544.93	12.958
545.14	11.572
545.34	14.635
545.55	12.816
545.76	11.167
545.96	11.833
546.17	13.626
546.38	11.144
546.58	10.862
546.79	12.794
546.99	12.813
547.20	13.251
547.41	12.049
547.61	10.387
547.82	10.831
548.02	14.206
548.23	11.105
548.44	13.163
548.64	13.202
548.85	11.055
549.05	13.667
549.26	12.534
549.47	11.636
549.67	11.458
549.88	13.070
550.08	13.779
550.29	9.658
550.50	13.337
550.70	11.990
550.91	10.111
551.11	10.584
551.32	8.351
551.52	13.479
551.73	13.646
551.94	11.305
552.14	9.026
552.35	11.851
552.55	12.238
552.76	10.563
552.96	10.829
553.17	9.776
553.38	10.389
553.58	11.111
553.79	12.783
553.99	9.194
554.20	11.117
554.40	12.547
554.61	11.357
554.81	11.189
555.02	11.293
555.23	10.798
555.43	9.725
555.64	12.204
555.84	12.452
556.05	11.987
556.25	10.210
556.46	10.095
556.66	11.193
556.87	12.678
557.07	12.997
557.28	11.049
557.48	11.111
557.69	11.263
557.90	11.502
558.10	9.365
558.31	11.920
558.51	10.202
558.72	11.848
558.92	9.095
559.13	11.247
559.33	10.723
559.54	10.594
559.74	10.598
559.95	8.582
560.15	10.468
560.36	10.300
560.56	11.775
560.77	9.810
560.97	12.064
561.18	12.656
561.38	11.092
561.59	10.938
561.79	11.655
562.00	9.719
562.20	8.783
562.41	10.740
562.61	9.816
562.82	11.772
563.02	10.170
563.23	10.610
563.43	11.097
563.64	10.776
563.84	11.630
564.05	10.884
564.25	11.281
564.46	12.748
564.66	11.675
564.87	11.725
565.07	9.528
565.28	11.999
565.48	11.391
565.68	11.559
565.89	10.748
566.09	10.195
566.30	9.737
566.50	9.302
566.71	9.714
566.91	9.783
567.12	10.071
567.32	8.815
567.53	11.111
567.73	12.591
567.94	10.679
568.14	9.697
568.34	10.765
568.55	9.637
568.75	9.655
568.96	9.596
569.16	11.556
569.37	10.022
569.57	10.669
569.78	11.269
569.98	10.231
570.18	8.639
570.39	11.825
570.59	9.373
570.80	9.500
571.00	11.186
571.21	10.078
571.41	9.091
571.61	10.756
571.82	10.050
572.02	9.020
572.23	9.897
572.43	10.086
572.64	9.578
572.84	10.437
573.04	9.712
573.25	9.723
573.45	10.523
573.66	9.484
573.86	10.733
574.06	9.629
574.27	9.494
574.47	11.242
574.68	10.684
574.88	10.302
575.08	10.296
575.29	10.411
575.49	9.271
575.70	12.037
575.90	9.678
576.10	9.958
576.31	7.625
576.51	11.458
576.72	10.013
576.92	10.995
577.12	10.314
577.33	9.352
577.53	8.920
577.73	10.479
577.94	9.851
578.14	10.460
578.35	9.890
578.55	10.666
578.75	9.431
578.96	10.175
579.16	10.328
579.36	10.160
579.57	11.618
579.77	10.584
579.98	9.848
580.18	10.441
580.38	9.287
580.59	9.232
580.79	10.299
580.99	9.580
581.20	8.866
581.40	9.483
581.60	10.071
581.81	10.221
582.01	8.667
582.21	11.046
582.42	9.266
582.62	9.810
582.82	8.555
583.03	9.610
583.23	9.643
583.43	10.173
583.64	10.238
583.84	9.952
584.04	10.778
584.25	10.109
584.45	10.109
584.65	10.803
584.86	10.087
585.06	9.955
585.26	9.697
585.47	9.547
585.67	9.295
585.87	9.662
586.08	9.295
586.28	10.899
586.48	9.877
586.69	10.670
586.89	9.979
587.09	8.798
587.30	9.414
587.50	9.974
587.70	9.062
587.90	9.733
588.11	11.004
588.31	10.419
588.51	9.595
588.72	10.647
588.92	8.521
589.12	10.594
589.33	9.237
589.53	8.773
589.73	8.343
589.93	9.980
590.14	8.629
590.34	9.076
590.54	10.253
590.75	10.253
590.95	8.739
591.15	10.231
591.35	9.058
591.56	10.050
591.76	8.978
591.96	8.826
592.16	9.633
592.37	8.704
592.57	8.563
592.77	8.468
592.97	10.313
593.18	9.914
593.38	10.122
593.58	7.982
593.79	10.021
593.99	8.551
594.19	8.078
594.39	10.311
594.60	10.145
594.80	10.178
595.00	9.221
595.20	10.239
595.41	8.495
595.61	10.102
595.81	9.447
596.01	9.560
596.21	10.154
596.42	10.550
596.62	10.018
596.82	9.990
597.02	8.786
597.23	8.950
597.43	10.382
597.63	8.388
597.83	9.553
598.04	10.439
598.24	9.390
598.44	9.347
598.64	10.267
598.84	10.000
599.05	8.631
599.25	9.016
599.45	10.566
599.65	10.685
599.85	9.220
600.06	10.269
600.26	9.633
600.46	9.653
600.66	9.850
600.87	8.958
601.07	8.674
601.27	9.821
601.47	8.882
601.67	9.301
601.87	9.964
602.08	7.829
602.28	9.332
602.48	8.223
602.68	9.250
602.88	9.748
603.09	9.164
603.29	8.863
603.49	9.519
603.69	9.862
603.89	8.624
604.10	9.349
604.30	9.069
604.50	9.744
604.70	8.967
604.90	10.116
605.10	8.065
605.31	9.457
605.51	9.149
605.71	9.486
605.91	9.435
606.11	8.855
606.31	9.064
606.52	8.666
606.72	9.500
606.92	9.632
607.12	8.843
607.32	9.579
607.52	9.448
607.72	9.616
607.93	8.203
608.13	9.311
608.33	9.498
608.53	8.404
608.73	8.717
608.93	9.385
609.13	8.939
609.34	9.630
609.54	8.764
609.74	9.750
609.94	8.768
610.14	9.619
610.34	9.587
610.54	10.187
610.74	10.008
610.95	10.393
611.15	8.413
611.35	9.531
611.55	8.874
611.75	8.185
611.95	9.915
612.15	9.234
612.35	9.308
612.56	9.451
612.76	8.988
612.96	8.335
613.16	8.681
613.36	8.856
613.56	9.981
613.76	9.109
613.96	8.688
614.16	8.938
614.36	9.851
614.57	8.954
614.77	9.614
614.97	9.980
615.17	9.615
615.37	8.673
615.57	9.045
615.77	8.554
615.97	8.715
616.17	9.530
616.37	10.022
616.57	9.081
616.78	9.566
616.98	9.419
617.18	9.732
617.38	9.462
617.58	9.514
617.78	10.064
617.98	10.160
618.18	9.178
618.38	9.058
618.58	9.625
618.78	9.998
618.98	9.595
619.18	8.936
619.38	8.392
619.58	8.775
619.79	8.969
619.99	9.785
620.19	9.050
620.39	9.012
620.59	8.728
620.79	9.857
620.99	8.598
621.19	9.579
621.39	9.230
621.59	8.959
621.79	8.878
621.99	8.812
622.19	9.572
622.39	9.281
622.59	7.911
622.79	9.376
622.99	9.063
623.19	8.419
623.39	8.436
623.59	9.228
623.79	8.310
623.99	9.091
624.19	8.709
624.39	9.082
624.59	8.910
624.79	9.141
624.99	8.867
625.19	8.844
625.39	9.836
625.59	9.047
625.79	9.787
625.99	9.443
626.19	8.840
626.39	9.156
626.59	9.367
626.79	8.210
626.99	8.131
627.19	9.564
627.39	9.125
627.59	8.424
627.79	8.368
627.99	8.388
628.19	9.206
628.39	9.255
628.59	8.165
628.79	9.781
628.99	9.376
629.19	9.116
629.39	9.378
629.59	8.711
629.79	8.307
629.99	8.303
630.19	8.639
630.39	8.790
630.59	8.356
630.79	8.535
630.99	9.482
631.19	9.140
631.39	9.287
631.59	8.900
631.79	8.717
631.99	8.606
632.19	8.638
632.39	8.966
632.59	8.690
632.79	9.164
632.99	8.133
633.19	8.446
633.39	9.376
633.58	8.194
633.78	9.163
633.98	8.999
634.18	8.889
634.38	8.550
634.58	8.657
634.78	8.220
634.98	9.213
635.18	8.432
635.38	9.104
635.58	9.191
635.78	8.390
635.98	9.439
636.18	10.075
636.38	8.967
636.57	8.743
636.77	9.329
636.97	8.800
637.17	8.723
637.37	8.400
637.57	9.613
637.77	8.877
637.97	9.271
638.17	8.543
638.37	9.312
638.57	9.349
638.76	8.931
638.96	8.859
639.16	9.153
639.36	9.593
639.56	9.375
639.76	9.149
639.96	8.657
640.16	7.979
640.36	8.028
640.56	9.139
640.75	8.821
640.95	8.714
641.15	9.371
641.35	8.822
641.55	8.188
641.75	9.581
641.95	9.287
642.15	8.422
642.34	8.655
642.54	9.021
642.74	8.908
642.94	8.209
643.14	8.250
643.34	8.758
643.54	8.329
643.74	8.710
643.93	8.578
644.13	7.708
644.33	8.805
644.53	8.009
644.73	8.112
644.93	7.852
645.13	8.230
645.32	8.458
645.52	8.995
645.72	8.301
645.92	9.001
646.12	10.046
646.32	9.004
646.52	8.916
646.71	8.857
646.91	8.793
647.11	8.675
647.31	9.136
647.51	9.419
647.71	8.642
647.90	8.844
648.10	9.330
648.30	8.094
648.50	9.033
648.70	8.985
648.89	7.921
649.09	8.859
649.29	8.556
649.49	9.036
649.69	8.282
649.89	9.433
650.08	8.470
650.28	8.130
650.48	8.906
650.68	8.811
650.88	9.009
651.07	8.404
651.27	8.962
651.47	8.287
651.67	8.305
651.87	8.741
652.06	8.300
652.26	9.071
652.46	9.418
652.66	8.377
652.86	8.841
653.05	8.629
653.25	8.288
653.45	8.522
653.65	8.939
653.85	7.952
654.04	9.032
654.24	8.985
654.44	8.044
654.64	9.117
654.83	8.935
655.03	8.312
655.23	8.750
655.43	8.183
655.63	8.485
655.82	8.863
656.02	8.850
656.22	8.418
656.42	8.286
656.61	8.194
656.81	8.132
657.01	8.635
657.21	8.456
657.40	8.241
657.60	8.456
657.80	8.320
658.00	8.352
658.19	8.336
658.39	8.980
658.59	8.603
658.79	8.793
658.98	8.784
659.18	8.397
659.38	8.155
659.58	8.439
659.77	8.456
659.97	8.683
660.17	8.371
660.36	7.905
660.56	8.226
660.76	8.544
660.96	8.692
661.15	9.562
661.35	8.623
661.55	8.383
661.75	8.834
661.94	8.039
662.14	8.233
662.34	7.880
662.53	8.427
662.73	8.282
662.93	9.100
663.13	7.642
663.32	8.216
663.52	8.189
663.72	8.143
663.91	8.085
664.11	8.537
664.31	8.128
664.50	8.662
664.70	8.391
664.90	8.319
665.10	7.674
665.29	8.403
665.49	8.313
665.69	8.551
665.88	8.310
666.08	8.426
666.28	8.607
666.47	8.732
666.67	8.166
666.87	8.694
667.06	7.942
667.26	8.599
667.46	7.770
667.65	8.782
667.85	8.347
668.05	8.932
668.24	8.092
668.44	8.423
668.64	8.799
668.83	8.583
669.03	8.689
669.23	8.698
669.42	8.550
669.62	8.564
669.82	8.410
670.01	8.146
670.21	8.691
670.41	8.471
670.60	8.562
670.80	8.820
671.00	7.712
671.19	8.963
671.39	8.789
671.58	7.921
671.78	8.179
671.98	8.185
672.17	8.183
672.37	8.275
672.57	8.399
672.76	8.296
672.96	8.048
673.15	8.161
673.35	9.115
673.55	8.262
673.74	8.114
673.94	8.503
674.14	8.233
674.33	8.847
674.53	8.351
674.72	8.575
674.92	7.822
675.12	8.349
675.31	7.963
675.51	7.890
675.70	8.035
675.90	8.023
676.10	7.986
676.29	7.877
676.49	8.006
676.68	7.937
676.88	8.632
677.08	8.675
677.27	8.025
677.47	8.169
677.66	7.560
677.86	8.336
678.06	8.336
678.25	8.808
678.45	7.803
678.64	8.109
678.84	8.338
679.03	8.210
679.23	7.907
679.43	7.642
679.62	8.606
679.82	8.026
680.01	8.694
680.21	8.202
680.40	7.635
680.60	8.114
680.80	8.375
680.99	8.369
681.19	8.221
681.38	7.831
681.58	8.127
681.77	7.777
681.97	7.704
682.16	8.217
682.36	8.233
682.56	7.803
682.75	8.059
682.95	8.193
683.14	7.599
683.34	8.381
683.53	8.069
683.73	8.267
683.92	8.179
684.12	8.090
684.31	8.002
684.51	7.986
684.70	8.237
684.90	7.707
685.10	8.629
685.29	7.806
685.49	8.264
685.68	8.421
685.88	8.024
686.07	8.510
686.27	8.537
686.46	7.965
686.66	8.415
686.85	7.738
687.05	8.675
687.24	8.134
687.44	8.049
687.63	8.513
687.83	8.488
688.02	8.188
688.22	8.054
688.41	7.914
688.61	8.107
688.80	8.570
689.00	7.919
689.19	8.007
689.39	8.323
689.58	8.096
689.78	8.137
689.97	7.864
690.17	8.655
690.36	7.368
690.56	8.016
690.75	7.872
690.95	7.746
691.14	8.082
691.34	7.896
691.53	8.331
691.72	8.270
691.92	7.954
692.11	7.850
692.31	8.149
692.50	7.710
692.70	7.738
692.89	8.244
693.09	7.966
693.28	7.949
693.48	7.955
693.67	7.654
693.87	8.089
694.06	8.362
694.25	7.833
694.45	8.022
694.64	7.760
694.84	8.052
695.03	7.751
695.23	7.782
695.42	7.677
695.62	7.998
695.81	7.915
696.00	8.082
696.20	7.777
696.39	8.153
696.59	8.161
696.78	7.845
696.98	7.606
697.17	8.003
697.36	8.103
697.56	7.702
697.75	8.231
697.95	7.679
698.14	8.245
698.34	8.012
698.53	8.072
698.72	7.408
698.92	7.603
699.11	7.736
699.31	7.901
699.50	7.721
699.69	8.097
699.89	7.749
700.08	7.889
700.28	7.738
700.47	7.495
700.66	8.046
700.86	8.181
701.05	7.876
701.25	7.925
701.44	8.028
701.63	8.223
701.83	7.605
702.02	8.004
702.21	7.711
702.41	8.241
702.60	8.467
702.80	7.657
702.99	7.934
703.18	7.596
703.38	7.622
703.57	8.138
703.77	7.863
703.96	7.361
704.15	7.833
704.35	8.091
704.54	7.979
704.73	7.720
704.93	8.072
705.12	7.827
705.31	8.117
705.51	7.908
705.70	7.946
705.89	7.743
706.09	7.802
706.28	7.839
706.48	7.777
706.67	7.956
706.86	8.212
707.06	7.810
707.25	7.484
707.44	7.975
707.64	8.089
707.83	7.847
708.02	7.616
708.22	7.712
708.41	7.946
708.60	8.023
708.80	7.809
708.99	8.034
709.18	7.475
709.38	7.648
709.57	7.905
709.76	7.612
709.95	7.753
710.15	7.780
710.34	8.169
710.53	8.009
710.73	7.917
710.92	7.690
711.11	7.847
711.31	7.688
711.50	7.481
711.69	7.317
711.89	8.002
712.08	7.871
712.27	7.405
712.46	7.858
712.66	7.505
712.85	7.359
713.04	7.581
713.24	7.729
713.43	7.415
713.62	7.532
713.81	7.469
714.01	7.872
714.20	7.436
714.39	7.569
714.59	7.655
714.78	7.490
714.97	7.555
715.16	7.955
715.36	7.314
715.55	7.933
715.74	7.591
715.93	7.868
716.13	7.948
716.32	7.365
716.51	7.922
716.71	7.592
716.90	7.391
717.09	7.877
717.28	8.099
717.48	7.513
717.67	8.167
717.86	7.428
718.05	7.269
718.25	8.040
718.44	7.808
718.63	7.482
718.82	7.866
719.02	7.452
719.21	7.754
719.40	7.491
719.59	7.473
719.78	7.366
719.98	7.737
720.17	7.616
720.36	7.844
720.55	7.609
720.75	7.309
720.94	7.713
721.13	7.458
721.32	7.251
721.51	7.643
721.71	7.583
721.90	7.938
722.09	8.001
722.28	7.873
722.48	7.741
722.67	7.148
722.86	7.545
723.05	7.141
723.24	7.214
723.44	7.325
723.63	7.654
723.82	7.890
724.01	7.249
724.20	7.833
724.40	7.671
724.59	7.752
724.78	7.622
724.97	7.596
725.16	7.586
725.35	7.544
725.55	7.459
725.74	7.368
725.93	7.701
726.12	7.536
726.31	8.390
726.51	7.606
726.70	7.694
726.89	7.615
727.08	7.811
727.27	7.453
727.46	7.320
727.66	7.897
727.85	7.715
728.04	7.811
728.23	7.548
728.42	7.809
728.61	7.608
728.81	7.535
729.00	7.801
729.19	7.921
729.38	7.605
729.57	7.646
729.76	7.543
729.95	7.340
730.15	7.706
730.34	7.507
730.53	7.755
730.72	7.749
730.91	7.378
731.10	7.518
731.29	7.476
731.49	7.737
731.68	7.281
731.87	7.346
732.06	7.474
732.25	7.350
732.44	7.392
732.63	7.559
732.82	7.355
733.02	7.703
733.21	7.512
733.40	6.930
733.59	7.492
733.78	7.894
733.97	7.308
734.16	7.394
734.35	7.011
734.54	7.632
734.74	7.287
734.93	7.378
735.12	7.399
735.31	7.273
735.50	7.365
735.69	7.591
735.88	7.829
736.07	7.773
736.26	7.265
736.45	7.578
736.64	7.271
736.84	7.244
737.03	7.328
737.22	7.468
737.41	7.678
737.60	7.079
737.79	7.543
737.98	7.397
738.17	7.341
738.36	7.229
738.55	7.314
738.74	7.733
738.93	7.320
739.12	7.827
739.32	7.018
739.51	7.545
739.70	7.359
739.89	7.399
740.08	7.410
740.27	7.089
740.46	7.242
740.65	7.270
740.84	7.457
741.03	6.993
741.22	7.513
741.41	7.378
741.60	7.272
741.79	7.530
741.98	7.108
742.17	7.267
742.36	7.528
742.55	7.070
742.74	7.836
742.93	6.962
743.12	7.841
743.31	7.469
743.51	7.294
743.70	7.258
743.89	7.506
744.08	7.291
744.27	7.460
744.46	7.305
744.65	7.312
744.84	7.083
745.03	7.254
745.22	7.250
745.41	7.430
745.60	7.423
745.79	7.364
745.98	7.082
746.17	7.484
746.36	7.571
746.55	7.303
746.74	7.632
746.93	7.075
747.12	7.204
747.31	7.580
747.50	7.388
747.69	7.210
747.88	7.403
748.07	7.146
748.26	6.946
748.45	7.218
748.64	7.595
748.83	7.184
749.02	7.442
749.21	7.298
749.40	7.097
749.59	7.102
749.77	7.166
749.96	6.965
750.15	7.211
750.34	7.089
750.53	7.302
750.72	7.171
750.91	7.342
751.10	7.281
751.29	7.281
751.48	7.494
751.67	7.236
751.86	7.406
752.05	6.669
752.24	7.247
752.43	7.155
752.62	7.260
752.81	7.037
753.00	7.252
753.19	6.762
753.38	7.306
753.57	6.996
753.76	7.256
753.94	7.134
754.13	7.386
754.32	7.062
754.51	7.421
754.70	6.824
754.89	7.182
755.08	7.128
755.27	7.473
755.46	7.034
755.65	7.148
755.84	6.716
756.03	7.414
756.22	7.196
756.40	7.272
756.59	7.194
756.78	6.891
756.97	7.193
757.16	6.909
757.35	6.952
757.54	7.373
757.73	6.995
757.92	7.194
758.11	6.782
758.29	6.967
758.48	7.172
758.67	7.424
758.86	7.327
759.05	6.942
759.24	7.018
759.43	6.929
759.62	7.396
759.81	7.167
759.99	6.924
760.18	7.178
760.37	7.183
760.56	6.989
760.75	7.255
760.94	7.161
761.13	7.117
761.32	7.279
761.50	7.338
761.69	7.019
761.88	6.808
762.07	7.041
762.26	7.112
762.45	7.053
762.64	6.697
762.82	7.058
763.01	7.098
763.20	6.949
763.39	6.986
763.58	7.282
763.77	7.115
763.96	7.281
764.14	7.369
764.33	7.024
764.52	7.127
764.71	7.027
764.90	7.291
765.09	7.171
765.27	6.973
765.46	7.016
765.65	7.124
765.84	6.981
766.03	7.081
766.22	7.108
766.40	7.177
766.59	7.282
766.78	7.209
766.97	7.050
767.16	6.958
767.35	6.873
767.53	7.421
767.72	6.944
767.91	6.755
768.10	7.281
768.29	7.124
768.47	6.935
768.66	7.033
768.85	6.978
769.04	7.357
769.23	7.096
769.41	7.222
769.60	7.114
769.79	7.101
769.98	6.560
770.17	7.125
770.35	6.758
770.54	6.992
770.73	6.579
770.92	6.895
771.10	7.118
771.29	7.201
771.48	7.141
771.67	6.866
771.86	6.728
772.04	6.972
772.23	6.827
772.42	7.332
772.61	7.045
772.79	7.195
772.98	6.830
773.17	6.916
773.36	6.724
773.54	7.201
773.73	6.786
773.92	7.446
774.11	6.659
774.30	7.047
774.48	7.109
774.67	6.734
774.86	6.961
775.05	6.699
775.23	6.724
775.42	7.086
775.61	6.890
775.79	6.673
775.98	6.959
776.17	6.739
776.36	6.525
776.54	6.772
776.73	7.045
776.92	7.218
777.11	6.844
777.29	7.139
777.48	6.891
777.67	6.773
777.85	6.903
778.04	6.715
778.23	7.212
778.42	6.937
778.60	6.977
778.79	6.556
778.98	6.790
779.16	7.255
779.35	6.810
779.54	6.806
779.73	7.126
779.91	6.520
780.10	6.703
780.29	6.759
780.47	6.853
780.66	6.465
780.85	6.469
781.03	7.032
781.22	6.780
781.41	6.752
781.60	6.710
781.78	6.748
781.97	6.677
782.16	6.993
782.34	6.757
782.53	6.891
782.72	6.603
782.90	6.681
783.09	6.999
783.28	6.536
783.46	6.543
783.65	6.777
783.84	6.656
784.02	6.675
784.21	6.656
784.40	7.019
784.58	6.928
784.77	6.708
784.96	6.581
785.14	6.465
785.33	6.595
785.52	6.637
785.70	6.915
785.89	6.720
786.08	6.739
786.26	6.877
786.45	6.623
786.63	6.839
786.82	6.914
787.01	7.148
787.19	6.638
787.38	6.705
787.57	6.882
787.75	6.739
787.94	6.448
788.13	6.521
788.31	6.703
788.50	6.454
788.68	6.756
788.87	6.714
789.06	6.592
789.24	6.502
789.43	6.767
789.61	6.856
789.80	6.992
789.99	6.565
790.17	6.745
790.36	6.478
790.55	6.944
790.73	6.447
790.92	6.799
791.10	6.556
791.29	6.847
791.48	6.592
791.66	6.832
791.85	7.042
792.03	6.998
792.22	6.720
792.40	6.894
792.59	6.524
792.78	6.951
792.96	6.596
793.15	6.584
793.33	6.865
793.52	6.485
793.71	6.723
793.89	6.430
794.08	6.593
794.26	6.586
794.45	6.594
794.63	6.819
794.82	6.719
795.01	6.411
795.19	6.456
795.38	6.246
795.56	6.336
795.75	6.388
795.93	6.548
796.12	6.555
796.30	6.540
796.49	6.574
796.68	6.415
796.86	6.302
797.05	6.618
797.23	6.677
797.42	6.257
797.60	6.529
797.79	6.529
797.97	6.581
798.16	6.527
798.34	6.480
798.53	6.726
798.71	6.578
798.90	6.563
799.08	6.510
799.27	6.250
799.46	6.755
799.64	6.572
799.83	6.600
800.01	6.685
800.20	6.764
800.38	6.539
800.57	6.587
800.75	6.630
800.94	6.558
801.12	6.295
801.31	6.406
801.49	6.512
801.68	6.187
801.86	6.169
802.05	6.215
802.23	6.161
802.42	6.241
802.60	6.305
802.79	6.548
802.97	6.478
803.16	6.115
803.34	6.409
803.53	6.652
803.71	6.678
803.90	6.551
804.08	6.461
804.27	6.377
804.45	6.440
804.63	6.405
804.82	6.213
805.00	6.601
805.19	6.328
805.37	6.382
805.56	6.626
805.74	6.240
805.93	6.333
806.11	6.215
806.30	6.312
806.48	6.290
806.67	6.475
806.85	6.496
807.04	6.495
807.22	6.769
807.40	6.404
807.59	6.605
807.77	6.168
807.96	6.428
808.14	6.341
808.33	6.403
808.51	6.573
808.69	6.032
808.88	6.340
809.06	6.238
809.25	6.526
809.43	6.262
809.62	6.412
809.80	6.364
809.99	6.400
810.17	6.320
810.35	6.564
810.54	6.408
810.72	6.559
810.91	6.461
811.09	6.240
811.27	6.603
811.46	6.490
811.64	6.447
811.83	6.471
812.01	6.445
812.19	6.327
812.38	6.259
812.56	6.599
812.75	6.430
812.93	6.511
813.11	6.435
813.30	6.469
813.48	6.503
813.67	6.436
813.85	6.425
814.03	6.473
814.22	6.421
814.40	6.260
814.59	6.427
814.77	6.579
814.95	6.194
815.14	6.483
815.32	6.284
815.50	6.518
815.69	6.271
815.87	6.491
816.06	6.086
816.24	6.399
816.42	6.327
816.61	6.443
816.79	6.407
816.97	6.438
817.16	6.458
817.34	6.448
817.52	6.454
817.71	6.379
817.89	6.244
818.07	6.660
818.26	6.521
818.44	6.390
818.63	6.027
818.81	6.288
818.99	6.710
819.18	6.254
819.36	6.135
819.54	6.755
819.73	6.223
819.91	6.328
820.09	6.701
820.28	6.603
820.46	6.302
820.64	6.523
820.83	6.188
821.01	6.443
821.19	6.321
821.37	6.459
821.56	6.483
821.74	6.545
821.92	6.911
822.11	6.530
822.29	6.381
822.47	6.478
822.66	6.313
822.84	6.055
823.02	6.552
823.21	6.443
823.39	6.596
823.57	6.299
823.75	6.536
823.94	6.134
824.12	6.118
824.30	6.174
824.49	6.566
824.67	6.190
824.85	6.303
825.03	6.242
825.22	6.432
825.40	6.134
825.58	6.370
825.77	6.328
825.95	6.534
826.13	6.220
826.31	6.504
826.50	6.293
826.68	6.498
826.86	6.420
827.04	6.346
827.23	6.634
827.41	6.374
827.59	6.287
827.78	6.293
827.96	6.148
828.14	6.518
828.32	6.631
828.51	6.401
828.69	6.425
828.87	6.194
829.05	6.356
829.23	6.373
829.42	6.694
829.60	6.471
829.78	6.444
829.96	6.286
830.15	6.315
830.33	6.854
830.51	6.482
830.69	6.694
830.88	6.433
831.06	6.418
831.24	6.329
831.42	6.429
831.60	7.105
831.79	6.801
831.97	6.766
832.15	6.648
832.33	6.862
832.52	6.555
832.70	6.759
832.88	6.426
833.06	6.330
833.24	6.474
833.43	6.847
833.61	6.683
833.79	6.668
833.97	6.493
834.15	6.762
834.34	6.656
834.52	6.795
834.70	6.462
834.88	6.547
835.06	7.182
835.25	6.531
835.43	6.748
835.61	6.904
835.79	6.981
835.97	6.969
836.15	6.324
836.34	6.696
836.52	6.866
836.70	6.889
836.88	6.589
837.06	6.600
837.24	6.402
837.43	6.660
837.61	6.897
837.79	6.826
837.97	6.732
838.15	7.009
838.33	6.655
838.52	6.791
838.70	6.748
838.88	6.836
839.06	6.499
839.24	6.931
839.42	6.689
839.60	7.212
839.79	6.978
839.97	6.740
840.15	6.688
840.33	6.815
840.51	6.978
840.69	6.948
840.87	6.533
841.06	6.961
841.24	6.885
841.42	6.626
841.60	6.756
841.78	7.011
841.96	6.947
842.14	6.681
842.32	7.449
842.51	7.111
842.69	6.829
842.87	6.963
843.05	7.012
843.23	6.850
843.41	7.029
843.59	6.977
843.77	7.195
843.95	6.826
844.14	7.354
844.32	6.925
844.50	7.233
844.68	7.149
844.86	6.974
845.04	6.864
845.22	7.619
845.40	7.174
845.58	7.174
845.76	7.063
845.94	7.149
846.12	7.273
846.31	7.273
846.49	7.360
846.67	7.377
846.85	7.458
847.03	7.323
847.21	7.461
847.39	7.208
847.57	7.425
847.75	7.128
847.93	7.493
848.11	7.165
848.29	7.462
848.47	7.134
848.65	7.442
848.83	7.118
849.02	7.358
849.20	7.479
849.38	7.345
849.56	7.325
849.74	7.673
849.92	7.389
850.10	7.768
850.28	7.420
850.46	7.130
850.64	7.829
850.82	7.846
851.00	7.287
851.18	7.249
851.36	7.716
851.54	7.656
851.72	7.143
851.90	7.539
852.08	7.402
852.26	7.295
852.44	7.310
852.62	7.534
852.80	7.426
852.98	7.498
853.16	7.631
853.34	7.598
853.52	7.256
853.70	7.608
853.88	7.666
854.06	7.690
854.24	7.643
854.42	7.584
854.60	7.998
854.78	7.809
854.96	8.012
855.14	7.833
855.32	7.952
855.50	7.607
855.68	7.934
855.86	8.008
856.04	7.885
856.22	7.609
856.40	7.693
856.58	7.585
856.76	7.381
856.94	8.095
857.12	8.015
857.30	7.812
857.48	7.526
857.66	8.370
857.84	8.352
858.02	7.820
858.20	7.981
858.38	7.657
858.56	7.714
858.74	8.107
858.92	7.666
859.10	8.004
859.28	7.778
859.46	7.935
859.64	8.072
859.81	8.101
859.99	8.376
860.17	8.436
860.35	8.009
860.53	8.291
860.71	8.135
860.89	8.350
861.07	7.866
861.25	8.410
861.43	8.204
861.61	8.455
861.79	8.152
861.97	8.259
862.15	8.410
862.33	8.121
862.50	8.337
862.68	8.537
862.86	8.238
863.04	8.494
863.22	8.594
863.40	8.342
863.58	8.497
863.76	8.586
863.94	8.306
864.12	8.485
864.30	8.301
864.47	8.758
864.65	8.271
864.83	8.323
865.01	8.448
865.19	8.775
865.37	8.435
865.55	8.314
865.73	8.295
865.91	8.540
866.09	8.128
866.26	8.699
866.44	8.627
866.62	8.584
866.80	8.351
866.98	8.528
867.16	8.796
867.34	8.565
867.52	8.756
867.69	9.038
867.87	9.055
868.05	8.925
868.23	8.549
868.41	9.198
868.59	9.029
868.77	9.073
868.94	9.170
869.12	9.155
869.30	8.928
869.48	9.122
869.66	8.879
869.84	9.088
870.02	9.116
870.19	9.182
870.37	9.098
870.55	9.348
870.73	9.294
870.91	9.539
871.09	9.299
871.26	8.985
871.44	9.140
871.62	9.392
871.80	9.348
871.98	9.181
872.16	9.173
872.33	9.849
872.51	9.524
872.69	9.453
872.87	9.799
873.05	9.296
873.22	9.584
873.40	9.413
873.58	9.581
873.76	9.730
873.94	9.307
874.12	9.446
874.29	9.649
874.47	9.418
874.65	9.451
874.83	9.478
875.01	9.796
875.18	9.717
875.36	9.284
875.54	9.850
875.72	9.540
875.89	10.336
876.07	9.851
876.25	9.976
876.43	9.890
876.61	10.027
876.78	9.945
876.96	10.070
877.14	10.364
877.32	9.983
877.49	10.007
877.67	9.733
877.85	10.286
878.03	10.154
878.21	9.978
878.38	9.966
878.56	10.402
878.74	10.213
878.92	10.121
879.09	10.307
879.27	10.451
879.45	10.164
879.63	10.480
879.80	10.284
879.98	10.044
880.16	10.533
880.34	10.081
880.51	10.161
880.69	10.304
880.87	10.221
881.05	10.537
881.22	10.338
881.40	9.957
881.58	10.347
881.75	10.102
881.93	10.232
882.11	10.412
882.29	10.326
882.46	10.378
882.64	10.542
882.82	9.953
883.00	10.111
883.17	10.272
883.35	10.413
883.53	10.356
883.70	9.967
883.88	9.840
884.06	9.981
884.23	10.168
884.41	10.304
884.59	10.431
884.77	10.224
884.94	10.515
885.12	10.270
885.30	10.067
885.47	10.086
885.65	10.358
885.83	9.972
886.00	10.215
886.18	10.666
886.36	10.670
886.53	10.234
886.71	10.272
886.89	10.426
887.07	10.359
887.24	10.534
887.42	10.565
887.60	10.538
887.77	10.667
887.95	10.269
888.13	10.667
888.30	10.581
888.48	10.772
888.66	11.007
888.83	10.571
889.01	10.158
889.18	10.265
889.36	10.743
889.54	10.585
889.71	10.350
889.89	10.555
890.07	10.800
890.24	10.659
890.42	10.434
890.60	10.563
890.77	10.417
890.95	10.680
891.13	10.233
891.30	10.639
891.48	10.750
891.65	10.701
891.83	10.819
892.01	10.421
892.18	10.487
892.36	10.497
892.54	10.384
892.71	10.400
892.89	10.624
893.06	10.394
893.24	10.622
893.42	10.574
893.59	10.328
893.77	10.527
893.94	10.468
894.12	10.817
894.30	10.387
894.47	10.462
894.65	10.630
894.82	10.565
895.00	10.350
895.18	10.509
895.35	10.701
895.53	10.722
895.70	10.777
895.88	10.620
896.06	10.765
896.23	10.719
896.41	10.784
896.58	10.526
896.76	10.840
896.93	10.576
897.11	10.704
897.29	10.728
897.46	11.033
897.64	10.674
897.81	11.248
897.99	10.838
898.16	10.663
898.34	10.778
898.52	11.012
898.69	10.662
898.87	11.246
899.04	10.969
899.22	11.011
899.39	11.341
899.57	11.166
899.74	11.044
899.92	11.002
900.10	10.834
900.27	11.180
900.45	10.921
900.62	11.140
900.80	10.874
900.97	10.921
901.15	10.829
901.32	10.996
901.50	10.813
901.67	10.790
901.85	10.972
902.02	10.724
902.20	11.187
902.37	11.041
902.55	10.801
902.72	11.227
902.90	11.329
903.07	10.715
903.25	11.197
903.43	10.746
903.60	11.002
903.78	11.417
903.95	11.380
904.13	11.332
904.30	10.895
904.48	11.087
904.65	10.917
904.83	11.024
905.00	11.091
905.17	11.084
905.35	11.264
905.52	11.162
905.70	11.305
905.87	11.166
906.05	11.015
906.22	11.172
906.40	11.394
906.57	11.485
906.75	10.944
906.92	11.610
907.10	10.919
907.27	11.215
907.45	10.860
907.62	11.484
907.80	11.216
907.97	11.440
908.15	11.461
908.32	11.465
908.49	11.102
908.67	11.090
908.84	11.473
909.02	11.497
909.19	11.518
909.37	11.448
909.54	11.286
909.72	11.384
909.89	11.708
910.07	11.410
910.24	11.439
910.41	11.359
910.59	11.398
910.76	11.244
910.94	11.502
911.11	11.214
911.29	11.237
911.46	11.356
911.63	11.221
911.81	11.746
911.98	11.116
912.16	11.405
912.33	11.614
912.50	11.196
912.68	11.353
912.85	11.558
913.03	11.342
913.20	11.312
913.38	11.487
913.55	11.985
913.72	11.886
913.90	11.713
914.07	11.780
914.25	11.531
914.42	11.548
914.59	11.435
914.77	11.174
914.94	11.363
915.11	11.546
915.29	11.785
915.46	11.425
915.64	12.099
915.81	11.601
915.98	11.660
916.16	11.899
916.33	11.839
916.51	11.801
916.68	11.425
916.85	11.703
917.03	12.031
917.20	11.525
917.37	11.695
917.55	11.799
917.72	11.772
917.89	11.850
918.07	11.727
918.24	11.669
918.42	11.398
918.59	11.893
918.76	11.927
918.94	11.700
919.11	11.691
919.28	11.536
919.46	11.930
919.63	11.916
919.80	11.818
919.98	11.601
920.15	11.435
920.32	12.271
920.50	12.026
920.67	12.129
920.84	11.707
921.02	11.698
921.19	12.045
921.36	11.880
921.54	11.341
921.71	11.877
921.88	11.704
922.06	12.287
922.23	11.595
922.40	11.582
922.57	11.843
922.75	11.891
922.92	11.786
923.09	12.021
923.27	11.877
923.44	11.909
923.61	11.849
923.79	11.901
923.96	12.207
924.13	11.881
924.30	12.219
924.48	12.354
924.65	11.869
924.82	11.671
925.00	11.954
925.17	12.141
925.34	12.257
925.51	11.753
925.69	11.740
925.86	12.303
926.03	12.330
926.21	12.260
926.38	12.108
926.55	12.096
926.72	11.752
926.90	12.075
927.07	11.838
927.24	11.382
927.41	12.046
927.59	12.069
927.76	12.045
927.93	11.908
928.10	11.727
928.28	11.589
928.45	12.101
928.62	12.198
928.79	12.210
928.97	11.830
929.14	12.291
929.31	12.024
929.48	11.923
929.66	12.122
929.83	12.166
930.00	11.479
930.17	11.852
930.34	12.118
930.52	11.724
930.69	12.030
930.86	11.946
931.03	11.788
931.21	12.061
931.38	12.287
931.55	11.758
931.72	11.765
931.89	11.823
932.07	11.876
932.24	11.952
932.41	11.733
932.58	11.670
932.75	12.032
932.93	12.056
933.10	11.659
933.27	11.628
933.44	11.849
933.61	11.713
933.79	11.787
933.96	11.944
934.13	11.868
934.30	12.060
934.47	12.079
934.65	12.244
934.82	12.000
934.99	11.926
935.16	12.385
935.33	11.712
935.50	11.892
935.68	12.014
935.85	11.958
936.02	11.962
936.19	12.228
936.36	12.446
936.53	12.235
936.71	11.994
936.88	12.028
937.05	12.191
937.22	12.437
937.39	12.389
937.56	12.180
937.74	11.891
937.91	12.541
938.08	12.076
938.25	11.955
938.42	12.340
938.59	11.964
938.76	12.363
938.94	12.172
939.11	12.246
939.28	12.559
939.45	11.928
939.62	11.740
939.79	12.523
939.96	11.840
940.13	11.996
940.31	12.226
940.48	11.881
940.65	11.600
940.82	12.322
940.99	11.853
941.16	12.253
941.33	11.732
941.50	11.907
941.67	11.948
941.85	11.936
942.02	11.859
942.19	11.507
942.36	11.969
942.53	11.739
942.70	11.728
942.87	11.623
943.04	11.697
943.21	12.710
943.38	11.242
943.56	11.602
943.73	11.905
943.90	11.891
944.07	12.320
944.24	12.007
944.41	11.858
944.58	12.073
944.75	11.997
944.92	12.389
945.09	11.472
945.26	11.506
945.43	12.374
945.60	11.888
945.78	11.769
945.95	11.513
946.12	11.309
946.29	11.596
946.46	11.335
946.63	11.822
946.80	11.571
946.97	11.287
947.14	11.652
947.31	12.036
947.48	11.617
947.65	11.607
947.82	12.126
947.99	11.543
948.16	11.719
948.33	11.545
948.50	11.953
948.67	12.167
948.84	11.407
949.01	11.907
949.18	12.145
949.35	11.790
949.52	12.124
949.69	12.103
949.86	12.197
950.03	11.905
950.20	12.361
950.38	12.188
950.55	12.045
950.72	12.601
950.89	12.382
951.06	12.000
951.23	12.439
951.40	12.128
951.57	12.433
951.74	11.882
951.91	12.070
952.08	11.891
952.25	12.253
952.42	11.624
952.59	11.973
952.76	11.821
952.92	11.679
953.09	12.139
953.26	12.063
953.43	12.435
953.60	12.334
953.77	11.814
953.94	12.072
954.11	12.136
954.28	12.093
954.45	11.744
954.62	12.024
954.79	11.468
954.96	11.752
955.13	11.575
955.30	11.599
955.47	11.884
955.64	11.802
955.81	12.414
955.98	11.902
956.15	12.011
956.32	12.170
956.49	11.572
956.66	11.961
956.83	12.430
957.00	11.554
957.17	11.771
957.33	11.904
957.50	11.642
957.67	11.595
957.84	11.811
958.01	12.029
958.18	11.677
958.35	11.508
958.52	11.984
958.69	11.146
958.86	11.563
959.03	11.529
959.20	11.616
959.37	11.649
959.53	11.223
959.70	11.237
959.87	11.445
960.04	11.411
960.21	11.304
960.38	11.353
960.55	11.809
960.72	12.216
960.89	11.739
961.06	11.401
961.23	11.467
961.39	11.560
961.56	11.720
961.73	12.201
961.90	11.586
962.07	11.509
962.24	11.431
962.41	11.493
962.58	12.127
962.75	11.754
962.91	11.314
963.08	11.492
963.25	11.808
963.42	11.365
963.59	11.904
963.76	11.369
963.93	11.542
964.09	11.448
964.26	11.288
964.43	11.928
964.60	11.521
964.77	11.577
964.94	11.606
965.11	11.691
965.27	11.285
965.44	11.807
965.61	11.170
965.78	12.003
965.95	11.401
966.12	12.002
966.29	11.336
966.45	11.623
966.62	11.569
966.79	11.484
966.96	11.419
967.13	11.451
967.30	11.151
967.46	11.545
967.63	11.349
967.80	11.191
967.97	11.544
968.14	11.452
968.30	11.161
968.47	10.977
968.64	12.562
968.81	11.563
968.98	11.402
969.15	11.546
969.31	12.122
969.48	11.599
969.65	11.074
969.82	11.518
969.99	10.542
970.15	12.201
970.32	10.571
970.49	11.951
970.66	11.397
970.82	11.570
970.99	11.039
971.16	11.667
971.33	11.167
971.50	11.098
971.66	11.810
971.83	11.620
972.00	10.810
972.17	11.319
972.34	10.773
972.50	11.503
972.67	11.799
972.84	11.603
973.01	11.189
973.17	11.608
973.34	11.141
973.51	11.457
973.68	11.736
973.84	10.855
974.01	11.534
974.18	10.990
974.35	10.936
974.51	11.602
974.68	11.392
974.85	11.346
975.02	10.936
975.18	11.423
975.35	11.116
975.52	11.144
975.69	10.755
975.85	11.539
976.02	11.697
976.19	11.110
976.36	11.932
976.52	12.057
976.69	11.584
976.86	11.157
977.02	11.350
977.19	11.660
977.36	10.326
977.53	12.315
977.69	11.946
977.86	11.887
978.03	11.035
978.19	12.444
978.36	11.475
978.53	11.804
978.70	12.005
978.86	11.932
979.03	11.913
979.20	11.898
979.36	11.670
979.53	11.864
979.70	11.872
979.86	11.390
980.03	12.220
980.20	11.546
980.36	11.663
980.53	11.976
980.70	11.493
980.86	11.706
981.03	11.929
981.20	11.820
981.36	11.622
981.53	12.371
981.70	12.380
981.86	11.613
982.03	12.391
982.20	12.115
982.36	11.778
982.53	11.398
982.70	12.147
982.86	12.082
983.03	11.843
983.20	12.735
983.36	12.284
983.53	11.779
983.70	11.915
983.86	11.787
984.03	11.451
984.20	11.413
984.36	12.890
984.53	11.926
984.70	11.981
984.86	11.121
985.03	11.844
985.19	11.842
985.36	11.902
985.53	11.947
985.69	11.687
985.86	12.497
986.03	11.898
986.19	12.294
986.36	11.654
986.52	11.557
986.69	10.930
986.86	12.311
987.02	12.175
987.19	11.931
987.35	11.595
987.52	12.009
987.69	11.695
987.85	11.610
988.02	11.777
988.18	12.266
988.35	11.681
988.52	11.817
988.68	11.680
988.85	12.113
989.01	12.615
989.18	12.140
989.35	11.637
989.51	11.960
989.68	12.410
989.84	12.516
990.01	12.453
990.17	12.566
990.34	12.013
990.51	12.070
990.67	12.563
990.84	12.878
991.00	11.875
991.17	12.304
991.33	12.251
991.50	12.286
991.66	11.944
991.83	11.741
992.00	12.016
992.16	12.392
992.33	11.553
992.49	12.219
992.66	12.223
992.82	11.830
992.99	11.613
993.15	12.069
993.32	11.583
993.48	11.864
993.65	12.685
993.82	11.539
993.98	12.611
994.15	12.692
994.31	12.600
994.48	12.904
994.64	12.426
994.81	13.207
994.97	12.511
995.14	12.905
995.30	12.977
995.47	12.483
995.63	12.687
995.80	12.147
995.96	12.660
996.13	13.285
996.29	12.973
996.46	12.471
996.62	11.087
996.79	11.735
996.95	12.290
997.12	13.017
997.28	12.665
997.45	12.594
997.61	12.472
997.78	13.045
997.94	12.355
998.11	12.322
998.27	12.823
998.44	11.923
998.60	12.928
998.77	11.532
998.93	12.806
999.10	13.834
999.26	12.879
999.43	11.933
999.59	11.869
999.75	12.388
999.92	13.516
1000.08	12.381
1000.25	12.415
1000.41	14.184
1000.58	13.550
1000.74	13.220
1000.91	13.079
1001.07	13.236
1001.24	13.273
1001.40	12.730
1001.56	12.829
1001.73	12.451
1001.89	12.829
1002.06	12.885
1002.22	12.422
1002.39	12.886
1002.55	12.514
1002.71	12.159
1002.88	13.015
1003.04	13.186
1003.21	12.861
1003.37	12.281
1003.54	12.623
1003.70	12.347
1003.86	12.974
1004.03	13.765
1004.19	13.126
1004.36	14.029
1004.52	13.955
1004.68	12.527
1004.85	11.920
1005.01	13.760
1005.18	13.155
1005.34	13.484
1005.50	12.927
1005.67	12.004
1005.83	12.639
1006.00	14.698
1006.16	13.655
1006.32	14.337
1006.49	13.851
1006.65	12.979
1006.82	12.466
1006.98	13.958
1007.14	13.628
1007.31	13.556
1007.47	11.579
1007.63	14.440
1007.80	13.773
1007.96	13.386
1008.13	14.906
1008.29	13.212
1008.45	13.733
1008.62	14.738
1008.78	13.804
1008.94	14.266
1009.11	13.728
1009.27	13.724
1009.43	15.425
1009.60	12.616
1009.76	13.113
1009.92	13.720
1010.09	13.635
1010.25	14.710
1010.42	14.689
1010.58	13.700
1010.74	15.136
1010.91	13.837
1011.07	13.300
1011.23	14.494
1011.40	13.359
1011.56	15.325
1011.72	15.120
1011.89	14.953
1012.05	13.515
1012.21	13.823
1012.37	12.943
1012.54	13.206
1012.70	14.852
1012.86	13.100
1013.03	14.892
1013.19	14.192
1013.35	13.913
1013.52	14.306
1013.68	12.977
1013.84	15.505
1014.01	13.838
1014.17	15.885
1014.33	13.585
1014.49	13.648
1014.66	13.667
1014.82	15.689
1014.98	16.038
1015.15	13.652
1015.31	14.521
1015.47	13.941
1015.63	17.791
1015.80	13.313
1015.96	16.013
1016.12	13.788
1016.29	14.659
1016.45	14.331
1016.61	15.817
1016.77	15.332
1016.94	14.831
1017.10	13.121
1017.26	14.239
1017.42	16.399
1017.59	12.867
1017.75	14.505
1017.91	13.427
1018.07	16.369
1018.24	15.864
1018.40	14.608
1018.56	16.276
1018.72	16.798
1018.89	15.727
1019.05	16.190
1019.21	13.014
1019.37	14.886
1019.54	16.683
1019.70	16.261
1019.86	13.935
1020.02	14.128
1020.19	14.293
1020.35	14.872
1020.51	16.965
1020.67	16.821
1020.83	16.523
1021.00	17.817
1021.16	17.490
1021.32	11.466
1021.48	14.501
1021.64	17.043
1021.81	15.868
1021.97	17.906
1022.13	19.637
1022.29	15.976
1022.45	16.769
1022.62	18.931
1022.78	16.076
1022.94	15.578
1023.10	18.024
1023.26	16.899
1023.43	17.571
1023.59	18.422
1023.75	14.138
1023.91	15.826
1024.07	19.306
1024.24	18.055
1024.40	18.990
1024.56	20.026
1024.72	17.006
1024.88	17.424
1025.04	18.420
1025.21	16.195
1025.37	18.324
1025.53	19.769
1025.69	17.631
1025.85	18.696
1026.01	20.447
1026.18	19.154
1026.34	19.388
1026.50	21.993
1026.66	19.271
1026.82	24.144
1026.98	18.775
1027.14	17.521
1027.31	19.261
1027.47	20.001
1027.63	21.548
1027.79	22.346
1027.95	20.738
1028.11	22.409
1028.27	17.638
1028.44	20.017
1028.60	21.696
1028.76	18.557
1028.92	18.773
1029.08	22.616
1029.24	24.956
1029.40	24.584
1029.56	22.537
1029.73	24.089
1029.89	25.562
1030.05	20.057
1030.21	25.919
1030.37	16.331
1030.53	23.311
1030.69	21.850
1030.85	23.939
1031.01	26.250
1031.17	26.802
1031.34	26.735
1031.50	21.588
1031.66	20.784
1031.82	18.122
1031.98	25.266
1032.14	22.374
1032.30	22.784
1032.46	26.449
1032.62	20.967
1032.78	22.262
1032.94	25.217
1033.10	24.821
1033.27	27.162
1033.43	29.071
1033.59	29.520
1033.75	29.608
1033.91	28.681
1034.07	27.562
1034.23	25.325
1034.39	26.605
1034.55	29.680
1034.71	25.076
1034.87	29.491
1035.03	23.878
1035.19	29.214
1035.35	31.920
1035.51	37.540
1035.67	17.842
1035.83	35.231
1035.99	29.453
1036.16	29.250
1036.32	30.830
1036.48	29.499
1036.64	37.752
1036.80	30.516
1036.96	31.025
1037.12	26.836
1037.28	35.003
1037.44	28.161
1037.60	33.464
1037.76	26.437
1037.92	37.157
1038.08	27.812
1038.24	37.477
1038.40	34.321
1038.56	39.924
1038.72	36.058
1038.88	23.896
1039.04	39.910
1039.20	32.753
1039.36	50.620
1039.52	48.351
1039.68	31.649
1039.84	46.722
1040.00	45.087
1040.16	53.705
1040.32	49.256
1040.48	56.877
1040.64	42.950
1040.80	63.889
1040.96	55.399
1041.12	57.644
1041.28	55.008
1041.44	51.280
1041.60	57.097
1041.76	60.909
1041.92	55.096
1042.08	51.669
1042.24	58.218
1042.39	75.249
1042.55	63.490
1042.71	48.495
1042.87	68.572
1043.03	73.838
1043.19	70.526
