345.44	2.432
345.66	2.432
345.88	2.432
346.10	-2.752
346.31	-2.541
346.53	2.428
346.75	-3.555
346.97	8.823
347.19	3.829
347.41	-4.024
347.63	-2.591
347.85	-2.391
348.07	-3.892
348.29	-1.196
348.51	5.170
348.73	1.168
348.95	-3.140
349.17	-1.004
349.39	-0.469
349.61	2.180
349.83	4.142
350.05	3.093
350.27	1.428
350.49	3.748
350.71	-7.946
350.93	1.740
351.15	-6.065
351.37	-9.731
351.59	-0.940
351.80	3.953
352.02	3.286
352.24	1.364
352.46	-3.400
352.68	0.627
352.90	-5.305
353.12	1.084
353.34	-5.589
353.56	-0.306
353.78	-3.945
354.00	1.300
354.22	0.452
354.44	-1.053
354.66	0.895
354.88	3.417
355.09	-5.084
355.31	-1.536
355.53	-4.275
355.75	1.802
355.97	-6.306
356.19	-0.424
356.41	-2.666
356.63	-3.125
356.85	-3.609
357.07	-7.153
357.29	5.547
357.50	2.196
357.72	-5.927
357.94	2.628
358.16	1.382
358.38	-5.384
358.60	-9.024
358.82	-4.306
359.04	-0.303
359.26	-0.305
359.48	-1.735
359.69	1.207
359.91	-1.378
360.13	-6.677
360.35	-2.533
360.57	-1.223
360.79	-2.773
361.01	5.691
361.23	-0.298
361.45	-4.811
361.66	-6.845
361.88	-4.610
362.10	-4.348
362.32	4.611
362.54	0.139
362.76	-1.917
362.98	-0.600
363.20	1.108
363.41	-3.115
363.63	3.298
363.85	-2.752
364.07	-0.800
364.29	-1.072
364.51	-5.287
364.73	-5.089
364.94	-0.000
365.16	0.904
365.38	-3.067
365.60	-2.694
365.82	-1.553
366.04	-5.000
366.26	-2.038
366.47	-1.406
366.69	3.338
366.91	-2.531
367.13	-5.319
367.35	-1.108
367.57	-6.031
367.79	-9.348
368.00	-6.396
368.22	-5.472
368.44	-0.146
368.66	-0.280
368.88	-3.840
369.10	-5.927
369.31	-1.486
369.53	-5.120
369.75	1.345
369.97	-3.697
370.19	0.568
370.41	3.994
370.62	-4.503
370.84	3.231
371.06	-3.949
371.28	-8.095
371.50	-1.395
371.71	-1.594
371.93	1.028
372.15	3.146
372.37	-9.118
372.59	-1.721
372.80	0.472
373.02	-3.846
373.24	3.970
373.46	-6.984
373.68	-4.910
373.90	-1.333
374.11	-5.384
374.33	4.604
374.55	-1.366
374.77	7.954
374.98	-1.074
375.20	-2.015
375.42	2.694
375.64	2.831
375.86	-6.912
376.07	-12.144
376.29	-0.301
376.51	2.121
376.73	3.342
376.95	2.605
377.16	-0.145
377.38	-0.734
377.60	2.765
377.82	-1.534
378.03	-2.454
378.25	2.171
378.47	0.910
378.69	-0.000
378.91	8.295
379.12	-4.223
379.34	-8.333
379.56	0.430
379.78	0.727
379.99	-1.991
380.21	2.424
380.43	7.320
380.65	-11.700
380.86	2.670
381.08	0.615
381.30	-4.503
381.52	3.102
381.73	-4.245
381.95	-1.189
382.17	0.441
382.39	-7.491
382.60	3.230
382.82	-1.938
383.04	-3.969
383.26	0.159
383.47	-3.384
383.69	-5.082
383.91	-5.501
384.13	1.873
384.34	0.730
384.56	1.700
384.78	-3.246
385.00	-0.882
385.21	1.043
385.43	2.003
385.65	-0.633
385.86	-5.193
386.08	0.445
386.30	2.507
386.52	-7.826
386.73	-0.624
386.95	-0.971
387.17	-3.976
387.38	-2.006
387.60	0.737
387.82	-2.097
388.04	-4.214
388.25	-2.240
388.47	-1.466
388.69	-4.713
388.90	-2.549
389.12	4.378
389.34	-1.229
389.56	-3.522
389.77	0.926
389.99	3.338
390.21	-1.997
390.42	0.148
390.64	-4.018
390.86	-5.657
391.07	-0.933
391.29	-4.843
391.51	1.697
391.72	-2.612
391.94	2.624
392.16	-2.572
392.38	-5.614
392.59	-0.889
392.81	-2.522
393.03	-3.200
393.24	0.595
393.46	-3.817
393.68	-4.976
393.89	3.806
394.11	-8.137
394.33	-2.731
394.54	0.755
394.76	0.590
394.98	4.545
395.19	-0.425
395.41	-3.939
395.63	0.450
395.84	-7.886
396.06	-2.287
396.28	3.582
396.49	3.419
396.71	2.059
396.93	-7.395
397.14	-3.186
397.36	2.778
397.57	1.001
397.79	1.664
398.01	-0.916
398.22	-0.773
398.44	-8.225
398.66	1.550
398.87	-4.724
399.09	-6.209
399.31	0.919
399.52	-4.451
399.74	-2.144
399.96	-0.302
400.17	1.967
400.39	-0.312
400.60	-7.894
400.82	0.926
401.04	-0.000
401.25	-8.823
401.47	-5.246
401.69	-2.203
401.90	-0.875
402.12	-2.409
402.33	-5.863
402.55	0.455
402.77	-0.147
402.98	-0.601
403.20	-2.727
403.41	3.773
403.63	-4.762
403.85	-1.089
404.06	-0.467
404.28	-3.200
404.49	-11.538
404.71	-3.571
404.93	9.469
405.14	-4.594
405.36	-5.312
405.57	4.678
405.79	-9.888
406.01	-1.192
406.22	1.578
406.44	-2.147
406.65	-1.460
406.87	-0.901
407.09	-7.258
407.30	-2.972
407.52	-6.885
407.73	-4.800
407.95	1.067
408.17	-3.931
408.38	0.775
408.60	-4.179
408.81	-1.053
409.03	1.815
409.24	6.515
409.46	-4.552
409.68	-10.440
409.89	3.631
410.11	-5.229
410.32	-5.050
410.54	1.376
410.75	5.795
410.97	2.086
411.18	-3.817
411.40	2.526
411.62	-5.360
411.83	-3.698
412.05	2.286
412.26	-1.133
412.48	0.431
412.69	2.402
412.91	-3.405
413.12	-7.846
413.34	-4.120
413.56	-2.798
413.77	0.610
413.99	6.003
414.20	-3.924
414.42	-5.357
414.63	-5.503
414.85	-6.270
415.06	1.410
415.28	0.478
415.49	5.007
415.71	-2.340
415.92	1.515
416.14	-4.166
416.35	4.524
416.57	2.936
416.79	-5.598
417.00	2.799
417.22	0.882
417.43	-1.570
417.65	-5.296
417.86	-5.343
418.08	-4.313
418.29	1.791
418.51	-8.899
418.72	-1.657
418.94	-3.182
419.15	-4.200
419.37	-5.714
419.58	-2.627
419.80	-2.216
420.01	2.730
420.23	-2.423
420.44	-3.120
420.66	-3.211
420.87	2.496
421.09	-5.077
421.30	-7.833
421.52	-1.504
421.73	1.248
421.95	-5.864
422.16	-0.460
422.38	-2.194
422.59	-8.974
422.81	-0.307
423.02	2.731
423.23	-2.154
423.45	-4.400
423.66	-4.946
423.88	2.655
424.09	1.899
424.31	-3.365
424.52	-2.187
424.74	-9.476
424.95	-2.290
425.17	-6.356
425.38	-4.930
425.60	0.310
425.81	-6.132
426.03	-9.752
426.24	-1.982
426.45	-2.748
426.67	-4.006
426.88	-6.518
427.10	3.130
427.31	-3.381
427.53	-2.304
427.74	-0.000
427.96	-0.152
428.17	-4.313
428.39	2.118
428.60	2.108
428.81	1.168
429.03	-7.037
429.24	-8.912
429.46	-11.219
429.67	-2.159
429.89	-7.692
430.10	-1.768
430.31	0.595
430.53	-4.006
430.74	-1.545
430.96	-2.083
431.17	-3.680
431.39	4.792
431.60	3.379
431.81	3.220
432.03	-2.765
432.24	-8.774
432.46	4.906
432.67	-1.746
432.89	-3.577
433.10	-6.187
433.31	3.030
433.53	-4.186
433.74	-2.694
433.96	-5.097
434.17	-6.320
434.38	-0.649
434.60	-7.534
434.81	-3.361
435.03	-1.538
435.24	-3.497
435.45	3.603
435.67	-6.239
435.88	4.334
436.10	-3.955
436.31	-0.926
436.52	-7.179
436.74	3.001
436.95	-10.945
437.17	-10.339
437.38	-2.839
437.59	2.576
437.81	3.928
438.02	-0.969
438.23	3.488
438.45	-4.332
438.66	-1.435
438.88	-3.252
439.09	1.248
439.30	-10.303
439.52	-2.548
439.73	-5.396
439.94	-3.306
440.16	2.031
440.37	-2.308
440.58	-0.320
440.80	2.572
441.01	-8.391
441.23	-5.026
441.44	-7.718
441.65	-4.409
441.87	-0.307
442.08	-11.110
442.29	-5.490
442.51	-3.486
442.72	0.453
442.93	-3.820
443.15	-6.510
443.36	-2.458
443.57	-2.365
443.79	-7.350
444.00	0.969
444.21	-9.122
444.43	-3.494
444.64	-7.812
444.85	-4.208
445.07	-4.348
445.28	-10.630
445.49	3.466
445.71	-12.417
445.92	-8.153
446.13	-6.854
446.35	-8.749
446.56	-1.068
446.77	-13.767
446.99	-7.329
447.20	-2.810
447.41	-4.078
447.63	-6.386
447.84	1.280
448.05	-4.146
448.27	-9.803
448.48	-5.175
448.69	-8.928
448.90	-7.789
449.12	-9.347
449.33	-3.663
449.54	-2.618
449.76	-5.481
449.97	-10.393
450.18	-9.789
450.40	-6.196
450.61	-4.800
450.82	-1.165
451.03	-13.371
451.25	-9.464
451.46	-13.799
451.67	-8.084
451.89	-8.125
452.10	-0.795
452.31	-12.388
452.52	-10.137
452.74	-11.821
452.95	-10.070
453.16	-6.525
453.38	-7.651
453.59	-8.406
453.80	-12.075
454.01	-13.058
454.23	-3.467
454.44	-5.871
454.65	-7.894
454.86	-1.367
455.08	-7.142
455.29	-11.848
455.50	-12.185
455.71	-5.479
455.93	-6.996
456.14	-11.497
456.35	-5.565
456.56	-13.066
456.78	-5.507
456.99	-14.061
457.20	-8.632
457.41	-10.251
457.63	-5.643
457.84	-13.635
458.05	-12.645
458.26	-4.606
458.48	-5.785
458.69	-10.363
458.90	-15.203
459.11	-0.179
459.33	-4.512
459.54	-3.405
459.75	-8.022
459.96	-19.449
460.18	-13.925
460.39	-20.361
460.60	-11.089
460.81	-15.369
461.02	-12.451
461.24	-6.462
461.45	-22.176
461.66	-8.918
461.87	-15.414
462.09	-13.332
462.30	-8.597
462.51	-12.189
462.72	-6.998
462.93	-8.221
463.15	-3.473
463.36	-11.730
463.57	-6.908
463.78	-7.386
463.99	-16.298
464.21	-10.038
464.42	-15.713
464.63	-9.494
464.84	-14.255
465.05	-20.795
465.27	-14.225
465.48	-17.255
465.69	-7.692
465.90	-18.466
466.11	-7.628
466.33	-3.307
466.54	-16.518
466.75	-18.299
466.96	-21.039
467.17	-6.299
467.38	-15.811
467.60	-12.746
467.81	-1.053
468.02	-26.546
468.23	-16.951
468.44	-21.894
468.65	-15.010
468.87	-16.629
469.08	-15.765
469.29	-16.879
469.50	-18.314
469.71	-19.005
469.92	-14.892
470.14	-18.499
470.35	-22.909
470.56	-28.568
470.77	-25.597
470.98	-17.481
471.19	-24.874
471.41	-19.699
471.62	-15.907
471.83	-30.218
472.04	-23.587
472.25	-27.553
472.46	-23.023
472.67	-21.064
472.89	-20.950
473.10	-11.696
473.31	-17.389
473.52	-17.365
473.73	-22.504
473.94	-33.226
474.15	-27.976
474.37	-33.329
474.58	-29.790
474.79	-32.915
475.00	-20.383
475.21	-28.753
475.42	-14.920
475.63	-28.280
475.84	-21.244
476.06	-23.232
476.27	-31.854
476.48	-31.761
476.69	-28.245
476.90	-31.718
477.11	-17.086
477.32	-28.019
477.53	-44.218
477.74	-32.700
477.96	-36.388
478.17	-49.380
478.38	-29.717
478.59	-43.169
478.80	-22.147
479.01	-32.172
479.22	-39.994
479.43	-31.539
479.64	-35.578
479.85	-28.872
480.06	-94.396
480.28	-44.921
480.49	-53.984
480.70	-15.289
480.91	-41.275
481.12	-63.544
481.33	-24.110
481.54	-52.008
481.75	-84.934
481.96	-46.312
482.17	-37.822
482.38	-65.204
482.59	-41.477
482.81	-59.281
483.02	-65.698
483.23	-77.280
483.44	-74.701
483.65	-68.558
483.86	-76.686
484.07	-113.537
484.28	-93.100
484.49	-99.976
484.70	-74.439
484.91	-128.716
485.12	-92.876
485.33	-92.659
485.54	-77.894
485.75	-64.798
485.96	-88.032
486.17	-109.132
486.38	-64.352
486.60	-143.339
486.81	-111.532
487.02	-238.427
487.23	-185.023
487.44	-404.252
487.65	-288.662
487.86	-439.102
488.07	-65.197
488.28	-349.753
488.49	-223.568
488.70	-128.810
488.91	-286.235
489.12	-210.142
489.33	-169.398
489.54	-369.403
489.75	-217.927
489.96	-1189.968
490.17	5612.705
490.38	764.032
490.59	-816.585
490.80	1003.040
491.01	478.928
491.22	-659.715
491.43	1178.124
491.64	435.184
491.85	-2736.779
492.06	-1889.977
492.27	3045.844
492.48	287.022
492.69	1219.364
492.90	-353.293
493.11	330.608
493.32	265.196
493.53	617.540
493.74	387.214
493.95	152.602
494.16	186.680
494.37	376.107
494.58	1888.010
494.79	143.952
495.00	202.911
495.21	145.579
495.42	134.629
495.63	104.970
495.84	103.453
496.05	119.123
496.26	110.616
496.47	148.903
496.68	167.908
496.89	121.226
497.10	137.282
497.31	107.756
497.52	87.952
497.73	94.309
497.94	140.036
498.15	147.669
498.36	106.919
498.57	81.403
498.78	91.166
498.99	68.608
499.19	80.782
499.40	80.618
499.61	77.063
499.82	80.848
500.03	80.183
500.24	99.565
500.45	88.643
500.66	67.304
500.87	111.759
501.08	95.493
501.29	75.349
501.50	62.508
501.71	65.671
501.92	62.455
502.13	67.270
502.34	67.898
502.55	63.167
502.76	54.660
502.96	64.495
503.17	66.197
503.38	73.236
503.59	80.460
503.80	63.831
504.01	61.320
504.22	78.257
504.43	64.874
504.64	40.784
504.85	69.282
505.06	69.273
505.27	56.276
505.47	44.922
505.68	45.192
505.89	44.163
506.10	50.690
506.31	48.769
506.52	50.404
506.73	46.282
506.94	52.156
507.15	53.339
507.36	48.591
507.56	44.948
507.77	31.558
507.98	52.309
508.19	43.025
508.40	46.564
508.61	38.346
508.82	43.166
509.03	43.946
509.24	50.484
509.44	37.598
509.65	42.067
509.86	34.804
510.07	54.890
510.28	43.834
510.49	51.224
510.70	51.722
510.91	43.014
511.11	35.974
511.32	40.153
511.53	40.038
511.74	38.254
511.95	37.242
512.16	31.173
512.37	42.593
512.58	38.596
512.78	34.551
512.99	33.928
513.20	30.571
513.41	37.164
513.62	33.231
513.83	34.409
514.04	31.646
514.24	31.492
514.45	26.769
514.66	37.056
514.87	25.981
515.08	30.245
515.29	32.592
515.49	26.631
515.70	17.853
515.91	28.069
516.12	26.151
516.33	29.396
516.54	27.191
516.74	26.245
516.95	31.720
517.16	30.215
517.37	27.694
517.58	28.207
517.79	30.296
517.99	33.427
518.20	30.104
518.41	29.203
518.62	27.227
518.83	22.430
519.03	28.573
519.24	23.413
519.45	22.128
519.66	21.326
519.87	25.899
520.07	23.287
520.28	27.047
520.49	27.677
520.70	24.807
520.91	21.825
521.12	24.458
521.32	25.999
521.53	21.446
521.74	26.402
521.95	24.573
522.15	22.493
522.36	24.154
522.57	25.722
522.78	25.001
522.99	22.361
523.19	18.744
523.40	23.444
523.61	26.207
523.82	15.796
524.03	24.291
524.23	20.931
524.44	25.261
524.65	20.358
524.86	22.376
525.06	22.259
525.27	21.623
525.48	26.857
525.69	19.879
525.89	23.245
526.10	18.697
526.31	22.201
526.52	20.158
526.72	20.263
526.93	16.554
527.14	17.022
527.35	21.028
527.56	18.925
527.76	18.245
527.97	15.057
528.18	20.838
528.38	17.452
528.59	21.503
528.80	17.496
529.01	17.755
529.21	20.732
529.42	13.927
529.63	21.167
529.84	10.190
530.04	18.084
530.25	16.564
530.46	18.025
530.67	17.133
530.87	18.031
531.08	14.143
531.29	14.262
531.50	19.802
531.70	13.467
531.91	12.158
532.12	15.282
532.32	16.817
532.53	16.638
532.74	15.919
532.95	16.282
533.15	15.945
533.36	15.112
533.57	15.142
533.77	15.777
533.98	16.132
534.19	10.608
534.39	13.903
534.60	12.438
534.81	17.685
535.02	15.138
535.22	11.738
535.43	12.359
535.64	13.431
535.84	9.134
536.05	9.727
536.26	11.451
536.46	12.064
536.67	11.850
536.88	12.096
537.08	12.782
537.29	15.664
537.50	11.645
537.70	8.642
537.91	10.087
538.12	12.752
538.33	11.465
538.53	11.575
538.74	10.604
538.95	15.248
539.15	9.816
539.36	12.041
539.57	12.219
539.77	10.347
539.98	8.716
540.18	10.538
540.39	11.135
540.60	8.515
540.80	11.060
541.01	14.543
541.22	15.390
541.42	7.423
541.63	9.091
541.84	10.367
542.04	11.729
542.25	8.225
542.46	10.875
542.66	10.284
542.87	13.273
543.08	9.783
543.28	9.609
543.49	8.115
543.69	9.431
543.90	9.896
544.11	10.503
544.31	10.437
544.52	9.784
544.73	9.855
544.93	9.718
545.14	9.059
545.34	7.378
545.55	10.650
545.76	9.988
545.96	8.585
546.17	6.871
546.38	7.135
546.58	8.908
546.79	8.032
546.99	8.165
547.20	7.758
547.41	10.303
547.61	5.713
547.82	6.318
548.02	9.471
548.23	8.770
548.44	9.121
548.64	7.811
548.85	7.913
549.05	8.611
549.26	5.668
549.47	9.221
549.67	6.079
549.88	7.675
550.08	7.455
550.29	4.305
550.50	6.053
550.70	8.226
550.91	6.267
551.11	8.932
551.32	5.095
551.52	5.595
551.73	5.011
551.94	6.241
552.14	4.718
552.35	7.262
552.55	4.995
552.76	6.428
552.96	5.639
553.17	5.686
553.38	5.988
553.58	6.826
553.79	5.949
553.99	2.169
554.20	5.415
554.40	6.462
554.61	6.315
554.81	4.475
555.02	4.900
555.23	4.621
555.43	5.171
555.64	5.327
555.84	6.638
556.05	5.690
556.25	4.788
556.46	5.697
556.66	6.265
556.87	5.099
557.07	6.013
557.28	3.761
557.48	4.316
557.69	4.147
557.90	5.431
558.10	3.341
558.31	6.339
558.51	4.278
558.72	3.905
558.92	4.248
559.13	4.989
559.33	3.993
559.54	4.832
559.74	3.804
559.95	2.623
560.15	5.657
560.36	4.129
560.56	3.068
560.77	5.229
560.97	4.288
561.18	5.234
561.38	4.246
561.59	2.398
561.79	3.380
562.00	4.902
562.20	3.391
562.41	5.494
562.61	5.495
562.82	4.250
563.02	1.993
563.23	3.049
563.43	3.601
563.64	4.397
563.84	2.211
564.05	3.642
564.25	2.971
564.46	4.452
564.66	2.805
564.87	4.738
565.07	4.235
565.28	4.471
565.48	4.517
565.68	4.148
565.89	1.736
566.09	3.505
566.30	4.057
566.50	2.838
566.71	1.393
566.91	4.154
567.12	3.160
567.32	2.040
567.53	2.653
567.73	4.488
567.94	2.860
568.14	3.712
568.34	3.003
568.55	2.721
568.75	1.968
568.96	1.662
569.16	4.182
569.37	2.442
569.57	3.179
569.78	4.303
569.98	4.474
570.18	3.085
570.39	3.454
570.59	3.358
570.80	2.265
571.00	1.841
571.21	1.376
571.41	1.951
571.61	3.337
571.82	2.826
572.02	2.699
572.23	1.951
572.43	1.867
572.64	1.001
572.84	2.363
573.04	2.745
573.25	2.036
573.45	2.195
573.66	2.424
573.86	3.543
574.06	1.506
574.27	3.188
574.47	3.131
574.68	1.718
574.88	3.185
575.08	3.600
575.29	2.945
575.49	2.419
575.70	1.292
575.90	0.515
576.10	1.858
576.31	0.236
576.51	2.690
576.72	1.790
576.92	2.563
577.12	2.595
577.33	1.553
577.53	1.020
577.73	3.127
577.94	1.393
578.14	2.053
578.35	1.854
578.55	3.294
578.75	1.324
578.96	1.948
579.16	0.422
579.36	0.751
579.57	2.987
579.77	3.417
579.98	2.260
580.18	2.682
580.38	3.085
580.59	1.012
580.79	1.416
580.99	1.454
581.20	1.647
581.40	2.237
581.60	1.530
581.81	2.051
582.01	1.951
582.21	2.424
582.42	0.589
582.62	1.093
582.82	0.865
583.03	2.303
583.23	1.722
583.43	2.082
583.64	1.418
583.84	1.834
584.04	2.462
584.25	1.123
584.45	1.791
584.65	1.606
584.86	2.387
585.06	2.142
585.26	2.342
585.47	2.702
585.67	3.159
585.87	2.282
586.08	1.166
586.28	1.650
586.48	0.970
586.69	2.397
586.89	1.629
587.09	1.132
587.30	1.184
587.50	2.098
587.70	1.640
587.90	1.579
588.11	3.233
588.31	3.302
588.51	0.992
588.72	1.807
588.92	1.589
589.12	2.827
589.33	2.732
589.53	1.196
589.73	1.691
589.93	2.325
590.14	0.937
590.34	1.998
590.54	1.320
590.75	1.889
590.95	2.089
591.15	2.113
591.35	1.982
591.56	2.513
591.76	1.212
591.96	1.458
592.16	1.943
592.37	0.868
592.57	-0.086
592.77	1.803
592.97	2.403
593.18	2.197
593.38	1.802
593.58	1.789
593.79	1.817
593.99	1.226
594.19	0.751
594.39	2.250
594.60	0.880
594.80	1.568
595.00	1.636
595.20	2.807
595.41	1.438
595.61	2.174
595.81	1.971
596.01	2.797
596.21	1.484
596.42	2.657
596.62	2.365
596.82	2.243
597.02	1.927
597.23	1.932
597.43	2.487
597.63	1.298
597.83	2.394
598.04	2.184
598.24	3.235
598.44	2.031
598.64	2.985
598.84	2.173
599.05	2.001
599.25	2.290
599.45	2.228
599.65	2.947
599.85	2.070
600.06	3.848
600.26	2.782
600.46	2.671
600.66	3.032
600.87	2.102
601.07	1.707
601.27	3.668
601.47	2.276
601.67	2.360
601.87	3.958
602.08	2.190
602.28	2.028
602.48	1.938
602.68	2.032
602.88	3.062
603.09	1.810
603.29	2.947
603.49	2.318
603.69	1.908
603.89	2.458
604.10	3.589
604.30	2.410
604.50	2.408
604.70	2.769
604.90	2.824
605.10	2.335
605.31	2.287
605.51	2.947
605.71	2.581
605.91	2.500
606.11	3.948
606.31	2.067
606.52	1.659
606.72	2.820
606.92	2.257
607.12	1.281
607.32	3.458
607.52	2.774
607.72	3.178
607.93	1.903
608.13	3.390
608.33	2.650
608.53	1.910
608.73	2.252
608.93	4.409
609.13	2.694
609.34	3.343
609.54	3.510
609.74	3.453
609.94	3.136
610.14	3.160
610.34	2.617
610.54	2.746
610.74	3.095
610.95	3.536
611.15	2.438
611.35	3.051
611.55	3.300
611.75	2.702
611.95	3.681
612.15	2.912
612.35	4.482
612.56	2.786
612.76	3.743
612.96	2.447
613.16	2.403
613.36	3.060
613.56	3.901
613.76	3.089
613.96	3.681
614.16	3.742
614.36	4.074
614.57	3.134
614.77	3.879
614.97	3.796
615.17	4.545
615.37	3.473
615.57	3.618
615.77	3.499
615.97	3.646
616.17	3.429
616.37	4.126
616.57	3.662
616.78	4.410
616.98	4.774
617.18	4.632
617.38	4.489
617.58	3.625
617.78	3.289
617.98	4.770
618.18	3.502
618.38	3.462
618.58	4.751
618.78	4.255
618.98	4.771
619.18	3.842
619.38	3.103
619.58	3.972
619.79	4.989
619.99	4.341
620.19	4.455
620.39	3.746
620.59	3.958
620.79	5.032
620.99	3.975
621.19	4.069
621.39	5.178
621.59	3.343
621.79	4.144
621.99	4.623
622.19	4.820
622.39	4.734
622.59	3.686
622.79	4.705
622.99	4.945
623.19	3.102
623.39	4.185
623.59	5.292
623.79	4.604
623.99	4.743
624.19	4.420
624.39	4.182
624.59	5.192
624.79	4.302
624.99	5.050
625.19	4.038
625.39	5.382
625.59	5.146
625.79	3.821
625.99	4.664
626.19	4.926
626.39	4.889
626.59	5.388
626.79	4.855
626.99	4.927
627.19	5.096
627.39	5.381
627.59	5.127
627.79	4.521
627.99	5.184
628.19	5.229
628.39	5.416
628.59	3.996
628.79	5.860
628.99	5.800
629.19	5.287
629.39	5.460
629.59	5.107
629.79	5.309
629.99	5.687
630.19	5.400
630.39	5.176
630.59	5.716
630.79	5.328
630.99	5.919
631.19	4.989
631.39	6.119
631.59	5.841
631.79	5.652
631.99	5.287
632.19	6.261
632.39	5.562
632.59	6.050
632.79	6.099
632.99	6.096
633.19	5.645
633.39	5.327
633.58	5.971
633.78	5.268
633.98	5.205
634.18	5.621
634.38	5.519
634.58	5.581
634.78	6.121
634.98	5.896
635.18	5.626
635.38	6.568
635.58	6.103
635.78	5.841
635.98	6.487
636.18	6.559
636.38	5.745
636.57	6.265
636.77	6.469
636.97	6.696
637.17	6.027
637.37	6.586
637.57	6.087
637.77	6.453
637.97	6.921
638.17	6.690
638.37	6.487
638.57	6.629
638.76	6.681
638.96	7.261
639.16	6.922
639.36	7.390
639.56	6.250
639.76	6.715
639.96	6.875
640.16	6.067
640.36	5.832
640.56	6.615
640.75	6.043
640.95	6.028
641.15	7.380
641.35	6.436
641.55	6.873
641.75	6.777
641.95	7.188
642.15	7.639
642.34	7.017
642.54	7.731
642.74	6.980
642.94	7.386
643.14	7.226
643.34	7.325
643.54	6.687
643.74	7.114
643.93	6.682
644.13	6.276
644.33	6.767
644.53	7.559
644.73	7.579
644.93	7.257
645.13	6.803
645.32	7.670
645.52	7.583
645.72	7.075
645.92	7.868
646.12	7.771
646.32	7.871
646.52	7.127
646.71	7.873
646.91	6.898
647.11	7.321
647.31	8.566
647.51	7.652
647.71	7.737
647.90	7.725
648.10	7.447
648.30	6.943
648.50	8.045
648.70	8.095
648.89	7.291
649.09	8.031
649.29	7.998
649.49	7.654
649.69	7.553
649.89	7.689
650.08	7.602
650.28	7.880
650.48	8.519
650.68	8.774
650.88	8.306
651.07	7.631
651.27	8.510
651.47	8.457
651.67	8.877
651.87	8.203
652.06	7.894
652.26	8.861
652.46	8.720
652.66	8.796
652.86	8.235
653.05	7.727
653.25	8.098
653.45	8.066
653.65	8.454
653.85	7.786
654.04	8.408
654.24	8.534
654.44	7.712
654.64	8.228
654.83	8.197
655.03	8.498
655.23	8.796
655.43	8.311
655.63	7.755
655.82	9.369
656.02	8.460
656.22	9.101
656.42	8.666
656.61	8.759
656.81	8.525
657.01	8.692
657.21	8.157
657.40	8.588
657.60	7.987
657.80	8.792
658.00	8.762
658.19	9.213
658.39	9.601
658.59	8.827
658.79	9.965
658.98	9.256
659.18	9.249
659.38	9.252
659.58	9.711
659.77	8.803
659.97	9.716
660.17	8.751
660.36	9.154
660.56	9.460
660.76	9.396
660.96	8.526
661.15	9.641
661.35	9.520
661.55	8.903
661.75	9.118
661.94	9.809
662.14	9.924
662.34	9.823
662.53	9.770
662.73	9.944
662.93	9.811
663.13	9.377
663.32	9.540
663.52	9.802
663.72	10.176
663.91	9.512
664.11	9.840
664.31	9.606
664.50	9.974
664.70	9.593
664.90	9.450
665.10	9.483
665.29	10.574
665.49	10.057
665.69	10.028
665.88	10.442
666.08	10.059
666.28	9.948
666.47	10.649
666.67	10.403
666.87	10.337
667.06	10.053
667.26	10.338
667.46	10.042
667.65	10.802
667.85	10.525
668.05	10.859
668.24	10.419
668.44	10.138
668.64	10.216
668.83	10.379
669.03	10.603
669.23	10.959
669.42	11.005
669.62	10.411
669.82	10.619
670.01	10.509
670.21	10.683
670.41	10.621
670.60	11.184
670.80	10.182
671.00	10.431
671.19	11.279
671.39	10.617
671.58	10.478
671.78	10.619
671.98	10.946
672.17	11.090
672.37	10.422
672.57	10.792
672.76	10.532
672.96	10.940
673.15	10.678
673.35	11.321
673.55	10.917
673.74	10.597
673.94	11.554
674.14	11.183
674.33	10.668
674.53	11.360
674.72	10.992
674.92	11.276
675.12	11.056
675.31	10.802
675.51	10.613
675.70	11.750
675.90	10.916
676.10	10.776
676.29	11.247
676.49	11.222
676.68	11.597
676.88	11.838
677.08	11.184
677.27	10.435
677.47	11.508
677.66	10.638
677.86	11.903
678.06	11.283
678.25	11.270
678.45	11.486
678.64	10.892
678.84	11.006
679.03	11.206
679.23	11.067
679.43	11.490
679.62	11.430
679.82	11.081
680.01	12.059
680.21	11.335
680.40	10.918
680.60	11.343
680.80	11.944
680.99	11.630
681.19	11.696
681.38	11.356
681.58	11.744
681.77	11.275
681.97	11.421
682.16	11.158
682.36	11.701
682.56	11.280
682.75	12.122
682.95	12.302
683.14	11.830
683.34	12.290
683.53	11.462
683.73	11.899
683.92	11.899
684.12	12.038
684.31	11.922
684.51	12.055
684.70	12.142
684.90	11.945
685.10	11.894
685.29	12.434
685.49	12.307
685.68	12.304
685.88	12.306
686.07	12.736
686.27	12.514
686.46	12.226
686.66	11.994
686.85	11.866
687.05	12.626
687.24	12.521
687.44	12.278
687.63	12.758
687.83	12.685
688.02	12.595
688.22	12.406
688.41	12.275
688.61	12.435
688.80	12.929
689.00	12.241
689.19	12.253
689.39	12.294
689.58	12.476
689.78	13.101
689.97	12.947
690.17	12.779
690.36	12.605
690.56	12.476
690.75	12.641
690.95	12.766
691.14	12.684
691.34	12.088
691.53	12.920
691.72	12.950
691.92	12.864
692.11	12.984
692.31	12.583
692.50	12.446
692.70	12.824
692.89	13.120
693.09	12.942
693.28	12.602
693.48	12.903
693.67	12.863
693.87	13.268
694.06	13.782
694.25	13.270
694.45	13.813
694.64	13.493
694.84	12.960
695.03	12.984
695.23	13.065
695.42	13.078
695.62	12.931
695.81	12.936
696.00	13.642
696.20	13.044
696.39	13.267
696.59	13.977
696.78	13.012
696.98	13.377
697.17	13.181
697.36	13.820
697.56	13.354
697.75	13.826
697.95	12.912
698.14	13.416
698.34	13.431
698.53	13.249
698.72	13.510
698.92	13.600
699.11	13.386
699.31	13.666
699.50	13.240
699.69	13.897
699.89	13.258
700.08	13.311
700.28	13.424
700.47	13.481
700.66	13.802
700.86	13.817
701.05	13.436
701.25	13.562
701.44	13.752
701.63	13.605
701.83	13.832
702.02	13.981
702.21	13.883
702.41	14.010
702.60	13.804
702.80	13.671
702.99	14.119
703.18	14.136
703.38	14.602
703.57	13.728
703.77	13.634
703.96	13.548
704.15	13.513
704.35	13.847
704.54	14.353
704.73	14.214
704.93	13.911
705.12	14.106
705.31	14.273
705.51	14.098
705.70	14.138
705.89	13.994
706.09	14.320
706.28	13.961
706.48	13.693
706.67	14.111
706.86	13.663
707.06	14.315
707.25	13.507
707.44	14.650
707.64	14.387
707.83	14.298
708.02	14.554
708.22	14.632
708.41	14.918
708.60	14.050
708.80	14.530
708.99	14.158
709.18	14.555
709.38	14.273
709.57	14.718
709.76	14.084
709.95	14.583
710.15	14.330
710.34	14.478
710.53	14.718
710.73	14.452
710.92	14.763
711.11	13.899
711.31	14.514
711.50	14.859
711.69	14.843
711.89	14.653
712.08	14.759
712.27	15.026
712.46	14.758
712.66	14.451
712.85	14.517
713.04	14.401
713.24	14.831
713.43	14.722
713.62	14.808
713.81	14.796
714.01	15.010
714.20	14.636
714.39	14.546
714.59	14.843
714.78	14.874
714.97	15.137
715.16	15.140
715.36	15.084
715.55	14.992
715.74	15.301
715.93	15.214
716.13	14.842
716.32	14.829
716.51	15.370
716.71	14.972
716.90	14.953
717.09	14.993
717.28	15.476
717.48	15.091
717.67	15.608
717.86	15.093
718.05	15.333
718.25	15.180
718.44	15.217
718.63	15.499
718.82	15.218
719.02	15.114
719.21	15.442
719.40	15.263
719.59	14.979
719.78	14.948
719.98	15.311
720.17	15.220
720.36	15.290
720.55	14.768
720.75	15.575
720.94	15.302
721.13	14.818
721.32	14.950
721.51	15.422
721.71	15.405
721.90	15.319
722.09	15.170
722.28	15.798
722.48	15.017
722.67	15.177
722.86	15.500
723.05	15.322
723.24	15.012
723.44	15.397
723.63	15.557
723.82	15.716
724.01	15.343
724.20	15.456
724.40	16.083
724.59	15.987
724.78	15.533
724.97	15.699
725.16	16.028
725.35	15.751
725.55	15.577
725.74	15.622
725.93	15.766
726.12	15.975
726.31	16.081
726.51	15.491
726.70	15.798
726.89	15.499
727.08	15.540
727.27	16.071
727.46	16.018
727.66	15.826
727.85	15.974
728.04	15.735
728.23	15.877
728.42	16.290
728.61	16.353
728.81	15.697
729.00	16.461
729.19	15.756
729.38	16.171
729.57	15.372
729.76	15.746
729.95	15.569
730.15	15.503
730.34	15.874
730.53	15.467
730.72	15.832
730.91	15.952
731.10	15.706
731.29	15.664
731.49	15.804
731.68	16.666
731.87	15.750
732.06	15.974
732.25	15.920
732.44	16.207
732.63	16.178
732.82	15.842
733.02	16.018
733.21	16.086
733.40	16.229
733.59	16.354
733.78	16.530
733.97	16.128
734.16	16.081
734.35	16.464
734.54	16.484
734.74	16.360
734.93	16.376
735.12	16.872
735.31	16.309
735.50	16.544
735.69	16.485
735.88	16.029
736.07	16.241
736.26	16.000
736.45	16.498
736.64	15.997
736.84	16.172
737.03	15.899
737.22	16.495
737.41	16.576
737.60	16.177
737.79	16.350
737.98	16.221
738.17	16.306
738.36	16.252
738.55	16.375
738.74	16.392
738.93	16.177
739.12	16.417
739.32	16.509
739.51	16.251
739.70	16.267
739.89	16.591
740.08	16.372
740.27	16.202
740.46	16.365
740.65	16.459
740.84	16.752
741.03	16.415
741.22	16.374
741.41	16.915
741.60	16.300
741.79	16.158
741.98	16.915
742.17	16.545
742.36	16.647
742.55	16.786
742.74	16.884
742.93	16.490
743.12	16.598
743.31	16.588
743.51	16.358
743.70	16.421
743.89	16.569
744.08	16.592
744.27	17.036
744.46	16.727
744.65	16.369
744.84	16.900
745.03	16.911
745.22	16.600
745.41	16.417
745.60	16.511
745.79	16.848
745.98	16.243
746.17	16.930
746.36	16.626
746.55	16.151
746.74	16.798
746.93	16.603
747.12	15.868
747.31	16.760
747.50	16.902
747.69	16.696
747.88	16.610
748.07	16.684
748.26	16.782
748.45	16.864
748.64	17.097
748.83	17.052
749.02	16.694
749.21	17.096
749.40	16.726
749.59	16.876
749.77	16.887
749.96	16.857
750.15	16.548
750.34	17.238
750.53	16.689
750.72	16.426
750.91	16.916
751.10	16.912
751.29	17.166
751.48	16.941
751.67	17.089
751.86	16.995
752.05	16.577
752.24	17.093
752.43	17.036
752.62	17.096
752.81	16.821
753.00	17.170
753.19	16.912
753.38	17.004
753.57	16.945
753.76	16.881
753.94	17.218
754.13	17.178
754.32	16.917
754.51	17.068
754.70	17.516
754.89	17.010
755.08	17.154
755.27	17.339
755.46	16.954
755.65	17.241
755.84	17.252
756.03	16.587
756.22	16.555
756.40	17.190
756.59	16.828
756.78	17.022
756.97	17.168
757.16	16.822
757.35	16.384
757.54	17.060
757.73	16.871
757.92	16.935
758.11	16.644
758.29	17.356
758.48	16.534
758.67	17.558
758.86	17.626
759.05	17.302
759.24	17.105
759.43	17.192
759.62	17.036
759.81	17.069
759.99	17.136
760.18	16.983
760.37	17.048
760.56	17.326
760.75	17.220
760.94	17.162
761.13	17.520
761.32	17.855
761.50	17.765
761.69	17.538
761.88	17.342
762.07	16.955
762.26	17.436
762.45	17.019
762.64	17.480
762.82	17.455
763.01	17.424
763.20	17.336
763.39	17.328
763.58	17.152
763.77	17.375
763.96	17.004
764.14	17.385
764.33	17.021
764.52	17.188
764.71	16.822
764.90	16.903
765.09	17.028
765.27	17.352
765.46	17.122
765.65	17.149
765.84	17.192
766.03	17.037
766.22	17.274
766.40	17.351
766.59	17.151
766.78	17.970
766.97	17.493
767.16	17.357
767.35	17.040
767.53	17.604
767.72	17.595
767.91	16.793
768.10	17.519
768.29	17.458
768.47	17.515
768.66	17.447
768.85	17.708
769.04	17.335
769.23	17.516
769.41	17.652
769.60	17.463
769.79	17.535
769.98	17.438
770.17	18.015
770.35	17.431
770.54	17.886
770.73	17.492
770.92	17.832
771.10	17.068
771.29	17.719
771.48	17.634
771.67	17.442
771.86	17.476
772.04	17.721
772.23	17.467
772.42	17.602
772.61	17.676
772.79	17.711
772.98	17.465
773.17	17.694
773.36	17.448
773.54	17.773
773.73	17.744
773.92	17.999
774.11	17.786
774.30	17.676
774.48	17.210
774.67	17.441
774.86	17.556
775.05	17.437
775.23	17.297
775.42	17.453
775.61	17.638
775.79	17.880
775.98	17.651
776.17	17.188
776.36	17.285
776.54	17.769
776.73	17.851
776.92	17.780
777.11	17.671
777.29	17.871
777.48	17.416
777.67	17.926
777.85	17.865
778.04	17.712
778.23	17.947
778.42	18.087
778.60	17.659
778.79	17.672
778.98	17.618
779.16	17.655
779.35	17.524
779.54	18.036
779.73	17.637
779.91	17.670
780.10	17.754
780.29	17.653
780.47	17.912
780.66	17.681
780.85	17.491
781.03	17.791
781.22	18.037
781.41	17.864
781.60	17.615
781.78	18.079
781.97	17.828
782.16	18.156
782.34	17.824
782.53	17.987
782.72	17.889
782.90	17.462
783.09	18.079
783.28	17.636
783.46	17.679
783.65	17.482
783.84	18.034
784.02	17.552
784.21	17.966
784.40	17.815
784.58	17.509
784.77	17.368
784.96	17.279
785.14	18.018
785.33	17.626
785.52	17.533
785.70	17.680
785.89	17.759
786.08	17.717
786.26	17.466
786.45	17.597
786.63	18.006
786.82	18.077
787.01	18.157
787.19	17.737
787.38	17.342
787.57	17.889
787.75	17.819
787.94	17.322
788.13	17.280
788.31	17.939
788.50	17.457
788.68	17.755
788.87	17.687
789.06	17.396
789.24	17.243
789.43	17.207
789.61	17.491
789.80	17.507
789.99	17.653
790.17	17.343
790.36	17.443
790.55	17.781
790.73	17.585
790.92	17.806
791.10	17.686
791.29	17.927
791.48	17.696
791.66	17.557
791.85	17.369
792.03	17.291
792.22	17.259
792.40	17.214
792.59	17.162
792.78	16.967
792.96	16.885
793.15	16.750
793.33	16.975
793.52	17.379
793.71	17.406
793.89	16.991
794.08	17.293
794.26	16.881
794.45	17.186
794.63	17.196
794.82	17.434
795.01	16.835
795.19	16.653
795.38	17.060
795.56	16.750
795.75	16.668
795.93	17.239
796.12	17.070
796.30	16.736
796.49	17.015
796.68	16.460
796.86	16.827
797.05	16.769
797.23	16.913
797.42	16.934
797.60	16.333
797.79	16.656
797.97	17.102
798.16	16.731
798.34	16.620
798.53	16.973
798.71	16.736
798.90	16.511
799.08	16.623
799.27	16.775
799.46	16.622
799.64	16.581
799.83	16.698
800.01	16.776
800.20	16.778
800.38	16.934
800.57	16.623
800.75	17.285
800.94	16.542
801.12	16.714
801.31	16.903
801.49	17.047
801.68	16.749
801.86	17.109
802.05	16.694
802.23	16.557
802.42	17.052
802.60	16.497
802.79	16.833
802.97	17.127
803.16	16.891
803.34	17.024
803.53	17.402
803.71	17.273
803.90	17.012
804.08	17.163
804.27	16.693
804.45	16.864
804.63	16.871
804.82	16.992
805.00	16.601
805.19	16.640
805.37	16.779
805.56	16.934
805.74	17.260
805.93	16.880
806.11	16.637
806.30	16.910
806.48	16.693
806.67	16.441
806.85	16.948
807.04	16.957
807.22	16.623
807.40	16.790
807.59	16.947
807.77	16.700
807.96	16.958
808.14	16.625
808.33	16.842
808.51	16.683
808.69	16.221
808.88	16.049
809.06	16.243
809.25	16.602
809.43	16.578
809.62	16.312
809.80	16.846
809.99	16.662
810.17	16.461
810.35	16.493
810.54	16.938
810.72	16.379
810.91	17.001
811.09	16.745
811.27	16.896
811.46	16.936
811.64	17.020
811.83	16.900
812.01	16.419
812.19	17.010
812.38	16.938
812.56	16.975
812.75	16.868
812.93	16.846
813.11	16.439
813.30	17.312
813.48	16.659
813.67	17.358
813.85	16.528
814.03	16.812
814.22	17.141
814.40	16.932
814.59	16.660
814.77	17.130
814.95	16.713
815.14	16.789
815.32	16.924
815.50	16.920
815.69	17.146
815.87	16.945
816.06	16.500
816.24	17.014
816.42	16.570
816.61	16.965
816.79	16.926
816.97	16.936
817.16	16.843
817.34	16.740
817.52	17.011
817.71	17.101
817.89	16.743
818.07	17.070
818.26	17.194
818.44	17.296
818.63	17.038
818.81	16.833
818.99	17.423
819.18	17.316
819.36	16.966
819.54	17.595
819.73	16.719
819.91	17.131
820.09	17.121
820.28	17.052
820.46	17.097
820.64	16.941
820.83	16.898
821.01	17.174
821.19	17.450
821.37	17.101
821.56	17.028
821.74	17.112
821.92	17.073
822.11	16.979
822.29	16.528
822.47	17.065
822.66	16.919
822.84	16.486
823.02	17.276
823.21	16.993
823.39	17.154
823.57	16.795
823.75	16.858
823.94	17.219
824.12	17.072
824.30	17.080
824.49	16.888
824.67	17.007
824.85	17.139
825.03	16.982
825.22	17.358
825.40	17.300
825.58	17.623
825.77	17.047
825.95	16.967
826.13	17.147
826.31	17.562
826.50	17.251
826.68	16.973
826.86	17.046
827.04	16.961
827.23	17.334
827.41	17.214
827.59	17.527
827.78	17.347
827.96	17.417
828.14	17.557
828.32	17.152
828.51	17.277
828.69	17.486
828.87	17.072
829.05	17.010
829.23	17.399
829.42	17.268
829.60	17.190
829.78	17.397
829.96	17.032
830.15	17.350
830.33	17.679
830.51	17.554
830.69	17.541
830.88	17.563
831.06	17.675
831.24	17.762
831.42	17.317
831.60	17.517
831.79	17.702
831.97	17.643
832.15	17.796
832.33	17.759
832.52	17.677
832.70	17.858
832.88	17.692
833.06	17.387
833.24	17.617
833.43	17.465
833.61	17.111
833.79	18.040
833.97	17.337
834.15	17.825
834.34	17.383
834.52	17.655
834.70	17.471
834.88	17.456
835.06	17.261
835.25	17.750
835.43	17.735
835.61	17.842
835.79	17.875
835.97	17.699
836.15	17.341
836.34	17.560
836.52	17.719
836.70	17.754
836.88	18.028
837.06	17.831
837.24	17.667
837.43	18.001
837.61	17.700
837.79	18.239
837.97	17.881
838.15	17.883
838.33	18.005
838.52	18.216
838.70	17.896
838.88	17.652
839.06	18.261
839.24	17.814
839.42	17.677
839.60	18.384
839.79	18.456
839.97	17.820
840.15	18.109
840.33	17.891
840.51	18.194
840.69	18.373
840.87	17.820
841.06	17.728
841.24	18.103
841.42	17.851
841.60	18.132
841.78	18.170
841.96	18.584
842.14	18.200
842.32	18.082
842.51	18.265
842.69	18.111
842.87	18.154
843.05	18.146
843.23	18.058
843.41	17.974
843.59	18.118
843.77	17.987
843.95	18.623
844.14	18.639
844.32	18.349
844.50	17.931
844.68	18.224
844.86	18.264
845.04	18.262
845.22	18.818
845.40	18.490
845.58	18.504
845.76	18.819
845.94	18.170
846.12	18.668
846.31	18.485
846.49	18.307
846.67	18.163
846.85	18.086
847.03	18.142
847.21	18.230
847.39	18.293
847.57	18.723
847.75	17.906
847.93	18.590
848.11	18.457
848.29	18.161
848.47	18.650
848.65	18.601
848.83	18.047
849.02	18.932
849.20	18.566
849.38	18.449
849.56	18.410
849.74	18.655
849.92	18.424
850.10	18.444
850.28	18.553
850.46	18.325
850.64	18.911
850.82	19.041
851.00	19.116
851.18	18.537
851.36	18.538
851.54	18.967
851.72	19.124
851.90	18.730
852.08	18.859
852.26	18.717
852.44	18.745
852.62	18.925
852.80	19.229
852.98	18.473
853.16	18.972
853.34	19.116
853.52	18.912
853.70	19.119
853.88	18.902
854.06	19.437
854.24	19.011
854.42	18.798
854.60	19.010
854.78	19.423
854.96	19.584
855.14	19.843
855.32	19.098
855.50	19.820
855.68	19.268
855.86	18.968
856.04	19.386
856.22	19.399
856.40	19.243
856.58	19.351
856.76	18.835
856.94	19.526
857.12	19.459
857.30	19.531
857.48	19.270
857.66	19.710
857.84	20.042
858.02	19.556
858.20	20.341
858.38	19.356
858.56	19.478
858.74	19.445
858.92	19.149
859.10	19.464
859.28	19.329
859.46	19.480
859.64	19.403
859.81	19.634
859.99	19.755
860.17	20.067
860.35	19.712
860.53	19.271
860.71	19.905
860.89	19.479
861.07	19.096
861.25	19.754
861.43	19.430
861.61	19.782
861.79	19.700
861.97	19.681
862.15	19.716
862.33	19.753
862.50	19.801
862.68	19.894
862.86	19.981
863.04	20.164
863.22	20.189
863.40	20.266
863.58	20.177
863.76	20.220
863.94	19.999
864.12	19.901
864.30	20.233
864.47	19.882
864.65	19.936
864.83	19.925
865.01	20.267
865.19	20.731
865.37	20.183
865.55	20.488
865.73	20.409
865.91	20.392
866.09	20.375
866.26	20.460
866.44	20.190
866.62	20.715
866.80	20.106
866.98	20.697
867.16	20.861
867.34	20.410
867.52	20.868
867.69	20.612
867.87	20.269
868.05	20.505
868.23	20.463
868.41	20.622
868.59	21.158
868.77	20.697
868.94	20.804
869.12	20.635
869.30	21.009
869.48	20.481
869.66	20.849
869.84	20.770
870.02	20.908
870.19	21.061
870.37	20.231
870.55	21.092
870.73	21.358
870.91	20.910
871.09	21.086
871.26	21.222
871.44	21.726
871.62	20.715
871.80	21.209
871.98	21.474
872.16	21.036
872.33	21.211
872.51	21.053
872.69	21.350
872.87	21.377
873.05	21.106
873.22	21.170
873.40	20.971
873.58	21.404
873.76	21.208
873.94	21.113
874.12	20.709
874.29	21.181
874.47	21.297
874.65	21.301
874.83	21.522
875.01	21.232
875.18	21.564
875.36	21.538
875.54	21.667
875.72	21.488
875.89	21.601
876.07	21.443
876.25	21.970
876.43	21.634
876.61	21.707
876.78	21.878
876.96	22.033
877.14	22.016
877.32	22.204
877.49	22.235
877.67	22.460
877.85	22.379
878.03	22.683
878.21	22.751
878.38	22.121
878.56	22.457
878.74	22.635
878.92	22.686
879.09	22.371
879.27	22.321
879.45	22.464
879.63	22.804
879.80	22.666
879.98	22.304
880.16	22.794
880.34	22.028
880.51	22.775
880.69	22.337
880.87	22.793
881.05	22.058
881.22	22.156
881.40	22.962
881.58	22.370
881.75	22.633
881.93	22.395
882.11	22.145
882.29	22.197
882.46	22.879
882.64	22.835
882.82	22.674
883.00	22.393
883.17	23.059
883.35	22.933
883.53	22.936
883.70	23.068
883.88	22.289
884.06	22.668
884.23	23.034
884.41	22.782
884.59	22.534
884.77	22.969
884.94	22.170
885.12	22.860
885.30	22.753
885.47	22.881
885.65	22.834
885.83	22.666
886.00	22.302
886.18	23.204
886.36	23.109
886.53	23.237
886.71	23.233
886.89	22.756
887.07	23.289
887.24	23.185
887.42	23.116
887.60	22.951
887.77	22.855
887.95	22.763
888.13	23.053
888.30	23.084
888.48	23.109
888.66	23.346
888.83	23.205
889.01	23.364
889.18	23.148
889.36	23.193
889.54	22.963
889.71	22.983
889.89	23.897
890.07	23.611
890.24	23.320
890.42	23.153
890.60	23.323
890.77	24.042
890.95	23.355
891.13	23.416
891.30	23.997
891.48	23.341
891.65	23.764
891.83	23.468
892.01	23.390
892.18	23.463
892.36	23.271
892.54	23.674
892.71	23.574
892.89	23.852
893.06	23.725
893.24	23.740
893.42	23.869
893.59	23.692
893.77	23.795
893.94	23.930
894.12	24.111
894.30	23.913
894.47	23.600
894.65	24.017
894.82	23.484
895.00	23.744
895.18	23.332
895.35	23.495
895.53	23.734
895.70	23.588
895.88	23.558
896.06	23.626
896.23	23.951
896.41	23.806
896.58	23.441
896.76	23.688
896.93	23.557
897.11	24.122
897.29	23.845
897.46	24.082
897.64	24.293
897.81	24.366
897.99	24.152
898.16	24.221
898.34	24.191
898.52	24.133
898.69	24.526
898.87	24.452
899.04	24.018
899.22	24.268
899.39	25.021
899.57	24.512
899.74	24.990
899.92	24.816
900.10	25.205
900.27	25.155
900.45	25.162
900.62	25.185
900.80	24.640
900.97	25.338
901.15	25.132
901.32	25.081
901.50	25.308
901.67	25.080
901.85	25.534
902.02	25.363
902.20	25.484
902.37	25.430
902.55	25.190
902.72	25.527
902.90	25.839
903.07	25.281
903.25	25.276
903.43	25.323
903.60	25.528
903.78	25.649
903.95	25.064
904.13	25.436
904.30	25.436
904.48	25.562
904.65	25.555
904.83	25.113
905.00	25.832
905.17	25.188
905.35	25.496
905.52	25.658
905.70	25.639
905.87	25.256
906.05	25.238
906.22	25.440
906.40	25.420
906.57	25.607
906.75	25.131
906.92	25.624
907.10	25.372
907.27	25.370
907.45	25.071
907.62	25.281
907.80	25.364
907.97	25.640
908.15	25.421
908.32	25.863
908.49	25.875
908.67	25.868
908.84	25.948
909.02	25.611
909.19	26.011
909.37	25.623
909.54	26.021
909.72	26.167
909.89	25.791
910.07	25.911
910.24	25.700
910.41	26.420
910.59	25.485
910.76	25.864
910.94	25.919
911.11	25.414
911.29	25.677
911.46	26.042
911.63	25.950
911.81	26.351
911.98	25.722
912.16	25.859
912.33	25.849
912.50	25.470
912.68	25.909
912.85	25.939
913.03	26.176
913.20	26.325
913.38	25.959
913.55	25.539
913.72	26.058
913.90	26.717
914.07	25.912
914.25	26.650
914.42	26.336
914.59	26.825
914.77	26.267
914.94	26.314
915.11	25.828
915.29	25.939
915.46	26.033
915.64	26.182
915.81	26.097
915.98	26.319
916.16	26.601
916.33	26.294
916.51	26.165
916.68	26.299
916.85	26.402
917.03	25.894
917.20	26.214
917.37	26.385
917.55	26.398
917.72	26.293
917.89	26.452
918.07	26.073
918.24	26.310
918.42	26.819
918.59	26.430
918.76	26.715
918.94	26.530
919.11	26.736
919.28	26.499
919.46	26.625
919.63	26.931
919.80	27.010
919.98	26.430
920.15	26.737
920.32	27.107
920.50	27.200
920.67	26.890
920.84	27.294
921.02	26.739
921.19	26.693
921.36	26.660
921.54	26.387
921.71	26.942
921.88	26.916
922.06	26.567
922.23	26.916
922.40	26.260
922.57	27.401
922.75	27.504
922.92	27.314
923.09	26.969
923.27	27.200
923.44	27.133
923.61	26.748
923.79	27.125
923.96	27.092
924.13	27.327
924.30	27.386
924.48	27.369
924.65	27.593
924.82	27.485
925.00	27.005
925.17	27.911
925.34	27.449
925.51	26.998
925.69	27.620
925.86	27.431
926.03	27.119
926.21	27.713
926.38	27.615
926.55	27.770
926.72	27.594
926.90	27.952
927.07	27.327
927.24	27.687
927.41	27.410
927.59	27.658
927.76	26.985
927.93	27.506
928.10	27.330
928.28	27.533
928.45	27.485
928.62	27.113
928.79	27.958
928.97	26.925
929.14	27.402
929.31	27.351
929.48	26.923
929.66	27.474
929.83	26.403
930.00	27.275
930.17	27.286
930.34	26.830
930.52	26.760
930.69	26.416
930.86	26.896
931.03	27.081
931.21	27.651
931.38	27.663
931.55	27.075
931.72	27.186
931.89	26.934
932.07	26.842
932.24	27.216
932.41	27.400
932.58	26.753
932.75	26.798
932.93	27.614
933.10	27.355
933.27	27.025
933.44	27.031
933.61	26.769
933.79	27.353
933.96	27.368
934.13	27.654
934.30	27.731
934.47	28.177
934.65	27.644
934.82	27.492
934.99	27.642
935.16	27.919
935.33	27.350
935.50	27.731
935.68	27.725
935.85	27.282
936.02	27.236
936.19	27.395
936.36	27.661
936.53	27.573
936.71	27.280
936.88	27.514
937.05	27.653
937.22	27.388
937.39	27.595
937.56	27.722
937.74	27.089
937.91	27.911
938.08	27.514
938.25	27.534
938.42	27.873
938.59	27.207
938.76	27.686
938.94	27.596
939.11	28.254
939.28	27.946
939.45	27.431
939.62	27.480
939.79	27.905
939.96	27.608
940.13	26.892
940.31	27.558
940.48	27.387
940.65	27.421
940.82	27.750
940.99	27.965
941.16	28.440
941.33	27.482
941.50	28.000
941.67	27.831
941.85	27.661
942.02	27.828
942.19	27.950
942.36	27.142
942.53	27.245
942.70	27.423
942.87	28.081
943.04	27.962
943.21	29.135
943.38	27.840
943.56	28.059
943.73	28.668
943.90	28.906
944.07	28.027
944.24	28.369
944.41	28.162
944.58	28.282
944.75	28.520
944.92	28.431
945.09	27.816
945.26	27.802
945.43	27.892
945.60	27.878
945.78	27.539
945.95	27.646
946.12	28.442
946.29	27.859
946.46	27.476
946.63	28.030
946.80	28.172
946.97	28.379
947.14	28.112
947.31	27.832
947.48	27.922
947.65	28.236
947.82	28.271
947.99	27.788
948.16	28.039
948.33	28.433
948.50	28.362
948.67	28.396
948.84	28.346
949.01	28.333
949.18	28.177
949.35	27.849
949.52	27.940
949.69	28.235
949.86	27.919
950.03	28.137
950.20	28.646
950.38	27.888
950.55	27.900
950.72	28.007
950.89	28.997
951.06	28.177
951.23	28.384
951.40	28.063
951.57	29.015
951.74	28.856
951.91	27.935
952.08	27.994
952.25	28.215
952.42	27.743
952.59	28.241
952.76	28.075
952.92	27.991
953.09	27.786
953.26	28.258
953.43	27.905
953.60	27.766
953.77	27.985
953.94	27.446
954.11	28.641
954.28	27.927
954.45	27.597
954.62	28.688
954.79	27.692
954.96	27.649
955.13	27.902
955.30	27.008
955.47	27.376
955.64	27.674
955.81	28.855
955.98	27.917
956.15	28.650
956.32	28.003
956.49	28.081
956.66	28.616
956.83	28.372
957.00	27.715
957.17	27.955
957.33	27.529
957.50	27.751
957.67	27.883
957.84	27.526
958.01	28.219
958.18	27.596
958.35	27.251
958.52	27.340
958.69	28.754
958.86	28.294
959.03	28.103
959.20	28.259
959.37	27.534
959.53	28.057
959.70	27.702
959.87	27.746
960.04	28.459
960.21	27.305
960.38	27.641
960.55	27.650
960.72	27.409
960.89	27.315
961.06	27.307
961.23	28.581
961.39	27.988
961.56	26.998
961.73	27.920
961.90	27.721
962.07	27.156
962.24	27.031
962.41	26.549
962.58	27.475
962.75	27.412
962.91	28.047
963.08	26.467
963.25	28.115
963.42	27.639
963.59	27.431
963.76	27.652
963.93	27.904
964.09	27.455
964.26	27.478
964.43	27.069
964.60	27.349
964.77	27.316
964.94	27.775
965.11	27.201
965.27	27.537
965.44	27.514
965.61	27.661
965.78	27.262
965.95	27.381
966.12	27.530
966.29	27.584
966.45	27.278
966.62	27.194
966.79	27.427
966.96	27.441
967.13	26.919
967.30	27.446
967.46	28.011
967.63	27.028
967.80	27.292
967.97	27.636
968.14	27.627
968.30	27.237
968.47	27.335
968.64	28.812
968.81	27.529
968.98	27.191
969.15	28.163
969.31	26.819
969.48	27.057
969.65	27.529
969.82	27.219
969.99	26.560
970.15	26.711
970.32	27.138
970.49	27.275
970.66	26.918
970.82	27.173
970.99	27.205
971.16	26.587
971.33	26.783
971.50	26.429
971.66	26.584
971.83	27.281
972.00	26.108
972.17	27.382
972.34	26.979
972.50	27.616
972.67	27.389
972.84	27.516
973.01	27.443
973.17	27.725
973.34	26.948
973.51	28.084
973.68	26.731
973.84	27.098
974.01	27.435
974.18	27.728
974.35	27.882
974.51	28.366
974.68	28.101
974.85	27.535
975.02	27.183
975.18	27.945
975.35	27.583
975.52	27.217
975.69	27.512
975.85	28.873
976.02	27.693
976.19	27.602
976.36	27.594
976.52	27.926
976.69	27.595
976.86	27.574
977.02	27.317
977.19	28.033
977.36	27.258
977.53	28.462
977.69	28.063
977.86	27.934
978.03	28.353
978.19	27.861
978.36	27.988
978.53	28.048
978.70	28.394
978.86	28.160
979.03	28.876
979.20	28.029
979.36	28.531
979.53	28.305
979.70	28.562
979.86	28.199
980.03	28.974
980.20	28.122
980.36	27.977
980.53	27.615
980.70	28.229
980.86	27.619
981.03	28.305
981.20	27.996
981.36	28.281
981.53	27.954
981.70	27.474
981.86	28.084
982.03	28.256
982.20	28.400
982.36	27.776
982.53	26.935
982.70	29.343
982.86	28.465
983.03	27.826
983.20	28.683
983.36	28.130
983.53	27.667
983.70	27.465
983.86	27.553
984.03	27.154
984.20	26.566
984.36	26.936
984.53	27.603
984.70	27.268
984.86	26.185
985.03	27.176
985.19	26.965
985.36	28.064
985.53	27.712
985.69	27.531
985.86	28.269
986.03	26.374
986.19	27.955
986.36	27.969
986.52	27.274
986.69	27.021
986.86	27.800
987.02	27.424
987.19	27.091
987.35	27.491
987.52	26.992
987.69	27.248
987.85	26.690
988.02	26.488
988.18	27.076
988.35	26.216
988.52	26.465
988.68	27.240
988.85	27.268
989.01	26.707
989.18	26.743
989.35	27.058
989.51	26.783
989.68	27.672
989.84	27.170
990.01	26.791
990.17	28.338
990.34	26.981
990.51	27.401
990.67	27.913
990.84	27.482
991.00	27.225
991.17	26.236
991.33	26.218
991.50	27.170
991.66	27.796
991.83	26.379
992.00	26.132
992.16	26.978
992.33	25.931
992.49	26.621
992.66	29.161
992.82	26.483
992.99	28.052
993.15	26.876
993.32	26.843
993.48	27.556
993.65	27.574
993.82	26.701
993.98	28.890
994.15	27.019
994.31	26.198
994.48	27.414
994.64	27.855
994.81	27.007
994.97	26.705
995.14	27.412
995.30	27.852
995.47	26.245
995.63	26.610
995.80	26.620
995.96	26.472
996.13	27.201
996.29	28.136
996.46	28.431
996.62	27.836
996.79	27.204
996.95	27.684
997.12	28.222
997.28	27.866
997.45	28.350
997.61	26.018
997.78	26.963
997.94	26.938
998.11	27.318
998.27	26.681
998.44	27.017
998.60	27.691
998.77	27.917
998.93	27.368
999.10	28.683
999.26	27.196
999.43	28.127
999.59	27.611
999.75	27.357
999.92	27.530
1000.08	26.401
1000.25	26.963
1000.41	27.531
1000.58	28.383
1000.74	28.139
1000.91	27.416
1001.07	28.482
1001.24	27.219
1001.40	28.251
1001.56	27.972
1001.73	29.052
1001.89	27.051
1002.06	28.696
1002.22	28.524
1002.39	28.922
1002.55	28.270
1002.71	28.626
1002.88	27.942
1003.04	28.871
1003.21	27.188
1003.37	27.005
1003.54	27.432
1003.70	29.133
1003.86	28.284
1004.03	27.902
1004.19	27.938
1004.36	27.062
1004.52	27.739
1004.68	27.625
1004.85	28.432
1005.01	27.956
1005.18	26.821
1005.34	27.875
1005.50	27.564
1005.67	27.286
1005.83	28.008
1006.00	30.003
1006.16	27.862
1006.32	30.627
1006.49	26.999
1006.65	26.909
1006.82	25.611
1006.98	27.865
1007.14	26.899
1007.31	26.847
1007.47	26.588
1007.63	28.960
1007.80	27.309
1007.96	27.587
1008.13	30.674
1008.29	26.920
1008.45	31.334
1008.62	28.976
1008.78	27.937
1008.94	28.927
1009.11	28.956
1009.27	28.788
1009.43	29.919
1009.60	27.145
1009.76	28.330
1009.92	30.553
1010.09	29.733
1010.25	27.136
1010.42	28.832
1010.58	29.637
1010.74	27.129
1010.91	29.646
1011.07	29.941
1011.23	29.652
1011.40	28.269
1011.56	29.814
1011.72	29.577
1011.89	30.200
1012.05	29.050
1012.21	28.869
1012.37	27.458
1012.54	27.385
1012.70	27.972
1012.86	29.011
1013.03	27.975
1013.19	29.007
1013.35	27.057
1013.52	28.256
1013.68	28.787
1013.84	29.310
1014.01	27.229
1014.17	30.064
1014.33	27.845
1014.49	28.321
1014.66	26.445
1014.82	27.206
1014.98	27.365
1015.15	26.670
1015.31	28.123
1015.47	29.279
1015.63	30.834
1015.80	27.365
1015.96	29.965
1016.12	28.527
1016.29	27.832
1016.45	28.106
1016.61	30.638
1016.77	28.264
1016.94	28.325
1017.10	28.875
1017.26	27.503
1017.42	30.170
1017.59	27.327
1017.75	28.309
1017.91	26.328
1018.07	31.396
1018.24	31.596
1018.40	30.839
1018.56	28.855
1018.72	30.053
1018.89	31.218
1019.05	28.713
1019.21	28.107
1019.37	29.008
1019.54	30.821
1019.70	31.116
1019.86	28.834
1020.02	28.544
1020.19	28.686
1020.35	28.361
1020.51	30.655
1020.67	30.042
1020.83	30.453
1021.00	32.699
1021.16	29.013
1021.32	26.376
1021.48	30.607
1021.64	31.076
1021.81	29.521
1021.97	31.363
1022.13	34.709
1022.29	32.892
1022.45	30.196
1022.62	31.515
1022.78	30.493
1022.94	32.050
1023.10	31.051
1023.26	32.347
1023.43	32.312
1023.59	31.759
1023.75	30.863
1023.91	31.035
1024.07	33.432
1024.24	34.140
1024.40	34.144
1024.56	30.447
1024.72	30.623
1024.88	32.209
1025.04	29.941
1025.21	33.604
1025.37	32.388
1025.53	32.039
1025.69	33.076
1025.85	31.205
1026.01	35.998
1026.18	37.663
1026.34	27.870
1026.50	36.476
1026.66	29.019
1026.82	38.076
1026.98	31.266
1027.14	31.627
1027.31	31.126
1027.47	32.568
1027.63	32.399
1027.79	34.708
1027.95	34.100
1028.11	31.188
1028.27	40.018
1028.44	37.256
1028.60	33.561
1028.76	36.857
1028.92	35.703
1029.08	39.224
1029.24	34.382
1029.40	38.193
1029.56	35.648
1029.73	41.425
1029.89	38.297
1030.05	35.192
1030.21	40.002
1030.37	33.046
1030.53	41.334
1030.69	30.645
1030.85	37.100
1031.01	35.065
1031.17	36.654
1031.34	40.382
1031.50	36.400
1031.66	33.636
1031.82	37.902
1031.98	37.417
1032.14	40.680
1032.30	38.273
1032.46	39.237
1032.62	35.455
1032.78	37.414
1032.94	35.426
1033.10	42.088
1033.27	44.941
1033.43	40.700
1033.59	44.219
1033.75	40.666
1033.91	41.594
1034.07	46.526
1034.23	42.736
1034.39	37.929
1034.55	50.296
1034.71	43.137
1034.87	47.740
1035.03	39.848
1035.19	44.516
1035.35	45.830
1035.51	53.006
1035.67	46.012
1035.83	47.081
1035.99	46.759
1036.16	44.121
1036.32	40.800
1036.48	47.126
1036.64	48.643
1036.80	55.394
1036.96	42.247
1037.12	39.180
1037.28	49.404
1037.44	51.990
1037.60	48.081
1037.76	46.111
1037.92	51.585
1038.08	46.861
1038.24	47.113
1038.40	45.232
1038.56	41.121
1038.72	48.758
1038.88	45.358
1039.04	52.353
1039.20	51.505
1039.36	55.043
1039.52	67.946
1039.68	56.462
1039.84	64.401
1040.00	71.593
1040.16	71.241
1040.32	70.880
1040.48	75.410
1040.64	69.948
1040.80	68.072
1040.96	68.040
1041.12	65.138
1041.28	81.084
1041.44	90.270
1041.60	87.754
1041.76	61.255
1041.92	75.801
1042.08	73.812
1042.24	69.787
1042.39	112.172
1042.55	93.930
1042.71	88.403
1042.87	96.524
1043.03	99.499
1043.19	83.776
