345.44	22.500
345.66	22.500
345.88	22.500
346.10	6.742
346.31	148.485
346.53	68.182
346.75	93.299
346.97	84.103
347.19	87.850
347.41	55.906
347.63	60.729
347.85	100.000
348.07	101.538
348.29	143.750
348.51	87.550
348.73	9.589
348.95	87.603
349.17	107.190
349.39	35.328
349.61	39.855
349.83	65.312
350.05	106.522
350.27	88.525
350.49	80.366
350.71	50.730
350.93	86.747
351.15	48.020
351.37	47.368
351.59	51.598
351.80	74.863
352.02	106.027
352.24	59.914
352.46	96.296
352.68	60.000
352.90	75.458
353.12	86.636
353.34	85.283
353.56	90.526
353.78	93.966
354.00	60.417
354.22	87.685
354.44	55.800
354.66	49.589
354.88	88.448
355.09	76.667
355.31	52.778
355.53	53.563
355.75	79.028
355.97	94.792
356.19	69.341
356.41	75.166
356.63	50.000
356.85	59.207
357.07	71.268
357.29	59.959
357.50	81.644
357.72	83.432
357.94	60.825
358.16	70.660
358.38	33.586
358.60	75.194
358.82	62.817
359.04	90.136
359.26	87.042
359.48	32.320
359.69	51.775
359.91	77.612
360.13	81.525
360.35	63.871
360.57	62.609
360.79	94.068
361.01	72.569
361.23	89.474
361.45	76.221
361.66	77.987
361.88	59.041
362.10	74.815
362.32	75.601
362.54	61.977
362.76	85.130
362.98	80.938
363.20	87.016
363.41	63.905
363.63	60.615
363.85	71.345
364.07	66.667
364.29	96.078
364.51	98.780
364.73	59.589
364.94	79.778
365.16	93.017
365.38	65.996
365.60	61.682
365.82	93.151
366.04	87.186
366.26	49.187
366.47	64.596
366.69	70.625
366.91	71.854
367.13	39.832
367.35	96.122
367.57	87.866
367.79	43.164
368.00	57.434
368.22	54.970
368.44	59.355
368.66	89.087
368.88	78.443
369.10	60.714
369.31	67.767
369.53	77.899
369.75	67.254
369.97	75.637
370.19	48.669
370.41	60.100
370.62	65.700
370.84	66.331
371.06	92.378
371.28	53.176
371.50	61.659
371.71	76.540
371.93	83.906
372.15	79.177
372.37	79.250
372.59	57.476
372.80	82.119
373.02	58.610
373.24	73.970
373.46	62.821
373.68	71.818
373.90	58.814
374.11	75.714
374.33	55.991
374.55	37.101
374.77	61.996
374.98	66.136
375.20	69.799
375.42	26.150
375.64	62.047
375.86	70.464
376.07	56.707
376.29	67.824
376.51	72.344
376.73	73.166
376.95	73.077
377.16	63.776
377.38	96.277
377.60	91.082
377.82	58.042
378.03	65.692
378.25	76.852
378.47	75.407
378.69	45.996
378.91	84.173
379.12	59.030
379.34	83.011
379.56	79.526
379.78	58.084
379.99	63.508
380.21	38.925
380.43	65.650
380.65	66.777
380.86	72.420
381.08	61.099
381.30	60.671
381.52	84.440
381.73	63.570
381.95	65.000
382.17	57.047
382.39	91.042
382.60	83.519
382.82	59.082
383.04	68.008
383.26	55.664
383.47	84.201
383.69	58.414
383.91	70.165
384.13	66.368
384.34	81.132
384.56	64.968
384.78	72.902
385.00	65.506
385.21	79.545
385.43	69.859
385.65	78.155
385.86	77.632
386.08	68.727
386.30	76.263
386.52	64.967
386.73	63.764
386.95	80.600
387.17	73.744
387.38	63.957
387.60	52.500
387.82	66.605
388.04	90.924
388.25	54.545
388.47	67.055
388.69	64.547
388.90	59.934
389.12	51.574
389.34	70.785
389.56	61.290
389.77	80.718
389.99	77.966
390.21	77.583
390.42	60.825
390.64	53.333
390.86	74.303
391.07	57.962
391.29	65.321
391.51	65.160
391.72	61.049
391.94	96.917
392.16	59.184
392.38	54.290
392.59	64.697
392.81	50.169
393.03	54.575
393.24	56.398
393.46	43.533
393.68	66.617
393.89	72.071
394.11	83.676
394.33	82.059
394.54	58.752
394.76	47.328
394.98	87.622
395.19	61.572
395.41	67.460
395.63	72.638
395.84	49.215
396.06	59.665
396.28	64.773
396.49	73.406
396.71	71.674
396.93	65.365
397.14	69.962
397.36	77.047
397.57	60.426
397.79	79.091
398.01	76.050
398.22	55.990
398.44	56.182
398.66	60.923
398.87	71.819
399.09	57.568
399.31	59.935
399.52	68.529
399.74	77.975
399.96	76.722
400.17	73.323
400.39	90.000
400.60	76.245
400.82	54.134
401.04	77.645
401.25	75.063
401.47	66.395
401.69	64.132
401.90	59.900
402.12	60.939
402.33	63.324
402.55	66.477
402.77	52.567
402.98	57.158
403.20	72.299
403.41	50.924
403.63	67.582
403.85	59.336
404.06	76.628
404.28	63.031
404.49	71.240
404.71	67.267
404.93	74.047
405.14	65.099
405.36	55.305
405.57	63.257
405.79	59.510
406.01	65.751
406.22	67.038
406.44	55.592
406.65	57.060
406.87	58.301
407.09	75.192
407.30	70.918
407.52	69.412
407.73	68.125
407.95	67.517
408.17	56.238
408.38	57.566
408.60	59.184
408.81	69.844
409.03	63.216
409.24	59.959
409.46	60.714
409.68	62.222
409.89	62.885
410.11	63.925
410.32	56.863
410.54	52.565
410.75	63.112
410.97	67.946
411.18	67.299
411.40	68.220
411.62	65.278
411.83	74.720
412.05	58.496
412.26	55.735
412.48	71.969
412.69	63.262
412.91	62.489
413.12	59.212
413.34	65.845
413.56	65.440
413.77	57.930
413.99	61.607
414.20	74.451
414.42	68.316
414.63	58.400
414.85	66.637
415.06	69.640
415.28	58.966
415.49	71.610
415.71	57.516
415.92	62.397
416.14	65.437
416.35	66.292
416.57	60.263
416.79	69.222
417.00	56.293
417.22	64.527
417.43	59.692
417.65	67.808
417.86	70.373
418.08	68.953
418.29	61.180
418.51	61.437
418.72	62.367
418.94	63.243
419.15	62.802
419.37	70.528
419.58	52.435
419.80	65.486
420.01	62.531
420.23	65.966
420.44	55.136
420.66	60.857
420.87	57.990
421.09	61.973
421.30	68.975
421.52	60.352
421.73	60.783
421.95	62.642
422.16	59.359
422.38	63.790
422.59	62.420
422.81	61.735
423.02	59.211
423.23	51.182
423.45	66.428
423.66	59.699
423.88	61.839
424.09	65.646
424.31	65.395
424.52	58.574
424.74	65.023
424.95	63.624
425.17	63.815
425.38	58.767
425.60	61.642
425.81	53.985
426.03	52.909
426.24	64.153
426.45	65.477
426.67	52.229
426.88	57.459
427.10	64.943
427.31	66.334
427.53	58.441
427.74	65.437
427.96	59.396
428.17	68.602
428.39	60.641
428.60	61.836
428.81	65.605
429.03	62.257
429.24	59.683
429.46	68.037
429.67	54.484
429.89	57.926
430.10	60.154
430.31	65.319
430.53	60.676
430.74	56.804
430.96	56.221
431.17	60.127
431.39	56.240
431.60	60.113
431.81	56.405
432.03	59.638
432.24	59.474
432.46	60.682
432.67	64.217
432.89	59.793
433.10	55.755
433.31	53.600
433.53	60.621
433.74	53.568
433.96	57.910
434.17	57.108
434.38	61.611
434.60	63.725
434.81	64.622
435.03	53.773
435.24	57.501
435.45	51.739
435.67	56.356
435.88	62.401
436.10	55.880
436.31	57.933
436.52	56.369
436.74	56.127
436.95	55.899
437.17	62.115
437.38	62.192
437.59	60.054
437.81	60.494
438.02	59.828
438.23	58.509
438.45	57.899
438.66	61.018
438.88	59.841
439.09	60.186
439.30	61.049
439.52	57.530
439.73	58.424
439.94	55.092
440.16	61.635
440.37	52.683
440.58	58.760
440.80	57.205
441.01	57.126
441.23	55.937
441.44	59.199
441.65	57.199
441.87	53.792
442.08	61.175
442.29	59.830
442.51	55.463
442.72	63.388
442.93	57.938
443.15	61.760
443.36	60.139
443.57	59.817
443.79	55.928
444.00	61.044
444.21	60.582
444.43	59.060
444.64	55.220
444.85	61.117
445.07	54.733
445.28	57.193
445.49	59.985
445.71	56.344
445.92	57.180
446.13	56.408
446.35	57.475
446.56	56.499
446.77	56.662
446.99	61.033
447.20	59.018
447.41	59.619
447.63	59.301
447.84	57.757
448.05	59.279
448.27	58.892
448.48	54.759
448.69	56.954
448.90	56.148
449.12	57.706
449.33	52.384
449.54	56.347
449.76	56.478
449.97	58.602
450.18	59.735
450.40	58.347
450.61	56.196
450.82	56.329
451.03	55.026
451.25	59.380
451.46	55.821
451.67	56.654
451.89	59.410
452.10	59.912
452.31	53.940
452.52	58.438
452.74	55.492
452.95	57.335
453.16	56.000
453.38	58.888
453.59	58.648
453.80	56.729
454.01	56.993
454.23	54.732
454.44	55.581
454.65	55.774
454.86	57.716
455.08	53.990
455.29	55.322
455.50	53.359
455.71	51.983
455.93	58.046
456.14	55.470
456.35	52.663
456.56	57.767
456.78	53.572
456.99	53.656
457.20	54.868
457.41	56.894
457.63	57.729
457.84	56.948
458.05	58.040
458.26	57.115
458.48	54.562
458.69	54.001
458.90	53.182
459.11	53.794
459.33	55.225
459.54	52.588
459.75	58.798
459.96	55.597
460.18	56.282
460.39	55.726
460.60	58.051
460.81	56.717
461.02	51.759
461.24	55.239
461.45	50.972
461.66	52.776
461.87	51.815
462.09	57.832
462.30	56.736
462.51	54.227
462.72	55.818
462.93	52.274
463.15	55.951
463.36	55.103
463.57	56.068
463.78	53.042
463.99	55.708
464.21	55.838
464.42	54.067
464.63	53.479
464.84	53.506
465.05	54.785
465.27	55.218
465.48	53.156
465.69	54.278
465.90	53.761
466.11	54.674
466.33	55.016
466.54	50.809
466.75	54.150
466.96	56.134
467.17	53.640
467.38	53.691
467.60	53.969
467.81	53.285
468.02	53.101
468.23	53.862
468.44	54.050
468.65	52.643
468.87	52.938
469.08	55.559
469.29	51.175
469.50	53.723
469.71	52.277
469.92	52.350
470.14	52.493
470.35	56.100
470.56	52.892
470.77	55.368
470.98	52.340
471.19	52.031
471.41	52.400
471.62	52.148
471.83	54.510
472.04	53.164
472.25	54.509
472.46	52.476
472.67	53.306
472.89	51.853
473.10	53.677
473.31	52.455
473.52	52.786
473.73	52.963
473.94	54.344
474.15	53.869
474.37	52.854
474.58	52.225
474.79	52.019
475.00	51.895
475.21	51.470
475.42	51.451
475.63	50.607
475.84	51.257
476.06	53.556
476.27	52.848
476.48	51.312
476.69	52.341
476.90	52.829
477.11	53.194
477.32	50.857
477.53	51.610
477.74	52.251
477.96	52.322
478.17	52.532
478.38	52.527
478.59	52.836
478.80	53.172
479.01	51.350
479.22	51.243
479.43	51.463
479.64	51.904
479.85	50.972
480.06	50.574
480.28	52.289
480.49	51.770
480.70	52.613
480.91	52.358
481.12	51.328
481.33	51.778
481.54	49.311
481.75	53.203
481.96	52.571
482.17	51.270
482.38	52.479
482.59	52.168
482.81	50.578
483.02	51.080
483.23	51.675
483.44	52.334
483.65	53.004
483.86	49.300
484.07	51.959
484.28	51.595
484.49	51.078
484.70	50.393
484.91	50.861
485.12	50.424
485.33	50.633
485.54	50.316
485.75	51.189
485.96	50.978
486.17	49.284
486.38	50.642
486.60	52.020
486.81	51.609
487.02	50.591
487.23	50.554
487.44	50.148
487.65	51.044
487.86	50.537
488.07	50.381
488.28	51.014
488.49	50.381
488.70	51.930
488.91	51.210
489.12	49.884
489.33	49.818
489.54	50.655
489.75	51.528
489.96	50.886
490.17	51.438
490.38	50.912
490.59	48.986
490.80	49.959
491.01	51.179
491.22	50.113
491.43	51.311
491.64	48.850
491.85	52.201
492.06	49.739
492.27	50.758
492.48	50.659
492.69	50.545
492.90	49.795
493.11	50.216
493.32	50.438
493.53	49.891
493.74	50.761
493.95	49.855
494.16	50.193
494.37	50.027
494.58	49.715
494.79	49.985
495.00	49.904
495.21	50.102
495.42	49.284
495.63	49.719
495.84	48.946
496.05	49.909
496.26	51.197
496.47	49.830
496.68	49.206
496.89	49.974
497.10	48.458
497.31	49.708
497.52	49.307
497.73	50.703
497.94	49.950
498.15	48.780
498.36	49.120
498.57	49.168
498.78	50.316
498.99	48.405
499.19	48.475
499.40	49.520
499.61	49.159
499.82	49.306
500.03	48.070
500.24	48.765
500.45	49.539
500.66	49.641
500.87	49.074
501.08	49.404
501.29	49.612
501.50	48.836
501.71	48.620
501.92	48.924
502.13	48.393
502.34	48.872
502.55	48.897
502.76	49.409
502.96	49.507
503.17	48.869
503.38	48.515
503.59	48.812
503.80	49.297
504.01	48.669
504.22	48.286
504.43	49.792
504.64	48.160
504.85	48.892
505.06	48.291
505.27	48.263
505.47	47.854
505.68	48.235
505.89	48.687
506.10	48.601
506.31	48.570
506.52	48.709
506.73	48.483
506.94	48.163
507.15	48.799
507.36	48.465
507.56	48.736
507.77	48.155
507.98	47.441
508.19	48.208
508.40	48.064
508.61	49.906
508.82	48.340
509.03	48.184
509.24	47.577
509.44	48.219
509.65	47.963
509.86	47.831
510.07	48.225
510.28	48.520
510.49	48.004
510.70	47.224
510.91	47.725
511.11	48.453
511.32	47.442
511.53	48.344
511.74	47.972
511.95	48.648
512.16	47.763
512.37	48.268
512.58	47.604
512.78	47.787
512.99	47.702
513.20	47.534
513.41	47.205
513.62	47.469
513.83	47.815
514.04	47.527
514.24	47.838
514.45	48.521
514.66	47.917
514.87	47.947
515.08	47.107
515.29	47.803
515.49	47.502
515.70	48.022
515.91	47.600
516.12	47.573
516.33	47.714
516.54	47.424
516.74	48.554
516.95	48.205
517.16	48.061
517.37	47.472
517.58	47.485
517.79	47.760
517.99	48.276
518.20	47.615
518.41	47.375
518.62	47.583
518.83	47.803
519.03	46.428
519.24	47.530
519.45	47.118
519.66	46.952
519.87	47.091
520.07	47.048
520.28	47.501
520.49	47.612
520.70	47.200
520.91	47.786
521.12	46.938
521.32	46.875
521.53	46.860
521.74	47.495
521.95	47.331
522.15	47.549
522.36	46.637
522.57	47.125
522.78	47.023
522.99	47.039
523.19	47.604
523.40	47.929
523.61	47.208
523.82	47.451
524.03	47.220
524.23	47.323
524.44	47.416
524.65	47.413
524.86	46.774
525.06	46.854
525.27	46.926
525.48	46.749
525.69	46.753
525.89	46.623
526.10	46.690
526.31	47.305
526.52	46.406
526.72	46.830
526.93	46.658
527.14	46.325
527.35	46.579
527.56	47.129
527.76	46.515
527.97	46.973
528.18	46.855
528.38	46.863
528.59	46.507
528.80	46.220
529.01	46.883
529.21	46.725
529.42	46.263
529.63	46.923
529.84	47.109
530.04	46.214
530.25	47.068
530.46	46.546
530.67	46.650
530.87	45.773
531.08	46.913
531.29	46.050
531.50	46.084
531.70	46.737
531.91	46.594
532.12	46.436
532.32	46.393
532.53	45.769
532.74	46.656
532.95	45.997
533.15	46.337
533.36	46.390
533.57	46.764
533.77	45.890
533.98	46.115
534.19	46.347
534.39	45.668
534.60	46.981
534.81	46.370
535.02	46.329
535.22	46.573
535.43	46.176
535.64	46.659
535.84	46.591
536.05	46.402
536.26	46.109
536.46	46.132
536.67	46.104
536.88	45.615
537.08	45.400
537.29	46.654
537.50	46.723
537.70	46.849
537.91	46.193
538.12	46.627
538.33	46.349
538.53	45.293
538.74	46.503
538.95	46.103
539.15	45.894
539.36	45.833
539.57	45.765
539.77	45.811
539.98	45.843
540.18	46.096
540.39	46.357
540.60	45.801
540.80	45.775
541.01	46.244
541.22	45.860
541.42	46.178
541.63	45.544
541.84	45.491
542.04	46.098
542.25	45.874
542.46	45.496
542.66	45.892
542.87	45.740
543.08	45.719
543.28	45.750
543.49	45.719
543.69	45.716
543.90	45.682
544.11	46.327
544.31	45.726
544.52	45.630
544.73	45.391
544.93	45.736
545.14	45.639
545.34	45.168
545.55	45.320
545.76	45.434
545.96	45.263
546.17	45.641
546.38	44.942
546.58	45.045
546.79	45.540
546.99	45.631
547.20	45.447
547.41	45.802
547.61	45.347
547.82	45.393
548.02	45.427
548.23	46.151
548.44	45.141
548.64	45.484
548.85	45.365
549.05	45.640
549.26	45.238
549.47	45.529
549.67	45.511
549.88	45.031
550.08	45.963
550.29	45.372
550.50	45.415
550.70	45.177
550.91	45.501
551.11	45.486
551.32	45.305
551.52	45.272
551.73	44.721
551.94	45.048
552.14	44.598
552.35	45.532
552.55	45.034
552.76	45.300
552.96	45.260
553.17	44.923
553.38	45.521
553.58	45.462
553.79	44.925
553.99	44.680
554.20	45.095
554.40	44.660
554.61	45.348
554.81	44.711
555.02	45.011
555.23	45.007
555.43	45.137
555.64	44.593
555.84	45.190
556.05	45.141
556.25	44.752
556.46	44.910
556.66	44.613
556.87	45.064
557.07	45.020
557.28	44.556
557.48	45.259
557.69	44.995
557.90	44.902
558.10	44.932
558.31	45.085
558.51	44.308
558.72	44.350
558.92	44.043
559.13	44.237
559.33	44.624
559.54	45.030
559.74	44.500
559.95	44.835
560.15	45.090
560.36	44.936
560.56	45.127
560.77	44.984
560.97	45.198
561.18	44.749
561.38	45.044
561.59	44.718
561.79	43.975
562.00	44.830
562.20	44.633
562.41	44.520
562.61	44.309
562.82	44.877
563.02	44.897
563.23	44.459
563.43	44.715
563.64	44.950
563.84	44.951
564.05	44.512
564.25	44.110
564.46	43.855
564.66	44.539
564.87	44.547
565.07	44.776
565.28	44.974
565.48	44.682
565.68	44.224
565.89	44.482
566.09	44.410
566.30	44.570
566.50	44.432
566.71	44.348
566.91	44.493
567.12	44.524
567.32	44.213
567.53	44.184
567.73	44.138
567.94	44.244
568.14	44.899
568.34	44.587
568.55	44.958
568.75	44.473
568.96	44.355
569.16	44.436
569.37	44.368
569.57	43.944
569.78	44.279
569.98	44.081
570.18	44.225
570.39	44.153
570.59	44.291
570.80	44.284
571.00	44.016
571.21	44.083
571.41	44.336
571.61	44.394
571.82	43.823
572.02	44.279
572.23	44.262
572.43	44.330
572.64	44.401
572.84	44.458
573.04	44.193
573.25	44.116
573.45	44.459
573.66	44.453
573.86	44.124
574.06	44.308
574.27	44.352
574.47	44.409
574.68	44.308
574.88	44.158
575.08	44.478
575.29	44.344
575.49	44.104
575.70	44.414
575.90	44.577
576.10	44.328
576.31	44.507
576.51	44.197
576.72	44.528
576.92	44.381
577.12	44.137
577.33	44.352
577.53	44.082
577.73	44.031
577.94	44.309
578.14	44.030
578.35	43.583
578.55	43.946
578.75	43.816
578.96	43.920
579.16	44.277
579.36	43.944
579.57	43.897
579.77	44.478
579.98	44.155
580.18	43.931
580.38	44.096
580.59	44.291
580.79	44.087
580.99	44.034
581.20	43.560
581.40	43.584
581.60	43.700
581.81	43.815
582.01	43.571
582.21	43.663
582.42	43.656
582.62	44.141
582.82	43.696
583.03	43.539
583.23	43.707
583.43	43.911
583.64	43.952
583.84	43.519
584.04	44.028
584.25	43.447
584.45	43.534
584.65	43.889
584.86	43.672
585.06	44.179
585.26	44.066
585.47	43.639
585.67	43.965
585.87	43.943
586.08	43.851
586.28	44.169
586.48	44.223
586.69	43.783
586.89	43.836
587.09	43.983
587.30	43.861
587.50	44.108
587.70	44.038
587.90	43.413
588.11	43.863
588.31	43.669
588.51	43.313
588.72	43.246
588.92	43.689
589.12	43.723
589.33	43.659
589.53	43.594
589.73	43.498
589.93	43.374
590.14	43.748
590.34	43.364
590.54	44.094
590.75	43.996
590.95	43.769
591.15	43.773
591.35	43.392
591.56	43.486
591.76	43.567
591.96	43.129
592.16	43.281
592.37	43.604
592.57	43.192
592.77	43.018
592.97	43.503
593.18	43.484
593.38	43.489
593.58	43.537
593.79	43.471
593.99	43.798
594.19	43.644
594.39	43.600
594.60	43.530
594.80	43.602
595.00	43.705
595.20	43.590
595.41	43.129
595.61	43.267
595.81	43.017
596.01	43.773
596.21	43.332
596.42	43.326
596.62	43.283
596.82	43.354
597.02	43.280
597.23	43.608
597.43	43.700
597.63	43.670
597.83	43.509
598.04	42.974
598.24	43.523
598.44	43.358
598.64	43.190
598.84	43.397
599.05	43.497
599.25	43.150
599.45	43.322
599.65	43.660
599.85	43.349
600.06	43.076
600.26	43.159
600.46	43.144
600.66	42.894
600.87	43.167
601.07	42.892
601.27	43.506
601.47	43.329
601.67	43.277
601.87	43.253
602.08	43.310
602.28	43.492
602.48	43.276
602.68	43.096
602.88	43.225
603.09	42.927
603.29	43.400
603.49	43.252
603.69	43.292
603.89	43.430
604.10	43.350
604.30	43.163
604.50	43.034
604.70	43.085
604.90	43.489
605.10	43.187
605.31	43.212
605.51	43.370
605.71	43.168
605.91	43.154
606.11	43.008
606.31	43.137
606.52	43.230
606.72	43.240
606.92	43.438
607.12	43.217
607.32	43.377
607.52	42.955
607.72	42.914
607.93	43.219
608.13	43.158
608.33	43.199
608.53	42.964
608.73	43.381
608.93	43.087
609.13	42.883
609.34	43.066
609.54	43.341
609.74	43.172
609.94	42.996
610.14	42.923
610.34	42.868
610.54	43.118
610.74	42.792
610.95	43.178
611.15	43.086
611.35	43.312
611.55	43.174
611.75	43.275
611.95	43.431
612.15	43.055
612.35	42.883
612.56	43.298
612.76	43.288
612.96	43.289
613.16	42.951
613.36	42.990
613.56	43.168
613.76	42.960
613.96	43.262
614.16	43.400
614.36	43.307
614.57	42.855
614.77	43.075
614.97	42.869
615.17	43.011
615.37	43.222
615.57	43.185
615.77	42.861
615.97	42.984
616.17	42.670
616.37	43.205
616.57	43.161
616.78	42.851
616.98	43.061
617.18	43.283
617.38	42.949
617.58	42.843
617.78	42.954
617.98	42.951
618.18	42.976
618.38	42.976
618.58	43.109
618.78	42.816
618.98	43.368
619.18	42.860
619.38	42.919
619.58	42.889
619.79	43.174
619.99	42.899
620.19	43.012
620.39	42.953
620.59	42.764
620.79	42.810
620.99	42.901
621.19	43.030
621.39	43.119
621.59	42.810
621.79	42.688
621.99	42.806
622.19	42.671
622.39	42.680
622.59	42.822
622.79	42.871
622.99	43.037
623.19	42.681
623.39	42.637
623.59	42.791
623.79	42.973
623.99	43.081
624.19	43.322
624.39	42.840
624.59	42.540
624.79	42.799
624.99	42.669
625.19	42.929
625.39	42.733
625.59	42.843
625.79	42.720
625.99	43.073
626.19	42.953
626.39	43.016
626.59	43.131
626.79	43.077
626.99	43.228
627.19	42.771
627.39	43.044
627.59	42.553
627.79	42.810
627.99	42.990
628.19	42.693
628.39	42.971
628.59	42.901
628.79	42.841
628.99	42.623
629.19	42.515
629.39	42.656
629.59	42.939
629.79	42.792
629.99	42.894
630.19	42.800
630.39	42.673
630.59	42.839
630.79	42.955
630.99	42.621
631.19	42.695
631.39	42.338
631.59	42.647
631.79	42.596
631.99	42.939
632.19	42.718
632.39	42.867
632.59	42.591
632.79	42.823
632.99	42.562
633.19	42.629
633.39	42.805
633.58	42.714
633.78	42.458
633.98	42.789
634.18	42.870
634.38	42.629
634.58	42.919
634.78	42.934
634.98	42.824
635.18	42.666
635.38	42.458
635.58	42.601
635.78	42.995
635.98	42.636
636.18	42.811
636.38	42.426
636.57	42.654
636.77	42.786
636.97	42.693
637.17	42.638
637.37	42.615
637.57	42.381
637.77	42.678
637.97	42.764
638.17	42.597
638.37	42.445
638.57	42.558
638.76	42.574
638.96	42.704
639.16	42.663
639.36	42.730
639.56	42.684
639.76	42.740
639.96	42.719
640.16	42.636
640.36	42.776
640.56	42.757
640.75	42.669
640.95	42.800
641.15	42.629
641.35	42.925
641.55	42.375
641.75	42.554
641.95	42.430
642.15	42.934
642.34	42.354
642.54	42.607
642.74	42.550
642.94	42.526
643.14	42.645
643.34	42.685
643.54	42.360
643.74	42.490
643.93	42.616
644.13	42.850
644.33	42.461
644.53	42.738
644.73	42.531
644.93	42.458
645.13	42.655
645.32	42.595
645.52	42.496
645.72	42.411
645.92	42.394
646.12	42.549
646.32	42.467
646.52	42.619
646.71	42.625
646.91	42.794
647.11	42.452
647.31	42.609
647.51	42.550
647.71	42.569
647.90	42.559
648.10	42.538
648.30	42.611
648.50	42.739
648.70	42.325
648.89	42.329
649.09	42.741
649.29	42.505
649.49	42.683
649.69	42.624
649.89	42.602
650.08	42.284
650.28	42.304
650.48	42.660
650.68	42.345
650.88	42.437
651.07	42.325
651.27	42.519
651.47	42.979
651.67	42.620
651.87	42.666
652.06	42.913
652.26	42.317
652.46	42.182
652.66	42.465
652.86	42.413
653.05	42.312
653.25	42.656
653.45	42.186
653.65	42.398
653.85	42.577
654.04	42.076
654.24	42.216
654.44	42.681
654.64	42.157
654.83	42.015
655.03	42.222
655.23	42.523
655.43	42.570
655.63	42.092
655.82	42.343
656.02	42.343
656.22	42.232
656.42	42.145
656.61	42.568
656.81	42.314
657.01	42.128
657.21	42.355
657.40	42.705
657.60	42.548
657.80	42.357
658.00	42.695
658.19	42.326
658.39	42.184
658.59	42.425
658.79	42.352
658.98	42.391
659.18	42.751
659.38	42.691
659.58	42.421
659.77	42.695
659.97	42.620
660.17	42.675
660.36	42.442
660.56	42.440
660.76	42.549
660.96	42.592
661.15	42.514
661.35	42.462
661.55	42.575
661.75	42.579
661.94	42.271
662.14	42.317
662.34	42.523
662.53	42.703
662.73	42.616
662.93	42.692
663.13	42.901
663.32	42.791
663.52	42.932
663.72	43.043
663.91	42.443
664.11	42.314
664.31	42.496
664.50	42.603
664.70	42.602
664.90	42.720
665.10	42.727
665.29	42.775
665.49	42.630
665.69	42.287
665.88	42.237
666.08	42.409
666.28	42.267
666.47	42.406
666.67	42.874
666.87	42.312
667.06	42.562
667.26	42.692
667.46	42.520
667.65	42.477
667.85	42.231
668.05	42.636
668.24	42.454
668.44	42.503
668.64	42.272
668.83	42.441
669.03	42.428
669.23	42.259
669.42	42.358
669.62	42.735
669.82	42.405
670.01	42.461
670.21	42.485
670.41	42.276
670.60	42.357
670.80	42.404
671.00	42.588
671.19	42.587
671.39	42.577
671.58	42.545
671.78	42.458
671.98	42.714
672.17	42.714
672.37	42.539
672.57	42.768
672.76	42.600
672.96	42.693
673.15	42.893
673.35	42.844
673.55	43.034
673.74	42.869
673.94	42.676
674.14	42.959
674.33	42.962
674.53	42.716
674.72	42.595
674.92	42.399
675.12	42.581
675.31	42.661
675.51	42.641
675.70	42.528
675.90	42.677
676.10	42.304
676.29	42.369
676.49	42.577
676.68	42.445
676.88	42.669
677.08	42.347
677.27	42.623
677.47	42.537
677.66	42.637
677.86	42.870
678.06	42.695
678.25	42.519
678.45	42.473
678.64	42.295
678.84	42.690
679.03	42.631
679.23	42.218
679.43	42.473
679.62	42.266
679.82	42.424
680.01	42.434
680.21	42.658
680.40	42.600
680.60	42.508
680.80	42.238
680.99	42.429
681.19	42.522
681.38	42.194
681.58	42.644
681.77	42.732
681.97	42.856
682.16	42.579
682.36	42.594
682.56	42.466
682.75	42.886
682.95	42.893
683.14	42.925
683.34	42.672
683.53	42.786
683.73	42.643
683.92	42.688
684.12	42.698
684.31	42.548
684.51	42.480
684.70	42.698
684.90	42.707
685.10	42.471
685.29	42.927
685.49	42.682
685.68	42.631
685.88	42.798
686.07	42.631
686.27	43.095
686.46	42.712
686.66	42.364
686.85	42.787
687.05	42.571
687.24	42.461
687.44	42.522
687.63	42.924
687.83	42.728
688.02	42.605
688.22	42.619
688.41	42.605
688.61	42.675
688.80	42.745
689.00	42.639
689.19	43.108
689.39	42.772
689.58	42.852
689.78	42.694
689.97	42.900
690.17	42.671
690.36	42.545
690.56	42.690
690.75	42.747
690.95	42.719
691.14	42.777
691.34	42.501
691.53	42.472
691.72	42.696
691.92	42.149
692.11	42.643
692.31	42.276
692.50	42.089
692.70	42.440
692.89	42.364
693.09	42.303
693.28	42.483
693.48	42.465
693.67	42.496
693.87	42.682
694.06	42.579
694.25	42.519
694.45	42.597
694.64	42.731
694.84	42.684
695.03	42.404
695.23	42.508
695.42	42.626
695.62	42.723
695.81	42.574
696.00	42.535
696.20	42.734
696.39	42.339
696.59	42.940
696.78	42.696
696.98	42.606
697.17	42.659
697.36	42.544
697.56	42.676
697.75	42.707
697.95	42.583
698.14	42.655
698.34	42.893
698.53	42.756
698.72	42.661
698.92	42.559
699.11	42.497
699.31	42.302
699.50	42.441
699.69	42.494
699.89	42.693
700.08	42.848
700.28	42.891
700.47	43.103
700.66	42.510
700.86	42.794
701.05	42.838
701.25	43.074
701.44	42.754
701.63	43.303
701.83	43.011
702.02	42.818
702.21	42.461
702.41	42.570
702.60	42.549
702.80	42.515
702.99	42.670
703.18	42.733
703.38	42.481
703.57	42.416
703.77	42.454
703.96	42.734
704.15	42.739
704.35	42.559
704.54	42.257
704.73	42.524
704.93	42.399
705.12	42.544
705.31	42.350
705.51	42.371
705.70	42.291
705.89	42.500
706.09	42.596
706.28	42.482
706.48	42.643
706.67	42.637
706.86	42.681
707.06	43.150
707.25	43.092
707.44	43.046
707.64	42.845
707.83	42.967
708.02	42.515
708.22	42.406
708.41	42.373
708.60	42.567
708.80	42.658
708.99	42.674
709.18	42.291
709.38	42.553
709.57	42.629
709.76	42.374
709.95	42.653
710.15	42.626
710.34	42.842
710.53	42.412
710.73	42.580
710.92	42.640
711.11	42.622
711.31	42.491
711.50	42.577
711.69	42.729
711.89	42.625
712.08	42.621
712.27	42.518
712.46	42.700
712.66	42.740
712.85	42.701
713.04	42.801
713.24	42.687
713.43	42.768
713.62	42.345
713.81	42.403
714.01	42.496
714.20	42.722
714.39	43.156
714.59	42.790
714.78	42.640
714.97	42.865
715.16	42.952
715.36	43.091
715.55	43.080
715.74	42.718
715.93	42.907
716.13	42.975
716.32	43.218
716.51	43.128
716.71	42.869
716.90	43.072
717.09	42.908
717.28	42.773
717.48	42.942
717.67	42.952
717.86	42.805
718.05	42.820
718.25	42.798
718.44	43.005
718.63	42.776
718.82	42.935
719.02	43.095
719.21	42.669
719.40	43.076
719.59	42.884
719.78	42.665
719.98	42.887
720.17	42.841
720.36	42.987
720.55	42.610
720.75	42.618
720.94	42.676
721.13	42.687
721.32	42.728
721.51	42.879
721.71	42.737
721.90	43.130
722.09	42.949
722.28	43.144
722.48	42.984
722.67	42.827
722.86	42.732
723.05	42.789
723.24	42.763
723.44	42.802
723.63	42.701
723.82	42.737
724.01	42.675
724.20	42.837
724.40	42.836
724.59	42.832
724.78	42.764
724.97	42.837
725.16	42.876
725.35	42.766
725.55	42.881
725.74	42.773
725.93	43.132
726.12	43.066
726.31	42.925
726.51	42.868
726.70	42.882
726.89	42.688
727.08	42.568
727.27	42.541
727.46	42.503
727.66	42.692
727.85	43.079
728.04	43.225
728.23	42.756
728.42	42.837
728.61	42.621
728.81	42.931
729.00	43.173
729.19	43.094
729.38	43.000
729.57	42.974
729.76	42.989
729.95	42.862
730.15	42.740
730.34	42.788
730.53	42.759
730.72	43.154
730.91	43.261
731.10	42.890
731.29	43.265
731.49	42.985
731.68	42.799
731.87	42.906
732.06	42.875
732.25	42.792
732.44	42.826
732.63	43.059
732.82	42.628
733.02	42.627
733.21	42.901
733.40	43.017
733.59	42.789
733.78	42.866
733.97	42.804
734.16	42.883
734.35	43.016
734.54	43.230
734.74	43.019
734.93	42.893
735.12	43.077
735.31	42.874
735.50	42.937
735.69	43.062
735.88	42.823
736.07	42.772
736.26	43.118
736.45	42.674
736.64	42.962
736.84	42.678
737.03	42.943
737.22	42.885
737.41	42.869
737.60	43.122
737.79	42.969
737.98	42.848
738.17	43.191
738.36	42.896
738.55	42.913
738.74	43.058
738.93	42.873
739.12	42.792
739.32	42.780
739.51	42.726
739.70	42.561
739.89	42.666
740.08	42.896
740.27	42.801
740.46	42.785
740.65	42.975
740.84	43.087
741.03	43.075
741.22	42.748
741.41	42.754
741.60	43.014
741.79	42.756
741.98	43.042
742.17	42.990
742.36	43.004
742.55	43.138
742.74	42.931
742.93	42.865
743.12	43.082
743.31	43.254
743.51	43.053
743.70	42.957
743.89	42.724
744.08	43.056
744.27	42.818
744.46	42.903
744.65	43.163
744.84	42.856
745.03	43.004
745.22	42.846
745.41	42.917
745.60	42.717
745.79	42.881
745.98	43.343
746.17	43.180
746.36	43.363
746.55	43.104
746.74	42.928
746.93	43.276
747.12	43.193
747.31	43.333
747.50	43.227
747.69	42.953
747.88	43.341
748.07	43.314
748.26	43.353
748.45	43.272
748.64	43.345
748.83	43.618
749.02	43.369
749.21	43.318
749.40	43.542
749.59	43.155
749.77	42.993
749.96	42.777
750.15	42.924
750.34	42.949
750.53	43.130
750.72	43.076
750.91	43.178
751.10	43.448
751.29	43.256
751.48	43.093
751.67	43.595
751.86	42.838
752.05	43.276
752.24	42.905
752.43	42.880
752.62	43.253
752.81	42.868
753.00	42.862
753.19	42.975
753.38	43.105
753.57	43.017
753.76	43.141
753.94	43.158
754.13	43.459
754.32	43.648
754.51	43.331
754.70	43.146
754.89	43.169
755.08	42.787
755.27	42.698
755.46	42.655
755.65	42.921
755.84	43.054
756.03	42.693
756.22	42.433
756.40	42.675
756.59	42.984
756.78	43.289
756.97	43.389
757.16	43.324
757.35	43.576
757.54	43.394
757.73	43.577
757.92	43.282
758.11	42.990
758.29	43.098
758.48	43.196
758.67	43.166
758.86	43.037
759.05	43.034
759.24	43.080
759.43	42.744
759.62	43.148
759.81	43.026
759.99	43.019
760.18	43.089
760.37	42.931
760.56	42.834
760.75	43.120
760.94	43.182
761.13	42.877
761.32	42.945
761.50	43.287
761.69	43.152
761.88	43.307
762.07	42.852
762.26	42.905
762.45	43.207
762.64	43.107
762.82	43.398
763.01	43.347
763.20	43.451
763.39	43.237
763.58	43.221
763.77	43.092
763.96	43.261
764.14	43.122
764.33	43.227
764.52	43.492
764.71	43.480
764.90	43.429
765.09	43.237
765.27	43.216
765.46	43.229
765.65	43.503
765.84	43.331
766.03	43.240
766.22	43.231
766.40	43.382
766.59	43.130
766.78	43.290
766.97	43.233
767.16	43.240
767.35	43.307
767.53	43.383
767.72	43.057
767.91	43.110
768.10	43.574
768.29	43.407
768.47	43.455
768.66	43.359
768.85	43.432
769.04	43.464
769.23	43.375
769.41	43.427
769.60	43.248
769.79	43.421
769.98	43.301
770.17	43.262
770.35	43.652
770.54	43.430
770.73	43.223
770.92	43.511
771.10	43.631
771.29	43.097
771.48	43.142
771.67	43.161
771.86	43.263
772.04	43.250
772.23	43.122
772.42	43.076
772.61	43.262
772.79	43.426
772.98	43.459
773.17	43.379
773.36	43.312
773.54	43.086
773.73	43.181
773.92	43.062
774.11	43.041
774.30	43.206
774.48	43.626
774.67	43.288
774.86	43.468
775.05	43.447
775.23	43.059
775.42	43.123
775.61	42.917
775.79	43.251
775.98	43.214
776.17	43.132
776.36	43.399
776.54	43.471
776.73	43.321
776.92	43.567
777.11	43.496
777.29	43.187
777.48	43.424
777.67	43.434
777.85	43.414
778.04	43.345
778.23	43.408
778.42	43.232
778.60	43.306
778.79	43.345
778.98	43.306
779.16	43.368
779.35	43.426
779.54	43.368
779.73	43.416
779.91	43.492
780.10	43.485
780.29	43.662
780.47	43.618
780.66	43.598
780.85	43.156
781.03	43.452
781.22	43.300
781.41	43.314
781.60	43.426
781.78	43.379
781.97	43.600
782.16	43.119
782.34	43.478
782.53	43.633
782.72	43.250
782.90	43.279
783.09	43.328
783.28	43.397
783.46	43.246
783.65	43.216
783.84	43.477
784.02	43.357
784.21	43.605
784.40	43.470
784.58	43.702
784.77	43.381
784.96	43.351
785.14	43.383
785.33	43.613
785.52	43.620
785.70	43.891
785.89	43.580
786.08	43.716
786.26	43.304
786.45	43.353
786.63	43.620
786.82	43.305
787.01	43.343
787.19	43.182
787.38	43.680
787.57	43.498
787.75	43.631
787.94	43.440
788.13	43.533
788.31	43.309
788.50	43.181
788.68	43.368
788.87	43.643
789.06	43.898
789.24	43.327
789.43	43.649
789.61	43.604
789.80	43.673
789.99	44.045
790.17	43.765
790.36	44.068
790.55	43.951
790.73	43.701
790.92	43.336
791.10	43.485
791.29	43.457
791.48	43.674
791.66	43.805
791.85	43.762
792.03	43.650
792.22	43.457
792.40	43.923
792.59	44.027
792.78	43.917
792.96	43.982
793.15	44.013
793.33	43.701
793.52	43.609
793.71	43.650
793.89	43.651
794.08	43.714
794.26	43.585
794.45	43.565
794.63	43.374
794.82	43.580
795.01	44.165
795.19	43.840
795.38	43.423
795.56	43.769
795.75	43.827
795.93	43.558
796.12	43.547
796.30	43.547
796.49	43.518
796.68	43.385
796.86	43.523
797.05	43.603
797.23	43.828
797.42	43.410
797.60	43.670
797.79	43.797
797.97	43.661
798.16	43.642
798.34	42.986
798.53	43.497
798.71	43.277
798.90	43.356
799.08	43.486
799.27	43.685
799.46	43.584
799.64	43.612
799.83	43.673
800.01	43.324
800.20	43.687
800.38	43.522
800.57	43.605
800.75	43.550
800.94	43.478
801.12	43.521
801.31	43.507
801.49	43.537
801.68	43.259
801.86	43.863
802.05	43.985
802.23	43.775
802.42	43.732
802.60	44.082
802.79	43.785
802.97	43.801
803.16	43.774
803.34	43.920
803.53	43.628
803.71	43.998
803.90	43.738
804.08	44.178
804.27	43.790
804.45	43.594
804.63	43.361
804.82	43.765
805.00	43.985
805.19	44.382
805.37	44.178
805.56	44.388
805.74	44.037
805.93	43.876
806.11	43.777
806.30	43.737
806.48	43.640
806.67	43.583
806.85	43.706
807.04	43.764
807.22	43.529
807.40	43.698
807.59	43.746
807.77	43.832
807.96	43.801
808.14	44.113
808.33	43.692
808.51	43.551
808.69	43.350
808.88	43.810
809.06	43.769
809.25	43.495
809.43	43.542
809.62	43.791
809.80	43.753
809.99	43.609
810.17	43.605
810.35	43.471
810.54	43.261
810.72	43.543
810.91	43.256
811.09	43.405
811.27	43.711
811.46	43.713
811.64	43.487
811.83	43.488
812.01	43.665
812.19	43.660
812.38	43.781
812.56	43.208
812.75	43.701
812.93	43.502
813.11	43.371
813.30	43.723
813.48	43.672
813.67	44.069
813.85	43.890
814.03	43.741
814.22	43.714
814.40	43.483
814.59	43.499
814.77	43.250
814.95	43.280
815.14	43.237
815.32	43.137
815.50	43.003
815.69	43.219
815.87	43.084
816.06	43.032
816.24	43.122
816.42	43.019
816.61	43.529
816.79	43.756
816.97	43.702
817.16	43.683
817.34	43.641
817.52	43.695
817.71	43.280
817.89	43.486
818.07	43.645
818.26	43.910
818.44	43.687
818.63	43.839
818.81	43.850
818.99	43.483
819.18	43.427
819.36	43.681
819.54	43.818
819.73	43.271
819.91	43.301
820.09	43.191
820.28	43.607
820.46	43.647
820.64	43.454
820.83	43.486
821.01	43.627
821.19	43.277
821.37	43.471
821.56	43.530
821.74	43.643
821.92	43.501
822.11	43.528
822.29	43.804
822.47	43.468
822.66	43.850
822.84	43.795
823.02	43.645
823.21	43.258
823.39	43.349
823.57	43.420
823.75	43.438
823.94	43.322
824.12	43.611
824.30	43.726
824.49	43.780
824.67	43.820
824.85	43.638
825.03	43.681
825.22	43.752
825.40	43.391
825.58	43.744
825.77	43.558
825.95	43.734
826.13	43.885
826.31	43.767
826.50	43.703
826.68	43.961
826.86	44.013
827.04	43.797
827.23	43.564
827.41	43.664
827.59	43.351
827.78	43.144
827.96	43.275
828.14	43.104
828.32	43.369
828.51	43.841
828.69	43.388
828.87	43.518
829.05	43.665
829.23	43.847
829.42	43.534
829.60	43.521
829.78	43.588
829.96	43.457
830.15	43.297
830.33	43.337
830.51	43.829
830.69	43.499
830.88	43.430
831.06	43.400
831.24	43.481
831.42	43.405
831.60	43.163
831.79	43.369
831.97	43.091
832.15	42.994
832.33	43.568
832.52	43.329
832.70	43.615
832.88	43.517
833.06	43.573
833.24	43.607
833.43	43.876
833.61	43.763
833.79	43.240
833.97	43.999
834.15	43.387
834.34	43.287
834.52	43.699
834.70	43.716
834.88	43.180
835.06	43.580
835.25	43.529
835.43	43.175
835.61	43.382
835.79	43.166
835.97	43.440
836.15	43.301
836.34	43.291
836.52	43.386
836.70	43.724
836.88	43.807
837.06	43.717
837.24	43.977
837.43	43.511
837.61	43.527
837.79	43.922
837.97	43.543
838.15	43.744
838.33	43.567
838.52	43.309
838.70	43.206
838.88	43.043
839.06	42.954
839.24	43.082
839.42	43.004
839.60	43.313
839.79	43.361
839.97	43.203
840.15	43.641
840.33	43.109
840.51	43.351
840.69	43.564
840.87	43.384
841.06	43.282
841.24	43.399
841.42	43.445
841.60	43.307
841.78	43.623
841.96	43.629
842.14	43.244
842.32	43.723
842.51	43.677
842.69	43.428
842.87	43.595
843.05	43.509
843.23	43.517
843.41	43.556
843.59	43.724
843.77	43.772
843.95	43.526
844.14	43.601
844.32	43.651
844.50	43.677
844.68	43.564
844.86	43.852
845.04	43.554
845.22	43.242
845.40	43.446
845.58	43.323
845.76	43.289
845.94	43.000
846.12	42.912
846.31	43.183
846.49	43.233
846.67	43.118
846.85	43.115
847.03	43.004
847.21	43.283
847.39	43.097
847.57	43.114
847.75	43.079
847.93	43.034
848.11	43.214
848.29	42.904
848.47	43.088
848.65	43.714
848.83	43.589
849.02	43.603
849.20	43.545
849.38	43.497
849.56	43.450
849.74	43.340
849.92	43.253
850.10	43.314
850.28	42.788
850.46	43.341
850.64	43.203
850.82	42.767
851.00	43.264
851.18	42.785
851.36	42.642
851.54	42.538
851.72	42.789
851.90	42.957
852.08	43.170
852.26	43.095
852.44	43.029
852.62	43.156
852.80	43.147
852.98	43.248
853.16	43.148
853.34	43.028
853.52	43.348
853.70	42.819
853.88	43.203
854.06	43.088
854.24	43.199
854.42	43.061
854.60	43.313
854.78	43.273
854.96	43.336
855.14	43.473
855.32	43.143
855.50	42.838
855.68	43.361
855.86	42.895
856.04	43.040
856.22	43.474
856.40	43.165
856.58	42.858
856.76	43.140
856.94	43.115
857.12	42.963
857.30	43.392
857.48	43.236
857.66	43.079
857.84	43.120
858.02	43.151
858.20	43.497
858.38	43.354
858.56	42.848
858.74	43.274
858.92	43.297
859.10	43.206
859.28	42.856
859.46	42.979
859.64	43.064
859.81	42.960
859.99	43.098
860.17	42.447
860.35	42.448
860.53	42.811
860.71	43.025
860.89	42.998
861.07	42.671
861.25	42.920
861.43	42.721
861.61	42.827
861.79	43.169
861.97	42.895
862.15	43.237
862.33	43.511
862.50	43.224
862.68	43.413
862.86	43.132
863.04	43.113
863.22	43.177
863.40	42.994
863.58	43.165
863.76	42.933
863.94	42.851
864.12	43.110
864.30	43.203
864.47	42.982
864.65	43.447
864.83	43.188
865.01	43.389
865.19	43.262
865.37	43.019
865.55	43.136
865.73	42.997
865.91	43.054
866.09	42.836
866.26	42.623
866.44	42.960
866.62	42.594
866.80	42.582
866.98	42.304
867.16	42.467
867.34	42.344
867.52	42.821
867.69	42.451
867.87	42.904
868.05	42.810
868.23	42.889
868.41	42.890
868.59	43.327
868.77	43.213
868.94	43.310
869.12	43.016
869.30	42.964
869.48	43.059
869.66	43.432
869.84	42.820
870.02	42.531
870.19	42.815
870.37	42.325
870.55	42.348
870.73	42.496
870.91	42.541
871.09	42.818
871.26	42.416
871.44	42.481
871.62	42.527
871.80	43.025
871.98	42.850
872.16	42.983
872.33	42.833
872.51	43.196
872.69	42.809
872.87	42.917
873.05	42.973
873.22	42.983
873.40	42.801
873.58	42.470
873.76	42.764
873.94	42.913
874.12	43.530
874.29	43.158
874.47	43.128
874.65	42.654
874.83	43.247
875.01	43.304
875.18	43.320
875.36	42.898
875.54	42.949
875.72	43.231
875.89	42.922
876.07	43.017
876.25	42.732
876.43	42.478
876.61	43.068
876.78	43.027
876.96	43.181
877.14	42.771
877.32	42.696
877.49	42.726
877.67	43.165
877.85	42.436
878.03	42.636
878.21	42.418
878.38	42.824
878.56	42.410
878.74	42.781
878.92	42.554
879.09	42.726
879.27	42.652
879.45	42.790
879.63	42.753
879.80	42.748
879.98	43.085
880.16	42.512
880.34	42.459
880.51	42.314
880.69	42.551
880.87	42.758
881.05	42.775
881.22	42.752
881.40	42.969
881.58	42.633
881.75	42.789
881.93	42.910
882.11	42.572
882.29	42.394
882.46	42.701
882.64	42.410
882.82	42.622
883.00	42.595
883.17	41.911
883.35	42.288
883.53	42.467
883.70	42.273
883.88	42.250
884.06	42.584
884.23	42.568
884.41	42.839
884.59	42.664
884.77	42.996
884.94	42.735
885.12	42.923
885.30	43.135
885.47	42.744
885.65	42.761
885.83	42.618
886.00	43.051
886.18	42.765
886.36	42.912
886.53	42.897
886.71	42.881
886.89	42.855
887.07	43.312
887.24	43.029
887.42	42.996
887.60	43.107
887.77	42.682
887.95	42.958
888.13	42.662
888.30	42.682
888.48	42.955
888.66	43.089
888.83	42.862
889.01	42.841
889.18	43.345
889.36	42.709
889.54	42.700
889.71	43.053
889.89	42.764
890.07	42.417
890.24	42.421
890.42	42.442
890.60	42.114
890.77	42.723
890.95	43.122
891.13	42.900
891.30	43.034
891.48	43.066
891.65	42.813
891.83	42.817
892.01	43.139
892.18	42.850
892.36	42.313
892.54	42.553
892.71	42.374
892.89	42.654
893.06	42.589
893.24	42.802
893.42	43.146
893.59	42.950
893.77	43.046
893.94	42.641
894.12	43.077
894.30	42.336
894.47	42.622
894.65	42.659
894.82	42.415
895.00	42.525
895.18	42.300
895.35	42.618
895.53	42.506
895.70	42.013
895.88	42.289
896.06	42.408
896.23	42.568
896.41	42.799
896.58	42.714
896.76	42.464
896.93	42.721
897.11	42.644
897.29	42.433
897.46	42.042
897.64	42.142
897.81	42.527
897.99	42.447
898.16	42.681
898.34	43.015
898.52	42.677
898.69	42.731
898.87	42.691
899.04	42.839
899.22	42.472
899.39	42.226
899.57	42.392
899.74	42.083
899.92	42.354
900.10	42.442
900.27	42.124
900.45	41.938
900.62	41.356
900.80	41.606
900.97	41.665
901.15	42.167
901.32	41.929
901.50	42.388
901.67	42.326
901.85	42.395
902.02	42.414
902.20	42.331
902.37	42.401
902.55	42.713
902.72	42.394
902.90	42.399
903.07	42.603
903.25	42.639
903.43	42.844
903.60	42.582
903.78	42.952
903.95	42.997
904.13	42.429
904.30	42.592
904.48	42.674
904.65	42.727
904.83	42.608
905.00	42.541
905.17	42.685
905.35	42.555
905.52	42.283
905.70	42.191
905.87	42.066
906.05	41.853
906.22	42.192
906.40	42.195
906.57	41.785
906.75	41.741
906.92	42.326
907.10	42.072
907.27	41.818
907.45	42.106
907.62	42.036
907.80	42.278
907.97	41.955
908.15	41.948
908.32	42.107
908.49	42.558
908.67	42.086
908.84	42.132
909.02	41.793
909.19	41.894
909.37	41.980
909.54	42.146
909.72	42.515
909.89	41.756
910.07	42.494
910.24	42.410
910.41	42.470
910.59	42.818
910.76	42.447
910.94	42.592
911.11	42.496
911.29	42.924
911.46	43.025
911.63	42.585
911.81	42.724
911.98	42.427
912.16	42.583
912.33	42.594
912.50	42.139
912.68	42.128
912.85	41.964
913.03	42.245
913.20	42.377
913.38	42.383
913.55	42.280
913.72	42.134
913.90	42.515
914.07	42.185
914.25	41.548
914.42	41.920
914.59	41.604
914.77	42.025
914.94	42.179
915.11	42.084
915.29	41.816
915.46	41.897
915.64	41.949
915.81	41.576
915.98	41.115
916.16	41.377
916.33	41.382
916.51	41.320
916.68	41.718
916.85	41.864
917.03	42.209
917.20	41.857
917.37	41.727
917.55	42.491
917.72	42.306
917.89	41.972
918.07	42.257
918.24	42.445
918.42	42.221
918.59	42.243
918.76	42.275
918.94	41.979
919.11	42.091
919.28	42.221
919.46	41.959
919.63	42.291
919.80	42.149
919.98	42.021
920.15	42.600
920.32	42.405
920.50	42.155
920.67	42.265
920.84	42.475
921.02	41.807
921.19	41.799
921.36	42.179
921.54	41.992
921.71	41.655
921.88	41.779
922.06	41.773
922.23	41.973
922.40	41.979
922.57	42.178
922.75	42.239
922.92	41.808
923.09	42.797
923.27	42.040
923.44	41.903
923.61	42.423
923.79	42.523
923.96	42.819
924.13	42.616
924.30	42.595
924.48	42.693
924.65	42.928
924.82	42.980
925.00	42.947
925.17	42.914
925.34	42.491
925.51	42.880
925.69	42.665
925.86	42.580
926.03	42.090
926.21	42.842
926.38	41.964
926.55	42.498
926.72	42.596
926.90	42.424
927.07	42.524
927.24	42.157
927.41	42.355
927.59	42.817
927.76	42.489
927.93	42.439
928.10	42.773
928.28	41.745
928.45	41.992
928.62	41.484
928.79	41.900
928.97	41.927
929.14	41.750
929.31	42.004
929.48	42.266
929.66	41.894
929.83	42.259
930.00	42.803
930.17	42.802
930.34	42.429
930.52	42.537
930.69	42.659
930.86	42.166
931.03	42.461
931.21	42.546
931.38	42.150
931.55	42.354
931.72	42.488
931.89	42.467
932.07	42.618
932.24	42.630
932.41	42.351
932.58	43.026
932.75	42.873
932.93	42.189
933.10	42.480
933.27	42.882
933.44	42.725
933.61	42.185
933.79	42.179
933.96	42.441
934.13	41.836
934.30	41.735
934.47	42.237
934.65	42.722
934.82	42.553
934.99	42.626
935.16	42.650
935.33	42.560
935.50	42.694
935.68	42.429
935.85	42.210
936.02	42.564
936.19	42.965
936.36	42.181
936.53	43.055
936.71	42.447
936.88	42.276
937.05	42.042
937.22	42.593
937.39	42.218
937.56	41.931
937.74	42.385
937.91	42.834
938.08	41.939
938.25	42.156
938.42	42.543
938.59	42.262
938.76	41.556
938.94	42.314
939.11	42.477
939.28	41.732
939.45	42.214
939.62	42.349
939.79	42.594
939.96	42.409
940.13	42.154
940.31	42.600
940.48	42.264
940.65	42.094
940.82	43.549
940.99	42.554
941.16	43.272
941.33	42.164
941.50	42.517
941.67	42.725
941.85	42.452
942.02	42.535
942.19	43.093
942.36	42.781
942.53	42.364
942.70	42.719
942.87	42.232
943.04	43.078
943.21	42.324
943.38	42.330
943.56	42.376
943.73	42.223
943.90	41.627
944.07	41.798
944.24	42.518
944.41	42.346
944.58	42.671
944.75	42.266
944.92	42.029
945.09	41.910
945.26	41.940
945.43	42.204
945.60	42.568
945.78	42.601
945.95	42.315
946.12	42.377
946.29	42.432
946.46	42.380
946.63	42.414
946.80	42.409
946.97	42.084
947.14	41.589
947.31	42.020
947.48	41.934
947.65	41.520
947.82	41.725
947.99	42.389
948.16	42.013
948.33	42.045
948.50	42.308
948.67	42.170
948.84	42.165
949.01	42.634
949.18	42.671
949.35	43.020
949.52	42.372
949.69	42.044
949.86	43.045
950.03	42.598
950.20	42.706
950.38	42.671
950.55	43.032
950.72	42.960
950.89	42.502
951.06	43.027
951.23	42.001
951.40	41.808
951.57	42.766
951.74	42.628
951.91	42.224
952.08	43.120
952.25	41.698
952.42	42.399
952.59	42.024
952.76	42.813
952.92	42.204
953.09	42.151
953.26	41.630
953.43	42.426
953.60	41.945
953.77	42.257
953.94	42.368
954.11	42.420
954.28	42.317
954.45	42.518
954.62	42.353
954.79	42.451
954.96	42.683
955.13	42.823
955.30	42.124
955.47	43.053
955.64	42.791
955.81	42.066
955.98	42.404
956.15	42.935
956.32	42.800
956.49	42.178
956.66	42.075
956.83	42.188
957.00	42.225
957.17	42.293
957.33	42.557
957.50	41.789
957.67	42.700
957.84	42.863
958.01	43.377
958.18	42.722
958.35	42.845
958.52	42.487
958.69	42.530
958.86	42.540
959.03	42.516
959.20	42.689
959.37	41.868
959.53	41.768
959.70	42.405
959.87	42.054
960.04	42.478
960.21	42.753
960.38	42.651
960.55	43.059
960.72	41.882
960.89	41.812
961.06	41.374
961.23	41.618
961.39	41.623
961.56	42.345
961.73	42.041
961.90	42.250
962.07	41.849
962.24	42.263
962.41	42.107
962.58	41.219
962.75	40.597
962.91	41.539
963.08	42.101
963.25	41.459
963.42	42.496
963.59	42.537
963.76	42.975
963.93	42.255
964.09	42.495
964.26	41.858
964.43	43.171
964.60	43.418
964.77	43.466
964.94	42.701
965.11	42.409
965.27	42.509
965.44	42.965
965.61	42.629
965.78	42.434
965.95	42.852
966.12	42.657
966.29	42.182
966.45	42.096
966.62	43.073
966.79	42.494
966.96	42.110
967.13	42.286
967.30	42.171
967.46	42.714
967.63	42.787
967.80	42.822
967.97	42.276
968.14	42.549
968.30	42.317
968.47	42.153
968.64	40.457
968.81	42.043
968.98	42.063
969.15	42.746
969.31	41.958
969.48	42.271
969.65	43.323
969.82	42.544
969.99	42.542
970.15	43.327
970.32	42.357
970.49	42.087
970.66	42.561
970.82	42.272
970.99	42.206
971.16	43.052
971.33	41.893
971.50	41.907
971.66	41.076
971.83	42.090
972.00	42.093
972.17	41.456
972.34	43.077
972.50	43.068
972.67	42.255
972.84	42.368
973.01	42.742
973.17	42.757
973.34	42.530
973.51	42.074
973.68	42.009
973.84	42.354
974.01	42.109
974.18	42.473
974.35	42.026
974.51	41.988
974.68	43.119
974.85	42.017
975.02	43.219
975.18	42.851
975.35	42.538
975.52	42.753
975.69	43.508
975.85	42.476
976.02	43.121
976.19	42.086
976.36	43.220
976.52	42.836
976.69	42.629
976.86	43.338
977.02	42.707
977.19	43.000
977.36	42.101
977.53	42.327
977.69	42.959
977.86	42.360
978.03	42.682
978.19	42.981
978.36	42.827
978.53	42.645
978.70	43.351
978.86	42.424
979.03	42.662
979.20	42.541
979.36	42.116
979.53	43.020
979.70	43.557
979.86	41.766
980.03	42.424
980.20	43.229
980.36	41.691
980.53	41.675
980.70	42.074
980.86	42.051
981.03	42.738
981.20	41.952
981.36	41.995
981.53	42.556
981.70	42.259
981.86	42.763
982.03	42.141
982.20	42.472
982.36	42.947
982.53	42.081
982.70	43.116
982.86	42.807
983.03	43.014
983.20	42.270
983.36	43.538
983.53	43.811
983.70	42.749
983.86	42.935
984.03	41.768
984.20	41.986
984.36	42.538
984.53	41.658
984.70	43.526
984.86	43.027
985.03	41.330
985.19	41.915
985.36	42.499
985.53	40.831
985.69	41.949
985.86	42.766
986.03	42.962
986.19	42.013
986.36	42.086
986.52	41.853
986.69	42.046
986.86	42.921
987.02	43.426
987.19	43.478
987.35	42.273
987.52	42.510
987.69	44.869
987.85	43.475
988.02	42.851
988.18	42.287
988.35	42.430
988.52	42.459
988.68	42.675
988.85	41.684
989.01	42.524
989.18	42.344
989.35	43.542
989.51	41.447
989.68	42.023
989.84	43.280
990.01	43.301
990.17	42.528
990.34	40.635
990.51	43.086
990.67	42.038
990.84	41.895
991.00	42.255
991.17	42.727
991.33	42.732
991.50	43.433
991.66	43.320
991.83	41.526
992.00	42.550
992.16	42.345
992.33	41.364
992.49	42.830
992.66	43.617
992.82	43.199
992.99	40.588
993.15	42.153
993.32	42.719
993.48	42.281
993.65	41.752
993.82	42.787
993.98	42.751
994.15	41.976
994.31	43.242
994.48	42.718
994.64	43.540
994.81	43.888
994.97	45.250
995.14	44.162
995.30	44.471
995.47	42.916
995.63	44.211
995.80	44.148
995.96	42.762
996.13	42.913
996.29	42.882
996.46	44.037
996.62	42.446
996.79	43.069
996.95	43.200
997.12	42.164
997.28	42.261
997.45	42.029
997.61	42.810
997.78	41.868
997.94	43.425
998.11	42.966
998.27	43.092
998.44	42.432
998.60	42.887
998.77	42.630
998.93	42.925
999.10	43.570
999.26	42.501
999.43	44.330
999.59	43.042
999.75	42.890
999.92	43.319
1000.08	43.696
1000.25	42.264
1000.41	42.868
1000.58	43.252
1000.74	42.484
1000.91	42.301
1001.07	42.207
1001.24	43.223
1001.40	42.526
1001.56	42.935
1001.73	42.847
1001.89	44.152
1002.06	42.432
1002.22	41.851
1002.39	43.197
1002.55	43.031
1002.71	43.743
1002.88	43.320
1003.04	43.726
1003.21	42.607
1003.37	43.839
1003.54	43.468
1003.70	45.025
1003.86	44.492
1004.03	43.405
1004.19	43.286
1004.36	43.844
1004.52	42.432
1004.68	43.677
1004.85	44.334
1005.01	43.804
1005.18	41.685
1005.34	42.342
1005.50	41.718
1005.67	43.095
1005.83	42.815
1006.00	43.749
1006.16	43.202
1006.32	44.678
1006.49	44.674
1006.65	42.195
1006.82	42.667
1006.98	44.086
1007.14	42.754
1007.31	43.475
1007.47	43.087
1007.63	46.104
1007.80	45.057
1007.96	41.009
1008.13	44.476
1008.29	42.083
1008.45	43.951
1008.62	44.289
1008.78	43.106
1008.94	44.111
1009.11	44.416
1009.27	44.366
1009.43	45.349
1009.60	42.923
1009.76	42.797
1009.92	42.282
1010.09	42.347
1010.25	42.064
1010.42	42.695
1010.58	41.364
1010.74	44.104
1010.91	45.163
1011.07	43.179
1011.23	43.490
1011.40	42.274
1011.56	42.723
1011.72	44.476
1011.89	44.219
1012.05	45.408
1012.21	42.351
1012.37	41.826
1012.54	42.818
1012.70	44.440
1012.86	42.259
1013.03	42.573
1013.19	40.282
1013.35	43.832
1013.52	46.938
1013.68	43.022
1013.84	45.389
1014.01	44.934
1014.17	44.451
1014.33	43.847
1014.49	43.503
1014.66	44.730
1014.82	44.921
1014.98	44.298
1015.15	43.734
1015.31	45.191
1015.47	44.444
1015.63	47.248
1015.80	45.627
1015.96	44.530
1016.12	45.473
1016.29	43.981
1016.45	45.751
1016.61	46.768
1016.77	44.939
1016.94	45.474
1017.10	45.889
1017.26	43.570
1017.42	43.009
1017.59	46.963
1017.75	46.182
1017.91	45.872
1018.07	43.472
1018.24	44.989
1018.40	43.266
1018.56	44.701
1018.72	41.023
1018.89	42.346
1019.05	45.751
1019.21	45.865
1019.37	41.992
1019.54	45.123
1019.70	39.784
1019.86	42.501
1020.02	43.645
1020.19	43.393
1020.35	45.889
1020.51	44.058
1020.67	41.898
1020.83	42.766
1021.00	45.013
1021.16	41.841
1021.32	47.751
1021.48	44.140
1021.64	41.412
1021.81	46.197
1021.97	45.309
1022.13	45.633
1022.29	46.605
1022.45	46.118
1022.62	44.823
1022.78	49.945
1022.94	46.957
1023.10	46.266
1023.26	44.238
1023.43	42.535
1023.59	48.284
1023.75	47.295
1023.91	46.426
1024.07	47.930
1024.24	50.558
1024.40	42.782
1024.56	46.443
1024.72	49.034
1024.88	46.813
1025.04	46.793
1025.21	44.524
1025.37	50.739
1025.53	42.930
1025.69	46.393
1025.85	44.411
1026.01	44.627
1026.18	43.105
1026.34	44.823
1026.50	49.389
1026.66	48.196
1026.82	43.078
1026.98	45.878
1027.14	48.500
1027.31	46.959
1027.47	47.088
1027.63	44.805
1027.79	45.491
1027.95	42.538
1028.11	41.203
1028.27	46.682
1028.44	47.024
1028.60	41.257
1028.76	47.196
1028.92	50.117
1029.08	41.437
1029.24	46.200
1029.40	46.385
1029.56	46.851
1029.73	44.805
1029.89	48.804
1030.05	47.352
1030.21	45.291
1030.37	48.232
1030.53	45.962
1030.69	49.754
1030.85	39.951
1031.01	48.347
1031.17	42.418
1031.34	47.978
1031.50	47.857
1031.66	45.826
1031.82	47.636
1031.98	50.944
1032.14	53.048
1032.30	47.992
1032.46	45.592
1032.62	47.150
1032.78	53.134
1032.94	47.023
1033.10	51.431
1033.27	45.623
1033.43	49.362
1033.59	42.966
1033.75	43.146
1033.91	45.030
1034.07	48.092
1034.23	44.608
1034.39	44.319
1034.55	51.307
1034.71	44.566
1034.87	47.357
1035.03	45.330
1035.19	45.060
1035.35	46.227
1035.51	48.503
1035.67	47.266
1035.83	52.698
1035.99	47.026
1036.16	48.054
1036.32	45.390
1036.48	45.671
1036.64	49.847
1036.80	49.540
1036.96	54.965
1037.12	53.937
1037.28	50.000
1037.44	47.177
1037.60	43.176
1037.76	49.768
1037.92	54.229
1038.08	46.474
1038.24	52.402
1038.40	47.562
1038.56	49.117
1038.72	48.190
1038.88	62.131
1039.04	54.540
1039.20	47.441
1039.36	49.225
1039.52	43.585
1039.68	51.597
1039.84	49.902
1040.00	51.989
1040.16	51.951
1040.32	50.300
1040.48	43.441
1040.64	46.744
1040.80	50.553
1040.96	53.251
1041.12	40.891
1041.28	56.979
1041.44	54.530
1041.60	51.610
1041.76	52.339
1041.92	45.537
1042.08	46.484
1042.24	47.541
1042.39	52.276
1042.55	54.110
1042.71	40.519
1042.87	55.448
1043.03	59.245
1043.19	53.981
