345.44	1.001
345.66	1.001
345.88	1.001
346.10	-0.917
346.31	-5.231
346.53	-3.793
346.75	-2.627
346.97	3.823
347.19	-2.209
347.41	-4.620
347.63	-1.829
347.85	-6.128
348.07	-5.089
348.29	-8.370
348.51	3.840
348.73	-2.190
348.95	-9.732
349.17	-5.739
349.39	-3.906
349.61	-0.436
349.83	-4.142
350.05	-1.620
350.27	-0.286
350.49	-9.745
350.71	-11.423
350.93	-3.164
351.15	-8.709
351.37	-7.046
351.59	-5.329
351.80	-2.782
352.02	0.143
352.24	-2.121
352.46	-0.000
352.68	0.627
352.90	-3.054
353.12	-1.238
353.34	-0.906
353.56	-2.756
353.78	-4.400
354.00	-0.722
354.22	-7.089
354.44	-2.406
354.66	-5.671
354.88	2.229
355.09	-10.323
355.31	-2.765
355.53	-1.527
355.75	-3.153
355.97	-5.705
356.19	-0.565
356.41	1.778
356.63	-6.718
356.85	-2.556
357.07	-5.783
357.29	-1.849
357.50	-3.514
357.72	0.456
357.94	0.584
358.16	-7.526
358.38	-2.308
358.60	-2.474
358.82	-8.452
359.04	-3.490
359.26	-6.707
359.48	-8.517
359.69	-4.072
359.91	-5.513
360.13	-4.658
360.35	-7.749
360.57	2.599
360.79	-6.317
361.01	-5.203
361.23	-5.357
361.45	-7.388
361.66	0.446
361.88	-6.518
362.10	-2.609
362.32	2.305
362.54	0.834
362.76	4.425
362.98	-6.596
363.20	4.430
363.41	-0.656
363.63	-2.099
363.85	-6.269
364.07	-10.399
364.29	-3.216
364.51	-10.419
364.73	-4.790
364.94	-8.044
365.16	1.657
365.38	-7.515
365.60	-3.486
365.82	-5.279
366.04	-6.818
366.26	-1.019
366.47	-4.687
366.69	-1.590
366.91	-9.335
367.13	-3.495
367.35	-7.120
367.57	-12.856
367.79	-6.010
368.00	-16.848
368.22	-9.286
368.44	0.437
368.66	0.560
368.88	0.739
369.10	-8.358
369.31	-7.280
369.53	-4.160
369.75	-3.438
369.97	-15.433
370.19	0.994
370.41	1.923
370.62	-7.453
370.84	1.231
371.06	-5.687
371.28	-13.650
371.50	-4.961
371.71	-2.898
371.93	-5.139
372.15	4.514
372.37	-10.942
372.59	-2.347
372.80	-4.567
373.02	-5.270
373.24	0.735
373.46	-5.873
373.68	-8.837
373.90	-3.407
374.11	-5.538
374.33	-4.172
374.55	-5.311
374.77	-0.568
374.98	-7.668
375.20	-3.256
375.42	-11.526
375.64	-2.980
375.86	-6.451
376.07	-6.782
376.29	-10.526
376.51	-5.151
376.73	3.064
376.95	-2.171
377.16	-2.471
377.38	-2.937
377.60	1.382
377.82	-2.607
378.03	-7.975
378.25	-4.920
378.47	2.883
378.69	-0.447
378.91	-1.508
379.12	-8.748
379.34	-8.804
379.56	-5.165
379.78	1.017
379.99	-4.288
380.21	-1.364
380.43	-2.928
380.65	-12.948
380.86	-1.187
381.08	-10.153
381.30	-1.863
381.52	-3.693
381.73	-5.031
381.95	-1.040
382.17	1.618
382.39	-13.843
382.60	-1.909
382.82	-8.400
383.04	-6.106
383.26	-1.274
383.47	-2.769
383.69	-2.459
383.91	-10.517
384.13	-1.585
384.34	2.336
384.56	-6.940
384.78	-7.109
385.00	-3.676
385.21	-2.384
385.43	0.924
385.65	-5.379
385.86	-2.967
386.08	-4.451
386.30	-1.770
386.52	-6.956
386.73	-7.488
386.95	-4.577
387.17	0.442
387.38	0.309
387.60	-2.065
387.82	-6.451
388.04	-4.376
388.25	-5.920
388.47	-0.440
388.69	-3.976
388.90	-2.549
389.12	-1.130
389.34	-0.614
389.56	-3.675
389.77	1.389
389.99	0.581
390.21	-8.141
390.42	0.593
390.64	-6.955
390.86	-3.669
391.07	-3.266
391.29	-9.843
391.51	-7.098
391.72	0.435
391.94	-0.875
392.16	-2.411
392.38	-10.318
392.59	-6.074
392.81	-1.780
393.03	-8.639
393.24	-1.042
393.46	-5.038
393.68	-4.354
393.89	2.635
394.11	-5.320
394.33	-0.303
394.54	-1.964
394.76	-1.327
394.98	1.515
395.19	-7.790
395.41	-8.939
395.63	-5.097
395.84	-6.994
396.06	-5.719
396.28	-0.623
396.49	-0.997
396.71	-2.059
396.93	-6.591
397.14	2.428
397.36	0.309
397.57	4.435
397.79	0.756
398.01	-1.221
398.22	-2.473
398.44	-7.580
398.66	-2.170
398.87	-7.559
399.09	-5.882
399.31	-4.134
399.52	-0.148
399.74	-5.513
399.96	1.964
400.17	2.572
400.39	-11.700
400.60	-7.401
400.82	-2.160
401.04	-4.506
401.25	-11.145
401.47	-8.743
401.69	-0.294
401.90	-4.664
402.12	-0.151
402.33	-8.716
402.55	-5.159
402.77	-2.932
402.98	-2.402
403.20	-3.788
403.41	0.290
403.63	-4.147
403.85	-7.153
404.06	-4.517
404.28	-6.400
404.49	-10.416
404.71	1.857
404.93	-2.008
405.14	-10.872
405.36	2.500
405.57	0.146
405.79	-5.103
406.01	-3.428
406.22	-0.287
406.44	-5.368
406.65	-0.584
406.87	-1.952
407.09	-9.032
407.30	-8.320
407.52	-12.988
407.73	-10.399
407.95	-6.097
408.17	-7.861
408.38	-6.356
408.60	-8.668
408.81	-7.218
409.03	1.059
409.24	-2.125
409.46	-7.132
409.68	-9.624
409.89	-0.605
410.11	-3.645
410.32	-12.962
410.54	0.306
410.75	-0.446
410.97	-2.533
411.18	-2.595
411.40	-2.823
411.62	-3.981
411.83	-6.656
412.05	-5.030
412.26	-9.384
412.48	-0.718
412.69	-4.204
412.91	-9.597
413.12	-16.193
413.34	-2.060
413.56	-1.178
413.77	-0.915
413.99	-0.146
414.20	-6.122
414.42	-7.738
414.63	-3.144
414.85	-6.591
415.06	0.564
415.28	-3.025
415.49	0.589
415.71	-2.184
415.92	-1.818
416.14	-4.321
416.35	1.248
416.57	0.927
416.79	-6.376
417.00	-2.955
417.22	-4.411
417.43	-4.866
417.65	-4.984
417.86	-7.938
418.08	3.035
418.29	-4.477
418.51	-6.148
418.72	-0.753
418.94	-2.273
419.15	-7.108
419.37	-1.270
419.58	-5.418
419.80	-6.647
420.01	-3.161
420.23	-8.239
420.44	-7.176
420.66	-4.128
420.87	-4.111
421.09	-7.384
421.30	-3.000
421.52	-5.112
421.73	-1.560
421.95	-10.225
422.16	-6.595
422.38	1.097
422.59	-2.564
422.81	-0.307
423.02	-3.945
423.23	-6.153
423.45	-1.821
423.66	-4.327
423.88	-4.130
424.09	-6.803
424.31	-7.532
424.52	-3.437
424.74	-5.392
424.95	-3.664
425.17	-2.480
425.38	-4.006
425.60	-1.857
425.81	-5.974
426.03	-7.585
426.24	-6.097
426.45	2.290
426.67	1.233
426.88	-11.764
427.10	-2.191
427.31	-11.593
427.53	-2.918
427.74	-3.495
427.96	-5.311
428.17	-9.584
428.39	-10.589
428.60	-3.765
428.81	-1.168
429.03	-5.237
429.24	-8.459
429.46	-9.268
429.67	-2.159
429.89	-5.337
430.10	-3.697
430.31	1.042
430.53	-8.628
430.74	-5.255
430.96	-7.589
431.17	-5.280
431.39	-7.028
431.60	-4.608
431.81	0.966
432.03	-6.912
432.24	-9.768
432.46	0.577
432.67	-5.555
432.89	-10.730
433.10	-9.866
433.31	-10.757
433.53	-1.085
433.74	-3.962
433.96	-7.496
434.17	-8.103
434.38	-5.357
434.60	-11.814
434.81	-12.100
435.03	-13.332
435.24	-3.338
435.45	-3.453
435.67	-4.597
435.88	-3.715
436.10	-3.323
436.31	-3.703
436.52	-9.572
436.74	-6.319
436.95	-14.758
437.17	-14.216
437.38	-7.886
437.59	0.455
437.81	-4.910
438.02	-9.692
438.23	-4.651
438.45	-15.943
438.66	-7.017
438.88	-9.268
439.09	-3.900
439.30	-4.392
439.52	-2.707
439.73	-4.920
439.94	-12.396
440.16	-0.469
440.37	-4.461
440.58	-5.120
440.80	-4.180
441.01	-17.481
441.23	-16.637
441.44	-9.899
441.65	-7.086
441.87	-7.208
442.08	-13.332
442.29	-6.821
442.51	-7.448
442.72	-1.057
442.93	-10.298
443.15	-7.178
443.36	-6.144
443.57	-6.081
443.79	-5.128
444.00	-3.715
444.21	-6.712
444.43	-5.324
444.64	-9.548
444.85	-13.130
445.07	-7.478
445.28	-7.308
445.49	-15.597
445.71	-9.967
445.92	-7.820
446.13	-8.084
446.35	-3.125
446.56	-9.430
446.77	-18.839
446.99	-14.484
447.20	-5.124
447.41	-17.906
447.63	-10.924
447.84	-4.160
448.05	-3.482
448.27	-12.254
448.48	-9.682
448.69	-10.227
448.90	-10.869
449.12	-13.932
449.33	-7.325
449.54	-12.041
449.76	-14.119
449.97	-18.637
450.18	-12.586
450.40	-10.326
450.61	-8.959
450.82	-7.321
451.03	-17.247
451.25	-19.106
451.46	-14.366
451.67	-8.084
451.89	-12.105
452.10	-3.815
452.31	-16.459
452.52	-13.573
452.74	-15.115
452.95	-15.547
453.16	-16.048
453.38	-17.970
453.59	-12.784
453.80	-11.131
454.01	-13.237
454.23	-15.145
454.44	-16.696
454.65	-3.947
454.86	-4.786
455.08	-22.931
455.29	-13.823
455.50	-27.077
455.71	-10.273
455.93	-11.603
456.14	-20.208
456.35	-6.956
456.56	-23.047
456.78	-18.415
456.99	-19.334
457.20	-12.409
457.41	-21.581
457.63	-19.752
457.84	-22.362
458.05	-15.368
458.26	-16.889
458.48	-12.396
458.69	-14.726
458.90	-22.415
459.11	-12.544
459.33	-8.303
459.54	-16.307
459.75	-20.148
459.96	-21.774
460.18	-18.180
460.39	-21.974
460.60	-18.163
460.81	-21.820
461.02	-21.837
461.24	-6.462
461.45	-21.772
461.66	-11.005
461.87	-27.381
462.09	-15.808
462.30	-14.765
462.51	-13.523
462.72	-15.837
462.93	-17.781
463.15	-18.280
463.36	-16.345
463.57	-10.017
463.78	-15.529
463.99	-27.971
464.21	-24.708
464.42	-25.916
464.63	-19.594
464.84	-17.717
465.05	-25.883
465.27	-23.220
465.48	-27.873
465.69	-25.504
465.90	-24.949
466.11	-22.266
466.33	-15.174
466.54	-25.989
466.75	-33.330
466.96	-32.752
467.17	-25.392
467.38	-34.612
467.60	-18.020
467.81	-15.999
468.02	-32.519
468.23	-28.538
468.44	-34.308
468.65	-24.722
468.87	-29.371
469.08	-24.836
469.29	-21.152
469.50	-21.893
469.71	-25.484
469.92	-21.700
470.14	-26.695
470.35	-28.875
470.56	-39.158
470.77	-46.395
470.98	-24.706
471.19	-44.823
471.41	-31.917
471.62	-32.067
471.83	-42.010
472.04	-35.637
472.25	-40.336
472.46	-25.280
472.67	-47.457
472.89	-39.282
473.10	-30.043
473.31	-37.336
473.52	-42.572
473.73	-45.775
473.94	-73.529
474.15	-51.290
474.37	-44.724
474.58	-60.169
474.79	-51.857
475.00	-48.479
475.21	-44.296
475.42	-51.303
475.63	-49.742
475.84	-43.904
476.06	-42.054
476.27	-57.515
476.48	-55.875
476.69	-34.742
476.90	-45.916
477.11	-54.423
477.32	-39.556
477.53	-62.697
477.74	-67.287
477.96	-74.416
478.17	-57.354
478.38	-58.197
478.59	-65.071
478.80	-59.927
479.01	-68.445
479.22	-82.700
479.43	-60.059
479.64	-66.862
479.85	-51.361
480.06	-155.804
480.28	-80.785
480.49	-82.876
480.70	-53.204
480.91	-71.519
481.12	-107.091
481.33	-74.457
481.54	-105.361
481.75	-126.188
481.96	-90.892
482.17	-79.388
482.38	-96.599
482.59	-86.447
482.81	-99.539
483.02	-173.672
483.23	-136.185
483.44	-129.183
483.65	-129.022
483.86	-149.964
484.07	-207.080
484.28	-173.704
484.49	-165.477
484.70	-150.509
484.91	-176.828
485.12	-150.850
485.33	-154.838
485.54	-149.654
485.75	-165.389
485.96	-190.238
486.17	-255.864
486.38	-145.941
486.60	-267.817
486.81	-187.701
487.02	-472.571
487.23	-257.331
487.44	-775.979
487.65	-603.230
487.86	-734.159
488.07	-173.135
488.28	-484.657
488.49	-536.902
488.70	-279.259
488.91	-530.127
489.12	-365.186
489.33	-295.657
489.54	-594.762
489.75	-437.242
489.96	-2100.725
490.17	10244.877
490.38	2616.230
490.59	-1876.275
490.80	2278.333
491.01	890.210
491.22	-1237.411
491.43	2255.982
491.64	798.563
491.85	-7079.928
492.06	-4836.850
492.27	7120.416
492.48	664.683
492.69	2716.558
492.90	-874.705
493.11	564.714
493.32	452.038
493.53	1395.306
493.74	1124.924
493.95	275.268
494.16	356.857
494.37	876.681
494.58	3524.954
494.79	317.996
495.00	384.116
495.21	303.357
495.42	276.780
495.63	204.993
495.84	194.158
496.05	263.444
496.26	242.413
496.47	304.679
496.68	267.224
496.89	253.051
497.10	238.001
497.31	187.670
497.52	197.175
497.73	212.623
497.94	222.481
498.15	331.064
498.36	220.736
498.57	275.253
498.78	209.421
498.99	221.855
499.19	174.259
499.40	187.534
499.61	164.783
499.82	171.697
500.03	195.394
500.24	187.309
500.45	213.313
500.66	174.464
500.87	215.066
501.08	202.301
501.29	144.277
501.50	129.184
501.71	167.197
501.92	199.133
502.13	130.076
502.34	186.211
502.55	153.356
502.76	142.659
502.96	142.075
503.17	137.839
503.38	158.409
503.59	179.145
503.80	143.547
504.01	117.044
504.22	161.858
504.43	159.144
504.64	117.156
504.85	139.123
505.06	116.296
505.27	147.726
505.47	126.017
505.68	130.229
505.89	120.806
506.10	110.513
506.31	107.875
506.52	129.988
506.73	121.024
506.94	139.263
507.15	126.433
507.36	127.263
507.56	113.269
507.77	114.628
507.98	123.975
508.19	117.860
508.40	115.608
508.61	91.530
508.82	118.814
509.03	107.402
509.24	125.850
509.44	98.290
509.65	103.382
509.86	111.540
510.07	107.494
510.28	121.288
510.49	111.392
510.70	104.207
510.91	100.725
511.11	106.303
511.32	98.882
511.53	104.167
511.74	94.543
511.95	93.746
512.16	99.532
512.37	111.641
512.58	99.836
512.78	102.438
512.99	91.283
513.20	93.015
513.41	89.320
513.62	92.290
513.83	83.753
514.04	92.664
514.24	95.398
514.45	89.329
514.66	95.542
514.87	81.863
515.08	86.936
515.29	82.735
515.49	80.726
515.70	79.884
515.91	87.593
516.12	93.109
516.33	90.763
516.54	94.476
516.74	91.442
516.95	87.964
517.16	86.388
517.37	83.362
517.58	87.825
517.79	84.718
517.99	86.193
518.20	75.897
518.41	88.022
518.62	87.102
518.83	87.117
519.03	82.967
519.24	78.335
519.45	81.178
519.66	83.051
519.87	88.338
520.07	72.699
520.28	91.406
520.49	73.805
520.70	75.530
520.91	76.877
521.12	78.404
521.32	83.801
521.53	71.448
521.74	86.804
521.95	79.775
522.15	72.971
522.36	78.583
522.57	85.701
522.78	81.641
522.99	73.295
523.19	72.101
523.40	78.486
523.61	74.427
523.82	75.198
524.03	76.660
524.23	76.305
524.44	79.317
524.65	71.881
524.86	74.553
525.06	69.119
525.27	72.560
525.48	80.353
525.69	71.053
525.89	78.929
526.10	73.080
526.31	70.568
526.52	72.176
526.72	71.391
526.93	67.870
527.14	73.863
527.35	74.929
527.56	69.205
527.76	77.076
527.97	66.291
528.18	72.468
528.38	69.994
528.59	65.633
528.80	68.454
529.01	70.732
529.21	64.114
529.42	68.668
529.63	68.523
529.84	67.000
530.04	69.080
530.25	66.522
530.46	63.347
530.67	66.729
530.87	68.868
531.08	69.163
531.29	64.349
531.50	66.448
531.70	65.006
531.91	68.068
532.12	73.386
532.32	65.308
532.53	66.728
532.74	69.798
532.95	68.775
533.15	69.994
533.36	67.220
533.57	67.431
533.77	66.103
533.98	65.813
534.19	63.241
534.39	64.536
534.60	65.591
534.81	68.732
535.02	63.840
535.22	62.087
535.43	65.940
535.64	65.779
535.84	64.175
536.05	64.136
536.26	59.177
536.46	60.169
536.67	61.924
536.88	64.948
537.08	64.589
537.29	64.977
537.50	63.976
537.70	59.842
537.91	64.516
538.12	64.357
538.33	62.354
538.53	64.632
538.74	65.761
538.95	68.766
539.15	63.102
539.36	64.674
539.57	58.363
539.77	59.158
539.98	58.988
540.18	60.751
540.39	61.658
540.60	61.446
540.80	59.495
541.01	65.661
541.22	63.001
541.42	62.407
541.63	58.196
541.84	58.533
542.04	61.087
542.25	58.748
542.46	59.011
542.66	60.317
542.87	61.030
543.08	60.615
543.28	55.632
543.49	59.302
543.69	59.116
543.90	54.689
544.11	60.505
544.31	59.225
544.52	59.245
544.73	61.428
544.93	56.990
545.14	57.570
545.34	55.062
545.55	59.207
545.76	60.734
545.96	58.180
546.17	55.948
546.38	57.608
546.58	59.139
546.79	53.702
546.99	62.159
547.20	56.060
547.41	54.949
547.61	55.281
547.82	59.508
548.02	60.837
548.23	55.810
548.44	54.289
548.64	52.531
548.85	55.613
549.05	59.390
549.26	53.571
549.47	59.057
549.67	53.632
549.88	54.228
550.08	55.374
550.29	56.458
550.50	54.152
550.70	52.958
550.91	54.398
551.11	54.983
551.32	50.526
551.52	54.732
551.73	56.878
551.94	50.078
552.14	54.104
552.35	53.909
552.55	54.347
552.76	52.019
552.96	54.891
553.17	55.463
553.38	54.914
553.58	52.717
553.79	53.492
553.99	53.978
554.20	53.571
554.40	51.746
554.61	50.614
554.81	51.717
555.02	51.611
555.23	52.238
555.43	52.136
555.64	52.495
555.84	51.358
556.05	51.867
556.25	55.448
556.46	54.774
556.66	51.268
556.87	51.724
557.07	55.922
557.28	51.626
557.48	52.113
557.69	52.404
557.90	53.127
558.10	48.566
558.31	50.938
558.51	51.153
558.72	50.813
558.92	51.017
559.13	52.427
559.33	50.427
559.54	50.178
559.74	53.217
559.95	47.088
560.15	49.355
560.36	47.502
560.56	47.472
560.77	48.013
560.97	51.157
561.18	49.636
561.38	48.094
561.59	50.611
561.79	49.741
562.00	50.650
562.20	51.392
562.41	50.682
562.61	50.211
562.82	49.215
563.02	49.233
563.23	49.513
563.43	50.336
563.64	52.458
563.84	50.328
564.05	49.305
564.25	47.652
564.46	49.414
564.66	47.567
564.87	48.599
565.07	50.530
565.28	47.689
565.48	48.076
565.68	49.981
565.89	51.014
566.09	46.078
566.30	48.842
566.50	46.512
566.71	47.253
566.91	47.827
567.12	49.803
567.32	45.536
567.53	47.213
567.73	49.335
567.94	49.238
568.14	50.721
568.34	47.126
568.55	48.338
568.75	45.415
568.96	49.680
569.16	49.744
569.37	48.179
569.57	46.548
569.78	48.651
569.98	48.736
570.18	44.828
570.39	46.585
570.59	48.082
570.80	46.804
571.00	48.001
571.21	46.635
571.41	47.516
571.61	45.191
571.82	45.602
572.02	48.725
572.23	45.371
572.43	45.514
572.64	48.285
572.84	45.664
573.04	45.075
573.25	47.386
573.45	47.144
573.66	46.857
573.86	47.865
574.06	45.764
574.27	46.570
574.47	47.848
574.68	48.266
574.88	43.444
575.08	46.771
575.29	45.960
575.49	44.710
575.70	44.781
575.90	46.260
576.10	46.915
576.31	44.366
576.51	45.633
576.72	43.369
576.92	44.048
577.12	44.659
577.33	42.573
577.53	44.043
577.73	47.506
577.94	46.094
578.14	45.618
578.35	41.900
578.55	45.891
578.75	47.519
578.96	45.501
579.16	46.931
579.36	46.358
579.57	45.619
579.77	43.863
579.98	44.850
580.18	45.818
580.38	45.502
580.59	43.883
580.79	43.837
580.99	45.053
581.20	44.649
581.40	46.283
581.60	42.853
581.81	44.259
582.01	46.211
582.21	43.511
582.42	45.058
582.62	46.142
582.82	44.720
583.03	44.428
583.23	44.772
583.43	43.933
583.64	45.853
583.84	42.634
584.04	43.051
584.25	43.069
584.45	46.813
584.65	44.672
584.86	45.211
585.06	43.982
585.26	43.111
585.47	44.912
585.67	44.594
585.87	43.658
586.08	46.354
586.28	43.476
586.48	41.741
586.69	42.707
586.89	42.760
587.09	42.625
587.30	43.873
587.50	43.749
587.70	42.952
587.90	42.837
588.11	42.769
588.31	44.862
588.51	41.295
588.72	42.785
588.92	43.155
589.12	43.233
589.33	41.341
589.53	42.609
589.73	42.656
589.93	43.295
590.14	41.925
590.34	41.438
590.54	42.416
590.75	41.262
590.95	42.677
591.15	44.204
591.35	42.842
591.56	44.864
591.76	42.027
591.96	41.135
592.16	41.845
592.37	40.808
592.57	43.385
592.77	41.765
592.97	43.629
593.18	43.194
593.38	41.548
593.58	42.885
593.79	40.888
593.99	41.504
594.19	40.688
594.39	43.466
594.60	40.270
594.80	41.218
595.00	41.481
595.20	44.361
595.41	43.309
595.61	43.709
595.81	43.395
596.01	41.165
596.21	42.203
596.42	42.839
596.62	40.453
596.82	43.222
597.02	40.076
597.23	41.292
597.43	40.529
597.63	41.014
597.83	40.929
598.04	41.757
598.24	41.985
598.44	40.739
598.64	40.656
598.84	40.395
599.05	38.838
599.25	41.302
599.45	39.219
599.65	42.502
599.85	41.936
600.06	42.449
600.26	41.034
600.46	40.464
600.66	41.091
600.87	38.552
601.07	39.701
601.27	41.468
601.47	37.626
601.67	41.295
601.87	40.765
602.08	40.075
602.28	41.060
602.48	38.942
602.68	42.047
602.88	39.577
603.09	40.871
603.29	40.681
603.49	38.074
603.69	41.541
603.89	39.679
604.10	38.835
604.30	40.198
604.50	40.189
604.70	40.726
604.90	40.329
605.10	39.222
605.31	41.500
605.51	38.883
605.71	40.967
605.91	39.631
606.11	39.870
606.31	39.441
606.52	41.214
606.72	39.419
606.92	38.258
607.12	37.534
607.32	38.252
607.52	40.932
607.72	39.876
607.93	38.880
608.13	39.520
608.33	41.149
608.53	37.817
608.73	37.823
608.93	38.653
609.13	38.534
609.34	39.887
609.54	39.163
609.74	39.062
609.94	38.207
610.14	40.799
610.34	39.841
610.54	37.684
610.74	38.887
610.95	37.723
611.15	39.309
611.35	38.744
611.55	38.815
611.75	37.811
611.95	38.967
612.15	38.572
612.35	36.869
612.56	37.276
612.76	38.409
612.96	37.182
613.16	38.966
613.36	38.864
613.56	37.725
613.76	38.258
613.96	38.023
614.16	38.814
614.36	38.390
614.57	36.878
614.77	37.138
614.97	36.808
615.17	38.440
615.37	37.507
615.57	37.617
615.77	36.975
615.97	37.338
616.17	38.139
616.37	38.135
616.57	38.649
616.78	36.990
616.98	37.604
617.18	38.223
617.38	38.294
617.58	37.695
617.78	37.755
617.98	38.369
618.18	36.997
618.38	37.184
618.58	36.706
618.78	37.437
618.98	37.696
619.18	37.646
619.38	37.236
619.58	37.606
619.79	38.172
619.99	37.416
620.19	37.952
620.39	38.293
620.59	38.251
620.79	38.492
620.99	37.121
621.19	39.159
621.39	38.165
621.59	35.786
621.79	38.599
621.99	37.985
622.19	36.586
622.39	38.028
622.59	36.997
622.79	36.983
622.99	37.030
623.19	36.173
623.39	37.046
623.59	36.729
623.79	36.846
623.99	36.825
624.19	35.956
624.39	36.426
624.59	37.900
624.79	38.632
624.99	37.145
625.19	36.194
625.39	37.242
625.59	38.016
625.79	37.054
625.99	36.895
626.19	36.764
626.39	37.901
626.59	37.971
626.79	36.016
626.99	36.799
627.19	37.277
627.39	36.629
627.59	37.086
627.79	38.474
627.99	37.402
628.19	37.047
628.39	35.537
628.59	35.044
628.79	36.661
628.99	36.533
629.19	35.225
629.39	36.742
629.59	36.864
629.79	36.743
629.99	36.162
630.19	35.730
630.39	36.294
630.59	36.795
630.79	36.184
630.99	36.328
631.19	36.253
631.39	37.377
631.59	36.105
631.79	35.317
631.99	35.236
632.19	37.051
632.39	35.847
632.59	36.361
632.79	35.974
632.99	35.336
633.19	36.687
633.39	37.007
633.58	36.643
633.78	36.108
633.98	35.818
634.18	36.518
634.38	35.026
634.58	35.799
634.78	36.605
634.98	35.687
635.18	35.363
635.38	36.476
635.58	35.680
635.78	36.300
635.98	36.003
636.18	36.180
636.38	34.469
636.57	36.512
636.77	35.942
636.97	35.170
637.17	35.092
637.37	35.072
637.57	36.869
637.77	34.790
637.97	36.560
638.17	34.088
638.37	36.537
638.57	35.863
638.76	36.442
638.96	35.107
639.16	36.143
639.36	36.294
639.56	36.225
639.76	35.199
639.96	35.527
640.16	34.751
640.36	34.610
640.56	34.933
640.75	35.799
640.95	35.759
641.15	34.949
641.35	36.288
641.55	36.343
641.75	36.010
641.95	35.468
642.15	35.012
642.34	36.369
642.54	35.776
642.74	35.022
642.94	35.162
643.14	35.684
643.34	35.045
643.54	35.943
643.74	34.189
643.93	35.464
644.13	34.992
644.33	35.637
644.53	34.030
644.73	35.219
644.93	34.845
645.13	34.478
645.32	35.705
645.52	35.495
645.72	35.515
645.92	35.235
646.12	35.153
646.32	35.093
646.52	35.305
646.71	35.440
646.91	34.283
647.11	34.075
647.31	34.871
647.51	35.118
647.71	34.544
647.90	36.273
648.10	34.102
648.30	34.577
648.50	35.155
648.70	35.532
648.89	34.309
649.09	34.392
649.29	34.321
649.49	34.685
649.69	34.976
649.89	33.994
650.08	34.958
650.28	34.434
650.48	34.764
650.68	33.914
650.88	35.207
651.07	35.374
651.27	35.102
651.47	33.549
651.67	34.547
651.87	34.499
652.06	34.353
652.26	34.590
652.46	35.652
652.66	34.921
652.86	33.402
653.05	33.830
653.25	33.472
653.45	33.622
653.65	34.785
653.85	33.810
654.04	34.149
654.24	34.267
654.44	33.971
654.64	35.183
654.83	34.498
655.03	33.283
655.23	33.588
655.43	33.256
655.63	33.581
655.82	35.017
656.02	34.220
656.22	33.245
656.42	34.065
656.61	32.972
656.81	33.799
657.01	34.297
657.21	33.582
657.40	34.075
657.60	33.677
657.80	33.809
658.00	32.988
658.19	33.618
658.39	34.497
658.59	33.292
658.79	33.751
658.98	34.239
659.18	32.680
659.38	34.284
659.58	33.397
659.77	33.733
659.97	33.568
660.17	34.421
660.36	34.317
660.56	33.913
660.76	33.535
660.96	33.958
661.15	34.330
661.35	32.909
661.55	33.367
661.75	33.224
661.94	33.717
662.14	33.086
662.34	33.376
662.53	34.145
662.73	33.491
662.93	33.739
663.13	33.272
663.32	34.611
663.52	32.916
663.72	34.219
663.91	33.809
664.11	33.179
664.31	32.746
664.50	33.504
664.70	33.102
664.90	33.110
665.10	32.525
665.29	33.666
665.49	32.818
665.69	33.988
665.88	33.016
666.08	33.153
666.28	32.126
666.47	34.021
666.67	32.870
666.87	32.893
667.06	33.614
667.26	32.306
667.46	31.869
667.65	34.014
667.85	32.879
668.05	34.146
668.24	33.512
668.44	33.762
668.64	33.410
668.83	32.973
669.03	33.337
669.23	33.591
669.42	33.468
669.62	33.032
669.82	32.977
670.01	32.115
670.21	33.485
670.41	34.213
670.60	34.207
670.80	33.859
671.00	33.745
671.19	34.132
671.39	33.529
671.58	32.952
671.78	32.862
671.98	33.956
672.17	33.849
672.37	32.709
672.57	32.971
672.76	32.020
672.96	32.966
673.15	33.346
673.35	33.691
673.55	32.875
673.74	32.237
673.94	32.088
674.14	32.943
674.33	33.126
674.53	32.895
674.72	32.799
674.92	33.610
675.12	33.491
675.31	32.641
675.51	32.263
675.70	32.891
675.90	32.072
676.10	32.199
676.29	32.143
676.49	33.730
676.68	32.755
676.88	32.599
677.08	33.066
677.27	32.174
677.47	33.352
677.66	31.775
677.86	31.870
678.06	32.165
678.25	31.517
678.45	32.642
678.64	31.517
678.84	33.162
679.03	33.116
679.23	30.618
679.43	32.173
679.62	32.368
679.82	31.866
680.01	32.767
680.21	31.638
680.40	31.972
680.60	31.331
680.80	32.114
680.99	32.344
681.19	32.249
681.38	31.462
681.58	31.624
681.77	32.263
681.97	31.160
682.16	32.035
682.36	32.626
682.56	32.183
682.75	32.474
682.95	32.772
683.14	31.681
683.34	32.807
683.53	31.792
683.73	31.997
683.92	31.638
684.12	32.006
684.31	31.642
684.51	32.264
684.70	32.436
684.90	32.053
685.10	31.274
685.29	30.895
685.49	32.420
685.68	33.095
685.88	32.856
686.07	33.237
686.27	32.778
686.46	32.324
686.66	32.118
686.85	32.038
687.05	31.872
687.24	31.821
687.44	31.640
687.63	32.166
687.83	33.008
688.02	32.137
688.22	31.589
688.41	32.555
688.61	31.899
688.80	32.220
689.00	31.141
689.19	31.847
689.39	31.506
689.58	31.466
689.78	31.436
689.97	31.866
690.17	31.688
690.36	31.660
690.56	31.090
690.75	32.092
690.95	32.283
691.14	31.364
691.34	31.489
691.53	31.195
691.72	32.001
691.92	31.069
692.11	31.934
692.31	31.723
692.50	31.736
692.70	31.641
692.89	32.188
693.09	31.607
693.28	31.677
693.48	32.126
693.67	31.790
693.87	33.190
694.06	31.413
694.25	32.041
694.45	31.652
694.64	31.182
694.84	31.225
695.03	30.642
695.23	31.112
695.42	31.518
695.62	30.925
695.81	32.226
696.00	31.706
696.20	31.522
696.39	31.726
696.59	32.078
696.78	30.889
696.98	31.114
697.17	31.370
697.36	31.396
697.56	31.241
697.75	31.453
697.95	30.577
698.14	31.615
698.34	31.358
698.53	30.854
698.72	31.593
698.92	31.440
699.11	31.475
699.31	31.078
699.50	30.930
699.69	31.202
699.89	30.921
700.08	31.965
700.28	31.416
700.47	31.210
700.66	31.004
700.86	31.794
701.05	31.222
701.25	30.863
701.44	30.814
701.63	31.241
701.83	31.481
702.02	31.008
702.21	31.437
702.41	31.391
702.60	30.993
702.80	30.798
702.99	31.113
703.18	30.927
703.38	31.465
703.57	32.261
703.77	30.883
703.96	30.935
704.15	30.497
704.35	30.729
704.54	31.435
704.73	31.259
704.93	30.501
705.12	31.042
705.31	30.833
705.51	31.567
705.70	30.079
705.89	30.659
706.09	30.903
706.28	30.706
706.48	30.324
706.67	30.899
706.86	30.030
707.06	30.777
707.25	29.823
707.44	30.614
707.64	30.954
707.83	30.822
708.02	30.949
708.22	31.172
708.41	30.371
708.60	30.485
708.80	30.640
708.99	30.683
709.18	29.781
709.38	30.269
709.57	30.047
709.76	30.488
709.95	30.317
710.15	30.227
710.34	30.720
710.53	30.207
710.73	30.307
710.92	30.027
711.11	30.073
711.31	29.679
711.50	29.430
711.69	29.989
711.89	30.127
712.08	29.884
712.27	29.568
712.46	30.865
712.66	31.141
712.85	29.618
713.04	29.675
713.24	30.275
713.43	30.055
713.62	30.541
713.81	29.962
714.01	29.927
714.20	30.509
714.39	30.191
714.59	30.347
714.78	30.055
714.97	30.737
715.16	30.148
715.36	30.188
715.55	29.726
715.74	30.549
715.93	30.368
716.13	30.190
716.32	29.737
716.51	30.199
716.71	30.524
716.90	30.346
717.09	29.846
717.28	30.124
717.48	30.078
717.67	30.860
717.86	30.073
718.05	29.785
718.25	30.096
718.44	30.667
718.63	30.411
718.82	29.785
719.02	29.848
719.21	31.029
719.40	29.992
719.59	30.608
719.78	30.071
719.98	29.863
720.17	30.109
720.36	29.643
720.55	30.018
720.75	30.351
720.94	30.447
721.13	30.005
721.32	30.150
721.51	30.605
721.71	30.494
721.90	30.443
722.09	30.817
722.28	30.843
722.48	30.983
722.67	30.290
722.86	30.792
723.05	31.162
723.24	30.176
723.44	30.413
723.63	30.329
723.82	30.478
724.01	29.645
724.20	30.437
724.40	30.442
724.59	30.264
724.78	30.596
724.97	29.977
725.16	29.977
725.35	30.200
725.55	29.874
725.74	29.523
725.93	30.425
726.12	30.504
726.31	30.384
726.51	30.405
726.70	29.619
726.89	29.516
727.08	29.600
727.27	29.649
727.46	30.287
727.66	29.952
727.85	29.978
728.04	29.249
728.23	29.454
728.42	29.752
728.61	30.508
728.81	29.557
729.00	29.986
729.19	29.747
729.38	29.999
729.57	30.300
729.76	29.109
729.95	29.759
730.15	29.834
730.34	29.542
730.53	29.738
730.72	29.879
730.91	29.956
731.10	29.540
731.29	29.695
731.49	29.943
731.68	30.084
731.87	29.943
732.06	29.791
732.25	30.279
732.44	30.006
732.63	30.181
732.82	29.397
733.02	29.492
733.21	29.879
733.40	29.029
733.59	30.416
733.78	29.466
733.97	29.628
734.16	29.386
734.35	29.286
734.54	29.633
734.74	29.626
734.93	29.364
735.12	29.081
735.31	29.229
735.50	29.405
735.69	29.518
735.88	28.721
736.07	29.557
736.26	28.984
736.45	29.391
736.64	28.636
736.84	28.846
737.03	29.454
737.22	29.118
737.41	29.480
737.60	28.270
737.79	29.392
737.98	28.822
738.17	29.281
738.36	29.243
738.55	29.988
738.74	30.019
738.93	29.398
739.12	29.257
739.32	29.342
739.51	29.168
739.70	29.514
739.89	29.414
740.08	29.349
740.27	29.888
740.46	29.795
740.65	29.419
740.84	29.459
741.03	28.786
741.22	28.899
741.41	29.206
741.60	28.369
741.79	28.879
741.98	29.490
742.17	29.270
742.36	29.588
742.55	29.077
742.74	29.473
742.93	29.130
743.12	29.277
743.31	29.433
743.51	29.419
743.70	29.367
743.89	29.581
744.08	29.371
744.27	29.579
744.46	29.484
744.65	29.408
744.84	29.587
745.03	29.577
745.22	29.213
745.41	29.578
745.60	28.772
745.79	28.828
745.98	29.131
746.17	28.539
746.36	28.429
746.55	29.180
746.74	28.865
746.93	28.706
747.12	27.838
747.31	28.975
747.50	28.763
747.69	28.910
747.88	28.661
748.07	28.608
748.26	28.325
748.45	28.316
748.64	28.697
748.83	29.062
749.02	27.882
749.21	28.723
749.40	29.055
749.59	28.732
749.77	28.802
749.96	28.614
750.15	28.530
750.34	28.899
750.53	28.143
750.72	28.883
750.91	28.220
751.10	28.503
751.29	28.112
751.48	27.568
751.67	28.235
751.86	27.768
752.05	28.396
752.24	28.585
752.43	28.808
752.62	28.417
752.81	28.309
753.00	29.450
753.19	28.530
753.38	28.908
753.57	28.797
753.76	29.383
753.94	29.139
754.13	29.135
754.32	29.624
754.51	29.652
754.70	28.804
754.89	28.686
755.08	29.431
755.27	28.860
755.46	29.950
755.65	29.631
755.84	29.516
756.03	29.216
756.22	29.520
756.40	29.503
756.59	29.072
756.78	29.288
756.97	29.361
757.16	29.171
757.35	29.079
757.54	29.440
757.73	29.007
757.92	28.842
758.11	28.852
758.29	29.045
758.48	29.281
758.67	28.975
758.86	28.804
759.05	29.187
759.24	29.054
759.43	28.666
759.62	29.055
759.81	29.321
759.99	28.788
760.18	28.677
760.37	28.797
760.56	28.846
760.75	28.425
760.94	28.644
761.13	28.454
761.32	28.389
761.50	29.067
761.69	27.349
761.88	28.511
762.07	28.411
762.26	29.181
762.45	28.963
762.64	28.729
762.82	28.289
763.01	28.601
763.20	28.764
763.39	28.587
763.58	28.230
763.77	28.355
763.96	28.978
764.14	28.815
764.33	28.553
764.52	28.015
764.71	28.725
764.90	28.387
765.09	28.299
765.27	28.239
765.46	27.681
765.65	28.109
765.84	27.998
766.03	28.095
766.22	28.018
766.40	28.092
766.59	28.051
766.78	28.642
766.97	28.471
767.16	28.054
767.35	27.507
767.53	27.960
767.72	28.608
767.91	27.651
768.10	28.673
768.29	28.636
768.47	28.446
768.66	28.009
768.85	28.087
769.04	28.223
769.23	27.839
769.41	28.244
769.60	28.064
769.79	28.264
769.98	27.913
770.17	28.225
770.35	27.898
770.54	27.839
770.73	27.355
770.92	27.530
771.10	27.765
771.29	27.616
771.48	27.819
771.67	28.044
771.86	27.561
772.04	27.374
772.23	28.322
772.42	27.584
772.61	28.613
772.79	27.877
772.98	27.775
773.17	27.990
773.36	28.259
773.54	28.701
773.73	28.275
773.92	28.398
774.11	27.924
774.30	27.856
774.48	27.984
774.67	27.818
774.86	28.080
775.05	27.635
775.23	27.799
775.42	28.201
775.61	28.267
775.79	28.173
775.98	28.155
776.17	28.420
776.36	27.980
776.54	27.618
776.73	27.852
776.92	28.207
777.11	28.179
777.29	28.196
777.48	27.852
777.67	27.746
777.85	28.646
778.04	27.961
778.23	28.057
778.42	28.059
778.60	28.003
778.79	27.482
778.98	27.936
779.16	27.750
779.35	27.368
779.54	27.448
779.73	27.548
779.91	27.422
780.10	28.416
780.29	27.722
780.47	28.292
780.66	27.960
780.85	27.167
781.03	28.112
781.22	27.612
781.41	27.994
781.60	27.472
781.78	27.668
781.97	27.246
782.16	28.121
782.34	27.497
782.53	28.216
782.72	27.769
782.90	27.932
783.09	27.887
783.28	27.411
783.46	27.691
783.65	27.747
783.84	27.751
784.02	27.660
784.21	27.276
784.40	27.951
784.58	27.765
784.77	27.233
784.96	27.195
785.14	27.479
785.33	27.455
785.52	27.281
785.70	27.813
785.89	27.516
786.08	27.370
786.26	27.579
786.45	27.468
786.63	27.634
786.82	27.580
787.01	27.708
787.19	27.659
787.38	26.884
787.57	27.436
787.75	27.239
787.94	26.878
788.13	26.436
788.31	26.930
788.50	26.956
788.68	26.790
788.87	27.305
789.06	26.901
789.24	26.793
789.43	26.746
789.61	26.658
789.80	26.527
789.99	26.645
790.17	27.271
790.36	26.624
790.55	26.910
790.73	26.493
790.92	27.068
791.10	26.502
791.29	26.816
791.48	26.457
791.66	27.009
791.85	27.030
792.03	26.145
792.22	26.413
792.40	26.631
792.59	26.824
792.78	26.246
792.96	26.479
793.15	26.134
793.33	26.328
793.52	26.443
793.71	26.471
793.89	26.226
794.08	26.937
794.26	26.140
794.45	26.482
794.63	26.550
794.82	26.577
795.01	25.759
795.19	26.304
795.38	25.917
795.56	26.048
795.75	26.595
795.93	26.676
796.12	26.449
796.30	26.133
796.49	26.241
796.68	25.590
796.86	26.139
797.05	26.087
797.23	26.386
797.42	25.753
797.60	26.024
797.79	25.846
797.97	26.220
798.16	26.094
798.34	25.913
798.53	26.076
798.71	26.156
798.90	26.140
799.08	26.066
799.27	25.961
799.46	26.116
799.64	26.127
799.83	26.296
800.01	26.336
800.20	26.186
800.38	26.290
800.57	25.861
800.75	26.462
800.94	26.333
801.12	26.000
801.31	26.158
801.49	26.082
801.68	26.127
801.86	25.926
802.05	25.855
802.23	26.194
802.42	25.614
802.60	26.268
802.79	26.184
802.97	26.142
803.16	26.121
803.34	26.433
803.53	26.202
803.71	26.122
803.90	25.954
804.08	26.178
804.27	26.166
804.45	25.482
804.63	25.701
804.82	26.143
805.00	26.258
805.19	25.372
805.37	25.784
805.56	26.202
805.74	26.364
805.93	26.527
806.11	26.025
806.30	26.259
806.48	26.034
806.67	26.041
806.85	26.351
807.04	25.798
807.22	25.509
807.40	25.457
807.59	25.701
807.77	26.181
807.96	25.799
808.14	26.146
808.33	25.555
808.51	26.188
808.69	25.961
808.88	25.280
809.06	25.507
809.25	25.303
809.43	25.404
809.62	25.869
809.80	25.373
809.99	25.871
810.17	25.547
810.35	25.157
810.54	25.013
810.72	24.956
810.91	25.090
811.09	25.087
811.27	25.177
811.46	25.464
811.64	25.815
811.83	25.051
812.01	24.959
812.19	25.812
812.38	25.450
812.56	25.523
812.75	25.402
812.93	25.425
813.11	24.948
813.30	25.606
813.48	25.623
813.67	25.651
813.85	25.730
814.03	25.468
814.22	24.943
814.40	25.949
814.59	25.103
814.77	25.925
814.95	25.878
815.14	25.547
815.32	25.194
815.50	25.122
815.69	25.281
815.87	26.007
816.06	25.360
816.24	25.670
816.42	25.263
816.61	25.683
816.79	25.127
816.97	25.207
817.16	25.855
817.34	25.639
817.52	25.576
817.71	25.270
817.89	25.393
818.07	25.496
818.26	25.564
818.44	25.485
818.63	24.922
818.81	25.168
818.99	25.747
819.18	25.178
819.36	25.066
819.54	25.528
819.73	25.101
819.91	25.362
820.09	25.647
820.28	25.383
820.46	25.678
820.64	25.469
820.83	25.393
821.01	25.185
821.19	25.094
821.37	25.175
821.56	25.924
821.74	25.746
821.92	25.924
822.11	25.825
822.29	26.006
822.47	25.902
822.66	25.758
822.84	25.887
823.02	25.881
823.21	25.702
823.39	26.296
823.57	25.923
823.75	25.514
823.94	25.845
824.12	25.367
824.30	25.593
824.49	26.528
824.67	26.372
824.85	26.645
825.03	25.480
825.22	26.153
825.40	26.765
825.58	26.168
825.77	25.721
825.95	25.894
826.13	25.720
826.31	25.318
826.50	26.203
826.68	25.866
826.86	26.334
827.04	26.306
827.23	26.257
827.41	26.025
827.59	25.798
827.78	25.966
827.96	26.066
828.14	26.602
828.32	25.801
828.51	25.540
828.69	25.689
828.87	25.865
829.05	25.557
829.23	26.419
829.42	25.986
829.60	25.285
829.78	25.743
829.96	25.828
830.15	25.348
830.33	26.437
830.51	25.876
830.69	26.103
830.88	26.160
831.06	26.270
831.24	25.711
831.42	25.844
831.60	25.746
831.79	25.874
831.97	26.110
832.15	25.987
832.33	26.082
832.52	25.843
832.70	25.678
832.88	25.676
833.06	26.414
833.24	26.049
833.43	26.139
833.61	25.849
833.79	26.464
833.97	26.027
834.15	26.138
834.34	25.737
834.52	26.157
834.70	25.850
834.88	26.353
835.06	26.242
835.25	25.912
835.43	25.948
835.61	26.217
835.79	26.220
835.97	26.599
836.15	25.843
836.34	26.116
836.52	26.255
836.70	26.640
836.88	26.265
837.06	26.107
837.24	26.058
837.43	26.418
837.61	26.466
837.79	26.903
837.97	26.232
838.15	26.796
838.33	26.807
838.52	26.635
838.70	26.714
838.88	26.537
839.06	26.633
839.24	26.283
839.42	26.367
839.60	27.018
839.79	26.864
839.97	26.783
840.15	26.439
840.33	26.742
840.51	26.223
840.69	26.730
840.87	26.337
841.06	26.312
841.24	26.085
841.42	26.225
841.60	26.634
841.78	26.315
841.96	26.025
842.14	26.659
842.32	26.977
842.51	26.950
842.69	27.360
842.87	26.674
843.05	26.903
843.23	27.044
843.41	26.430
843.59	27.003
843.77	26.891
843.95	26.785
844.14	26.590
844.32	27.095
844.50	27.012
844.68	26.914
844.86	26.734
845.04	26.957
845.22	27.579
845.40	27.035
845.58	27.539
845.76	27.109
845.94	26.961
846.12	27.738
846.31	26.667
846.49	27.105
846.67	27.432
846.85	27.266
847.03	27.253
847.21	27.239
847.39	26.930
847.57	26.875
847.75	26.935
847.93	27.175
848.11	26.729
848.29	26.679
848.47	26.943
848.65	27.485
848.83	27.559
849.02	27.064
849.20	27.288
849.38	27.372
849.56	27.548
849.74	27.213
849.92	26.727
850.10	27.316
850.28	27.765
850.46	27.313
850.64	27.512
850.82	27.365
851.00	27.243
851.18	27.164
851.36	26.762
851.54	27.255
851.72	27.370
851.90	26.939
852.08	26.881
852.26	27.374
852.44	27.354
852.62	27.974
852.80	27.976
852.98	27.721
853.16	27.520
853.34	27.600
853.52	27.390
853.70	27.437
853.88	27.596
854.06	27.287
854.24	27.831
854.42	27.871
854.60	28.034
854.78	28.320
854.96	27.497
855.14	27.791
855.32	28.193
855.50	27.747
855.68	27.860
855.86	27.965
856.04	27.865
856.22	27.886
856.40	27.792
856.58	27.715
856.76	27.502
856.94	28.381
857.12	28.061
857.30	28.519
857.48	27.876
857.66	28.753
857.84	28.339
858.02	28.784
858.20	28.149
858.38	28.031
858.56	27.944
858.74	28.093
858.92	27.926
859.10	28.076
859.28	28.233
859.46	28.552
859.64	28.778
859.81	28.108
859.99	28.220
860.17	28.718
860.35	28.404
860.53	28.320
860.71	28.451
860.89	28.617
861.07	28.461
861.25	28.574
861.43	28.771
861.61	28.448
861.79	28.675
861.97	28.618
862.15	29.012
862.33	28.086
862.50	28.332
862.68	29.015
862.86	28.389
863.04	28.732
863.22	28.471
863.40	28.748
863.58	28.279
863.76	29.298
863.94	28.458
864.12	28.718
864.30	28.652
864.47	28.784
864.65	28.440
864.83	28.777
865.01	28.229
865.19	28.423
865.37	28.623
865.55	29.425
865.73	28.501
865.91	28.778
866.09	28.835
866.26	29.219
866.44	29.218
866.62	29.524
866.80	29.041
866.98	28.893
867.16	29.174
867.34	28.916
867.52	28.792
867.69	28.898
867.87	29.527
868.05	29.355
868.23	28.825
868.41	29.057
868.59	29.574
868.77	28.921
868.94	29.286
869.12	29.255
869.30	29.325
869.48	29.683
869.66	29.399
869.84	29.577
870.02	29.530
870.19	29.484
870.37	29.846
870.55	29.861
870.73	30.199
870.91	30.058
871.09	29.689
871.26	30.052
871.44	29.681
871.62	29.758
871.80	29.557
871.98	29.614
872.16	29.977
872.33	29.849
872.51	30.342
872.69	30.113
872.87	29.930
873.05	29.758
873.22	29.970
873.40	30.374
873.58	29.809
873.76	30.027
873.94	30.171
874.12	30.045
874.29	30.549
874.47	30.261
874.65	30.178
874.83	30.724
875.01	30.357
875.18	30.960
875.36	30.806
875.54	30.499
875.72	30.123
875.89	30.982
876.07	31.091
876.25	31.139
876.43	30.955
876.61	31.178
876.78	31.297
876.96	31.497
877.14	30.688
877.32	30.886
877.49	30.751
877.67	30.582
877.85	30.716
878.03	31.722
878.21	30.997
878.38	30.900
878.56	30.999
878.74	31.577
878.92	31.010
879.09	31.500
879.27	31.136
879.45	30.978
879.63	30.748
879.80	31.096
879.98	31.483
880.16	31.310
880.34	31.102
880.51	32.164
880.69	31.453
880.87	31.686
881.05	31.669
881.22	30.951
881.40	32.026
881.58	31.977
881.75	31.553
881.93	31.403
882.11	31.227
882.29	31.102
882.46	31.530
882.64	31.167
882.82	31.315
883.00	31.083
883.17	31.213
883.35	31.730
883.53	31.726
883.70	31.923
883.88	31.659
884.06	31.134
884.23	31.260
884.41	31.374
884.59	31.103
884.77	31.485
884.94	30.789
885.12	31.234
885.30	30.864
885.47	30.981
885.65	31.120
885.83	31.383
886.00	31.129
886.18	31.879
886.36	31.621
886.53	32.478
886.71	31.934
886.89	31.989
887.07	32.329
887.24	31.956
887.42	31.581
887.60	31.420
887.77	31.469
887.95	31.168
888.13	31.656
888.30	32.552
888.48	32.386
888.66	32.904
888.83	32.179
889.01	31.938
889.18	32.381
889.36	32.837
889.54	32.582
889.71	32.086
889.89	32.602
890.07	32.475
890.24	32.653
890.42	32.852
890.60	32.871
890.77	32.975
890.95	32.705
891.13	32.477
891.30	32.938
891.48	33.077
891.65	32.587
891.83	32.969
892.01	33.322
892.18	32.380
892.36	33.041
892.54	32.198
892.71	32.788
892.89	32.679
893.06	32.663
893.24	32.981
893.42	32.941
893.59	32.719
893.77	32.991
893.94	32.704
894.12	33.269
894.30	32.757
894.47	32.959
894.65	33.185
894.82	33.144
895.00	33.417
895.18	32.509
895.35	32.830
895.53	32.587
895.70	33.203
895.88	32.767
896.06	32.915
896.23	32.955
896.41	33.048
896.58	33.279
896.76	32.500
896.93	32.737
897.11	32.426
897.29	33.416
897.46	33.510
897.64	33.364
897.81	33.863
897.99	33.342
898.16	33.437
898.34	33.335
898.52	33.508
898.69	33.955
898.87	33.912
899.04	33.515
899.22	33.336
899.39	34.266
899.57	34.257
899.74	33.872
899.92	34.545
900.10	33.886
900.27	34.932
900.45	34.552
900.62	34.692
900.80	34.398
900.97	34.551
901.15	34.463
901.32	35.087
901.50	34.789
901.67	34.504
901.85	34.524
902.02	34.906
902.20	34.453
902.37	34.760
902.55	34.861
902.72	34.475
902.90	34.500
903.07	34.459
903.25	34.811
903.43	34.571
903.60	34.713
903.78	34.983
903.95	34.497
904.13	35.035
904.30	34.568
904.48	34.413
904.65	34.409
904.83	35.043
905.00	34.498
905.17	34.684
905.35	35.159
905.52	34.398
905.70	34.837
905.87	34.731
906.05	34.554
906.22	34.815
906.40	34.314
906.57	34.748
906.75	34.518
906.92	34.001
907.10	34.104
907.27	34.962
907.45	34.289
907.62	34.943
907.80	34.283
907.97	34.571
908.15	34.581
908.32	35.356
908.49	35.229
908.67	34.624
908.84	35.235
909.02	34.891
909.19	35.020
909.37	35.365
909.54	34.871
909.72	35.069
909.89	35.876
910.07	35.514
910.24	35.248
910.41	35.416
910.59	35.362
910.76	35.587
910.94	35.589
911.11	35.289
911.29	35.370
911.46	35.497
911.63	35.532
911.81	36.663
911.98	35.061
912.16	35.699
912.33	35.076
912.50	35.516
912.68	35.866
912.85	36.396
913.03	35.787
913.20	36.234
913.38	36.112
913.55	35.978
913.72	35.939
913.90	36.938
914.07	36.202
914.25	36.393
914.42	36.261
914.59	35.764
914.77	36.965
914.94	36.475
915.11	36.422
915.29	36.512
915.46	36.113
915.64	36.861
915.81	36.549
915.98	36.390
916.16	36.577
916.33	37.005
916.51	36.226
916.68	36.282
916.85	36.677
917.03	37.444
917.20	36.185
917.37	37.241
917.55	36.988
917.72	36.581
917.89	36.895
918.07	37.746
918.24	36.965
918.42	36.648
918.59	37.001
918.76	37.826
918.94	36.758
919.11	36.948
919.28	37.176
919.46	38.010
919.63	37.151
919.80	37.250
919.98	37.451
920.15	37.110
920.32	37.714
920.50	37.488
920.67	37.577
920.84	37.427
921.02	36.977
921.19	37.622
921.36	36.651
921.54	36.946
921.71	37.337
921.88	37.305
922.06	36.808
922.23	37.177
922.40	36.443
922.57	36.719
922.75	37.860
922.92	37.360
923.09	37.162
923.27	37.113
923.44	38.095
923.61	37.791
923.79	37.296
923.96	37.774
924.13	37.915
924.30	37.670
924.48	37.664
924.65	38.710
924.82	37.835
925.00	38.075
925.17	37.877
925.34	38.648
925.51	37.731
925.69	37.706
925.86	36.898
926.03	38.040
926.21	37.825
926.38	37.656
926.55	36.801
926.72	37.410
926.90	38.270
927.07	37.635
927.24	37.815
927.41	37.857
927.59	37.217
927.76	37.388
927.93	37.043
928.10	36.853
928.28	37.207
928.45	37.272
928.62	36.616
928.79	37.066
928.97	36.906
929.14	38.060
929.31	37.707
929.48	37.002
929.66	36.931
929.83	37.213
930.00	36.823
930.17	37.276
930.34	36.942
930.52	37.800
930.69	37.314
930.86	37.047
931.03	37.627
931.21	37.842
931.38	37.792
931.55	37.471
931.72	37.864
931.89	37.644
932.07	37.564
932.24	38.113
932.41	36.728
932.58	37.120
932.75	37.106
932.93	37.690
933.10	36.829
933.27	37.044
933.44	37.326
933.61	37.677
933.79	37.443
933.96	37.972
934.13	37.779
934.30	37.806
934.47	37.636
934.65	38.095
934.82	38.262
934.99	38.363
935.16	38.826
935.33	37.872
935.50	38.460
935.68	38.284
935.85	37.970
936.02	38.702
936.19	37.462
936.36	39.132
936.53	38.912
936.71	38.666
936.88	37.943
937.05	37.757
937.22	38.448
937.39	38.123
937.56	38.149
937.74	38.369
937.91	39.112
938.08	38.780
938.25	38.234
938.42	38.269
938.59	38.695
938.76	38.695
938.94	38.686
939.11	38.962
939.28	38.248
939.45	38.497
939.62	38.675
939.79	39.234
939.96	38.174
940.13	38.395
940.31	38.616
940.48	39.049
940.65	38.200
940.82	38.917
940.99	37.984
941.16	37.726
941.33	38.131
941.50	38.760
941.67	37.898
941.85	38.834
942.02	38.582
942.19	39.245
942.36	38.240
942.53	38.079
942.70	38.368
942.87	38.628
943.04	38.973
943.21	39.243
943.38	37.758
943.56	37.980
943.73	38.340
943.90	38.601
944.07	38.385
944.24	38.286
944.41	38.538
944.58	38.500
944.75	38.535
944.92	37.941
945.09	38.090
945.26	38.231
945.43	37.626
945.60	37.991
945.78	38.065
945.95	38.775
946.12	37.108
946.29	37.696
946.46	38.581
946.63	38.296
946.80	38.885
946.97	37.768
947.14	37.250
947.31	39.330
947.48	38.459
947.65	39.066
947.82	38.856
947.99	39.446
948.16	39.361
948.33	40.071
948.50	39.358
948.67	39.063
948.84	39.488
949.01	39.861
949.18	39.595
949.35	39.794
949.52	39.684
949.69	39.981
949.86	39.546
950.03	39.281
950.20	39.133
950.38	39.415
950.55	40.444
950.72	39.879
950.89	39.683
951.06	40.271
951.23	39.950
951.40	40.246
951.57	40.382
951.74	41.190
951.91	39.203
952.08	39.954
952.25	39.891
952.42	39.980
952.59	39.192
952.76	39.276
952.92	39.424
953.09	39.349
953.26	40.390
953.43	39.985
953.60	39.571
953.77	39.621
953.94	40.339
954.11	40.452
954.28	39.460
954.45	39.808
954.62	40.231
954.79	40.953
954.96	39.300
955.13	39.835
955.30	39.516
955.47	40.008
955.64	40.118
955.81	40.887
955.98	39.804
956.15	40.221
956.32	40.039
956.49	40.564
956.66	40.248
956.83	40.202
957.00	40.781
957.17	39.647
957.33	40.404
957.50	39.779
957.67	40.246
957.84	40.572
958.01	39.895
958.18	39.825
958.35	40.203
958.52	39.753
958.69	40.802
958.86	40.127
959.03	40.114
959.20	40.530
959.37	40.457
959.53	40.222
959.70	40.665
959.87	39.725
960.04	40.204
960.21	40.417
960.38	40.873
960.55	40.457
960.72	40.124
960.89	39.821
961.06	40.460
961.23	40.221
961.39	40.380
961.56	39.498
961.73	39.958
961.90	40.479
962.07	40.398
962.24	39.741
962.41	39.260
962.58	38.950
962.75	40.534
962.91	40.776
963.08	39.952
963.25	40.501
963.42	39.757
963.59	39.878
963.76	40.209
963.93	40.013
964.09	39.538
964.26	39.967
964.43	40.101
964.60	41.045
964.77	40.525
964.94	40.396
965.11	39.610
965.27	39.874
965.44	40.811
965.61	40.119
965.78	40.096
965.95	40.155
966.12	40.344
966.29	40.085
966.45	39.928
966.62	40.717
966.79	40.575
966.96	39.600
967.13	40.567
967.30	40.327
967.46	40.492
967.63	40.843
967.80	40.898
967.97	41.360
968.14	40.255
968.30	42.567
968.47	40.210
968.64	42.838
968.81	40.105
968.98	41.258
969.15	41.760
969.31	40.386
969.48	41.272
969.65	40.934
969.82	40.926
969.99	40.775
970.15	40.791
970.32	40.919
970.49	42.263
970.66	40.660
970.82	40.606
970.99	41.125
971.16	40.966
971.33	40.489
971.50	39.991
971.66	41.093
971.83	41.750
972.00	41.196
972.17	41.125
972.34	41.221
972.50	42.066
972.67	40.785
972.84	42.112
973.01	41.353
973.17	41.272
973.34	40.047
973.51	40.987
973.68	40.897
973.84	40.416
974.01	41.552
974.18	41.686
974.35	41.062
974.51	41.387
974.68	41.671
974.85	41.433
975.02	41.416
975.18	41.790
975.35	41.933
975.52	40.474
975.69	42.449
975.85	42.441
976.02	40.764
976.19	40.768
976.36	42.217
976.52	42.220
976.69	42.475
976.86	41.717
977.02	41.731
977.19	41.648
977.36	40.785
977.53	40.920
977.69	41.854
977.86	41.167
978.03	41.016
978.19	42.226
978.36	41.827
978.53	42.491
978.70	41.633
978.86	42.398
979.03	42.011
979.20	43.162
979.36	41.016
979.53	41.537
979.70	41.655
979.86	41.849
980.03	42.437
980.20	41.434
980.36	41.132
980.53	41.893
980.70	41.122
980.86	40.782
981.03	42.789
981.20	41.316
981.36	41.538
981.53	42.840
981.70	42.099
981.86	42.018
982.03	42.141
982.20	43.250
982.36	41.394
982.53	41.271
982.70	42.452
982.86	42.793
983.03	41.551
983.20	42.459
983.36	40.995
983.53	40.114
983.70	41.358
983.86	40.499
984.03	41.238
984.20	39.818
984.36	41.739
984.53	42.039
984.70	41.517
984.86	40.799
985.03	40.500
985.19	40.091
985.36	40.802
985.53	41.872
985.69	40.257
985.86	40.926
986.03	40.930
986.19	40.790
986.36	41.142
986.52	40.637
986.69	41.683
986.86	40.706
987.02	40.313
987.19	40.248
987.35	41.209
987.52	39.914
987.69	41.454
987.85	39.945
988.02	40.189
988.18	41.956
988.35	40.654
988.52	40.914
988.68	40.999
988.85	41.476
989.01	41.805
989.18	41.203
989.35	42.261
989.51	41.577
989.68	41.457
989.84	42.172
990.01	41.830
990.17	41.691
990.34	41.860
990.51	42.328
990.67	42.613
990.84	42.207
991.00	42.137
991.17	41.734
991.33	42.785
991.50	42.482
991.66	42.547
991.83	41.853
992.00	42.331
992.16	42.566
992.33	41.746
992.49	43.171
992.66	42.820
992.82	41.849
992.99	42.207
993.15	42.869
993.32	43.745
993.48	43.132
993.65	42.166
993.82	42.190
993.98	43.594
994.15	42.709
994.31	42.659
994.48	42.284
994.64	44.204
994.81	43.083
994.97	43.224
995.14	42.988
995.30	43.124
995.47	42.777
995.63	42.204
995.80	42.867
995.96	42.500
996.13	43.439
996.29	43.891
996.46	42.538
996.62	41.543
996.79	42.285
996.95	43.435
997.12	44.287
997.28	44.307
997.45	43.619
997.61	42.210
997.78	43.155
997.94	41.670
998.11	41.233
998.27	43.175
998.44	41.409
998.60	43.633
998.77	43.798
998.93	42.025
999.10	42.810
999.26	42.281
999.43	43.687
999.59	42.844
999.75	43.086
999.92	42.457
1000.08	42.040
1000.25	42.049
1000.41	43.082
1000.58	43.898
1000.74	45.255
1000.91	43.367
1001.07	43.288
1001.24	42.449
1001.40	43.117
1001.56	43.436
1001.73	45.367
1001.89	43.179
1002.06	43.329
1002.22	43.979
1002.39	43.317
1002.55	42.003
1002.71	42.184
1002.88	43.849
1003.04	42.980
1003.21	42.426
1003.37	42.351
1003.54	45.341
1003.70	42.706
1003.86	43.756
1004.03	43.663
1004.19	44.126
1004.36	44.313
1004.52	43.304
1004.68	42.015
1004.85	42.708
1005.01	44.526
1005.18	44.709
1005.34	46.114
1005.50	44.319
1005.67	44.048
1005.83	45.198
1006.00	44.372
1006.16	42.922
1006.32	44.076
1006.49	43.188
1006.65	44.411
1006.82	41.300
1006.98	43.678
1007.14	43.493
1007.31	44.824
1007.47	43.420
1007.63	42.345
1007.80	43.721
1007.96	40.484
1008.13	44.744
1008.29	44.564
1008.45	46.413
1008.62	45.296
1008.78	44.567
1008.94	44.549
1009.11	43.448
1009.27	44.435
1009.43	45.664
1009.60	44.664
1009.76	44.101
1009.92	43.730
1010.09	47.461
1010.25	43.358
1010.42	45.130
1010.58	44.518
1010.74	44.767
1010.91	43.668
1011.07	43.304
1011.23	45.697
1011.40	43.907
1011.56	48.584
1011.72	46.592
1011.89	45.512
1012.05	44.427
1012.21	45.536
1012.37	45.512
1012.54	43.966
1012.70	44.023
1012.86	45.750
1013.03	46.976
1013.19	46.695
1013.35	45.920
1013.52	49.162
1013.68	44.632
1013.84	46.688
1014.01	45.543
1014.17	46.625
1014.33	46.338
1014.49	47.531
1014.66	47.964
1014.82	48.912
1014.98	47.216
1015.15	46.700
1015.31	47.434
1015.47	45.448
1015.63	48.097
1015.80	47.646
1015.96	45.780
1016.12	48.654
1016.29	47.190
1016.45	47.931
1016.61	46.933
1016.77	47.540
1016.94	49.017
1017.10	46.285
1017.26	47.153
1017.42	46.781
1017.59	47.654
1017.75	51.491
1017.91	46.820
1018.07	50.538
1018.24	47.327
1018.40	49.911
1018.56	50.271
1018.72	47.945
1018.89	51.588
1019.05	49.420
1019.21	48.578
1019.37	52.196
1019.54	47.739
1019.70	51.501
1019.86	50.580
1020.02	49.808
1020.19	51.875
1020.35	48.571
1020.51	50.199
1020.67	46.400
1020.83	50.535
1021.00	51.237
1021.16	51.647
1021.32	47.456
1021.48	52.202
1021.64	53.066
1021.81	50.133
1021.97	53.717
1022.13	54.677
1022.29	53.290
1022.45	49.973
1022.62	51.393
1022.78	55.264
1022.94	51.704
1023.10	48.513
1023.26	52.615
1023.43	52.065
1023.59	53.231
1023.75	50.978
1023.91	54.989
1024.07	53.857
1024.24	54.865
1024.40	55.500
1024.56	54.992
1024.72	51.881
1024.88	52.578
1025.04	51.977
1025.21	56.142
1025.37	54.971
1025.53	53.444
1025.69	54.868
1025.85	57.553
1026.01	57.021
1026.18	56.099
1026.34	53.815
1026.50	61.381
1026.66	52.978
1026.82	59.447
1026.98	58.730
1027.14	56.795
1027.31	60.403
1027.47	55.864
1027.63	61.610
1027.79	61.809
1027.95	60.740
1028.11	59.701
1028.27	62.981
1028.44	63.237
1028.60	60.426
1028.76	62.803
1028.92	57.985
1029.08	65.462
1029.24	62.749
1029.40	67.079
1029.56	62.127
1029.73	66.517
1029.89	61.886
1030.05	60.727
1030.21	73.371
1030.37	57.159
1030.53	69.347
1030.69	55.850
1030.85	64.977
1031.01	59.258
1031.17	65.151
1031.34	65.327
1031.50	65.250
1031.66	56.529
1031.82	67.959
1031.98	61.815
1032.14	67.122
1032.30	74.527
1032.46	67.435
1032.62	66.434
1032.78	68.185
1032.94	69.991
1033.10	69.908
1033.27	74.942
1033.43	75.456
1033.59	69.401
1033.75	73.222
1033.91	80.786
1034.07	73.076
1034.23	76.983
1034.39	76.403
1034.55	78.221
1034.71	85.080
1034.87	79.859
1035.03	81.091
1035.19	79.449
1035.35	73.504
1035.51	86.342
1035.67	76.061
1035.83	82.470
1035.99	82.202
1036.16	81.542
1036.32	77.459
1036.48	85.258
1036.64	84.399
1036.80	77.120
1036.96	82.349
1037.12	77.108
1037.28	91.808
1037.44	88.274
1037.60	85.199
1037.76	86.483
1037.92	103.764
1038.08	88.579
1038.24	96.583
1038.40	98.873
1038.56	84.438
1038.72	96.381
1038.88	94.257
1039.04	101.888
1039.20	110.262
1039.36	107.874
1039.52	107.391
1039.68	101.024
1039.84	109.608
1040.00	125.698
1040.16	112.890
1040.32	130.347
1040.48	131.328
1040.64	121.795
1040.80	153.257
1040.96	136.081
1041.12	122.205
1041.28	148.237
1041.44	153.417
1041.60	142.935
1041.76	133.584
1041.92	138.617
1042.08	143.196
1042.24	137.335
1042.39	165.453
1042.55	160.464
1042.71	150.032
1042.87	165.970
1043.03	185.381
1043.19	142.761
