345.44	-0.847
345.66	-0.847
345.88	-0.847
346.10	-0.546
346.31	-0.454
346.53	-0.976
346.75	-2.119
346.97	-1.799
347.19	-3.386
347.41	0.540
347.63	-0.555
347.85	-0.951
348.07	-1.854
348.29	-2.056
348.51	-0.427
348.73	-1.114
348.95	-1.100
349.17	-1.580
349.39	-0.600
349.61	-1.548
349.83	-1.250
350.05	-3.338
350.27	-1.708
350.49	-2.677
350.71	-0.694
350.93	-3.510
351.15	-2.427
351.37	-2.047
351.59	-4.085
351.80	-2.791
352.02	-3.997
352.24	-4.413
352.46	-0.255
352.68	-3.332
352.90	0.996
353.12	-4.041
353.34	-1.359
353.56	-2.470
353.78	-3.761
354.00	-2.744
354.22	-3.350
354.44	-2.550
354.66	-0.709
354.88	-1.823
355.09	-3.725
355.31	-3.395
355.53	-3.809
355.75	-2.089
355.97	-0.674
356.19	-3.276
356.41	-2.642
356.63	-4.829
356.85	-1.311
357.07	-1.532
357.29	-3.125
357.50	-5.395
357.72	-3.503
357.94	-3.162
358.16	-2.861
358.38	-2.082
358.60	-0.801
358.82	-1.715
359.04	-3.681
359.26	-2.648
359.48	-1.446
359.69	-3.001
359.91	-1.517
360.13	-6.297
360.35	-0.333
360.57	-5.199
360.79	-4.523
361.01	-2.807
361.23	-3.516
361.45	-2.652
361.66	-2.458
361.88	-3.710
362.10	-4.773
362.32	-0.639
362.54	-3.424
362.76	-0.276
362.98	-4.618
363.20	-2.586
363.41	-5.099
363.63	-4.288
363.85	-3.632
364.07	-0.566
364.29	-2.355
364.51	-2.173
364.73	-2.149
364.94	-3.145
365.16	-2.378
365.38	-2.907
365.60	0.422
365.82	-5.053
366.04	-4.957
366.26	-2.827
366.47	-3.231
366.69	-4.573
366.91	-3.900
367.13	-4.036
367.35	-1.732
367.57	-3.816
367.79	-3.297
368.00	-3.761
368.22	-4.020
368.44	-4.167
368.66	-3.762
368.88	-3.136
369.10	-0.783
369.31	-2.371
369.53	-3.990
369.75	-3.155
369.97	-2.228
370.19	-2.424
370.41	-2.862
370.62	-4.398
370.84	-2.742
371.06	-2.291
371.28	-2.515
371.50	-1.899
371.71	-3.819
371.93	-4.283
372.15	-2.183
372.37	-3.128
372.59	-2.127
372.80	-5.398
373.02	-0.984
373.24	-3.616
373.46	-2.930
373.68	-1.600
373.90	-4.229
374.11	-3.379
374.33	-2.176
374.55	-2.169
374.77	-4.580
374.98	-2.560
375.20	-4.899
375.42	-3.415
375.64	-3.345
375.86	-5.611
376.07	-0.664
376.29	-5.391
376.51	-5.931
376.73	-5.171
376.95	-2.578
377.16	-5.637
377.38	-4.223
377.60	-4.123
377.82	-1.225
378.03	-3.058
378.25	-4.980
378.47	-2.410
378.69	-3.687
378.91	-4.304
379.12	-6.336
379.34	-4.524
379.56	-3.321
379.78	-1.971
379.99	-4.748
380.21	-2.592
380.43	-6.532
380.65	-5.925
380.86	-2.858
381.08	-2.847
381.30	-2.806
381.52	-3.122
381.73	-4.780
381.95	-5.772
382.17	-3.922
382.39	-4.851
382.60	-7.484
382.82	-2.960
383.04	-3.177
383.26	-3.454
383.47	-6.788
383.69	-5.745
383.91	-2.935
384.13	-6.206
384.34	-6.351
384.56	-3.323
384.78	-3.674
385.00	-4.627
385.21	-4.148
385.43	-6.399
385.65	-4.962
385.86	-6.576
386.08	-5.789
386.30	-2.740
386.52	-3.416
386.73	-5.332
386.95	-4.370
387.17	-4.640
387.38	-3.077
387.60	-3.583
387.82	-2.320
388.04	-6.310
388.25	-4.792
388.47	-5.812
388.69	-5.441
388.90	-4.547
389.12	-4.455
389.34	-5.629
389.56	-4.442
389.77	-4.061
389.99	-4.723
390.21	-3.888
390.42	-2.884
390.64	-5.453
390.86	-6.552
391.07	-4.572
391.29	-3.076
391.51	-4.860
391.72	-4.620
391.94	-5.527
392.16	-4.952
392.38	-5.708
392.59	-5.541
392.81	-3.503
393.03	-4.260
393.24	-3.570
393.46	-3.784
393.68	-6.023
393.89	-5.888
394.11	-7.388
394.33	-5.482
394.54	-2.402
394.76	-5.379
394.98	-4.848
395.19	-4.897
395.41	-3.634
395.63	-5.096
395.84	-5.266
396.06	-10.795
396.28	-6.495
396.49	-2.112
396.71	-5.386
396.93	-4.307
397.14	-6.801
397.36	-6.465
397.57	-4.792
397.79	-5.871
398.01	-5.794
398.22	-6.127
398.44	-6.651
398.66	-6.112
398.87	-4.468
399.09	-6.315
399.31	-4.996
399.52	-6.005
399.74	-8.624
399.96	-6.456
400.17	-6.476
400.39	-4.706
400.60	-6.711
400.82	-5.706
401.04	-6.223
401.25	-5.633
401.47	-4.315
401.69	-7.592
401.90	-8.030
402.12	-6.468
402.33	-3.568
402.55	-8.499
402.77	-6.488
402.98	-7.297
403.20	-9.588
403.41	-5.063
403.63	-9.564
403.85	-6.023
404.06	-6.803
404.28	-6.094
404.49	-5.864
404.71	-7.952
404.93	-8.795
405.14	-8.525
405.36	-10.344
405.57	-5.121
405.79	-7.944
406.01	-9.372
406.22	-7.089
406.44	-8.104
406.65	-8.083
406.87	-8.064
407.09	-8.492
407.30	-9.225
407.52	-7.399
407.73	-8.657
407.95	-8.295
408.17	-7.790
408.38	-7.842
408.60	-8.254
408.81	-7.190
409.03	-6.113
409.24	-6.803
409.46	-11.208
409.68	-6.452
409.89	-7.411
410.11	-6.635
410.32	-3.137
410.54	-5.521
410.75	-6.002
410.97	-8.591
411.18	-9.509
411.40	-6.290
411.62	-8.328
411.83	-9.701
412.05	-6.751
412.26	-10.115
412.48	-10.653
412.69	-11.264
412.91	-8.607
413.12	-5.491
413.34	-12.088
413.56	-9.229
413.77	-9.127
413.99	-10.057
414.20	-13.571
414.42	-8.494
414.63	-10.368
414.85	-10.872
415.06	-11.143
415.28	-9.420
415.49	-9.464
415.71	-8.914
415.92	-11.779
416.14	-11.490
416.35	-7.902
416.57	-8.708
416.79	-6.137
417.00	-11.174
417.22	-9.808
417.43	-11.531
417.65	-12.137
417.86	-8.857
418.08	-9.012
418.29	-10.036
418.51	-11.969
418.72	-9.162
418.94	-12.026
419.15	-12.259
419.37	-12.008
419.58	-8.273
419.80	-11.838
420.01	-8.683
420.23	-14.017
420.44	-9.620
420.66	-13.723
420.87	-13.261
421.09	-9.120
421.30	-10.534
421.52	-11.988
421.73	-12.390
421.95	-10.296
422.16	-15.541
422.38	-9.381
422.59	-13.975
422.81	-14.842
423.02	-12.914
423.23	-10.034
423.45	-14.936
423.66	-11.568
423.88	-13.811
424.09	-13.154
424.31	-13.913
424.52	-11.547
424.74	-13.782
424.95	-14.812
425.17	-14.869
425.38	-13.513
425.60	-15.457
425.81	-15.187
426.03	-11.092
426.24	-13.312
426.45	-12.385
426.67	-16.900
426.88	-14.823
427.10	-17.359
427.31	-18.500
427.53	-15.912
427.74	-17.723
427.96	-14.491
428.17	-15.454
428.39	-21.183
428.60	-16.473
428.81	-14.752
429.03	-13.498
429.24	-15.285
429.46	-15.160
429.67	-19.618
429.89	-16.200
430.10	-17.167
430.31	-20.017
430.53	-20.023
430.74	-14.958
430.96	-16.179
431.17	-18.577
431.39	-15.573
431.60	-21.118
431.81	-20.073
432.03	-16.952
432.24	-14.057
432.46	-19.178
432.67	-18.593
432.89	-21.206
433.10	-19.655
433.31	-16.039
433.53	-19.549
433.74	-19.523
433.96	-19.220
434.17	-19.824
434.38	-20.599
434.60	-19.031
434.81	-22.940
435.03	-19.031
435.24	-18.130
435.45	-20.868
435.67	-19.851
435.88	-25.274
436.10	-20.269
436.31	-17.949
436.52	-27.646
436.74	-21.425
436.95	-20.076
437.17	-21.090
437.38	-23.054
437.59	-24.762
437.81	-28.661
438.02	-25.269
438.23	-24.902
438.45	-27.600
438.66	-25.061
438.88	-28.550
439.09	-28.718
439.30	-25.143
439.52	-23.470
439.73	-27.494
439.94	-24.954
440.16	-30.669
440.37	-27.357
440.58	-35.461
440.80	-29.958
441.01	-32.316
441.23	-32.627
441.44	-24.732
441.65	-29.048
441.87	-23.904
442.08	-35.905
442.29	-25.057
442.51	-25.195
442.72	-30.510
442.93	-29.470
443.15	-29.756
443.36	-31.080
443.57	-35.178
443.79	-28.736
444.00	-31.931
444.21	-24.592
444.43	-31.152
444.64	-35.177
444.85	-36.920
445.07	-37.546
445.28	-37.350
445.49	-34.501
445.71	-35.321
445.92	-30.323
446.13	-33.833
446.35	-34.656
446.56	-37.192
446.77	-40.774
446.99	-33.358
447.20	-38.517
447.41	-42.021
447.63	-34.584
447.84	-36.203
448.05	-32.026
448.27	-37.073
448.48	-45.605
448.69	-35.072
448.90	-37.432
449.12	-47.832
449.33	-34.435
449.54	-41.672
449.76	-41.832
449.97	-45.742
450.18	-45.433
450.40	-40.155
450.61	-38.697
450.82	-44.890
451.03	-41.215
451.25	-39.532
451.46	-40.800
451.67	-43.228
451.89	-48.871
452.10	-46.227
452.31	-38.579
452.52	-49.699
452.74	-44.320
452.95	-50.765
453.16	-49.874
453.38	-55.690
453.59	-58.658
453.80	-57.127
454.01	-50.108
454.23	-51.304
454.44	-61.560
454.65	-54.291
454.86	-47.729
455.08	-54.725
455.29	-63.934
455.50	-48.751
455.71	-56.102
455.93	-58.305
456.14	-71.931
456.35	-50.047
456.56	-71.491
456.78	-59.761
456.99	-62.029
457.20	-59.170
457.41	-70.494
457.63	-66.181
457.84	-86.108
458.05	-68.934
458.26	-83.350
458.48	-74.892
458.69	-95.335
458.90	-66.776
459.11	-81.451
459.33	-59.142
459.54	-73.494
459.75	-80.054
459.96	-84.019
460.18	-85.821
460.39	-83.388
460.60	-106.289
460.81	-116.701
461.02	-104.062
461.24	-100.214
461.45	-99.432
461.66	-109.023
461.87	-93.824
462.09	-129.140
462.30	-110.711
462.51	-122.445
462.72	-116.935
462.93	-123.778
463.15	-126.585
463.36	-119.948
463.57	-186.047
463.78	-157.925
463.99	-171.915
464.21	-190.472
464.42	-252.880
464.63	-175.309
464.84	-201.681
465.05	-241.818
465.27	-213.128
465.48	-284.110
465.69	-246.304
465.90	-236.558
466.11	-231.434
466.33	-275.413
466.54	-233.791
466.75	-382.502
466.96	-301.827
467.17	-469.828
467.38	-395.947
467.60	-398.868
467.81	-814.554
468.02	-506.104
468.23	-1373.250
468.44	-3626.924
468.65	-1079.642
468.87	-5213.417
469.08	16681.409
469.29	32787.834
469.50	-905.116
469.71	-8669.714
469.92	-2406.328
470.14	687.806
470.35	728.358
470.56	617.981
470.77	396.902
470.98	790.874
471.19	400.779
471.41	411.363
471.62	375.802
471.83	350.730
472.04	335.811
472.25	271.572
472.46	314.310
472.67	269.129
472.89	241.038
473.10	171.404
473.31	251.059
473.52	203.904
473.73	206.598
473.94	212.621
474.15	181.960
474.37	178.521
474.58	203.698
474.79	159.368
475.00	158.382
475.21	151.313
475.42	153.238
475.63	138.246
475.84	128.304
476.06	135.801
476.27	145.969
476.48	127.062
476.69	130.750
476.90	130.722
477.11	123.797
477.32	122.883
477.53	116.301
477.74	110.240
477.96	102.788
478.17	102.129
478.38	100.228
478.59	107.390
478.80	100.533
479.01	94.321
479.22	93.203
479.43	96.883
479.64	102.099
479.85	92.567
480.06	88.807
480.28	89.434
480.49	94.811
480.70	88.944
480.91	90.537
481.12	85.637
481.33	82.010
481.54	87.017
481.75	81.068
481.96	83.987
482.17	79.372
482.38	82.237
482.59	79.230
482.81	77.093
483.02	78.700
483.23	76.613
483.44	77.420
483.65	76.144
483.86	74.587
484.07	73.403
484.28	71.885
484.49	71.964
484.70	71.276
484.91	69.659
485.12	74.287
485.33	68.376
485.54	72.472
485.75	69.135
485.96	69.604
486.17	66.556
486.38	65.712
486.60	68.962
486.81	68.136
487.02	65.912
487.23	67.008
487.44	65.626
487.65	67.797
487.86	65.441
488.07	63.901
488.28	62.121
488.49	65.668
488.70	63.363
488.91	63.002
489.12	64.927
489.33	61.698
489.54	61.260
489.75	60.965
489.96	62.499
490.17	60.570
490.38	59.749
490.59	59.744
490.80	58.321
491.01	57.283
491.22	58.350
491.43	58.611
491.64	59.845
491.85	58.247
492.06	57.950
492.27	56.684
492.48	58.509
492.69	56.190
492.90	55.364
493.11	56.407
493.32	57.599
493.53	56.357
493.74	55.953
493.95	56.036
494.16	54.465
494.37	54.806
494.58	55.965
494.79	54.877
495.00	55.461
495.21	55.992
495.42	55.179
495.63	52.589
495.84	53.477
496.05	53.568
496.26	55.275
496.47	53.801
496.68	53.165
496.89	54.037
497.10	54.489
497.31	53.012
497.52	53.268
497.73	53.136
497.94	52.860
498.15	53.282
498.36	53.215
498.57	52.111
498.78	52.091
498.99	51.538
499.19	50.385
499.40	53.201
499.61	50.783
499.82	52.018
500.03	51.505
500.24	50.311
500.45	50.905
500.66	50.924
500.87	50.767
501.08	51.438
501.29	51.182
501.50	49.599
501.71	49.585
501.92	49.686
502.13	50.712
502.34	50.019
502.55	50.335
502.76	49.322
502.96	49.377
503.17	49.413
503.38	48.470
503.59	49.453
503.80	49.753
504.01	48.702
504.22	48.622
504.43	48.535
504.64	47.457
504.85	47.516
505.06	47.649
505.27	48.143
505.47	49.364
505.68	48.235
505.89	47.704
506.10	47.757
506.31	47.418
506.52	47.703
506.73	46.238
506.94	48.035
507.15	46.879
507.36	46.834
507.56	47.443
507.77	47.679
507.98	47.136
508.19	46.277
508.40	45.793
508.61	46.379
508.82	47.052
509.03	46.468
509.24	45.919
509.44	47.315
509.65	45.947
509.86	46.579
510.07	45.870
510.28	45.172
510.49	45.276
510.70	45.716
510.91	45.406
511.11	45.619
511.32	44.178
511.53	46.253
511.74	45.458
511.95	45.577
512.16	44.206
512.37	45.514
512.58	44.137
512.78	45.486
512.99	44.054
513.20	44.822
513.41	44.611
513.62	45.160
513.83	45.075
514.04	44.695
514.24	44.446
514.45	44.397
514.66	44.610
514.87	44.461
515.08	44.023
515.29	44.013
515.49	43.595
515.70	43.272
515.91	43.447
516.12	43.318
516.33	43.806
516.54	42.740
516.74	43.075
516.95	42.723
517.16	43.482
517.37	42.778
517.58	42.948
517.79	44.389
517.99	42.930
518.20	42.894
518.41	42.018
518.62	42.576
518.83	42.566
519.03	42.708
519.24	42.626
519.45	42.810
519.66	42.912
519.87	42.944
520.07	42.400
520.28	42.939
520.49	42.415
520.70	42.713
520.91	41.897
521.12	41.833
521.32	41.655
521.53	41.837
521.74	41.602
521.95	41.935
522.15	42.134
522.36	41.943
522.57	41.475
522.78	41.778
522.99	41.521
523.19	42.495
523.40	41.362
523.61	41.724
523.82	41.676
524.03	41.279
524.23	40.605
524.44	42.071
524.65	41.636
524.86	40.882
525.06	41.902
525.27	41.268
525.48	40.725
525.69	40.736
525.89	41.492
526.10	41.527
526.31	40.269
526.52	40.970
526.72	40.396
526.93	41.123
527.14	39.618
527.35	40.932
527.56	40.411
527.76	40.755
527.97	40.740
528.18	40.550
528.38	40.311
528.59	40.846
528.80	40.482
529.01	40.463
529.21	40.331
529.42	40.789
529.63	41.020
529.84	40.404
530.04	40.262
530.25	40.979
530.46	39.694
530.67	40.287
530.87	40.259
531.08	40.322
531.29	40.183
531.50	41.124
531.70	40.463
531.91	39.789
532.12	40.530
532.32	40.253
532.53	39.860
532.74	40.516
532.95	40.074
533.15	39.079
533.36	40.250
533.57	39.545
533.77	39.365
533.98	39.245
534.19	40.160
534.39	39.028
534.60	40.071
534.81	40.075
535.02	39.351
535.22	39.055
535.43	39.046
535.64	39.817
535.84	39.757
536.05	39.072
536.26	39.429
536.46	38.914
536.67	39.274
536.88	38.881
537.08	39.420
537.29	38.665
537.50	39.576
537.70	38.923
537.91	38.867
538.12	39.419
538.33	38.843
538.53	39.118
538.74	38.467
538.95	39.189
539.15	38.857
539.36	38.589
539.57	38.493
539.77	38.635
539.98	38.316
540.18	38.553
540.39	39.264
540.60	38.451
540.80	38.510
541.01	38.532
541.22	38.554
541.42	38.740
541.63	38.148
541.84	38.498
542.04	38.526
542.25	38.719
542.46	38.002
542.66	37.422
542.87	38.497
543.08	37.906
543.28	38.001
543.49	37.910
543.69	38.090
543.90	38.390
544.11	38.070
544.31	37.860
544.52	37.714
544.73	37.718
544.93	37.262
545.14	37.982
545.34	37.634
545.55	37.782
545.76	38.007
545.96	37.577
546.17	37.671
546.38	37.796
546.58	37.778
546.79	37.120
546.99	37.926
547.20	37.862
547.41	37.521
547.61	37.638
547.82	38.056
548.02	37.734
548.23	37.406
548.44	37.732
548.64	37.168
548.85	37.368
549.05	37.090
549.26	36.990
549.47	37.766
549.67	37.606
549.88	36.945
550.08	37.417
550.29	37.169
550.50	37.217
550.70	37.100
550.91	37.015
551.11	37.003
551.32	37.146
551.52	37.115
551.73	36.589
551.94	37.393
552.14	36.969
552.35	37.159
552.55	36.455
552.76	37.108
552.96	36.881
553.17	36.764
553.38	36.806
553.58	37.248
553.79	36.920
553.99	36.571
554.20	36.528
554.40	37.021
554.61	36.775
554.81	36.936
555.02	37.077
555.23	37.052
555.43	36.655
555.64	37.256
555.84	36.631
556.05	36.103
556.25	36.776
556.46	36.463
556.66	36.164
556.87	35.888
557.07	37.084
557.28	36.709
557.48	36.086
557.69	36.607
557.90	36.646
558.10	36.574
558.31	36.631
558.51	36.765
558.72	36.100
558.92	36.395
559.13	36.051
559.33	36.028
559.54	36.416
559.74	36.300
559.95	36.247
560.15	35.838
560.36	36.127
560.56	36.110
560.77	35.913
560.97	36.518
561.18	35.915
561.38	35.865
561.59	35.921
561.79	35.963
562.00	35.920
562.20	36.086
562.41	36.094
562.61	35.768
562.82	36.108
563.02	35.736
563.23	36.090
563.43	35.968
563.64	35.742
563.84	35.561
564.05	35.796
564.25	35.723
564.46	35.957
564.66	35.799
564.87	35.608
565.07	35.508
565.28	35.542
565.48	35.654
565.68	35.854
565.89	35.961
566.09	35.637
566.30	35.652
566.50	35.875
566.71	35.617
566.91	35.509
567.12	35.896
567.32	35.288
567.53	35.298
567.73	35.251
567.94	35.496
568.14	35.734
568.34	35.418
568.55	35.752
568.75	35.730
568.96	35.749
569.16	35.312
569.37	35.485
569.57	35.804
569.78	35.136
569.98	35.648
570.18	35.587
570.39	35.782
570.59	35.419
570.80	35.283
571.00	35.056
571.21	34.854
571.41	35.277
571.61	35.627
571.82	35.313
572.02	35.151
572.23	35.176
572.43	35.160
572.64	35.015
572.84	35.541
573.04	34.918
573.25	35.017
573.45	34.803
573.66	35.057
573.86	35.476
574.06	35.176
574.27	35.236
574.47	35.027
574.68	35.055
574.88	35.238
575.08	35.093
575.29	35.345
575.49	35.202
575.70	34.903
575.90	34.852
576.10	35.209
576.31	34.890
576.51	34.736
576.72	35.045
576.92	34.813
577.12	35.105
577.33	34.749
577.53	34.525
577.73	34.901
577.94	34.865
578.14	34.713
578.35	34.931
578.55	34.728
578.75	34.810
578.96	34.806
579.16	34.904
579.36	34.881
579.57	34.994
579.77	34.972
579.98	34.777
580.18	34.708
580.38	35.511
580.59	34.743
580.79	34.759
580.99	35.028
581.20	34.780
581.40	34.648
581.60	34.988
581.81	34.398
582.01	34.784
582.21	34.928
582.42	34.487
582.62	34.527
582.82	34.814
583.03	34.529
583.23	34.566
583.43	34.725
583.64	34.342
583.84	34.707
584.04	34.706
584.25	34.570
584.45	34.659
584.65	34.489
584.86	34.645
585.06	35.028
585.26	34.610
585.47	34.844
585.67	34.376
585.87	34.483
586.08	34.963
586.28	34.404
586.48	34.490
586.69	34.680
586.89	34.730
587.09	34.516
587.30	34.355
587.50	34.075
587.70	34.465
587.90	34.676
588.11	34.673
588.31	34.077
588.51	34.214
588.72	34.660
588.92	34.695
589.12	34.300
589.33	34.208
589.53	34.771
589.73	34.628
589.93	34.578
590.14	34.472
590.34	34.661
590.54	34.680
590.75	34.597
590.95	34.298
591.15	34.408
591.35	33.800
591.56	34.125
591.76	34.091
591.96	34.619
592.16	34.195
592.37	34.399
592.57	34.548
592.77	34.252
592.97	34.446
593.18	34.096
593.38	33.900
593.58	34.124
593.79	33.971
593.99	34.012
594.19	33.891
594.39	34.105
594.60	33.780
594.80	33.920
595.00	34.349
595.20	33.888
595.41	33.913
595.61	34.006
595.81	33.745
596.01	33.959
596.21	34.225
596.42	33.801
596.62	34.055
596.82	34.330
597.02	34.043
597.23	34.246
597.43	33.996
597.63	34.107
597.83	34.082
598.04	33.811
598.24	34.056
598.44	33.959
598.64	34.145
598.84	33.849
599.05	33.759
599.25	33.908
599.45	34.108
599.65	34.301
599.85	34.226
600.06	33.897
600.26	33.962
600.46	33.967
600.66	33.578
600.87	33.813
601.07	33.885
601.27	33.881
601.47	33.826
601.67	33.813
601.87	33.745
602.08	33.531
602.28	33.605
602.48	33.868
602.68	34.097
602.88	33.408
603.09	33.320
603.29	33.964
603.49	33.753
603.69	33.615
603.89	33.480
604.10	33.764
604.30	33.831
604.50	33.778
604.70	33.617
604.90	33.277
605.10	33.781
605.31	33.854
605.51	33.563
605.71	33.700
605.91	33.585
606.11	33.505
606.31	33.621
606.52	33.795
606.72	33.436
606.92	33.548
607.12	33.524
607.32	33.523
607.52	33.387
607.72	33.240
607.93	33.571
608.13	33.654
608.33	33.814
608.53	33.673
608.73	33.370
608.93	34.041
609.13	33.957
609.34	33.655
609.54	33.334
609.74	33.764
609.94	33.492
610.14	33.603
610.34	33.594
610.54	33.896
610.74	33.763
610.95	33.448
611.15	33.475
611.35	33.480
611.55	33.058
611.75	33.579
611.95	33.405
612.15	33.769
612.35	33.517
612.56	33.140
612.76	33.673
612.96	33.568
613.16	33.445
613.36	33.545
613.56	33.296
613.76	33.028
613.96	33.578
614.16	33.543
614.36	33.509
614.57	33.610
614.77	33.507
614.97	33.480
615.17	33.362
615.37	33.537
615.57	33.571
615.77	33.632
615.97	33.628
616.17	33.788
616.37	33.174
616.57	33.610
616.78	33.594
616.98	33.464
617.18	33.318
617.38	33.216
617.58	32.973
617.78	33.589
617.98	33.096
618.18	33.223
618.38	33.344
618.58	33.661
618.78	33.490
618.98	33.370
619.18	33.124
619.38	33.392
619.58	33.479
619.79	33.269
619.99	33.555
620.19	33.131
620.39	33.156
620.59	33.113
620.79	32.981
620.99	33.251
621.19	33.334
621.39	33.333
621.59	33.072
621.79	33.034
621.99	33.211
622.19	33.432
622.39	33.270
622.59	33.160
622.79	33.211
622.99	33.163
623.19	33.105
623.39	32.904
623.59	33.393
623.79	33.043
623.99	33.108
624.19	33.153
624.39	33.162
624.59	33.467
624.79	33.320
624.99	33.186
625.19	33.210
625.39	33.177
625.59	32.916
625.79	33.315
625.99	33.025
626.19	33.430
626.39	33.096
626.59	33.216
626.79	33.151
626.99	32.993
627.19	33.037
627.39	33.006
627.59	33.288
627.79	33.406
627.99	33.086
628.19	33.131
628.39	32.968
628.59	33.097
628.79	32.954
628.99	33.289
629.19	33.172
629.39	33.283
629.59	32.887
629.79	32.841
629.99	33.222
630.19	33.050
630.39	33.218
630.59	33.090
630.79	32.691
630.99	32.800
631.19	32.950
631.39	32.845
631.59	32.653
631.79	32.994
631.99	33.314
632.19	33.225
632.39	33.124
632.59	32.839
632.79	33.288
632.99	32.835
633.19	33.172
633.39	33.031
633.58	33.012
633.78	32.911
633.98	33.140
634.18	32.949
634.38	32.742
634.58	33.093
634.78	32.879
634.98	33.021
635.18	32.949
635.38	32.849
635.58	33.295
635.78	32.789
635.98	33.065
636.18	33.203
636.38	33.114
636.57	33.142
636.77	33.353
636.97	33.381
637.17	32.945
637.37	33.100
637.57	33.157
637.77	32.980
637.97	33.099
638.17	32.914
638.37	32.931
638.57	32.768
638.76	32.838
638.96	32.757
639.16	32.783
639.36	32.788
639.56	32.907
639.76	33.089
639.96	32.807
640.16	32.841
640.36	32.945
640.56	32.967
640.75	32.833
640.95	32.973
641.15	33.035
641.35	32.923
641.55	33.264
641.75	32.963
641.95	32.930
642.15	33.016
642.34	33.273
642.54	33.180
642.74	32.701
642.94	32.871
643.14	32.607
643.34	32.601
643.54	32.663
643.74	32.562
643.93	33.032
644.13	32.848
644.33	33.037
644.53	32.784
644.73	32.877
644.93	32.906
645.13	32.821
645.32	32.577
645.52	32.566
645.72	32.797
645.92	32.670
646.12	32.781
646.32	32.858
646.52	33.273
646.71	32.829
646.91	32.940
647.11	32.984
647.31	32.519
647.51	32.895
647.71	32.858
647.90	33.062
648.10	32.969
648.30	32.993
648.50	32.904
648.70	33.249
648.89	33.051
649.09	32.897
649.29	33.086
649.49	32.950
649.69	32.670
649.89	32.891
650.08	32.737
650.28	32.962
650.48	33.050
650.68	32.779
650.88	32.929
651.07	32.843
651.27	32.971
651.47	32.874
651.67	32.714
651.87	33.044
652.06	33.192
652.26	33.101
652.46	32.828
652.66	32.472
652.86	32.944
653.05	32.829
653.25	33.002
653.45	32.833
653.65	32.749
653.85	32.837
654.04	32.899
654.24	32.885
654.44	32.675
654.64	32.725
654.83	32.649
655.03	32.908
655.23	32.789
655.43	32.742
655.63	32.948
655.82	32.733
656.02	32.854
656.22	32.891
656.42	32.724
656.61	32.835
656.81	32.738
657.01	32.693
657.21	32.702
657.40	32.778
657.60	32.692
657.80	32.734
658.00	32.804
658.19	32.925
658.39	32.932
658.59	32.649
658.79	32.669
658.98	33.048
659.18	32.478
659.38	32.717
659.58	32.609
659.77	32.612
659.97	32.664
660.17	32.908
660.36	32.964
660.56	32.736
660.76	32.589
660.96	33.079
661.15	32.822
661.35	32.890
661.55	32.936
661.75	33.106
661.94	32.770
662.14	32.790
662.34	32.889
662.53	32.860
662.73	32.808
662.93	32.895
663.13	32.895
663.32	32.841
663.52	32.833
663.72	32.642
663.91	32.841
664.11	32.734
664.31	32.693
664.50	32.849
664.70	32.763
664.90	32.663
665.10	32.940
665.29	32.821
665.49	32.739
665.69	32.650
665.88	32.405
666.08	32.458
666.28	32.565
666.47	32.643
666.67	32.473
666.87	32.786
667.06	32.676
667.26	32.496
667.46	32.628
667.65	32.628
667.85	32.741
668.05	32.469
668.24	32.583
668.44	32.933
668.64	32.798
668.83	32.766
669.03	32.754
669.23	32.759
669.42	32.835
669.62	32.901
669.82	32.909
670.01	32.552
670.21	32.760
670.41	32.639
670.60	32.503
670.80	32.749
671.00	32.510
671.19	32.943
671.39	32.574
671.58	32.799
671.78	32.791
671.98	32.480
672.17	32.630
672.37	32.724
672.57	32.586
672.76	32.689
672.96	32.727
673.15	32.537
673.35	32.559
673.55	32.505
673.74	32.580
673.94	32.600
674.14	32.655
674.33	32.731
674.53	32.444
674.72	32.981
674.92	32.680
675.12	32.943
675.31	32.376
675.51	32.637
675.70	32.797
675.90	32.828
676.10	32.813
676.29	32.699
676.49	32.827
676.68	32.787
676.88	32.950
677.08	32.568
677.27	32.680
677.47	32.548
677.66	32.801
677.86	33.130
678.06	33.060
678.25	32.694
678.45	32.671
678.64	32.990
678.84	32.749
679.03	32.803
679.23	32.485
679.43	32.477
679.62	32.772
679.82	32.854
680.01	32.541
680.21	32.721
680.40	32.751
680.60	32.759
680.80	32.796
680.99	32.407
681.19	32.502
681.38	32.689
681.58	32.581
681.77	32.703
681.97	32.417
682.16	32.675
682.36	32.366
682.56	32.496
682.75	32.688
682.95	32.499
683.14	32.291
683.34	32.628
683.53	32.739
683.73	32.789
683.92	32.822
684.12	32.593
684.31	32.673
684.51	32.811
684.70	32.748
684.90	32.526
685.10	32.541
685.29	32.320
685.49	32.581
685.68	32.821
685.88	32.794
686.07	33.053
686.27	32.685
686.46	32.884
686.66	32.753
686.85	32.803
687.05	32.912
687.24	32.645
687.44	32.860
687.63	32.825
687.83	32.656
688.02	32.521
688.22	32.904
688.41	32.856
688.61	32.726
688.80	32.555
689.00	32.765
689.19	32.797
689.39	32.621
689.58	32.627
689.78	32.761
689.97	32.670
690.17	32.551
690.36	32.776
690.56	32.553
690.75	32.625
690.95	32.617
691.14	32.485
691.34	33.012
691.53	32.813
691.72	32.904
691.92	32.663
692.11	32.540
692.31	32.694
692.50	32.602
692.70	32.657
692.89	32.753
693.09	32.839
693.28	32.672
693.48	32.547
693.67	32.736
693.87	32.621
694.06	32.883
694.25	32.593
694.45	32.671
694.64	32.797
694.84	32.585
695.03	32.584
695.23	32.525
695.42	32.633
695.62	32.598
695.81	32.758
696.00	32.759
696.20	32.693
696.39	32.649
696.59	32.904
696.78	32.711
696.98	32.697
697.17	32.964
697.36	32.683
697.56	32.931
697.75	32.879
697.95	33.043
698.14	33.003
698.34	33.144
698.53	32.824
698.72	32.553
698.92	32.817
699.11	32.535
699.31	33.002
699.50	32.971
699.69	32.807
699.89	32.821
700.08	32.900
700.28	32.705
700.47	32.831
700.66	32.595
700.86	32.805
701.05	32.461
701.25	32.719
701.44	32.747
701.63	32.630
701.83	32.504
702.02	32.460
702.21	32.614
702.41	32.517
702.60	32.651
702.80	32.528
702.99	32.747
703.18	32.622
703.38	32.562
703.57	32.845
703.77	32.631
703.96	32.367
704.15	32.523
704.35	32.708
704.54	32.709
704.73	32.639
704.93	32.626
705.12	32.703
705.31	32.762
705.51	32.849
705.70	32.905
705.89	32.802
706.09	33.170
706.28	32.761
706.48	32.879
706.67	32.418
706.86	32.715
707.06	32.487
707.25	32.554
707.44	32.605
707.64	32.711
707.83	32.982
708.02	32.839
708.22	32.805
708.41	32.662
708.60	32.717
708.80	32.750
708.99	32.847
709.18	32.678
709.38	32.672
709.57	33.030
709.76	32.870
709.95	32.989
710.15	32.620
710.34	32.699
710.53	32.614
710.73	32.535
710.92	32.661
711.11	32.815
711.31	32.904
711.50	32.910
711.69	33.159
711.89	33.033
712.08	32.783
712.27	32.837
712.46	32.825
712.66	32.667
712.85	32.623
713.04	32.656
713.24	32.904
713.43	32.760
713.62	32.699
713.81	33.061
714.01	32.930
714.20	32.775
714.39	32.798
714.59	32.696
714.78	32.521
714.97	32.588
715.16	32.644
715.36	32.829
715.55	33.117
715.74	33.055
715.93	32.984
716.13	32.816
716.32	32.820
716.51	32.886
716.71	32.615
716.90	33.022
717.09	32.790
717.28	32.812
717.48	32.919
717.67	32.877
717.86	33.077
718.05	33.040
718.25	32.938
718.44	33.096
718.63	33.072
718.82	32.820
719.02	32.928
719.21	33.069
719.40	33.066
719.59	33.161
719.78	32.892
719.98	32.987
720.17	32.935
720.36	33.194
720.55	33.135
720.75	33.006
720.94	33.095
721.13	32.900
721.32	33.071
721.51	33.089
721.71	33.122
721.90	32.839
722.09	33.049
722.28	33.009
722.48	32.826
722.67	33.010
722.86	32.840
723.05	32.822
723.24	33.184
723.44	32.741
723.63	33.134
723.82	33.114
724.01	33.211
724.20	33.031
724.40	32.906
724.59	33.116
724.78	32.865
724.97	33.018
725.16	32.683
725.35	32.664
725.55	33.036
725.74	33.038
725.93	32.826
726.12	32.567
726.31	32.852
726.51	32.504
726.70	32.765
726.89	32.835
727.08	33.091
727.27	32.873
727.46	33.244
727.66	32.947
727.85	32.998
728.04	32.848
728.23	32.981
728.42	33.228
728.61	33.005
728.81	33.041
729.00	33.008
729.19	32.977
729.38	33.176
729.57	32.806
729.76	33.196
729.95	32.947
730.15	33.103
730.34	33.188
730.53	32.974
730.72	33.271
730.91	33.105
731.10	33.075
731.29	33.010
731.49	33.087
731.68	33.127
731.87	33.185
732.06	33.185
732.25	33.080
732.44	33.117
732.63	33.031
732.82	33.124
733.02	32.997
733.21	32.916
733.40	33.186
733.59	32.960
733.78	33.002
733.97	32.814
734.16	32.712
734.35	33.035
734.54	32.851
734.74	32.943
734.93	32.770
735.12	32.800
735.31	32.899
735.50	32.990
735.69	33.185
735.88	33.127
736.07	32.985
736.26	33.091
736.45	33.157
736.64	33.168
736.84	32.968
737.03	33.172
737.22	33.140
737.41	32.988
737.60	33.336
737.79	33.228
737.98	33.103
738.17	33.042
738.36	32.792
738.55	32.955
738.74	33.031
738.93	33.156
739.12	33.051
739.32	33.008
739.51	33.025
739.70	32.986
739.89	33.075
740.08	33.125
740.27	33.181
740.46	33.117
740.65	32.873
740.84	32.981
741.03	33.079
741.22	33.138
741.41	33.201
741.60	32.822
741.79	32.761
741.98	32.915
742.17	33.020
742.36	33.085
742.55	33.310
742.74	33.309
742.93	33.467
743.12	33.150
743.31	33.267
743.51	33.194
743.70	33.181
743.89	33.163
744.08	33.066
744.27	33.078
744.46	33.040
744.65	33.067
744.84	32.829
745.03	32.882
745.22	33.073
745.41	32.912
745.60	33.062
745.79	33.039
745.98	33.250
746.17	33.212
746.36	33.413
746.55	33.103
746.74	33.262
746.93	32.982
747.12	32.856
747.31	32.792
747.50	32.981
747.69	33.013
747.88	33.242
748.07	33.051
748.26	33.076
748.45	32.945
748.64	33.294
748.83	33.243
749.02	33.206
749.21	33.156
749.40	33.519
749.59	33.192
749.77	33.403
749.96	33.205
750.15	33.360
750.34	33.313
750.53	33.297
750.72	33.046
750.91	33.402
751.10	33.157
751.29	33.182
751.48	33.475
751.67	33.349
751.86	33.297
752.05	33.301
752.24	33.415
752.43	33.217
752.62	33.336
752.81	33.147
753.00	33.434
753.19	33.524
753.38	33.404
753.57	33.086
753.76	33.016
753.94	33.135
754.13	33.279
754.32	33.329
754.51	33.422
754.70	33.367
754.89	33.028
755.08	33.423
755.27	33.407
755.46	33.235
755.65	33.191
755.84	33.538
756.03	33.401
756.22	33.356
756.40	33.147
756.59	33.468
756.78	33.162
756.97	33.196
757.16	33.116
757.35	33.329
757.54	33.275
757.73	33.371
757.92	33.540
758.11	33.387
758.29	33.596
758.48	33.413
758.67	33.482
758.86	33.429
759.05	33.227
759.24	33.459
759.43	33.461
759.62	33.309
759.81	33.176
759.99	33.080
760.18	33.248
760.37	33.234
760.56	33.271
760.75	33.275
760.94	33.564
761.13	33.064
761.32	33.190
761.50	33.369
761.69	33.491
761.88	33.252
762.07	33.391
762.26	33.472
762.45	33.249
762.64	33.066
762.82	33.116
763.01	33.153
763.20	33.113
763.39	33.233
763.58	33.001
763.77	33.262
763.96	33.328
764.14	33.276
764.33	33.030
764.52	33.028
764.71	33.313
764.90	33.235
765.09	33.560
765.27	33.424
765.46	33.240
765.65	33.350
765.84	33.025
766.03	33.353
766.22	33.331
766.40	33.387
766.59	33.391
766.78	33.240
766.97	33.379
767.16	33.529
767.35	33.257
767.53	33.300
767.72	33.435
767.91	33.593
768.10	33.424
768.29	33.319
768.47	33.355
768.66	33.180
768.85	33.257
769.04	33.350
769.23	33.708
769.41	33.453
769.60	33.405
769.79	33.352
769.98	33.309
770.17	33.690
770.35	33.317
770.54	33.227
770.73	33.321
770.92	33.294
771.10	33.119
771.29	33.050
771.48	33.195
771.67	33.018
771.86	33.446
772.04	33.516
772.23	33.498
772.42	33.623
772.61	33.721
772.79	33.799
772.98	33.548
773.17	33.247
773.36	33.105
773.54	33.311
773.73	33.308
773.92	33.393
774.11	33.539
774.30	33.688
774.48	33.504
774.67	33.566
774.86	33.534
775.05	33.517
775.23	33.444
775.42	33.437
775.61	33.381
775.79	33.222
775.98	33.496
776.17	33.168
776.36	33.268
776.54	33.321
776.73	33.398
776.92	33.561
777.11	33.590
777.29	33.460
777.48	33.310
777.67	33.617
777.85	33.735
778.04	33.648
778.23	33.207
778.42	33.581
778.60	33.416
778.79	33.175
778.98	33.413
779.16	33.386
779.35	33.359
779.54	33.256
779.73	33.513
779.91	33.518
780.10	33.253
780.29	33.473
780.47	33.646
780.66	33.646
780.85	33.784
781.03	33.514
781.22	33.589
781.41	33.532
781.60	33.721
781.78	33.468
781.97	33.539
782.16	33.447
782.34	33.551
782.53	33.550
782.72	33.659
782.90	33.526
783.09	33.578
783.28	33.553
783.46	33.670
783.65	33.374
783.84	33.701
784.02	33.484
784.21	33.400
784.40	33.850
784.58	33.772
784.77	33.812
784.96	34.112
785.14	33.861
785.33	33.637
785.52	33.362
785.70	33.258
785.89	33.809
786.08	33.705
786.26	33.820
786.45	33.743
786.63	33.700
786.82	33.461
787.01	33.673
787.19	33.484
787.38	33.377
787.57	33.379
787.75	33.490
787.94	33.470
788.13	33.603
788.31	33.794
788.50	33.719
788.68	33.405
788.87	33.661
789.06	33.514
789.24	33.449
789.43	33.367
789.61	33.357
789.80	33.694
789.99	33.639
790.17	33.489
790.36	33.550
790.55	33.494
790.73	33.494
790.92	33.576
791.10	33.736
791.29	33.775
791.48	33.756
791.66	33.663
791.85	33.696
792.03	33.615
792.22	33.628
792.40	33.585
792.59	33.420
792.78	33.369
792.96	33.579
793.15	33.383
793.33	33.442
793.52	33.545
793.71	33.515
793.89	33.904
794.08	33.585
794.26	33.853
794.45	33.711
794.63	33.766
794.82	33.736
795.01	33.649
795.19	33.676
795.38	33.654
795.56	33.630
795.75	33.818
795.93	33.816
796.12	33.441
796.30	33.610
796.49	33.538
796.68	33.472
796.86	33.496
797.05	33.808
797.23	33.571
797.42	33.922
797.60	33.883
797.79	33.633
797.97	33.814
798.16	33.876
798.34	33.396
798.53	33.569
798.71	34.094
798.90	33.885
799.08	34.082
799.27	33.884
799.46	33.803
799.64	33.920
799.83	33.846
800.01	33.802
800.20	33.877
800.38	33.763
800.57	33.418
800.75	33.339
800.94	33.295
801.12	33.398
801.31	33.857
801.49	33.549
801.68	33.562
801.86	33.711
802.05	33.771
802.23	33.552
802.42	33.664
802.60	33.758
802.79	33.572
802.97	33.529
803.16	33.929
803.34	33.702
803.53	33.714
803.71	33.550
803.90	33.799
804.08	33.589
804.27	33.594
804.45	33.439
804.63	33.681
804.82	33.638
805.00	33.602
805.19	33.938
805.37	33.465
805.56	33.903
805.74	33.746
805.93	33.456
806.11	33.454
806.30	33.849
806.48	33.630
806.67	33.751
806.85	33.905
807.04	33.790
807.22	33.660
807.40	33.603
807.59	33.689
807.77	33.920
807.96	33.788
808.14	33.897
808.33	33.746
808.51	33.628
808.69	33.757
808.88	33.326
809.06	33.813
809.25	33.817
809.43	34.068
809.62	33.731
809.80	33.775
809.99	33.734
810.17	34.118
810.35	33.978
810.54	33.954
810.72	34.126
810.91	34.215
811.09	34.172
811.27	34.017
811.46	33.779
811.64	33.755
811.83	34.062
812.01	33.763
812.19	33.984
812.38	34.150
812.56	33.868
812.75	33.461
812.93	33.731
813.11	33.646
813.30	33.808
813.48	33.720
813.67	33.880
813.85	33.949
814.03	33.918
814.22	33.892
814.40	33.804
814.59	33.521
814.77	33.562
814.95	33.186
815.14	33.548
815.32	33.761
815.50	33.292
815.69	33.503
815.87	33.440
816.06	33.551
816.24	33.794
816.42	33.597
816.61	33.744
816.79	33.420
816.97	33.852
817.16	33.787
817.34	33.991
817.52	34.053
817.71	33.999
817.89	33.963
818.07	33.921
818.26	33.921
818.44	33.794
818.63	34.253
818.81	34.169
818.99	33.867
819.18	33.825
819.36	34.028
819.54	33.733
819.73	33.773
819.91	34.055
820.09	34.027
820.28	33.967
820.46	33.831
820.64	33.680
820.83	33.808
821.01	33.548
821.19	33.914
821.37	34.091
821.56	33.769
821.74	33.916
821.92	33.639
822.11	33.711
822.29	33.956
822.47	33.847
822.66	33.849
822.84	33.956
823.02	34.145
823.21	34.201
823.39	34.204
823.57	34.092
823.75	34.391
823.94	34.111
824.12	34.248
824.30	34.195
824.49	34.079
824.67	33.869
824.85	33.631
825.03	33.746
825.22	33.585
825.40	33.684
825.58	33.885
825.77	33.656
825.95	33.732
826.13	33.725
826.31	34.044
826.50	33.959
826.68	33.943
826.86	34.180
827.04	34.109
827.23	34.092
827.41	34.086
827.59	33.926
827.78	33.971
827.96	33.887
828.14	34.245
828.32	33.939
828.51	33.887
828.69	33.707
828.87	33.926
829.05	33.761
829.23	33.872
829.42	33.785
829.60	33.919
829.78	34.350
829.96	34.144
830.15	34.167
830.33	34.126
830.51	34.322
830.69	34.166
830.88	33.627
831.06	33.712
831.24	34.005
831.42	33.908
831.60	33.798
831.79	33.789
831.97	33.857
832.15	33.610
832.33	33.705
832.52	33.716
832.70	33.587
832.88	33.411
833.06	33.723
833.24	33.702
833.43	33.753
833.61	33.850
833.79	33.739
833.97	33.727
834.15	34.025
834.34	33.891
834.52	34.123
834.70	34.174
834.88	34.118
835.06	33.978
835.25	34.105
835.43	33.991
835.61	34.003
835.79	34.342
835.97	34.068
836.15	34.188
836.34	34.274
836.52	34.127
836.70	34.458
836.88	34.552
837.06	34.215
837.24	34.195
837.43	34.290
837.61	34.283
837.79	34.359
837.97	34.018
838.15	34.311
838.33	34.356
838.52	34.486
838.70	34.337
838.88	34.562
839.06	34.478
839.24	34.609
839.42	34.205
839.60	34.008
839.79	34.004
839.97	33.927
840.15	33.727
840.33	33.759
840.51	34.142
840.69	34.074
840.87	33.763
841.06	33.770
841.24	33.774
841.42	34.121
841.60	33.785
841.78	34.005
841.96	33.827
842.14	33.513
842.32	33.850
842.51	33.910
842.69	33.850
842.87	34.246
843.05	34.196
843.23	33.884
843.41	33.819
843.59	33.889
843.77	33.708
843.95	34.070
844.14	33.965
844.32	33.904
844.50	33.720
844.68	33.652
844.86	33.890
845.04	33.872
845.22	34.011
845.40	34.055
845.58	33.856
845.76	34.087
845.94	34.087
846.12	33.790
846.31	33.885
846.49	33.906
846.67	33.374
846.85	33.935
847.03	34.001
847.21	33.856
847.39	33.795
847.57	33.949
847.75	33.990
847.93	33.740
848.11	33.880
848.29	33.663
848.47	33.749
848.65	33.883
848.83	34.195
849.02	34.045
849.20	34.318
849.38	33.846
849.56	34.090
849.74	33.710
849.92	33.986
850.10	33.689
850.28	34.269
850.46	34.008
850.64	33.965
850.82	33.836
851.00	33.866
851.18	34.045
851.36	33.632
851.54	34.017
851.72	33.630
851.90	34.102
852.08	33.900
852.26	34.099
852.44	34.271
852.62	34.130
852.80	34.379
852.98	34.469
853.16	34.248
853.34	34.321
853.52	33.979
853.70	34.090
853.88	34.092
854.06	34.260
854.24	34.239
854.42	34.144
854.60	34.263
854.78	34.327
854.96	34.316
855.14	34.078
855.32	34.315
855.50	34.190
855.68	34.292
855.86	34.022
856.04	34.063
856.22	33.986
856.40	33.798
856.58	34.071
856.76	33.884
856.94	34.116
857.12	34.034
857.30	34.171
857.48	34.187
857.66	34.050
857.84	34.284
858.02	34.241
858.20	33.861
858.38	33.936
858.56	34.027
858.74	34.121
858.92	33.841
859.10	34.074
859.28	33.976
859.46	34.120
859.64	33.783
859.81	34.287
859.99	34.471
860.17	34.156
860.35	34.216
860.53	33.761
860.71	33.729
860.89	33.810
861.07	33.783
861.25	33.764
861.43	34.130
861.61	33.951
861.79	33.875
861.97	34.373
862.15	33.989
862.33	34.248
862.50	33.883
862.68	34.315
862.86	34.221
863.04	33.991
863.22	33.935
863.40	34.449
863.58	34.437
863.76	33.693
863.94	34.192
864.12	34.205
864.30	34.415
864.47	34.249
864.65	34.253
864.83	34.079
865.01	34.395
865.19	34.082
865.37	33.985
865.55	33.794
865.73	34.101
865.91	34.081
866.09	34.039
866.26	34.100
866.44	33.943
866.62	34.144
866.80	33.711
866.98	34.197
867.16	33.809
867.34	33.924
867.52	33.640
867.69	34.047
867.87	34.199
868.05	34.017
868.23	34.062
868.41	33.846
868.59	34.283
868.77	34.381
868.94	34.189
869.12	33.943
869.30	34.042
869.48	34.120
869.66	33.839
869.84	33.904
870.02	33.740
870.19	33.940
870.37	33.585
870.55	34.229
870.73	34.301
870.91	33.777
871.09	34.422
871.26	34.197
871.44	33.933
871.62	34.382
871.80	34.546
871.98	34.363
872.16	33.899
872.33	34.262
872.51	34.247
872.69	33.859
872.87	33.700
873.05	33.764
873.22	33.502
873.40	33.851
873.58	33.856
873.76	33.952
873.94	34.125
874.12	34.369
874.29	34.113
874.47	34.256
874.65	34.084
874.83	33.924
875.01	33.879
875.18	34.142
875.36	34.365
875.54	34.118
875.72	34.173
875.89	33.996
876.07	34.069
876.25	33.990
876.43	34.143
876.61	33.953
876.78	34.040
876.96	33.986
877.14	34.050
877.32	33.697
877.49	33.923
877.67	33.985
877.85	33.862
878.03	33.961
878.21	34.146
878.38	34.308
878.56	34.210
878.74	34.307
878.92	34.191
879.09	34.057
879.27	34.310
879.45	33.974
879.63	33.707
879.80	34.075
879.98	34.054
880.16	33.486
880.34	34.121
880.51	34.063
880.69	34.302
880.87	33.971
881.05	33.881
881.22	33.931
881.40	33.605
881.58	34.037
881.75	34.117
881.93	34.336
882.11	34.240
882.29	33.654
882.46	33.812
882.64	33.940
882.82	33.892
883.00	34.207
883.17	33.990
883.35	33.925
883.53	33.887
883.70	33.876
883.88	34.241
884.06	34.029
884.23	34.059
884.41	34.053
884.59	34.403
884.77	34.403
884.94	34.005
885.12	34.191
885.30	33.818
885.47	34.260
885.65	34.333
885.83	34.218
886.00	34.571
886.18	34.179
886.36	34.383
886.53	34.214
886.71	33.949
886.89	34.011
887.07	34.040
887.24	34.111
887.42	34.354
887.60	34.227
887.77	34.529
887.95	34.331
888.13	34.369
888.30	34.142
888.48	34.440
888.66	34.196
888.83	34.044
889.01	34.007
889.18	34.152
889.36	34.224
889.54	34.172
889.71	34.119
889.89	33.820
890.07	33.761
890.24	33.778
890.42	33.535
890.60	33.600
890.77	33.981
890.95	33.753
891.13	33.498
891.30	33.953
891.48	33.619
891.65	33.930
891.83	34.196
892.01	33.737
892.18	33.844
892.36	33.594
892.54	34.071
892.71	33.820
892.89	33.851
893.06	34.334
893.24	33.751
893.42	34.231
893.59	33.332
893.77	33.693
893.94	33.697
894.12	33.327
894.30	33.729
894.47	33.486
894.65	33.545
894.82	33.523
895.00	33.176
895.18	33.466
895.35	33.398
895.53	33.047
895.70	33.332
895.88	33.203
896.06	33.502
896.23	33.410
896.41	33.780
896.58	33.464
896.76	33.624
896.93	33.949
897.11	33.946
897.29	34.128
897.46	33.799
897.64	33.925
897.81	34.058
897.99	33.821
898.16	33.920
898.34	33.803
898.52	33.696
898.69	33.652
898.87	33.649
899.04	33.886
899.22	34.194
899.39	34.014
899.57	33.770
899.74	33.722
899.92	33.904
900.10	33.405
900.27	33.847
900.45	34.051
900.62	34.008
900.80	33.688
900.97	34.084
901.15	34.211
901.32	34.150
901.50	33.974
901.67	34.115
901.85	33.946
902.02	34.077
902.20	33.766
902.37	33.929
902.55	33.775
902.72	33.852
902.90	33.712
903.07	33.930
903.25	34.292
903.43	33.817
903.60	33.867
903.78	34.214
903.95	33.885
904.13	33.995
904.30	34.323
904.48	34.096
904.65	34.049
904.83	34.080
905.00	33.626
905.17	33.488
905.35	33.453
905.52	33.968
905.70	33.542
905.87	34.035
906.05	34.269
906.22	33.813
906.40	34.228
906.57	34.014
906.75	33.637
906.92	33.914
907.10	33.771
907.27	33.704
907.45	33.976
907.62	33.559
907.80	33.624
907.97	33.457
908.15	33.501
908.32	33.706
908.49	33.762
908.67	34.227
908.84	34.075
909.02	34.277
909.19	33.935
909.37	33.958
909.54	33.625
909.72	34.043
909.89	33.885
910.07	34.040
910.24	33.781
910.41	33.915
910.59	33.591
910.76	33.635
910.94	33.527
911.11	33.650
911.29	33.944
911.46	33.819
911.63	33.994
911.81	33.958
911.98	33.931
912.16	34.106
912.33	34.203
912.50	33.922
912.68	34.363
912.85	34.058
913.03	34.008
913.20	34.088
913.38	34.200
913.55	34.767
913.72	34.334
913.90	34.482
914.07	33.758
914.25	34.180
914.42	34.238
914.59	34.507
914.77	34.916
914.94	34.825
915.11	34.752
915.29	34.307
915.46	34.420
915.64	34.431
915.81	34.459
915.98	34.242
916.16	34.032
916.33	34.382
916.51	34.183
916.68	33.988
916.85	33.951
917.03	34.169
917.20	34.267
917.37	34.461
917.55	34.136
917.72	33.792
917.89	34.083
918.07	33.918
918.24	34.012
918.42	34.072
918.59	34.348
918.76	34.324
918.94	34.610
919.11	34.107
919.28	34.473
919.46	34.271
919.63	34.626
919.80	34.543
919.98	34.833
920.15	34.309
920.32	34.392
920.50	34.516
920.67	34.049
920.84	34.191
921.02	34.228
921.19	33.891
921.36	34.109
921.54	34.498
921.71	34.157
921.88	34.511
922.06	34.794
922.23	34.474
922.40	34.801
922.57	34.929
922.75	34.844
922.92	34.965
923.09	34.186
923.27	34.372
923.44	34.342
923.61	34.585
923.79	34.951
923.96	34.860
924.13	34.483
924.30	34.519
924.48	34.601
924.65	34.483
924.82	33.986
925.00	34.558
925.17	34.841
925.34	34.774
925.51	34.506
925.69	34.502
925.86	34.465
926.03	34.190
926.21	34.601
926.38	34.625
926.55	34.540
926.72	34.782
926.90	35.016
927.07	34.444
927.24	34.362
927.41	34.520
927.59	34.748
927.76	34.207
927.93	34.333
928.10	34.358
928.28	34.392
928.45	34.107
928.62	34.137
928.79	34.360
928.97	34.656
929.14	34.944
929.31	34.794
929.48	34.798
929.66	35.299
929.83	34.554
930.00	35.278
930.17	34.950
930.34	34.805
930.52	34.815
930.69	34.812
930.86	34.667
931.03	35.114
931.21	34.746
931.38	34.374
931.55	34.956
931.72	35.062
931.89	34.756
932.07	34.923
932.24	34.901
932.41	34.733
932.58	35.394
932.75	34.909
932.93	35.130
933.10	35.265
933.27	35.189
933.44	35.102
933.61	35.214
933.79	35.581
933.96	35.806
934.13	35.284
934.30	34.800
934.47	36.238
934.65	35.347
934.82	35.270
934.99	35.479
935.16	36.127
935.33	35.537
935.50	35.373
935.68	35.334
935.85	35.804
936.02	36.318
936.19	36.032
936.36	35.884
936.53	35.983
936.71	36.424
936.88	35.838
937.05	36.783
937.22	36.081
937.39	36.129
937.56	36.804
937.74	36.868
937.91	36.834
938.08	36.208
938.25	36.636
938.42	36.418
938.59	36.923
938.76	36.307
938.94	36.829
939.11	37.000
939.28	36.946
939.45	36.391
939.62	37.753
939.79	37.353
939.96	36.833
940.13	37.328
940.31	36.885
940.48	36.082
940.65	36.782
940.82	36.436
940.99	36.518
941.16	36.766
941.33	36.586
941.50	36.384
941.67	37.431
941.85	37.870
942.02	38.074
942.19	37.639
942.36	38.168
942.53	38.102
942.70	38.348
942.87	37.791
943.04	38.357
943.21	37.779
943.38	38.003
943.56	39.298
943.73	38.261
943.90	38.364
944.07	37.994
944.24	38.170
944.41	37.713
944.58	37.607
944.75	38.762
944.92	38.032
945.09	37.969
945.26	37.750
945.43	37.376
945.60	37.607
945.78	38.246
945.95	38.165
946.12	37.576
946.29	38.424
946.46	38.161
946.63	38.320
946.80	38.001
946.97	39.211
947.14	37.698
947.31	37.975
947.48	37.741
947.65	38.005
947.82	37.989
947.99	38.514
948.16	38.778
948.33	38.368
948.50	38.556
948.67	38.516
948.84	38.604
949.01	38.208
949.18	38.079
949.35	38.873
949.52	37.853
949.69	37.846
949.86	38.312
950.03	37.919
950.20	38.140
950.38	38.580
950.55	37.811
950.72	38.419
950.89	37.516
951.06	38.063
951.23	37.821
951.40	37.790
951.57	37.863
951.74	38.671
951.91	38.691
952.08	38.017
952.25	37.955
952.42	38.826
952.59	38.037
952.76	38.390
952.92	38.362
953.09	38.149
953.26	38.299
953.43	38.067
953.60	38.387
953.77	37.993
953.94	38.206
954.11	38.247
954.28	38.116
954.45	38.485
954.62	37.932
954.79	38.155
954.96	38.711
955.13	38.733
955.30	37.937
955.47	37.814
955.64	38.323
955.81	38.510
955.98	38.531
956.15	39.407
956.32	38.979
956.49	38.669
956.66	38.775
956.83	39.302
957.00	38.400
957.17	38.623
957.33	39.823
957.50	39.973
957.67	40.225
957.84	39.721
958.01	40.116
958.18	38.683
958.35	39.503
958.52	38.328
958.69	39.104
958.86	38.323
959.03	39.105
959.20	38.769
959.37	38.778
959.53	39.501
959.70	39.125
959.87	38.810
960.04	38.835
960.21	39.067
960.38	39.420
960.55	39.727
960.72	39.636
960.89	39.063
961.06	39.733
961.23	39.703
961.39	39.573
961.56	39.436
961.73	38.779
961.90	39.351
962.07	39.631
962.24	38.534
962.41	39.974
962.58	39.376
962.75	39.299
962.91	38.661
963.08	39.273
963.25	38.307
963.42	38.795
963.59	38.303
963.76	38.716
963.93	37.965
964.09	39.369
964.26	39.319
964.43	40.199
964.60	39.424
964.77	40.287
964.94	39.844
965.11	40.583
965.27	39.356
965.44	40.446
965.61	39.499
965.78	41.177
965.95	40.989
966.12	40.249
966.29	40.801
966.45	40.301
966.62	39.852
966.79	40.873
966.96	40.397
967.13	40.603
967.30	40.644
967.46	40.274
967.63	40.344
967.80	40.462
967.97	40.521
968.14	39.918
968.30	40.197
968.47	40.529
968.64	42.697
968.81	41.493
968.98	40.843
969.15	41.624
969.31	41.944
969.48	41.645
969.65	42.900
969.82	41.071
969.99	40.894
970.15	41.147
970.32	42.405
970.49	42.348
970.66	41.357
970.82	40.443
970.99	41.463
971.16	41.590
971.33	40.949
971.50	41.137
971.66	41.329
971.83	43.282
972.00	42.000
972.17	41.184
972.34	41.842
972.50	41.727
972.67	41.909
972.84	42.058
973.01	41.458
973.17	41.618
973.34	42.848
973.51	41.593
973.68	42.530
973.84	42.741
974.01	42.518
974.18	42.208
974.35	41.659
974.51	42.084
974.68	43.234
974.85	42.975
975.02	41.999
975.18	42.001
975.35	42.483
975.52	41.272
975.69	43.754
975.85	43.292
976.02	43.401
976.19	44.045
976.36	44.510
976.52	42.732
976.69	43.435
976.86	45.977
977.02	44.865
977.19	43.986
977.36	44.633
977.53	44.294
977.69	44.264
977.86	44.426
978.03	44.621
978.19	43.947
978.36	45.600
978.53	46.301
978.70	43.929
978.86	44.892
979.03	44.101
979.20	45.203
979.36	44.657
979.53	45.316
979.70	43.991
979.86	45.417
980.03	43.754
980.20	46.127
980.36	44.679
980.53	45.133
980.70	45.978
980.86	47.129
981.03	47.222
981.20	44.846
981.36	45.742
981.53	44.988
981.70	46.200
981.86	47.338
982.03	45.827
982.20	47.177
982.36	45.580
982.53	47.315
982.70	47.854
982.86	47.173
983.03	46.496
983.20	46.711
983.36	45.259
983.53	48.372
983.70	48.517
983.86	47.324
984.03	46.942
984.20	46.680
984.36	47.454
984.53	46.799
984.70	48.333
984.86	47.103
985.03	47.253
985.19	48.823
985.36	47.854
985.53	48.384
985.69	48.733
985.86	48.608
986.03	48.919
986.19	49.869
986.36	49.581
986.52	49.324
986.69	48.983
986.86	48.057
987.02	49.448
987.19	48.294
987.35	50.835
987.52	50.514
987.69	51.012
987.85	51.529
988.02	49.287
988.18	49.994
988.35	52.836
988.52	49.549
988.68	50.723
988.85	52.350
989.01	52.705
989.18	51.589
989.35	49.790
989.51	51.882
989.68	52.224
989.84	53.399
990.01	51.442
990.17	54.037
990.34	52.273
990.51	52.903
990.67	52.801
990.84	53.808
991.00	52.309
991.17	51.856
991.33	55.854
991.50	54.222
991.66	53.606
991.83	53.398
992.00	53.460
992.16	55.260
992.33	56.429
992.49	53.808
992.66	57.371
992.82	54.640
992.99	58.780
993.15	57.344
993.32	57.318
993.48	56.563
993.65	55.009
993.82	56.480
993.98	56.649
994.15	55.520
994.31	56.408
994.48	58.308
994.64	57.054
994.81	57.814
994.97	56.723
995.14	59.527
995.30	60.663
995.47	55.735
995.63	56.695
995.80	59.846
995.96	61.359
996.13	57.211
996.29	61.242
996.46	59.265
996.62	60.412
996.79	60.247
996.95	62.248
997.12	64.828
997.28	63.086
997.45	62.113
997.61	62.948
997.78	63.266
997.94	64.476
998.11	64.981
998.27	63.042
998.44	63.438
998.60	61.552
998.77	69.685
998.93	71.127
999.10	69.505
999.26	70.239
999.43	70.364
999.59	66.524
999.75	69.663
999.92	72.086
1000.08	70.005
1000.25	69.614
1000.41	72.319
1000.58	70.573
1000.74	68.614
1000.91	69.313
1001.07	73.414
1001.24	73.814
1001.40	74.467
1001.56	71.877
1001.73	71.619
1001.89	76.184
1002.06	73.487
1002.22	75.493
1002.39	78.856
1002.55	80.107
1002.71	76.653
1002.88	76.069
1003.04	87.006
1003.21	80.284
1003.37	86.822
1003.54	86.689
1003.70	89.950
1003.86	87.533
1004.03	84.902
1004.19	88.540
1004.36	93.713
1004.52	85.169
1004.68	92.318
1004.85	89.004
1005.01	91.944
1005.18	93.746
1005.34	89.167
1005.50	89.434
1005.67	96.001
1005.83	95.919
1006.00	98.459
1006.16	99.871
1006.32	98.738
1006.49	94.099
1006.65	105.163
1006.82	100.559
1006.98	107.796
1007.14	106.416
1007.31	124.064
1007.47	114.152
1007.63	111.632
1007.80	106.541
1007.96	119.751
1008.13	112.946
1008.29	137.040
1008.45	116.363
1008.62	138.328
1008.78	119.366
1008.94	139.224
1009.11	135.578
1009.27	146.091
1009.43	145.781
1009.60	148.348
1009.76	154.716
1009.92	160.715
1010.09	155.820
1010.25	185.259
1010.42	159.506
1010.58	177.214
1010.74	170.092
1010.91	190.791
1011.07	198.067
1011.23	202.202
1011.40	201.780
1011.56	165.628
1011.72	246.421
1011.89	212.962
1012.05	255.416
1012.21	223.260
1012.37	270.781
1012.54	232.074
1012.70	298.494
1012.86	269.673
1013.03	371.361
1013.19	372.833
1013.35	370.702
1013.52	353.568
1013.68	336.923
1013.84	407.732
1014.01	504.302
1014.17	755.912
1014.33	505.218
1014.49	481.979
1014.66	847.919
1014.82	872.804
1014.98	558.498
1015.15	-20196.305
1015.31	2548.172
1015.47	3349.474
1015.63	13976.762
1015.80	-2303.910
1015.96	-4564.349
1016.12	-935.586
1016.29	-441.995
1016.45	-861.014
1016.61	-623.634
1016.77	-378.397
1016.94	-428.192
1017.10	-606.732
1017.26	-336.315
1017.42	-399.169
1017.59	-305.689
1017.75	-410.848
1017.91	-263.617
1018.07	-194.006
1018.24	-219.831
1018.40	-192.901
1018.56	-174.996
1018.72	-168.460
1018.89	-173.008
1019.05	-185.743
1019.21	-148.875
1019.37	-130.727
1019.54	-175.970
1019.70	-129.189
1019.86	-108.550
1020.02	-138.051
1020.19	-130.391
1020.35	-132.749
1020.51	-124.218
1020.67	-107.933
1020.83	-107.837
1021.00	-108.447
1021.16	-95.805
1021.32	-109.554
1021.48	-97.844
1021.64	-77.644
1021.81	-102.576
1021.97	-89.661
1022.13	-84.107
1022.29	-89.741
1022.45	-86.105
1022.62	-84.896
1022.78	-88.564
1022.94	-75.303
1023.10	-81.134
1023.26	-72.851
1023.43	-64.650
1023.59	-57.721
1023.75	-67.787
1023.91	-75.926
1024.07	-74.913
1024.24	-70.616
1024.40	-57.668
1024.56	-69.427
1024.72	-61.881
1024.88	-59.722
1025.04	-52.991
1025.21	-55.150
1025.37	-60.514
1025.53	-55.490
1025.69	-50.954
1025.85	-53.671
1026.01	-55.080
1026.18	-46.318
1026.34	-42.886
1026.50	-51.545
1026.66	-52.013
1026.82	-47.806
1026.98	-45.597
1027.14	-45.550
1027.31	-43.935
1027.47	-36.693
1027.63	-36.956
1027.79	-45.469
1027.95	-39.677
1028.11	-38.954
1028.27	-31.949
1028.44	-38.163
1028.60	-33.465
1028.76	-41.398
1028.92	-38.505
1029.08	-36.928
1029.24	-29.555
1029.40	-37.813
1029.56	-32.117
1029.73	-32.608
1029.89	-30.381
1030.05	-37.614
1030.21	-33.473
1030.37	-31.178
1030.53	-30.802
1030.69	-30.102
1030.85	-31.870
1031.01	-31.036
1031.17	-28.872
1031.34	-30.148
1031.50	-27.141
1031.66	-31.381
1031.82	-30.927
1031.98	-26.911
1032.14	-26.652
1032.30	-24.171
1032.46	-25.597
1032.62	-25.017
1032.78	-25.368
1032.94	-21.583
1033.10	-27.338
1033.27	-19.994
1033.43	-25.193
1033.59	-22.007
1033.75	-20.255
1033.91	-20.353
1034.07	-24.276
1034.23	-18.888
1034.39	-16.335
1034.55	-25.095
1034.71	-21.401
1034.87	-21.151
1035.03	-19.149
1035.19	-23.452
1035.35	-19.982
1035.51	-15.128
1035.67	-18.716
1035.83	-19.330
1035.99	-20.067
1036.16	-20.191
1036.32	-15.012
1036.48	-15.552
1036.64	-18.683
1036.80	-20.134
1036.96	-22.013
1037.12	-18.104
1037.28	-14.254
1037.44	-18.640
1037.60	-16.746
1037.76	-15.600
1037.92	-14.078
1038.08	-12.744
1038.24	-16.573
1038.40	-15.597
1038.56	-14.574
1038.72	-12.279
1038.88	-16.806
1039.04	-17.884
1039.20	-14.282
1039.36	-13.833
1039.52	-12.933
1039.68	-11.995
1039.84	-15.011
1040.00	-14.584
1040.16	-12.284
1040.32	-12.857
1040.48	-12.215
1040.64	-9.960
1040.80	-12.970
1040.96	-15.699
1041.12	-8.184
1041.28	-11.239
1041.44	-9.549
1041.60	-6.860
1041.76	-13.783
1041.92	-12.871
1042.08	-10.521
1042.24	-9.724
1042.39	-15.274
1042.55	-12.848
1042.71	-7.802
1042.87	-12.318
1043.03	-13.116
1043.19	-8.900
