345.44	-0.429
345.66	-0.429
345.88	-0.429
346.10	-4.893
346.31	-2.541
346.53	-3.186
346.75	1.236
346.97	2.206
347.19	-3.240
347.41	-4.620
347.63	-3.963
347.85	-7.174
348.07	-4.790
348.29	-0.299
348.51	0.739
348.73	-5.547
348.95	-11.616
349.17	-2.726
349.39	-4.687
349.61	1.744
349.83	-4.438
350.05	-1.473
350.27	-2.000
350.49	-6.147
350.71	-7.450
350.93	-0.316
351.15	-4.665
351.37	-11.744
351.59	-3.135
351.80	-6.735
352.02	-2.000
352.24	-5.606
352.46	-5.409
352.68	-1.097
352.90	-6.752
353.12	-8.823
353.34	-4.380
353.56	-2.756
353.78	-6.828
354.00	0.289
354.22	-6.334
354.44	-3.007
354.66	-2.537
354.88	-4.160
355.09	-10.169
355.31	-5.683
355.53	-3.053
355.75	-3.303
355.97	-5.705
356.19	-6.073
356.41	-3.111
356.63	-4.531
356.85	-1.654
357.07	-1.218
357.29	0.284
357.50	-2.635
357.72	-3.799
357.94	-1.752
358.16	-6.298
358.38	-7.846
358.60	-4.075
358.82	-13.556
359.04	-0.303
359.26	-5.640
359.48	-6.466
359.69	-3.167
359.91	-7.350
360.13	-5.124
360.35	-4.620
360.57	-5.657
360.79	2.773
361.01	-1.463
361.23	0.595
361.45	-15.635
361.66	-4.315
361.88	-9.379
362.10	-6.232
362.32	0.288
362.54	0.695
362.76	-0.295
362.98	-7.946
363.20	1.108
363.41	-8.360
363.63	0.600
363.85	-6.880
364.07	-7.999
364.29	-3.828
364.51	-6.220
364.73	-7.485
364.94	-0.789
365.16	-2.861
365.38	-4.141
365.60	-3.011
365.82	-7.453
366.04	-6.060
366.26	-4.221
366.47	-4.218
366.69	-1.908
366.91	-3.164
367.13	-6.838
367.35	-12.183
367.57	-5.873
367.79	-7.345
368.00	-4.992
368.22	-6.301
368.44	-2.329
368.66	-2.241
368.88	0.295
369.10	-3.951
369.31	-13.372
369.53	-8.959
369.75	-1.943
369.97	-12.057
370.19	-4.403
370.41	0.148
370.62	-8.695
370.84	-2.308
371.06	-3.475
371.28	-11.110
371.50	-2.946
371.71	-11.593
371.93	-2.496
372.15	-2.462
372.37	-5.927
372.59	-8.607
372.80	-4.094
373.02	-2.991
373.24	1.765
373.46	-8.095
373.68	-9.656
373.90	1.185
374.11	-2.154
374.33	2.014
374.55	-4.552
374.77	-3.835
374.98	-7.055
375.20	-11.007
375.42	-1.347
375.64	-6.259
375.86	-4.147
376.07	-1.735
376.29	-8.571
376.51	1.515
376.73	6.267
376.95	2.894
377.16	2.325
377.38	-1.909
377.60	-0.614
377.82	-3.987
378.03	-3.374
378.25	-1.302
378.47	-1.821
378.69	-0.149
378.91	0.151
379.12	-9.351
379.34	-12.421
379.56	-4.304
379.78	-6.395
379.99	-2.144
380.21	-5.303
380.43	-1.610
380.65	-7.176
380.86	-2.077
381.08	-4.307
381.30	0.155
381.52	-2.363
381.73	-7.075
381.95	1.040
382.17	1.029
382.39	-12.703
382.60	-2.056
382.82	-8.077
383.04	-7.328
383.26	0.796
383.47	-2.308
383.69	-2.295
383.91	-6.634
384.13	2.305
384.34	0.584
384.56	-1.983
384.78	-7.264
385.00	-2.059
385.21	-2.384
385.43	-6.625
385.65	-4.747
385.86	-7.863
386.08	-1.484
386.30	-2.507
386.52	-4.348
386.73	-12.480
386.95	-7.073
387.17	-3.829
387.38	-0.000
387.60	-3.835
387.82	-5.645
388.04	-7.617
388.25	-6.400
388.47	1.320
388.69	-2.504
388.90	-3.748
389.12	-4.520
389.34	3.379
389.56	-9.647
389.77	1.080
389.99	-3.773
390.21	-8.294
390.42	4.000
390.64	-8.655
390.86	-1.223
391.07	-7.465
391.29	-10.937
391.51	-2.932
391.72	-0.726
391.94	1.312
392.16	-1.929
392.38	-7.132
392.59	-4.889
392.81	2.374
393.03	-10.879
393.24	-0.744
393.46	-0.153
393.68	-2.333
393.89	7.320
394.11	-7.198
394.33	-3.793
394.54	-4.531
394.76	-1.032
394.98	0.138
395.19	-3.116
395.41	-0.303
395.63	-9.145
395.84	-5.208
396.06	-7.189
396.28	1.402
396.49	6.267
396.71	-3.088
396.93	-2.090
397.14	-5.007
397.36	-0.154
397.57	-1.860
397.79	-4.992
398.01	-8.244
398.22	-7.882
398.44	-9.354
398.66	-1.705
398.87	-7.086
399.09	-10.620
399.31	-4.441
399.52	-5.193
399.74	-8.575
399.96	-1.057
400.17	-0.303
400.39	-3.276
400.60	-12.170
400.82	-6.790
401.04	3.343
401.25	-1.238
401.47	-4.928
401.69	-3.230
401.90	0.583
402.12	-3.012
402.33	-4.437
402.55	-5.918
402.77	-0.880
402.98	-7.207
403.20	-3.788
403.41	-2.757
403.63	-11.213
403.85	-0.778
404.06	-3.271
404.28	-3.360
404.49	-11.217
404.71	3.714
404.93	-2.726
405.14	-10.107
405.36	-2.344
405.57	-0.439
405.79	-9.569
406.01	-1.937
406.22	-0.861
406.44	-4.754
406.65	-2.628
406.87	-1.051
407.09	-13.870
407.30	-7.132
407.52	-3.443
407.73	-10.399
407.95	-1.982
408.17	-7.389
408.38	-6.976
408.60	-9.906
408.81	-7.368
409.03	-1.361
409.24	2.691
409.46	-1.973
409.68	-3.099
409.89	0.454
410.11	-4.279
410.32	-10.269
410.54	-3.975
410.75	-1.486
410.97	-0.894
411.18	0.916
411.40	1.783
411.62	-11.944
411.83	-4.733
412.05	-5.945
412.26	-1.942
412.48	7.040
412.69	-0.751
412.91	-6.037
413.12	-9.515
413.34	-8.557
413.56	-0.884
413.77	-5.030
413.99	-5.563
414.20	-8.477
414.42	-1.934
414.63	-3.773
414.85	-8.038
415.06	-0.141
415.28	-8.917
415.49	-3.240
415.71	-8.892
415.92	-1.667
416.14	-4.475
416.35	3.120
416.57	2.782
416.79	-11.197
417.00	-1.244
417.22	-4.264
417.43	-11.302
417.65	-2.492
417.86	1.527
418.08	-3.195
418.29	-5.522
418.51	-9.546
418.72	0.904
418.94	-4.242
419.15	-6.785
419.37	-8.412
419.58	-2.463
419.80	-8.271
420.01	-1.149
420.23	-8.885
420.44	-0.936
420.66	-2.905
420.87	-8.516
421.09	-9.846
421.30	-5.166
421.52	-2.556
421.73	-5.304
421.95	-7.218
422.16	-10.122
422.38	-8.934
422.59	-12.980
422.81	-5.521
423.02	1.821
423.23	-5.846
423.45	-2.428
423.66	-8.191
423.88	0.147
424.09	3.164
424.31	-5.929
424.52	-5.312
424.74	-10.293
424.95	-5.343
425.17	-4.496
425.38	-4.006
425.60	-9.597
425.81	-6.761
426.03	-11.454
426.24	-2.896
426.45	0.916
426.67	-7.241
426.88	-11.605
427.10	-11.580
427.31	-9.178
427.53	-7.219
427.74	-4.863
427.96	-1.517
428.17	-6.549
428.39	-11.951
428.60	-2.861
428.81	-3.503
429.03	-5.073
429.24	-5.589
429.46	-11.056
429.67	-4.983
429.89	-8.477
430.10	-4.341
430.31	1.637
430.53	-5.701
430.74	-2.318
430.96	-5.059
431.17	-10.879
431.39	-5.750
431.60	-0.307
431.81	-1.610
432.03	-1.690
432.24	-10.099
432.46	-0.577
432.67	-1.746
432.89	-10.575
433.10	-10.702
433.31	-1.212
433.53	-6.666
433.74	-3.962
433.96	-7.346
434.17	-10.372
434.38	-8.279
434.60	-8.219
434.81	-5.882
435.03	-13.845
435.24	-6.041
435.45	-5.855
435.67	-7.224
435.88	-2.631
436.10	-6.487
436.31	1.234
436.52	-8.546
436.74	-3.791
436.95	-13.100
437.17	-7.754
437.38	-10.567
437.59	-4.242
437.81	-7.201
438.02	-11.954
438.23	-8.139
438.45	-9.531
438.66	-4.146
438.88	-12.194
439.09	-12.012
439.30	-9.459
439.52	-4.140
439.73	-9.999
439.94	-11.074
440.16	-2.187
440.37	-4.307
440.58	-0.960
440.80	-3.537
441.01	-21.327
441.23	-12.997
441.44	-13.086
441.65	1.260
441.87	-7.055
442.08	-16.580
442.29	-4.991
442.51	-4.913
442.72	-2.266
442.93	-5.481
443.15	-11.852
443.36	-4.147
443.57	-9.121
443.79	-9.059
444.00	-4.038
444.21	-2.926
444.43	-4.159
444.64	-7.986
444.85	-11.110
445.07	-9.391
445.28	-8.471
445.49	-6.932
445.71	-9.150
445.92	-9.650
446.13	-10.193
446.35	-1.719
446.56	-12.099
446.77	-14.129
446.99	-12.914
447.20	-7.603
447.41	-10.992
447.63	-7.394
447.84	-0.640
448.05	-3.482
448.27	-10.784
448.48	-5.843
448.69	-11.038
448.90	-15.941
449.12	-9.699
449.33	-5.494
449.54	-9.249
449.76	-4.651
449.97	-8.064
450.18	-11.712
450.40	-2.237
450.61	-5.120
450.82	-4.659
451.03	-8.914
451.25	-15.892
451.46	-13.042
451.67	-10.017
451.89	-7.462
452.10	2.703
452.31	-17.344
452.52	-12.542
452.74	-11.821
452.95	-13.957
453.16	-19.752
453.38	-12.988
453.59	-18.563
453.80	-6.981
454.01	-8.586
454.23	-7.299
454.44	-14.311
454.65	-6.085
454.86	-4.615
455.08	-19.547
455.29	-12.207
455.50	-20.695
455.71	-8.732
455.93	-9.044
456.14	-10.626
456.35	-11.651
456.56	-14.699
456.78	-6.712
456.99	-15.038
457.20	-8.632
457.41	-14.567
457.63	-12.345
457.84	-11.454
458.05	-11.672
458.26	-12.283
458.48	-11.404
458.69	-10.726
458.90	-17.153
459.11	-10.214
459.33	-9.386
459.54	-7.885
459.75	-15.111
459.96	-14.375
460.18	-17.213
460.39	-21.369
460.60	-12.236
460.81	-9.677
461.02	-17.815
461.24	-9.863
461.45	-11.894
461.66	-13.851
461.87	-15.009
462.09	-13.142
462.30	-15.139
462.51	-10.856
462.72	-9.944
462.93	-6.500
463.15	-3.839
463.36	-11.922
463.57	-5.181
463.78	-9.469
463.99	-18.280
464.21	-21.041
464.42	-24.692
464.63	-9.090
464.84	-14.866
465.05	-22.343
465.27	-20.919
465.48	-16.813
465.69	-12.954
465.90	-21.413
466.11	-9.690
466.33	-7.392
466.54	-19.822
466.75	-23.745
466.96	-25.377
467.17	-18.109
467.38	-27.775
467.60	-16.482
467.81	-4.000
468.02	-21.237
468.23	-18.882
468.44	-19.186
468.65	-18.762
468.87	-16.845
469.08	-13.174
469.29	-16.452
469.50	-21.893
469.71	-7.991
469.92	-4.468
470.14	-25.290
470.35	-24.103
470.56	-31.031
470.77	-31.196
470.98	-16.782
471.19	-32.509
471.41	-18.701
471.62	-17.675
471.83	-20.882
472.04	-39.483
472.25	-32.098
472.46	-19.637
472.67	-35.529
472.89	-25.950
473.10	-19.264
473.31	-25.573
473.52	-22.126
473.73	-28.641
473.94	-29.227
474.15	-21.500
474.37	-32.190
474.58	-38.638
474.79	-34.157
475.00	-27.545
475.21	-28.494
475.42	-30.101
475.63	-37.622
475.84	-31.724
476.06	-39.113
476.27	-41.293
476.48	-40.877
476.69	-27.115
476.90	-28.697
477.11	-34.489
477.32	-26.920
477.53	-37.948
477.74	-32.700
477.96	-52.780
478.17	-35.885
478.38	-31.884
478.59	-55.865
478.80	-52.436
479.01	-46.681
479.22	-40.333
479.43	-25.835
479.64	-43.859
479.85	-37.989
480.06	-104.039
480.28	-46.732
480.49	-73.372
480.70	-24.462
480.91	-50.170
481.12	-52.435
481.33	-39.710
481.54	-60.975
481.75	-90.273
481.96	-55.834
482.17	-52.426
482.38	-77.279
482.59	-86.883
482.81	-75.207
483.02	-90.264
483.23	-90.250
483.44	-66.838
483.65	-84.745
483.86	-123.834
484.07	-135.673
484.28	-99.349
484.49	-105.721
484.70	-85.850
484.91	-119.343
485.12	-92.876
485.33	-93.878
485.54	-104.881
485.75	-84.546
485.96	-125.333
486.17	-161.405
486.38	-81.589
486.60	-177.288
486.81	-127.854
487.02	-285.541
487.23	-164.819
487.44	-443.748
487.65	-323.820
487.86	-408.899
488.07	-120.253
488.28	-313.112
488.49	-308.253
488.70	-140.145
488.91	-308.253
489.12	-252.427
489.33	-166.242
489.54	-413.545
489.75	-272.062
489.96	-1396.052
490.17	7506.148
490.38	1528.064
490.59	-1034.756
490.80	1217.977
491.01	673.745
491.22	-766.695
491.43	1422.522
491.64	469.999
491.85	-3371.394
492.06	-2797.664
492.27	3812.347
492.48	456.970
492.69	1420.019
492.90	-402.023
493.11	330.608
493.32	283.277
493.53	794.457
493.74	867.894
493.95	146.031
494.16	191.836
494.37	492.457
494.58	2008.521
494.79	219.588
495.00	243.494
495.21	193.563
495.42	182.765
495.63	149.485
495.84	133.361
496.05	172.575
496.26	155.333
496.47	200.065
496.68	177.197
496.89	167.597
497.10	164.876
497.31	121.676
497.52	125.318
497.73	140.606
497.94	154.585
498.15	161.959
498.36	123.671
498.57	143.490
498.78	134.405
498.99	123.110
499.19	104.632
499.40	105.192
499.61	104.936
499.82	99.184
500.03	112.256
500.24	133.208
500.45	123.722
500.66	95.504
500.87	145.569
501.08	134.868
501.29	110.489
501.50	89.115
501.71	104.168
501.92	106.808
502.13	88.702
502.34	99.611
502.55	97.207
502.76	100.404
502.96	92.224
503.17	76.227
503.38	94.852
503.59	99.130
503.80	68.832
504.01	70.080
504.22	96.962
504.43	97.311
504.64	75.593
504.85	96.659
505.06	76.842
505.27	91.755
505.47	72.584
505.68	77.281
505.89	64.960
506.10	72.838
506.31	60.455
506.52	70.565
506.73	81.126
506.94	79.579
507.15	78.774
507.36	89.984
507.56	63.152
507.77	74.949
507.98	77.657
508.19	61.791
508.40	70.649
508.61	62.240
508.82	64.108
509.03	63.045
509.24	72.495
509.44	51.913
509.65	54.568
509.86	69.818
510.07	67.989
510.28	63.836
510.49	75.413
510.70	66.608
510.91	61.833
511.11	56.479
511.32	59.479
511.53	63.783
511.74	53.556
511.95	55.060
512.16	56.333
512.37	62.106
512.58	57.980
512.78	59.032
512.99	51.054
513.20	53.500
513.41	54.868
513.62	51.972
513.83	53.883
514.04	58.396
514.24	58.222
514.45	47.672
514.66	58.337
514.87	51.527
515.08	51.675
515.29	48.192
515.49	43.553
515.70	44.784
515.91	55.010
516.12	52.015
516.33	54.700
516.54	56.686
516.74	49.727
516.95	49.930
517.16	51.918
517.37	52.311
517.58	49.105
517.79	49.933
517.99	51.799
518.20	52.299
518.41	50.278
518.62	46.454
518.83	44.860
519.03	51.903
519.24	43.838
519.45	48.169
519.66	46.758
519.87	49.362
520.07	41.728
520.28	51.598
520.49	42.930
520.70	47.289
520.91	43.324
521.12	44.574
521.32	49.458
521.53	38.534
521.74	48.072
521.95	46.288
522.15	42.980
522.36	48.308
522.57	44.834
522.78	40.931
522.99	43.584
523.19	43.772
523.40	46.661
523.61	46.962
523.82	42.827
524.03	46.795
524.23	48.840
524.44	47.299
524.65	41.765
524.86	48.040
525.06	45.582
525.27	38.151
525.48	48.474
525.69	46.179
525.89	42.874
526.10	44.553
526.31	45.691
526.52	41.693
526.72	41.184
526.93	38.171
527.14	47.013
527.35	45.609
527.56	43.787
527.76	44.587
527.97	43.657
528.18	39.257
528.38	40.906
528.59	40.502
528.80	42.354
529.01	42.516
529.21	41.029
529.42	41.007
529.63	38.836
529.84	39.857
530.04	40.508
530.25	36.494
530.46	37.090
530.67	38.595
530.87	40.459
531.08	38.596
531.29	35.482
531.50	38.444
531.70	37.657
531.91	37.330
532.12	39.800
532.32	41.063
532.53	43.240
532.74	44.328
532.95	37.190
533.15	35.570
533.36	38.977
533.57	36.358
533.77	40.293
533.98	38.204
534.19	36.519
534.39	38.943
534.60	40.632
534.81	39.953
535.02	37.998
535.22	37.839
535.43	37.831
535.64	38.674
535.84	33.781
536.05	34.804
536.26	34.425
536.46	34.447
536.67	37.429
536.88	36.134
537.08	33.084
537.29	39.087
537.50	35.299
537.70	32.535
537.91	34.979
538.12	34.975
538.33	32.176
538.53	41.195
538.74	40.649
538.95	36.419
539.15	36.237
539.36	37.060
539.57	35.155
539.77	32.949
539.98	32.231
540.18	35.998
540.39	36.744
540.60	34.878
540.80	32.046
541.01	39.670
541.22	35.364
541.42	37.871
541.63	34.956
541.84	32.905
542.04	35.526
542.25	35.706
542.46	34.171
542.66	34.827
542.87	33.768
543.08	32.098
543.28	31.947
543.49	34.333
543.69	35.064
543.90	30.209
544.11	32.894
544.31	31.615
544.52	36.075
544.73	33.979
544.93	32.934
545.14	31.211
545.34	33.172
545.55	33.755
545.76	33.438
545.96	32.251
546.17	32.218
546.38	32.961
546.58	31.782
546.79	30.179
546.99	32.242
547.20	32.617
547.41	32.655
547.61	30.987
547.82	33.755
548.02	31.366
548.23	32.290
548.44	32.879
548.64	32.234
548.85	32.212
549.05	33.445
549.26	32.589
549.47	32.053
549.67	30.501
549.88	29.255
550.08	31.106
550.29	33.555
550.50	30.692
550.70	30.485
550.91	32.018
551.11	31.235
551.32	30.305
551.52	30.367
551.73	31.824
551.94	30.794
552.14	28.770
552.35	30.510
552.55	32.268
552.76	28.899
552.96	28.743
553.17	30.824
553.38	30.605
553.58	30.095
553.79	28.418
553.99	30.528
554.20	30.044
554.40	27.595
554.61	29.265
554.81	30.433
555.02	30.845
555.23	28.600
555.43	27.752
555.64	29.880
555.84	31.008
556.05	30.085
556.25	29.263
556.46	32.934
556.66	30.125
556.87	27.102
557.07	31.777
557.28	28.691
557.48	29.523
557.69	30.255
557.90	31.447
558.10	29.412
558.31	28.170
558.51	29.949
558.72	29.224
558.92	26.547
559.13	29.842
559.33	26.425
559.54	29.079
559.74	28.307
559.95	28.146
560.15	28.687
560.36	27.336
560.56	25.913
560.77	28.695
560.97	29.929
561.18	28.915
561.38	29.463
561.59	29.365
561.79	25.000
562.00	28.823
562.20	28.392
562.41	30.732
562.61	27.685
562.82	29.707
563.02	28.436
563.23	26.870
563.43	29.230
563.64	29.656
563.84	28.625
564.05	26.555
564.25	29.105
564.46	27.601
564.66	27.352
564.87	27.438
565.07	26.018
565.28	27.360
565.48	26.316
565.68	27.266
565.89	27.781
566.09	26.922
566.30	27.667
566.50	27.159
566.71	26.858
566.91	26.747
567.12	28.358
567.32	25.520
567.53	26.606
567.73	27.539
567.94	27.003
568.14	25.834
568.34	26.547
568.55	27.098
568.75	26.068
568.96	25.879
569.16	26.376
569.37	27.078
569.57	26.270
569.78	27.827
569.98	25.780
570.18	24.247
570.39	25.488
570.59	24.724
570.80	26.343
571.00	25.239
571.21	25.214
571.41	25.322
571.61	25.985
571.82	25.573
572.02	28.060
572.23	25.222
572.43	26.490
572.64	24.232
572.84	24.648
573.04	26.003
573.25	24.641
573.45	24.704
573.66	25.782
573.86	26.503
574.06	27.276
574.27	26.508
574.47	26.859
574.68	23.944
574.88	24.907
575.08	27.928
575.29	25.754
575.49	26.638
575.70	25.026
575.90	24.709
576.10	26.157
576.31	24.359
576.51	26.071
576.72	24.934
576.92	26.105
577.12	25.514
577.33	25.456
577.53	26.366
577.73	25.649
577.94	25.510
578.14	26.524
578.35	23.683
578.55	25.897
578.75	25.712
578.96	26.025
579.16	25.203
579.36	24.633
579.57	25.501
579.77	24.851
579.98	24.282
580.18	24.106
580.38	25.193
580.59	24.471
580.79	24.493
580.99	25.261
581.20	23.940
581.40	26.024
581.60	23.478
581.81	23.660
582.01	25.616
582.21	23.934
582.42	24.357
582.62	25.461
582.82	23.564
583.03	24.839
583.23	25.266
583.43	24.718
583.64	25.039
583.84	23.061
584.04	24.497
584.25	22.939
584.45	23.558
584.65	24.818
584.86	22.949
585.06	23.831
585.26	23.297
585.47	23.927
585.67	25.274
585.87	24.037
586.08	25.374
586.28	24.890
586.48	24.633
586.69	24.028
586.89	23.512
587.09	23.229
587.30	23.831
587.50	23.973
587.70	26.065
587.90	24.807
588.11	24.617
588.31	22.260
588.51	23.156
588.72	23.694
588.92	23.628
589.12	24.129
589.33	23.121
589.53	22.074
589.73	22.755
589.93	22.456
590.14	23.248
590.34	22.815
590.54	22.837
590.75	22.840
590.95	23.084
591.15	24.076
591.35	23.596
591.56	23.618
591.76	22.473
591.96	23.006
592.16	23.071
592.37	21.801
592.57	22.910
592.77	22.262
592.97	24.352
593.18	23.875
593.38	22.841
593.58	21.773
593.79	22.528
593.99	23.067
594.19	21.229
594.39	22.684
594.60	22.775
594.80	22.456
595.00	24.000
595.20	22.531
595.41	22.112
595.61	24.297
595.81	22.222
596.01	23.773
596.21	23.171
596.42	22.589
596.62	22.655
596.82	21.560
597.02	21.352
597.23	23.824
597.43	22.533
597.63	22.117
597.83	22.785
598.04	22.006
598.24	23.352
598.44	21.826
598.64	21.408
598.84	21.729
599.05	21.601
599.25	22.929
599.45	21.610
599.65	22.065
599.85	22.436
600.06	23.329
600.26	21.885
600.46	23.196
600.66	21.650
600.87	21.047
601.07	21.269
601.27	23.032
601.47	20.397
601.67	21.617
601.87	23.044
602.08	21.435
602.28	21.337
602.48	21.290
602.68	20.953
602.88	22.355
603.09	22.589
603.29	21.905
603.49	20.798
603.69	21.517
603.89	20.554
604.10	21.710
604.30	20.767
604.50	21.872
604.70	20.484
604.90	22.054
605.10	21.860
605.31	21.795
605.51	21.685
605.71	21.178
605.91	21.457
606.11	22.552
606.31	21.766
606.52	22.091
606.72	20.802
606.92	20.936
607.12	19.429
607.32	21.107
607.52	22.167
607.72	20.727
607.93	20.592
608.13	21.305
608.33	21.688
608.53	20.507
608.73	21.008
608.93	20.834
609.13	21.032
609.34	21.194
609.54	19.602
609.74	21.511
609.94	21.270
610.14	22.119
610.34	20.564
610.54	20.255
610.74	21.001
610.95	20.043
611.15	20.464
611.35	20.279
611.55	20.494
611.75	21.128
611.95	21.037
612.15	19.525
612.35	20.675
612.56	20.148
612.76	19.848
612.96	19.461
613.16	20.326
613.36	19.803
613.56	20.134
613.76	19.208
613.96	19.955
614.16	20.541
614.36	20.849
614.57	20.519
614.77	20.676
614.97	20.774
615.17	21.736
615.37	20.631
615.57	21.466
615.77	20.552
615.97	20.766
616.17	20.443
616.37	20.738
616.57	21.219
616.78	20.171
616.98	21.069
617.18	20.202
617.38	19.800
617.58	19.862
617.78	19.932
617.98	21.064
618.18	18.463
618.38	20.484
618.58	20.447
618.78	20.207
618.98	21.206
619.18	19.440
619.38	19.658
619.58	19.244
619.79	20.372
619.99	19.983
620.19	19.870
620.39	20.110
620.59	20.159
620.79	20.837
620.99	18.748
621.19	19.571
621.39	20.485
621.59	18.884
621.79	19.334
621.99	21.347
622.19	19.380
622.39	20.014
622.59	18.936
622.79	19.806
622.99	20.338
623.19	18.548
623.39	19.457
623.59	19.249
623.79	19.661
623.99	18.890
624.19	19.001
624.39	18.164
624.59	19.076
624.79	19.442
624.99	20.119
625.19	19.160
625.39	19.374
625.59	19.550
625.79	19.725
625.99	19.266
626.19	19.573
626.39	19.130
626.59	20.159
626.79	18.871
626.99	18.591
627.19	20.334
627.39	18.039
627.59	18.758
627.79	18.900
627.99	18.458
628.19	19.522
628.39	19.178
628.59	18.351
628.79	19.392
628.99	19.180
629.19	18.543
629.39	19.667
629.59	18.549
629.79	19.332
629.99	18.765
630.19	18.621
630.39	19.495
630.59	18.913
630.79	18.727
630.99	18.798
631.19	18.294
631.39	19.911
631.59	18.829
631.79	18.795
631.99	17.813
632.19	18.114
632.39	18.351
632.59	18.407
632.79	18.016
632.99	17.579
633.19	18.966
633.39	18.958
633.58	18.892
633.78	18.725
633.98	18.365
634.18	18.622
634.38	18.514
634.58	18.764
634.78	18.511
634.98	19.178
635.18	19.048
635.38	19.601
635.58	18.806
635.78	18.514
635.98	18.630
636.18	18.585
636.38	18.632
636.57	18.234
636.77	18.368
636.97	18.400
637.17	17.589
637.37	18.129
637.57	18.607
637.77	18.642
637.97	18.689
638.17	18.204
638.37	17.814
638.57	18.411
638.76	18.889
638.96	18.417
639.16	18.320
639.36	18.572
639.56	18.624
639.76	16.928
639.96	18.437
640.16	17.774
640.36	17.072
640.56	18.846
640.75	17.795
640.95	17.167
641.15	17.781
641.35	17.353
641.55	17.731
641.75	18.304
641.95	18.018
642.15	17.857
642.34	17.734
642.54	17.464
642.74	19.107
642.94	18.318
643.14	17.929
643.34	17.834
643.54	17.341
643.74	18.577
643.93	17.606
644.13	17.109
644.33	17.714
644.53	17.206
644.73	17.174
644.93	17.092
645.13	17.543
645.32	17.562
645.52	18.107
645.72	17.480
645.92	17.702
646.12	19.428
646.32	17.592
646.52	17.831
646.71	17.571
646.91	17.509
647.11	18.155
647.31	18.194
647.51	17.942
647.71	17.706
647.90	18.390
648.10	17.694
648.30	17.238
648.50	17.847
648.70	18.007
648.89	17.167
649.09	17.183
649.29	17.384
649.49	18.008
649.69	17.067
649.89	17.632
650.08	17.708
650.28	17.336
650.48	18.648
650.68	16.805
650.88	17.591
651.07	16.933
651.27	17.411
651.47	17.342
651.67	17.073
651.87	17.849
652.06	16.980
652.26	18.314
652.46	18.494
652.66	17.544
652.86	17.016
653.05	17.234
653.25	17.432
653.45	16.949
653.65	17.999
653.85	17.333
654.04	17.596
654.24	16.938
654.44	17.158
654.64	17.285
654.83	16.933
655.03	16.601
655.23	17.905
655.43	18.100
655.63	16.645
655.82	16.961
656.02	15.893
656.22	17.693
656.42	17.354
656.61	16.792
656.81	16.911
657.01	17.016
657.21	16.671
657.40	17.211
657.60	16.947
657.80	17.284
658.00	16.591
658.19	17.128
658.39	16.943
658.59	17.554
658.79	17.450
658.98	17.269
659.18	16.659
659.38	16.763
659.58	16.732
659.77	16.407
659.97	16.608
660.17	17.244
660.36	16.672
660.56	16.463
660.76	17.244
660.96	16.541
661.15	16.538
661.35	16.969
661.55	16.070
661.75	17.448
661.94	17.295
662.14	16.914
662.34	17.048
662.53	17.193
662.73	16.123
662.93	16.907
663.13	16.555
663.32	16.768
663.52	16.219
663.72	16.674
663.91	16.403
664.11	16.400
664.31	15.951
664.50	16.668
664.70	16.024
664.90	16.283
665.10	16.121
665.29	17.004
665.49	16.617
665.69	16.493
665.88	16.252
666.08	16.655
666.28	16.419
666.47	17.318
666.67	16.961
666.87	16.785
667.06	17.196
667.26	15.713
667.46	16.178
667.65	16.254
667.85	16.612
668.05	17.221
668.24	16.357
668.44	16.896
668.64	16.062
668.83	16.581
669.03	16.486
669.23	16.434
669.42	16.880
669.62	16.491
669.82	16.266
670.01	16.204
670.21	15.995
670.41	16.793
670.60	16.478
670.80	16.601
671.00	15.988
671.19	15.991
671.39	16.427
671.58	15.592
671.78	16.107
671.98	16.409
672.17	16.699
672.37	16.276
672.57	16.308
672.76	15.282
672.96	15.990
673.15	16.244
673.35	17.010
673.55	16.399
673.74	16.171
673.94	15.748
674.14	16.211
674.33	16.101
674.53	15.845
674.72	15.809
674.92	15.937
675.12	15.894
675.31	16.292
675.51	16.012
675.70	15.911
675.90	15.201
676.10	15.917
676.29	15.589
676.49	16.171
676.68	15.983
676.88	16.299
677.08	15.734
677.27	15.571
677.47	15.796
677.66	15.378
677.86	15.813
678.06	16.719
678.25	15.581
678.45	15.910
678.64	15.763
678.84	16.847
679.03	15.310
679.23	15.637
679.43	15.445
679.62	15.273
679.82	15.653
680.01	16.066
680.21	15.022
680.40	15.608
680.60	15.449
680.80	15.461
680.99	15.969
681.19	16.160
681.38	15.594
681.58	15.231
681.77	15.624
681.97	15.831
682.16	15.280
682.36	15.222
682.56	16.256
682.75	15.067
682.95	15.899
683.14	15.508
683.34	15.678
683.53	15.441
683.73	15.849
683.92	15.407
684.12	15.623
684.31	15.189
684.51	15.416
684.70	16.355
684.90	15.828
685.10	16.158
685.29	15.240
685.49	15.944
685.68	15.682
685.88	15.602
686.07	15.844
686.27	16.067
686.46	15.542
686.66	15.347
686.85	15.718
687.05	15.387
687.24	15.180
687.44	15.117
687.63	16.120
687.83	15.570
688.02	15.952
688.22	15.778
688.41	15.235
688.61	15.361
688.80	15.548
689.00	15.158
689.19	15.631
689.39	15.725
689.58	15.297
689.78	15.738
689.97	14.815
690.17	15.402
690.36	15.372
690.56	14.970
690.75	15.495
690.95	15.107
691.14	15.527
691.34	14.381
691.53	15.290
691.72	15.230
691.92	15.178
692.11	15.009
692.31	15.448
692.50	14.809
692.70	14.692
692.89	15.111
693.09	15.301
693.28	15.188
693.48	15.327
693.67	14.367
693.87	15.316
694.06	15.556
694.25	15.205
694.45	15.290
694.64	15.280
694.84	15.236
695.03	15.102
695.23	14.739
695.42	14.706
695.62	15.339
695.81	14.827
696.00	15.705
696.20	15.202
696.39	15.082
696.59	15.981
696.78	14.905
696.98	14.818
697.17	15.440
697.36	15.002
697.56	14.524
697.75	15.144
697.95	14.693
698.14	15.514
698.34	15.834
698.53	14.845
698.72	15.248
698.92	15.660
699.11	15.212
699.31	14.831
699.50	14.820
699.69	15.038
699.89	14.868
700.08	14.863
700.28	14.917
700.47	14.902
700.66	15.237
700.86	15.167
701.05	15.117
701.25	14.896
701.44	15.205
701.63	14.687
701.83	15.479
702.02	15.023
702.21	15.087
702.41	15.213
702.60	14.690
702.80	14.723
702.99	14.942
703.18	14.961
703.38	15.093
703.57	14.944
703.77	15.029
703.96	15.295
704.15	14.593
704.35	15.111
704.54	14.518
704.73	14.970
704.93	14.762
705.12	14.564
705.31	14.273
705.51	15.066
705.70	14.356
705.89	14.531
706.09	14.803
706.28	14.484
706.48	14.588
706.67	14.938
706.86	15.011
707.06	14.813
707.25	14.647
707.44	14.964
707.64	15.206
707.83	14.584
708.02	14.436
708.22	14.292
708.41	14.952
708.60	14.544
708.80	14.059
708.99	14.829
709.18	14.202
709.38	14.287
709.57	14.183
709.76	14.161
709.95	15.252
710.15	14.625
710.34	14.890
710.53	14.450
710.73	14.789
710.92	14.336
711.11	14.516
711.31	14.487
711.50	14.223
711.69	13.750
711.89	14.068
712.08	14.115
712.27	14.663
712.46	14.566
712.66	14.505
712.85	14.423
713.04	14.448
713.24	14.158
713.43	14.634
713.62	14.781
713.81	14.157
714.01	14.573
714.20	14.521
714.39	14.200
714.59	14.269
714.78	14.323
714.97	14.365
715.16	14.006
715.36	14.879
715.55	14.482
715.74	14.406
715.93	14.325
716.13	14.555
716.32	14.359
716.51	14.610
716.71	13.886
716.90	13.874
717.09	14.390
717.28	14.347
717.48	13.637
717.67	14.921
717.86	14.585
718.05	14.794
718.25	14.314
718.44	14.806
718.63	14.200
718.82	14.359
719.02	14.237
719.21	14.753
719.40	13.940
719.59	14.210
719.78	13.822
719.98	14.403
720.17	13.981
720.36	14.353
720.55	14.033
720.75	14.290
720.94	14.387
721.13	13.993
721.32	14.342
721.51	14.356
721.71	14.029
721.90	14.501
722.09	14.014
722.28	13.948
722.48	14.675
722.67	13.813
722.86	14.381
723.05	13.951
723.24	13.579
723.44	13.704
723.63	13.950
723.82	14.182
724.01	13.829
724.20	14.021
724.40	14.199
724.59	13.661
724.78	13.988
724.97	14.366
725.16	13.968
725.35	14.015
725.55	13.512
725.74	13.635
725.93	14.037
726.12	14.220
726.31	14.360
726.51	13.664
726.70	13.607
726.89	13.986
727.08	14.224
727.27	13.939
727.46	13.979
727.66	14.101
727.85	14.235
728.04	14.054
728.23	13.675
728.42	14.382
728.61	14.442
728.81	14.123
729.00	14.303
729.19	13.678
729.38	14.355
729.57	14.021
729.76	13.808
729.95	13.768
730.15	13.919
730.34	14.020
730.53	14.228
730.72	13.657
730.91	14.090
731.10	14.181
731.29	14.123
731.49	13.932
731.68	13.941
731.87	14.109
732.06	13.963
732.25	13.644
732.44	14.321
732.63	13.789
732.82	13.683
733.02	13.620
733.21	14.029
733.40	13.860
733.59	13.432
733.78	13.787
733.97	13.269
734.16	13.718
734.35	13.876
734.54	13.916
734.74	13.565
734.93	13.646
735.12	13.929
735.31	13.956
735.50	13.358
735.69	13.507
735.88	13.641
736.07	13.922
736.26	13.227
736.45	13.856
736.64	13.094
736.84	13.504
737.03	13.103
737.22	13.841
737.41	13.914
737.60	13.340
737.79	13.706
737.98	13.825
738.17	13.381
738.36	13.763
738.55	14.235
738.74	14.382
738.93	13.596
739.12	13.895
739.32	13.727
739.51	13.503
739.70	13.533
739.89	13.669
740.08	13.551
740.27	13.457
740.46	13.389
740.65	13.596
740.84	13.976
741.03	13.265
741.22	13.462
741.41	13.414
741.60	13.081
741.79	13.545
741.98	13.523
742.17	13.822
742.36	13.829
742.55	13.207
742.74	13.847
742.93	13.419
743.12	13.447
743.31	13.437
743.51	13.628
743.70	12.866
743.89	13.155
744.08	13.488
744.27	13.768
744.46	13.447
744.65	13.350
744.84	13.578
745.03	14.136
745.22	13.403
745.41	13.438
745.60	13.792
745.79	13.354
745.98	13.357
746.17	13.481
746.36	13.537
746.55	13.548
746.74	13.434
746.93	13.152
747.12	12.827
747.31	13.368
747.50	13.482
747.69	14.191
747.88	13.159
748.07	13.339
748.26	13.128
748.45	13.736
748.64	13.733
748.83	13.955
749.02	13.543
749.21	13.400
749.40	13.281
749.59	13.470
749.77	13.290
749.96	13.679
750.15	13.579
750.34	13.463
750.53	13.466
750.72	13.416
750.91	13.801
751.10	13.645
751.29	12.999
751.48	13.189
751.67	12.866
751.86	13.173
752.05	12.887
752.24	13.343
752.43	12.740
752.62	13.090
752.81	12.949
753.00	13.389
753.19	12.817
753.38	13.053
753.57	12.941
753.76	13.120
753.94	13.746
754.13	13.324
754.32	13.362
754.51	13.275
754.70	13.539
754.89	13.567
755.08	13.038
755.27	13.107
755.46	13.334
755.65	13.167
755.84	12.950
756.03	12.971
756.22	13.239
756.40	13.390
756.59	12.800
756.78	13.131
756.97	13.001
757.16	12.910
757.35	13.064
757.54	12.981
757.73	13.222
757.92	12.939
758.11	13.056
758.29	13.210
758.48	13.014
758.67	13.282
758.86	13.610
759.05	13.082
759.24	13.030
759.43	13.205
759.62	13.560
759.81	13.042
759.99	13.188
760.18	13.197
760.37	13.256
760.56	13.224
760.75	13.340
760.94	12.862
761.13	12.957
761.32	12.971
761.50	13.716
761.69	13.060
761.88	13.188
762.07	13.240
762.26	13.514
762.45	13.317
762.64	13.035
762.82	13.055
763.01	13.151
763.20	12.816
763.39	13.369
763.58	12.753
763.77	13.313
763.96	13.582
764.14	13.315
764.33	12.874
764.52	13.143
764.71	12.525
764.90	13.367
765.09	13.477
765.27	13.355
765.46	13.341
765.65	12.869
765.84	13.056
766.03	12.774
766.22	13.001
766.40	13.119
766.59	13.044
766.78	13.032
766.97	13.213
767.16	12.844
767.35	12.425
767.53	13.265
767.72	12.611
767.91	12.965
768.10	12.962
768.29	13.070
768.47	12.825
768.66	13.057
768.85	13.330
769.04	13.078
769.23	13.082
769.41	13.040
769.60	12.883
769.79	12.951
769.98	13.011
770.17	12.433
770.35	13.471
770.54	12.976
770.73	12.736
770.92	12.747
771.10	13.132
771.29	13.122
771.48	13.359
771.67	13.091
771.86	12.861
772.04	12.763
772.23	13.011
772.42	12.925
772.61	13.134
772.79	12.552
772.98	12.900
773.17	13.138
773.36	12.913
773.54	13.215
773.73	12.731
773.92	13.359
774.11	12.557
774.30	12.925
774.48	12.887
774.67	13.305
774.86	12.513
775.05	12.548
775.23	12.779
775.42	13.047
775.61	12.633
775.79	12.809
775.98	12.818
776.17	12.711
776.36	12.518
776.54	12.600
776.73	12.873
776.92	13.013
777.11	12.731
777.29	12.435
777.48	12.806
777.67	12.567
777.85	12.708
778.04	12.672
778.23	12.849
778.42	12.686
778.60	12.984
778.79	12.679
778.98	12.266
779.16	12.555
779.35	12.953
779.54	12.356
779.73	12.636
779.91	13.005
780.10	12.953
780.29	12.929
780.47	13.068
780.66	12.537
780.85	12.698
781.03	12.914
781.22	12.592
781.41	12.576
781.60	12.522
781.78	12.369
781.97	12.850
782.16	12.504
782.34	12.635
782.53	12.638
782.72	12.438
782.90	12.589
783.09	12.632
783.28	12.050
783.46	12.659
783.65	12.504
783.84	12.530
784.02	12.343
784.21	12.564
784.40	12.195
784.58	12.356
784.77	12.162
784.96	12.451
785.14	12.170
785.33	12.408
785.52	12.046
785.70	12.486
785.89	12.654
786.08	12.349
786.26	12.425
786.45	12.178
786.63	12.510
786.82	12.133
787.01	12.538
787.19	12.499
787.38	12.379
787.57	12.491
787.75	12.213
787.94	12.177
788.13	12.328
788.31	12.462
788.50	12.388
788.68	12.508
788.87	12.650
789.06	12.650
789.24	12.327
789.43	12.148
789.61	12.404
789.80	12.341
789.99	12.510
790.17	12.233
790.36	12.265
790.55	12.460
790.73	12.156
790.92	12.353
791.10	12.564
791.29	12.320
791.48	12.371
791.66	12.536
791.85	12.454
792.03	12.332
792.22	12.246
792.40	12.185
792.59	12.346
792.78	12.426
792.96	12.559
793.15	11.687
793.33	12.330
793.52	12.364
793.71	12.556
793.89	12.404
794.08	12.374
794.26	12.409
794.45	11.888
794.63	12.239
794.82	12.665
795.01	12.282
795.19	12.188
795.38	11.996
795.56	12.076
795.75	12.138
795.93	11.935
796.12	12.225
796.30	12.122
796.49	12.266
796.68	11.730
796.86	12.450
797.05	12.292
797.23	12.190
797.42	11.930
797.60	11.976
797.79	11.987
797.97	12.595
798.16	12.513
798.34	12.061
798.53	12.308
798.71	12.031
798.90	12.071
799.08	12.372
799.27	12.242
799.46	12.050
799.64	12.147
799.83	12.045
800.01	12.153
800.20	12.329
800.38	12.294
800.57	11.915
800.75	12.152
800.94	12.173
801.12	11.856
801.31	12.254
801.49	12.246
801.68	12.152
801.86	12.030
802.05	11.957
802.23	11.835
802.42	12.099
802.60	12.024
802.79	12.050
802.97	12.357
803.16	12.214
803.34	11.967
803.53	12.193
803.71	12.128
803.90	11.981
804.08	11.797
804.27	11.942
804.45	12.038
804.63	11.929
804.82	12.302
805.00	12.371
805.19	12.032
805.37	12.417
805.56	12.005
805.74	12.185
805.93	12.065
806.11	12.189
806.30	12.081
806.48	11.945
806.67	11.752
806.85	11.927
807.04	11.951
807.22	11.788
807.40	11.850
807.59	12.290
807.77	11.837
807.96	12.044
808.14	11.864
808.33	11.807
808.51	12.294
808.69	11.829
808.88	11.565
809.06	11.816
809.25	11.878
809.43	11.795
809.62	11.615
809.80	11.968
809.99	11.799
810.17	11.887
810.35	11.976
810.54	12.254
810.72	12.104
810.91	11.878
811.09	12.004
811.27	11.932
811.46	11.925
811.64	12.074
811.83	11.757
812.01	11.951
812.19	11.815
812.38	11.964
812.56	12.014
812.75	11.923
812.93	11.996
813.11	12.008
813.30	11.981
813.48	12.110
813.67	12.111
813.85	11.882
814.03	12.486
814.22	12.357
814.40	11.885
814.59	12.129
814.77	12.071
814.95	11.785
815.14	12.256
815.32	11.867
815.50	11.963
815.69	11.925
815.87	12.207
816.06	11.794
816.24	12.012
816.42	12.024
816.61	11.823
816.79	12.269
816.97	11.591
817.16	12.400
817.34	12.187
817.52	11.914
817.71	11.981
817.89	12.101
818.07	12.427
818.26	12.114
818.44	11.971
818.63	12.000
818.81	11.848
818.99	11.989
819.18	12.305
819.36	11.980
819.54	12.189
819.73	12.079
819.91	12.147
820.09	11.975
820.28	12.098
820.46	12.113
820.64	12.007
820.83	12.132
821.01	12.097
821.19	11.740
821.37	12.085
821.56	11.771
821.74	12.330
821.92	11.946
822.11	12.209
822.29	11.968
822.47	11.771
822.66	12.074
822.84	12.129
823.02	11.916
823.21	12.216
823.39	11.866
823.57	12.224
823.75	12.030
823.94	12.497
824.12	12.127
824.30	11.757
824.49	12.229
824.67	12.413
824.85	12.096
825.03	12.038
825.22	11.959
825.40	11.979
825.58	12.092
825.77	12.053
825.95	12.446
826.13	12.063
826.31	12.031
826.50	12.181
826.68	12.114
826.86	11.997
827.04	12.020
827.23	12.132
827.41	12.132
827.59	11.722
827.78	11.998
827.96	12.022
828.14	11.805
828.32	12.016
828.51	11.371
828.69	11.835
828.87	12.044
829.05	12.392
829.23	12.431
829.42	12.358
829.60	12.269
829.78	12.069
829.96	12.034
830.15	12.077
830.33	12.470
830.51	12.270
830.69	12.177
830.88	12.693
831.06	12.240
831.24	11.916
831.42	12.150
831.60	12.412
831.79	12.302
831.97	12.607
832.15	12.156
832.33	12.833
832.52	12.464
832.70	12.198
832.88	11.911
833.06	12.680
833.24	12.339
833.43	12.358
833.61	12.705
833.79	12.991
833.97	12.324
834.15	12.726
834.34	11.998
834.52	12.440
834.70	12.473
834.88	12.245
835.06	12.260
835.25	12.324
835.43	12.457
835.61	12.463
835.79	12.762
835.97	12.618
836.15	12.178
836.34	12.549
836.52	12.738
836.70	12.616
836.88	12.504
837.06	12.645
837.24	12.980
837.43	12.714
837.61	13.228
837.79	13.154
837.97	12.704
838.15	12.679
838.33	12.796
838.52	13.098
838.70	12.742
838.88	12.801
839.06	13.106
839.24	12.690
839.42	12.943
839.60	13.057
839.79	13.203
839.97	12.912
840.15	12.951
840.33	12.725
840.51	13.003
840.69	12.972
840.87	12.820
841.06	13.208
841.24	13.113
841.42	13.056
841.60	13.018
841.78	13.332
841.96	13.275
842.14	13.076
842.32	13.012
842.51	13.539
842.69	13.372
842.87	13.066
843.05	13.511
843.23	13.215
843.41	13.136
843.59	13.467
843.77	13.611
843.95	13.178
844.14	13.621
844.32	13.229
844.50	13.363
844.68	13.535
844.86	13.620
845.04	13.613
845.22	14.187
845.40	13.565
845.58	13.362
845.76	13.792
845.94	13.756
846.12	13.899
846.31	13.746
846.49	14.515
846.67	13.831
846.85	13.810
847.03	14.200
847.21	13.760
847.39	14.135
847.57	13.836
847.75	13.655
847.93	13.808
848.11	13.980
848.29	14.032
848.47	13.720
848.65	14.554
848.83	14.012
849.02	14.152
849.20	14.155
849.38	14.295
849.56	14.351
849.74	14.487
849.92	14.228
850.10	14.237
850.28	14.387
850.46	14.116
850.64	14.424
850.82	14.354
851.00	14.079
851.18	14.380
851.36	14.021
851.54	14.625
851.72	14.692
851.90	14.562
852.08	14.320
852.26	14.251
852.44	14.520
852.62	14.555
852.80	14.274
852.98	14.410
853.16	14.952
853.34	14.537
853.52	14.462
853.70	14.567
853.88	15.279
854.06	14.711
854.24	14.593
854.42	14.582
854.60	15.256
854.78	14.843
854.96	14.858
855.14	15.019
855.32	14.896
855.50	14.784
855.68	14.998
855.86	15.222
856.04	14.948
856.22	15.348
856.40	15.098
856.58	15.492
856.76	15.591
856.94	16.076
857.12	15.404
857.30	15.650
857.48	15.151
857.66	15.901
857.84	15.582
858.02	15.640
858.20	15.612
858.38	15.659
858.56	15.727
858.74	15.037
858.92	15.450
859.10	15.628
859.28	15.281
859.46	15.613
859.64	15.854
859.81	15.682
859.99	15.993
860.17	16.118
860.35	16.171
860.53	16.107
860.71	16.340
860.89	16.022
861.07	16.061
861.25	15.895
861.43	15.931
861.61	16.147
861.79	16.047
861.97	15.970
862.15	16.021
862.33	15.425
862.50	16.398
862.68	16.551
862.86	16.536
863.04	16.282
863.22	16.240
863.40	16.416
863.58	16.165
863.76	16.786
863.94	16.513
864.12	16.599
864.30	16.691
864.47	16.923
864.65	16.254
864.83	16.577
865.01	16.629
865.19	16.443
865.37	16.341
865.55	16.802
865.73	17.050
865.91	17.064
866.09	16.940
866.26	16.662
866.44	16.951
866.62	17.109
866.80	16.796
866.98	17.270
867.16	17.283
867.34	17.081
867.52	17.349
867.69	17.235
867.87	17.363
868.05	17.455
868.23	17.123
868.41	17.170
868.59	17.436
868.77	16.921
868.94	17.354
869.12	17.750
869.30	17.521
869.48	17.217
869.66	17.634
869.84	17.870
870.02	17.881
870.19	18.047
870.37	17.400
870.55	18.177
870.73	18.075
870.91	18.127
871.09	17.673
871.26	18.100
871.44	17.949
871.62	17.997
871.80	18.313
871.98	18.009
872.16	18.525
872.33	18.045
872.51	17.948
872.69	18.151
872.87	18.543
873.05	18.235
873.22	18.899
873.40	18.550
873.58	18.247
873.76	18.863
873.94	19.012
874.12	18.395
874.29	18.947
874.47	18.382
874.65	18.384
874.83	19.085
875.01	19.078
875.18	19.048
875.36	18.915
875.54	18.687
875.72	18.610
875.89	19.034
876.07	18.536
876.25	19.803
876.43	19.271
876.61	19.524
876.78	19.052
876.96	19.503
877.14	19.455
877.32	18.937
877.49	19.259
877.67	19.541
877.85	19.753
878.03	19.687
878.21	20.183
878.38	19.601
878.56	20.105
878.74	19.710
878.92	19.545
879.09	19.790
879.27	19.557
879.45	19.977
879.63	19.914
879.80	20.225
879.98	19.921
880.16	19.932
880.34	19.693
880.51	20.406
880.69	19.990
880.87	20.314
881.05	19.818
881.22	20.402
881.40	20.623
881.58	20.768
881.75	20.403
881.93	20.681
882.11	20.624
882.29	20.637
882.46	20.549
882.64	20.732
882.82	20.909
883.00	20.335
883.17	20.614
883.35	20.783
883.53	21.179
883.70	20.886
883.88	20.489
884.06	20.384
884.23	21.074
884.41	20.630
884.59	20.640
884.77	20.581
884.94	20.595
885.12	20.649
885.30	20.629
885.47	21.298
885.65	20.500
885.83	20.943
886.00	20.901
886.18	20.549
886.36	20.579
886.53	21.094
886.71	20.949
886.89	21.016
887.07	21.502
887.24	20.878
887.42	20.876
887.60	21.106
887.77	20.724
887.95	20.697
888.13	20.847
888.30	20.997
888.48	21.383
888.66	21.728
888.83	21.304
889.01	20.697
889.18	20.933
889.36	21.508
889.54	21.261
889.71	21.271
889.89	21.341
890.07	21.265
890.24	21.292
890.42	21.456
890.60	21.214
890.77	21.417
890.95	21.824
891.13	21.229
891.30	21.875
891.48	21.665
891.65	20.945
891.83	21.136
892.01	21.408
892.18	21.665
892.36	21.987
892.54	21.088
892.71	21.533
892.89	21.516
893.06	21.344
893.24	21.539
893.42	21.697
893.59	21.756
893.77	21.446
893.94	21.889
894.12	22.103
894.30	21.925
894.47	21.781
894.65	22.256
894.82	21.724
895.00	21.913
895.18	21.846
895.35	21.378
895.53	21.650
895.70	21.864
895.88	22.428
896.06	21.697
896.23	21.874
896.41	21.510
896.58	21.872
896.76	21.775
896.93	22.138
897.11	21.994
897.29	21.882
897.46	22.039
897.64	22.331
897.81	22.870
897.99	22.175
898.16	22.092
898.34	22.003
898.52	22.400
898.69	22.124
898.87	22.221
899.04	21.861
899.22	21.837
899.39	22.533
899.57	22.424
899.74	22.207
899.92	22.603
900.10	22.601
900.27	22.707
900.45	23.023
900.62	23.138
900.80	22.631
900.97	22.747
901.15	22.871
901.32	22.717
901.50	22.897
901.67	23.134
901.85	22.811
902.02	22.743
902.20	23.109
902.37	22.705
902.55	22.682
902.72	23.012
902.90	23.099
903.07	23.280
903.25	23.107
903.43	23.044
903.60	22.855
903.78	22.899
903.95	22.851
904.13	22.835
904.30	22.869
904.48	23.330
904.65	23.134
904.83	23.030
905.00	23.297
905.17	22.943
905.35	23.172
905.52	23.505
905.70	23.570
905.87	23.144
906.05	23.095
906.22	23.799
906.40	23.510
906.57	23.426
906.75	23.156
906.92	22.897
907.10	23.226
907.27	23.372
907.45	23.294
907.62	24.236
907.80	23.221
907.97	23.365
908.15	23.869
908.32	23.701
908.49	23.485
908.67	23.496
908.84	23.499
909.02	23.587
909.19	23.597
909.37	23.283
909.54	24.174
909.72	23.965
909.89	24.141
910.07	24.055
910.24	23.648
910.41	23.756
910.59	24.099
910.76	23.377
910.94	24.635
911.11	23.759
911.29	23.745
911.46	24.106
911.63	24.614
911.81	24.564
911.98	23.968
912.16	24.279
912.33	24.409
912.50	24.328
912.68	24.757
912.85	24.547
913.03	24.918
913.20	24.777
913.38	24.657
913.55	25.197
913.72	24.737
913.90	24.973
914.07	24.561
914.25	24.894
914.42	25.407
914.59	24.877
914.77	24.668
914.94	24.948
915.11	24.912
915.29	24.902
915.46	24.568
915.64	24.568
915.81	24.757
915.98	25.094
916.16	25.105
916.33	24.964
916.51	24.957
916.68	25.076
916.85	25.107
917.03	25.134
917.20	24.372
917.37	25.311
917.55	25.267
917.72	25.268
917.89	24.996
918.07	25.376
918.24	25.154
918.42	24.814
918.59	25.299
918.76	24.697
918.94	25.012
919.11	25.129
919.28	24.958
919.46	24.924
919.63	24.809
919.80	25.491
919.98	25.445
920.15	25.029
920.32	25.269
920.50	25.262
920.67	24.812
920.84	25.324
921.02	24.732
921.19	25.919
921.36	24.937
921.54	24.862
921.71	25.425
921.88	25.346
922.06	25.305
922.23	25.491
922.40	25.231
922.57	25.009
922.75	25.611
922.92	25.876
923.09	25.597
923.27	25.408
923.44	25.456
923.61	25.249
923.79	25.649
923.96	26.297
924.13	26.167
924.30	25.927
924.48	26.550
924.65	25.956
924.82	25.584
925.00	25.697
925.17	26.036
925.34	25.981
925.51	25.813
925.69	25.809
925.86	25.950
926.03	25.997
926.21	25.840
926.38	26.104
926.55	26.051
926.72	25.985
926.90	26.461
927.07	26.368
927.24	26.392
927.41	26.458
927.59	26.123
927.76	26.251
927.93	26.398
928.10	26.174
928.28	26.171
928.45	25.901
928.62	26.488
928.79	26.737
928.97	26.353
929.14	25.908
929.31	26.287
929.48	26.391
929.66	26.281
929.83	25.804
930.00	26.628
930.17	25.967
930.34	26.423
930.52	26.514
930.69	26.136
930.86	26.648
931.03	26.382
931.21	26.788
931.38	26.119
931.55	26.967
931.72	26.363
931.89	26.759
932.07	26.199
932.24	27.060
932.41	26.535
932.58	26.468
932.75	26.313
932.93	27.014
933.10	26.449
933.27	26.218
933.44	26.739
933.61	26.624
933.79	26.836
933.96	26.359
934.13	26.890
934.30	26.696
934.47	26.886
934.65	26.895
934.82	26.732
934.99	26.280
935.16	26.747
935.33	26.832
935.50	26.987
935.68	27.296
935.85	27.316
936.02	26.930
936.19	27.128
936.36	27.615
936.53	27.462
936.71	27.467
936.88	27.867
937.05	27.028
937.22	27.799
937.39	27.613
937.56	27.389
937.74	27.365
937.91	28.227
938.08	27.359
938.25	27.460
938.42	27.855
938.59	27.587
938.76	27.931
938.94	27.875
939.11	28.247
939.28	27.684
939.45	27.121
939.62	27.360
939.79	27.622
939.96	27.219
940.13	26.824
940.31	28.218
940.48	28.140
940.65	27.014
940.82	27.926
940.99	27.534
941.16	27.551
941.33	26.779
941.50	27.719
941.67	27.386
941.85	27.683
942.02	26.946
942.19	26.964
942.36	27.295
942.53	27.763
942.70	27.577
942.87	27.005
943.04	26.956
943.21	27.991
943.38	27.654
943.56	27.901
943.73	27.142
943.90	27.710
944.07	27.406
944.24	27.267
944.41	27.577
944.58	27.732
944.75	27.641
944.92	28.078
945.09	27.517
945.26	26.962
945.43	27.087
945.60	26.616
945.78	26.936
945.95	28.199
946.12	27.334
946.29	27.653
946.46	27.522
946.63	27.195
946.80	27.064
946.97	27.283
947.14	26.840
947.31	27.863
947.48	27.700
947.65	27.629
947.82	27.711
947.99	27.903
948.16	27.253
948.33	28.061
948.50	28.175
948.67	28.057
948.84	28.478
949.01	27.985
949.18	27.770
949.35	28.705
949.52	27.963
949.69	27.739
949.86	27.742
950.03	28.666
950.20	27.941
950.38	28.817
950.55	28.789
950.72	28.239
950.89	28.290
951.06	27.983
951.23	28.252
951.40	28.514
951.57	27.796
951.74	27.385
951.91	27.426
952.08	27.008
952.25	27.907
952.42	28.128
952.59	27.986
952.76	27.928
952.92	27.699
953.09	27.686
953.26	28.143
953.43	26.942
953.60	27.566
953.77	27.404
953.94	27.476
954.11	28.168
954.28	27.575
954.45	27.896
954.62	27.603
954.79	27.692
954.96	28.037
955.13	28.089
955.30	26.123
955.47	27.291
955.64	26.900
955.81	27.793
955.98	26.804
956.15	27.669
956.32	28.427
956.49	27.815
956.66	27.667
956.83	29.082
957.00	27.926
957.17	28.002
957.33	27.584
957.50	27.672
957.67	28.643
957.84	28.825
958.01	28.133
958.18	28.211
958.35	27.448
958.52	28.315
958.69	28.400
958.86	28.127
959.03	27.798
959.20	28.140
959.37	27.956
959.53	27.786
959.70	28.125
959.87	27.038
960.04	28.061
960.21	27.519
960.38	27.323
960.55	27.844
960.72	29.127
960.89	27.896
961.06	27.881
961.23	27.519
961.39	27.646
961.56	27.754
961.73	28.637
961.90	28.237
962.07	28.773
962.24	28.551
962.41	27.684
962.58	27.989
962.75	28.050
962.91	28.621
963.08	28.403
963.25	28.962
963.42	28.044
963.59	27.423
963.76	28.991
963.93	29.055
964.09	28.173
964.26	28.562
964.43	29.136
964.60	29.456
964.77	28.922
964.94	28.393
965.11	28.493
965.27	28.615
965.44	28.961
965.61	28.212
965.78	27.964
965.95	28.528
966.12	28.342
966.29	28.149
966.45	28.547
966.62	28.503
966.79	28.486
966.96	28.973
967.13	28.119
967.30	28.750
967.46	28.858
967.63	27.995
967.80	28.353
967.97	28.960
968.14	27.778
968.30	28.767
968.47	27.970
968.64	29.218
968.81	28.460
968.98	28.234
969.15	29.033
969.31	28.192
969.48	28.174
969.65	27.775
969.82	27.044
969.99	26.688
970.15	27.889
970.32	28.069
970.49	28.621
970.66	28.160
970.82	27.890
970.99	26.888
971.16	28.199
971.33	28.175
971.50	27.420
971.66	27.782
971.83	28.034
972.00	28.228
972.17	28.321
972.34	27.842
972.50	28.773
972.67	28.226
972.84	28.140
973.01	27.851
973.17	27.618
973.34	28.555
973.51	27.928
973.68	28.114
973.84	27.422
974.01	27.672
974.18	28.403
974.35	28.964
974.51	28.477
974.68	28.537
974.85	28.078
975.02	28.255
975.18	28.816
975.35	28.258
975.52	28.166
975.69	29.405
975.85	29.883
976.02	28.650
976.19	28.871
976.36	29.236
976.52	28.161
976.69	29.579
976.86	28.541
977.02	28.482
977.19	28.332
977.36	29.338
977.53	28.637
977.69	29.275
977.86	28.886
978.03	29.275
978.19	29.979
978.36	29.020
978.53	29.572
978.70	29.818
978.86	28.576
979.03	29.510
979.20	28.947
979.36	29.492
979.53	29.333
979.70	30.005
979.86	29.836
980.03	30.438
980.20	29.400
980.36	28.752
980.53	29.353
980.70	29.000
980.86	29.514
981.03	30.920
981.20	29.472
981.36	29.601
981.53	28.737
981.70	29.599
981.86	29.803
982.03	29.191
982.20	30.239
982.36	29.935
982.53	28.771
982.70	30.254
982.86	30.546
983.03	29.118
983.20	30.038
983.36	29.218
983.53	29.374
983.70	29.634
983.86	30.047
984.03	29.862
984.20	29.242
984.36	29.567
984.53	29.919
984.70	29.229
984.86	28.843
985.03	30.240
985.19	29.494
985.36	29.383
985.53	29.990
985.69	28.621
985.86	29.463
986.03	29.071
986.19	29.566
986.36	28.663
986.52	29.093
986.69	28.596
986.86	29.180
987.02	29.999
987.19	30.564
987.35	28.362
987.52	28.846
987.69	30.397
987.85	28.653
988.02	29.790
988.18	30.448
988.35	28.766
988.52	30.725
988.68	29.208
988.85	30.899
989.01	30.070
989.18	29.850
989.35	29.859
989.51	29.950
989.68	29.989
989.84	29.176
990.01	30.883
990.17	30.685
990.34	30.011
990.51	30.467
990.67	30.399
990.84	29.646
991.00	29.128
991.17	30.358
991.33	29.977
991.50	30.685
991.66	31.038
991.83	30.220
992.00	30.503
992.16	31.506
992.33	29.167
992.49	30.063
992.66	31.299
992.82	30.907
992.99	29.999
993.15	30.899
993.32	30.893
993.48	31.135
993.65	31.172
993.82	29.372
993.98	30.967
994.15	31.653
994.31	31.194
994.48	31.345
994.64	31.586
994.81	30.725
994.97	31.755
995.14	31.341
995.30	31.527
995.47	31.504
995.63	32.458
995.80	30.307
995.96	30.443
996.13	31.125
996.29	30.827
996.46	30.940
996.62	30.328
996.79	30.937
996.95	31.407
997.12	31.457
997.28	31.342
997.45	31.774
997.61	30.848
997.78	29.826
997.94	31.262
998.11	31.450
998.27	31.162
998.44	31.384
998.60	31.343
998.77	31.140
998.93	31.688
999.10	31.907
999.26	32.218
999.43	31.477
999.59	30.739
999.75	31.039
999.92	30.670
1000.08	30.326
1000.25	30.331
1000.41	32.184
1000.58	31.692
1000.74	31.559
1000.91	31.838
1001.07	31.854
1001.24	31.931
1001.40	32.438
1001.56	33.455
1001.73	35.178
1001.89	31.677
1002.06	32.409
1002.22	31.111
1002.39	31.328
1002.55	32.057
1002.71	32.281
1002.88	31.836
1003.04	32.719
1003.21	30.898
1003.37	32.650
1003.54	31.602
1003.70	33.549
1003.86	33.812
1004.03	34.030
1004.19	31.973
1004.36	33.910
1004.52	32.838
1004.68	32.272
1004.85	33.143
1005.01	33.697
1005.18	31.991
1005.34	32.327
1005.50	31.560
1005.67	32.216
1005.83	33.292
1006.00	33.873
1006.16	32.254
1006.32	34.433
1006.49	32.152
1006.65	33.077
1006.82	33.090
1006.98	33.377
1007.14	33.419
1007.31	34.684
1007.47	32.967
1007.63	35.586
1007.80	31.926
1007.96	33.370
1008.13	35.256
1008.29	33.912
1008.45	35.230
1008.62	33.584
1008.78	33.508
1008.94	34.548
1009.11	35.438
1009.27	37.704
1009.43	33.237
1009.60	34.201
1009.76	34.580
1009.92	34.391
1010.09	35.027
1010.25	33.838
1010.42	34.811
1010.58	34.141
1010.74	34.392
1010.91	34.823
1011.07	34.187
1011.23	35.823
1011.40	35.201
1011.56	34.128
1011.72	36.932
1011.89	34.999
1012.05	34.670
1012.21	34.954
1012.37	36.763
1012.54	35.270
1012.70	35.165
1012.86	34.436
1013.03	36.851
1013.19	36.207
1013.35	36.021
1013.52	35.356
1013.68	34.838
1013.84	35.276
1014.01	33.942
1014.17	36.959
1014.33	35.669
1014.49	36.700
1014.66	35.704
1014.82	37.025
1014.98	36.001
1015.15	37.524
1015.31	36.591
1015.47	36.608
1015.63	35.394
1015.80	34.333
1015.96	39.081
1016.12	36.887
1016.29	37.310
1016.45	34.595
1016.61	36.574
1016.77	34.811
1016.94	37.451
1017.10	36.816
1017.26	38.202
1017.42	37.713
1017.59	38.307
1017.75	37.293
1017.91	37.824
1018.07	39.357
1018.24	36.899
1018.40	38.324
1018.56	37.963
1018.72	38.583
1018.89	40.171
1019.05	38.910
1019.21	36.919
1019.37	38.694
1019.54	39.115
1019.70	40.020
1019.86	36.404
1020.02	37.561
1020.19	39.331
1020.35	39.276
1020.51	41.122
1020.67	43.468
1020.83	40.316
1021.00	40.063
1021.16	43.571
1021.32	36.916
1021.48	38.996
1021.64	42.743
1021.81	38.904
1021.97	40.936
1022.13	42.355
1022.29	37.867
1022.45	41.951
1022.62	39.311
1022.78	44.051
1022.94	41.765
1023.10	40.596
1023.26	43.555
1023.43	42.926
1023.59	41.688
1023.75	44.426
1023.91	42.797
1024.07	42.143
1024.24	41.514
1024.40	47.316
1024.56	43.378
1024.72	43.871
1024.88	40.983
1025.04	40.457
1025.21	45.548
1025.37	44.220
1025.53	43.696
1025.69	45.770
1025.85	43.182
1026.01	49.246
1026.18	44.406
1026.34	42.339
1026.50	50.653
1026.66	48.662
1026.82	46.974
1026.98	48.334
1027.14	42.912
1027.31	45.302
1027.47	47.894
1027.63	48.105
1027.79	48.179
1027.95	50.903
1028.11	46.574
1028.27	49.752
1028.44	48.694
1028.60	48.476
1028.76	50.947
1028.92	49.826
1029.08	52.475
1029.24	50.002
1029.40	54.611
1029.56	52.016
1029.73	54.564
1029.89	52.827
1030.05	49.398
1030.21	59.492
1030.37	52.452
1030.53	57.593
1030.69	47.418
1030.85	52.748
1031.01	54.753
1031.17	56.253
1031.34	55.707
1031.50	50.825
1031.66	50.605
1031.82	55.804
1031.98	52.654
1032.14	57.969
1032.30	59.150
1032.46	59.019
1032.62	60.780
1032.78	55.830
1032.94	56.953
1033.10	61.994
1033.27	59.880
1033.43	58.789
1033.59	60.967
1033.75	59.954
1033.91	71.476
1034.07	61.697
1034.23	67.630
1034.39	65.897
1034.55	76.174
1034.71	66.870
1034.87	64.968
1035.03	63.725
1035.19	64.301
1035.35	62.229
1035.51	72.527
1035.67	61.976
1035.83	64.933
1035.99	68.724
1036.16	64.384
1036.32	70.710
1036.48	64.753
1036.64	80.224
1036.80	78.115
1036.96	70.797
1037.12	66.731
1037.28	71.806
1037.44	75.999
1037.60	76.737
1037.76	72.957
1037.92	82.616
1038.08	71.625
1038.24	74.953
1038.40	95.691
1038.56	78.649
1038.72	83.908
1038.88	67.484
1039.04	78.646
1039.20	90.510
1039.36	93.622
1039.52	106.118
1039.68	77.730
1039.84	88.646
1040.00	96.459
1040.16	104.122
1040.32	114.429
1040.48	126.854
1040.64	92.343
1040.80	128.538
1040.96	116.747
1041.12	110.676
1041.28	119.661
1041.44	129.261
1041.60	115.344
1041.76	114.550
1041.92	114.052
1042.08	118.469
1042.24	122.034
1042.39	157.975
1042.55	153.507
1042.71	157.104
1042.87	138.890
1043.03	150.819
1043.19	129.511
