345.44	-8.34
345.66	-8.34
345.88	-8.34
346.10	-32.91
346.31	5.18
346.53	-4.85
346.75	7.23
346.97	-4.24
347.19	4.36
347.41	1.49
347.63	29.35
347.85	16.65
348.07	32.21
348.29	1.29
348.51	3.54
348.73	11.73
348.95	6.61
349.17	4.77
349.39	27.09
349.61	22.59
349.83	37.13
350.05	18.29
350.27	7.64
350.49	19.72
350.71	37.33
350.93	18.08
351.15	52.90
351.37	25.05
351.59	23.00
351.80	40.41
352.02	33.24
352.24	4.16
352.46	38.15
352.68	20.75
352.90	37.54
353.12	34.26
353.34	24.64
353.56	30.99
353.78	47.37
354.00	23.00
354.22	23.41
354.44	14.81
354.66	25.87
354.88	29.96
355.09	26.07
355.31	32.62
355.53	33.24
355.75	38.97
355.97	38.15
356.19	21.36
356.41	38.77
356.63	50.24
356.85	61.30
357.07	24.64
357.29	25.46
357.50	16.44
357.72	24.84
357.94	26.07
358.16	32.62
358.38	23.20
358.60	44.50
358.82	32.42
359.04	52.90
359.26	38.56
359.48	51.06
359.69	33.24
359.91	22.38
360.13	15.22
360.35	28.73
360.57	21.77
360.79	33.65
361.01	20.75
361.23	109.01
361.45	29.96
361.66	38.15
361.88	34.67
362.10	40.00
362.32	2.52
362.54	41.63
362.76	30.58
362.98	50.44
363.20	26.48
363.41	31.60
363.63	36.31
363.85	27.09
364.07	24.43
364.29	36.31
364.51	35.70
364.73	59.66
364.94	25.66
365.16	42.04
365.38	12.96
365.60	33.03
365.82	21.56
366.04	25.46
366.26	41.22
366.47	33.85
366.69	29.14
366.91	42.25
367.13	22.59
367.35	23.82
367.57	35.08
367.79	35.29
368.00	51.67
368.22	26.27
368.44	28.73
368.66	40.00
368.88	18.90
369.10	33.24
369.31	54.95
369.53	45.53
369.75	28.53
369.97	33.44
370.19	39.59
370.41	26.48
370.62	21.15
370.84	24.64
371.06	32.62
371.28	36.51
371.50	32.21
371.71	39.79
371.93	42.25
372.15	42.04
372.37	19.31
372.59	24.84
372.80	47.98
373.02	48.80
373.24	53.51
373.46	46.14
373.68	28.94
373.90	53.51
374.11	13.99
374.33	39.59
374.55	19.93
374.77	46.34
374.98	42.25
375.20	29.35
375.42	37.13
375.64	39.79
375.86	54.74
376.07	35.08
376.29	11.12
376.51	35.70
376.73	29.96
376.95	35.70
377.16	38.36
377.38	70.92
377.60	40.82
377.82	32.83
378.03	44.30
378.25	35.70
378.47	26.48
378.69	42.45
378.91	34.06
379.12	49.83
379.34	28.12
379.56	34.88
379.78	4.98
379.99	43.27
380.21	34.47
380.43	34.88
380.65	41.22
380.86	47.57
381.08	36.72
381.30	45.53
381.52	43.68
381.73	51.26
381.95	42.45
382.17	18.70
382.39	31.19
382.60	30.37
382.82	33.85
383.04	39.18
383.26	35.08
383.47	52.28
383.69	42.66
383.91	37.33
384.13	36.11
384.34	38.56
384.56	56.99
384.78	46.96
385.00	54.74
385.21	66.21
385.43	48.60
385.65	51.06
385.86	40.41
386.08	44.09
386.30	35.90
386.52	46.34
386.73	44.09
386.95	40.00
387.17	42.66
387.38	36.51
387.60	37.95
387.82	53.51
388.04	37.33
388.25	64.16
388.47	23.82
388.69	43.68
388.90	46.96
389.12	47.16
389.34	50.65
389.56	40.20
389.77	47.57
389.99	40.00
390.21	35.90
390.42	40.82
390.64	29.96
390.86	55.56
391.07	38.56
391.29	50.85
391.51	24.02
391.72	56.79
391.94	47.98
392.16	43.48
392.38	46.34
392.59	52.90
392.81	45.12
393.03	48.39
393.24	36.72
393.46	49.01
393.68	56.99
393.89	59.04
394.11	64.16
394.33	59.45
394.54	63.55
394.76	47.78
394.98	69.90
395.19	60.89
395.41	57.20
395.63	48.60
395.84	43.89
396.06	77.47
396.28	59.45
396.49	61.50
396.71	64.37
396.93	74.20
397.14	45.12
397.36	78.09
397.57	59.66
397.79	50.03
398.01	42.04
398.22	77.27
398.44	48.39
398.66	71.33
398.87	61.09
399.09	72.97
399.31	61.50
399.52	61.30
399.74	54.54
399.96	47.37
400.17	53.51
400.39	51.67
400.60	53.51
400.82	61.70
401.04	49.62
401.25	57.81
401.47	32.83
401.69	72.76
401.90	64.98
402.12	63.55
402.33	44.30
402.55	61.91
402.77	52.90
402.98	86.08
403.20	50.44
403.41	78.70
403.63	51.67
403.85	70.72
404.06	61.70
404.28	58.84
404.49	48.19
404.71	59.66
404.93	45.94
405.14	84.85
405.36	59.04
405.57	79.93
405.79	61.30
406.01	77.47
406.22	67.03
406.44	51.46
406.65	44.91
406.87	66.82
407.09	73.17
407.30	54.13
407.52	70.51
407.73	109.22
407.95	79.11
408.17	56.99
408.38	27.09
408.60	92.42
408.81	68.26
409.03	69.08
409.24	48.19
409.46	82.18
409.68	84.85
409.89	78.70
410.11	60.27
410.32	74.40
410.54	68.46
410.75	80.75
410.97	72.56
411.18	90.99
411.40	86.28
411.62	86.69
411.83	56.79
412.05	68.26
412.26	87.10
412.48	74.81
412.69	100.41
412.91	115.16
413.12	77.06
413.34	90.17
413.56	78.50
413.77	84.85
413.99	88.12
414.20	81.37
414.42	67.85
414.63	91.40
414.85	67.23
415.06	84.23
415.28	59.66
415.49	90.99
415.71	86.69
415.92	83.00
416.14	90.38
416.35	64.78
416.57	79.93
416.79	77.27
417.00	81.98
417.22	109.42
417.43	46.55
417.65	71.13
417.86	89.97
418.08	97.34
418.29	85.87
418.51	79.11
418.72	74.61
418.94	80.34
419.15	94.27
419.37	119.25
419.58	67.44
419.80	103.89
420.01	71.74
420.23	97.95
420.44	92.63
420.66	89.15
420.87	101.44
421.09	79.52
421.30	89.97
421.52	115.57
421.73	88.53
421.95	82.59
422.16	65.80
422.38	114.13
422.59	95.29
422.81	106.15
423.02	100.00
423.23	86.89
423.45	120.69
423.66	107.78
423.88	117.82
424.09	113.72
424.31	99.80
424.52	91.40
424.74	113.72
424.95	109.01
425.17	72.56
425.38	112.29
425.60	103.48
425.81	120.07
426.03	95.29
426.24	109.83
426.45	117.20
426.67	128.26
426.88	92.01
427.10	131.34
427.31	118.64
427.53	105.94
427.74	121.71
427.96	91.61
428.17	115.16
428.39	123.14
428.60	124.37
428.81	126.63
429.03	117.00
429.24	134.41
429.46	129.29
429.67	105.33
429.89	115.16
430.10	138.71
430.31	134.20
430.53	158.16
430.74	127.44
430.96	128.47
431.17	127.44
431.39	118.43
431.60	129.49
431.81	146.29
432.03	123.96
432.24	152.63
432.46	121.91
432.67	126.63
432.89	106.15
433.10	157.34
433.31	138.71
433.53	140.35
433.74	137.07
433.96	162.46
434.17	144.44
434.38	149.56
434.60	126.83
434.81	136.87
435.03	152.02
435.24	174.34
435.45	149.36
435.67	156.32
435.88	132.97
436.10	160.42
436.31	151.82
436.52	152.84
436.74	161.65
436.95	175.78
437.17	168.40
437.38	156.32
437.59	132.36
437.81	168.20
438.02	166.56
438.23	163.28
438.45	188.68
438.66	186.84
438.88	162.67
439.09	176.60
439.30	169.63
439.52	134.20
439.73	169.02
439.94	185.40
440.16	160.83
440.37	180.69
440.58	179.46
440.80	201.17
441.01	189.50
441.23	186.84
441.44	169.63
441.65	196.67
441.87	192.37
442.08	162.46
442.29	206.29
442.51	188.47
442.72	165.54
442.93	178.03
443.15	210.59
443.36	190.73
443.57	205.27
443.79	189.29
444.00	172.91
444.21	203.22
444.43	217.76
444.64	220.42
444.85	177.21
445.07	209.16
445.28	189.50
445.49	234.76
445.71	195.23
445.92	211.21
446.13	203.83
446.35	187.65
446.56	196.26
446.77	200.56
446.99	220.01
447.20	227.18
447.41	206.91
447.63	222.47
447.84	195.85
448.05	187.04
448.27	204.65
448.48	204.45
448.69	227.39
448.90	185.61
449.12	220.83
449.33	236.19
449.54	209.77
449.76	215.92
449.97	245.82
450.18	224.93
450.40	220.83
450.61	211.00
450.82	197.69
451.03	214.48
451.25	223.08
451.46	217.56
451.67	226.16
451.89	240.90
452.10	213.87
452.31	235.78
452.52	253.80
452.74	252.58
452.95	225.34
453.16	247.66
453.38	247.25
453.59	238.65
453.80	235.37
454.01	240.70
454.23	259.33
454.44	246.64
454.65	263.84
454.86	286.78
455.08	273.06
455.29	273.06
455.50	254.21
455.71	259.54
455.93	289.85
456.14	297.63
456.35	245.41
456.56	273.87
456.78	256.26
456.99	285.14
457.20	269.98
457.41	257.29
457.63	267.94
457.84	302.96
458.05	263.63
458.26	286.57
458.48	268.75
458.69	321.80
458.90	292.92
459.11	297.84
459.33	298.86
459.54	307.67
459.75	293.94
459.96	342.69
460.18	316.88
460.39	307.67
460.60	318.32
460.81	343.71
461.02	353.13
461.24	332.65
461.45	308.48
461.66	353.95
461.87	340.84
462.09	331.63
462.30	298.86
462.51	353.34
462.72	320.77
462.93	347.81
463.15	374.43
463.36	354.97
463.57	359.48
463.78	351.70
463.99	365.62
464.21	368.70
464.42	385.90
464.63	389.79
464.84	382.01
465.05	387.74
465.27	387.33
465.48	380.78
465.69	378.32
465.90	382.21
466.11	385.08
466.33	377.91
466.54	407.20
466.75	409.45
466.96	399.62
467.17	435.46
467.38	413.14
467.60	407.81
467.81	435.66
468.02	428.70
468.23	418.87
468.44	437.30
468.65	435.87
468.87	441.19
469.08	444.27
469.29	439.76
469.50	445.90
469.71	437.71
469.92	443.65
470.14	457.37
470.35	461.06
470.56	455.32
470.77	454.30
470.98	454.10
471.19	452.25
471.41	473.55
471.62	470.48
471.83	490.55
472.04	477.85
472.25	515.74
472.46	495.87
472.67	501.61
472.89	509.80
473.10	567.55
473.31	519.43
473.52	539.50
473.73	518.81
473.94	554.65
474.15	531.92
474.37	542.98
474.58	545.84
474.79	562.02
475.00	571.44
475.21	587.42
475.42	576.15
475.63	583.12
475.84	571.65
476.06	581.27
476.27	585.98
476.48	597.86
476.69	571.03
476.90	625.72
477.11	626.94
477.32	589.06
477.53	613.02
477.74	651.93
477.96	640.46
478.17	661.96
478.38	670.77
478.59	663.60
478.80	675.28
479.01	651.93
479.22	688.38
479.43	675.48
479.64	690.23
479.85	697.19
480.06	713.57
480.28	677.53
480.49	726.07
480.70	710.09
480.91	732.62
481.12	742.86
481.33	747.98
481.54	767.23
481.75	759.45
481.96	721.77
482.17	757.40
482.38	774.60
482.59	780.75
482.81	762.52
483.02	788.53
483.23	769.48
483.44	798.97
483.65	809.83
483.86	847.10
484.07	809.83
484.28	818.43
484.49	815.77
484.70	843.62
484.91	845.26
485.12	833.99
485.33	844.85
485.54	846.28
485.75	844.85
485.96	871.06
486.17	902.40
486.38	889.90
486.60	889.49
486.81	900.35
487.02	925.33
487.23	923.08
487.44	912.84
487.65	906.08
487.86	941.72
488.07	948.07
488.28	975.30
488.49	932.71
488.70	975.51
488.91	968.14
489.12	982.27
489.33	982.88
489.54	1012.58
489.75	1017.49
489.96	990.87
490.17	1012.17
490.38	998.04
490.59	1027.73
490.80	1015.24
491.01	1003.77
491.22	1073.20
491.43	1034.69
491.64	1070.94
491.85	1033.88
492.06	1049.64
492.27	1076.06
492.48	1052.31
492.69	1050.87
492.90	1084.05
493.11	1075.24
493.32	1084.05
493.53	1112.93
493.74	1106.17
493.95	1104.94
494.16	1140.57
494.37	1106.37
494.58	1136.07
494.79	1132.59
495.00	1124.19
495.21	1145.28
495.42	1170.27
495.63	1147.95
495.84	1118.46
496.05	1181.94
496.26	1152.04
496.47	1195.26
496.68	1158.39
496.89	1162.69
497.10	1185.43
497.31	1174.78
497.52	1205.29
497.73	1197.71
497.94	1195.26
498.15	1212.46
498.36	1214.51
498.57	1231.91
498.78	1203.24
498.99	1211.23
499.19	1241.54
499.40	1229.46
499.61	1259.15
499.82	1231.91
500.03	1271.44
500.24	1278.40
500.45	1259.36
500.66	1299.09
500.87	1240.93
501.08	1282.29
501.29	1322.23
501.50	1250.55
501.71	1312.60
501.92	1314.65
502.13	1313.42
502.34	1322.84
502.55	1306.87
502.76	1337.79
502.96	1323.05
503.17	1349.47
503.38	1311.58
503.59	1349.26
503.80	1355.20
504.01	1344.14
504.22	1350.29
504.43	1355.20
504.64	1368.31
504.85	1361.76
505.06	1371.38
505.27	1346.40
505.47	1389.81
505.68	1372.81
505.89	1392.27
506.10	1379.37
506.31	1426.88
506.52	1405.38
506.73	1383.67
506.94	1406.40
507.15	1393.91
507.36	1424.83
507.56	1404.76
507.77	1429.13
507.98	1406.81
508.19	1406.40
508.40	1443.06
508.61	1429.54
508.82	1492.21
509.03	1418.89
509.24	1459.65
509.44	1452.07
509.65	1447.57
509.86	1472.76
510.07	1458.01
510.28	1501.63
510.49	1478.69
510.70	1484.22
510.91	1503.27
511.11	1476.24
511.32	1535.63
511.53	1478.49
511.74	1468.45
511.95	1531.94
512.16	1495.90
512.37	1526.82
512.58	1519.24
512.78	1545.87
512.99	1568.19
513.20	1540.95
513.41	1544.23
513.62	1563.48
513.83	1550.17
514.04	1557.13
514.24	1531.12
514.45	1561.64
514.66	1567.37
514.87	1593.99
515.08	1575.77
515.29	1602.19
515.49	1590.92
515.70	1606.69
515.91	1599.52
516.12	1603.83
516.33	1638.23
516.54	1622.67
516.74	1635.98
516.95	1630.04
517.16	1627.38
517.37	1646.42
517.58	1671.61
517.79	1675.91
517.99	1692.30
518.20	1682.47
518.41	1694.35
518.62	1690.86
518.83	1684.72
519.03	1703.97
519.24	1721.17
519.45	1716.26
519.66	1729.57
519.87	1735.92
520.07	1731.62
520.28	1755.37
520.49	1777.49
520.70	1762.75
520.91	1759.06
521.12	1766.43
521.32	1797.15
521.53	1794.70
521.74	1814.15
521.95	1797.56
522.15	1837.91
522.36	1783.43
522.57	1821.52
522.78	1806.16
522.99	1807.60
523.19	1857.36
523.40	1842.00
523.61	1841.59
523.82	1851.63
524.03	1877.84
524.23	1916.96
524.44	1911.84
524.65	1859.82
524.86	1913.27
525.06	1906.11
525.27	1910.20
525.48	1904.26
525.69	1951.16
525.89	1956.28
526.10	1941.74
526.31	1964.27
526.52	1982.29
526.72	1988.43
526.93	1983.11
527.14	1999.29
527.35	2037.18
527.56	1994.37
527.76	2019.77
527.97	2024.68
528.18	2079.57
528.38	2057.04
528.59	2069.53
528.80	2065.03
529.01	2072.20
529.21	2087.35
529.42	2076.70
529.63	2104.76
529.84	2138.96
530.04	2101.69
530.25	2148.18
530.46	2171.93
530.67	2111.31
530.87	2152.07
531.08	2140.60
531.29	2169.47
531.50	2197.12
531.70	2183.81
531.91	2207.57
532.12	2239.11
532.32	2184.22
532.53	2207.16
532.74	2238.08
532.95	2246.07
533.15	2252.42
533.36	2263.27
533.57	2298.91
533.77	2187.29
533.98	2266.75
534.19	2310.99
534.39	2321.43
534.60	2302.80
534.81	2336.38
535.02	2346.83
535.22	2356.25
535.43	2346.21
535.64	2319.59
535.84	2381.44
536.05	2343.35
536.26	2378.37
536.46	2383.28
536.67	2409.50
536.88	2393.52
537.08	2415.44
537.29	2423.83
537.50	2426.90
537.70	2443.70
537.91	2477.28
538.12	2455.78
538.33	2483.43
538.53	2473.39
538.74	2488.96
538.95	2493.87
539.15	2485.48
539.36	2508.00
539.57	2484.86
539.77	2496.74
539.98	2530.12
540.18	2544.87
540.39	2534.42
540.60	2565.35
540.80	2561.46
541.01	2576.41
541.22	2602.21
541.42	2550.60
541.63	2596.48
541.84	2589.92
542.04	2577.84
542.25	2630.06
542.46	2612.45
542.66	2626.58
542.87	2633.54
543.08	2647.67
543.28	2666.31
543.49	2618.59
543.69	2671.43
543.90	2656.28
544.11	2704.81
544.31	2685.15
544.52	2706.86
544.73	2689.86
544.93	2726.93
545.14	2741.88
545.34	2711.16
545.55	2744.13
545.76	2703.58
545.96	2725.50
546.17	2739.83
546.38	2753.76
546.58	2758.27
546.79	2763.59
546.99	2764.20
547.20	2795.54
547.41	2802.71
547.61	2813.97
547.82	2777.72
548.02	2872.54
548.23	2829.74
548.44	2833.63
548.64	2842.64
548.85	2830.15
549.05	2879.71
549.26	2832.40
549.47	2903.26
549.67	2892.00
549.88	2838.55
550.08	2942.99
550.29	2893.84
550.50	2881.14
550.70	2919.24
550.91	2976.99
551.11	2953.64
551.32	2976.58
551.52	2958.97
551.73	3003.20
551.94	2975.15
552.14	2984.77
552.35	3001.36
552.55	3004.64
552.76	3048.87
552.96	3040.48
553.17	3066.28
553.38	3017.74
553.58	3067.10
553.79	3068.33
553.99	3099.66
554.20	3136.52
554.40	3139.19
554.61	3148.20
554.81	3163.56
555.02	3114.61
555.23	3184.86
555.43	3179.94
555.64	3166.22
555.84	3242.20
556.05	3262.68
556.25	3266.16
556.46	3259.81
556.66	3275.58
556.87	3287.05
557.07	3305.89
557.28	3319.61
557.48	3343.57
557.69	3322.07
557.90	3366.10
558.10	3365.28
558.31	3422.63
558.51	3402.35
558.72	3442.29
558.92	3457.65
559.13	3499.43
559.33	3489.59
559.54	3490.21
559.74	3498.20
559.95	3541.41
560.15	3542.84
560.36	3547.14
560.56	3619.64
560.77	3664.70
560.97	3670.23
561.18	3712.21
561.38	3666.74
561.59	3673.50
561.79	3781.23
562.00	3746.82
562.20	3770.37
562.41	3801.30
562.61	3844.92
562.82	3872.16
563.02	3905.95
563.23	3905.95
563.43	3945.06
563.64	3997.90
563.84	3985.20
564.05	4019.61
564.25	4054.63
564.46	4092.72
564.66	4146.58
564.87	4129.99
565.07	4214.78
565.28	4256.35
565.48	4272.74
565.68	4301.82
565.89	4294.45
566.09	4338.27
566.30	4359.37
566.50	4359.37
566.71	4404.42
566.91	4434.73
567.12	4495.76
567.32	4496.38
567.53	4550.24
567.73	4561.91
567.94	4627.45
568.14	4685.40
568.34	4730.25
568.55	4733.33
568.75	4747.66
568.96	4742.75
569.16	4843.10
569.37	4856.00
569.57	4914.98
569.78	4964.54
569.98	4983.18
570.18	5025.57
570.39	5003.45
570.59	5103.80
570.80	5096.64
571.00	5144.35
571.21	5199.44
571.41	5240.20
571.61	5271.74
571.82	5310.44
572.02	5329.69
572.23	5379.46
572.43	5379.26
572.64	5475.92
572.84	5518.72
573.04	5537.97
573.25	5582.41
573.45	5604.53
573.66	5684.81
573.86	5688.50
574.06	5730.89
574.27	5733.96
574.47	5820.18
574.68	5853.97
574.88	5954.94
575.08	5954.33
575.29	5998.15
575.49	6031.33
575.70	6040.34
575.90	6091.54
576.10	6145.40
576.31	6205.41
576.51	6266.23
576.72	6227.11
576.92	6306.17
577.12	6290.19
577.33	6350.81
577.53	6430.07
577.73	6392.18
577.94	6483.11
578.14	6500.72
578.35	6558.07
578.55	6624.22
578.75	6627.90
578.96	6651.45
579.16	6750.37
579.36	6775.97
579.57	6837.82
579.77	6837.82
579.98	6873.45
580.18	6956.40
580.38	6976.26
580.59	6993.67
580.79	7077.23
580.99	7193.14
581.20	7107.13
581.40	7211.16
581.60	7149.52
581.81	7241.88
582.01	7229.39
582.21	7310.69
582.42	7371.52
582.62	7377.87
582.82	7373.16
583.03	7500.95
583.23	7484.77
583.43	7531.88
583.64	7556.86
583.84	7617.69
584.04	7638.78
584.25	7760.22
584.45	7732.37
584.65	7751.83
584.86	7775.58
585.06	7807.94
585.26	7851.97
585.47	7863.65
585.67	7908.91
585.87	7957.65
586.08	7979.97
586.28	7943.31
586.48	8030.56
586.69	8050.63
586.89	8116.57
587.09	8114.32
587.30	8217.95
587.50	8230.23
587.70	8300.68
587.90	8309.69
588.11	8282.25
588.31	8391.41
588.51	8378.92
588.72	8430.73
588.92	8458.38
589.12	8510.39
589.33	8538.45
589.53	8603.37
589.73	8654.78
589.93	8705.98
590.14	8623.85
590.34	8697.58
590.54	8716.83
590.75	8729.12
590.95	8826.40
591.15	8849.95
591.35	8911.39
591.56	8927.77
591.76	8932.69
591.96	9080.75
592.16	9097.55
592.37	9132.36
592.57	9084.03
592.77	9075.63
592.97	9190.93
593.18	9205.27
593.38	9238.86
593.58	9270.60
593.79	9347.40
593.99	9400.85
594.19	9351.50
594.39	9546.05
594.60	9567.35
594.80	9514.31
595.00	9537.25
595.20	9568.79
595.41	9620.19
595.61	9695.35
595.81	9775.83
596.01	9793.24
596.21	9842.39
596.42	9726.48
596.62	9831.54
596.82	9980.84
597.02	9959.13
597.23	9935.99
597.43	10025.48
597.63	10083.03
597.83	10078.12
598.04	10187.07
598.24	10145.90
598.44	10201.81
598.64	10279.84
598.84	10224.34
599.05	10370.56
599.25	10370.97
599.45	10446.75
599.65	10433.23
599.85	10480.75
600.06	10526.01
600.26	10619.19
600.46	10577.00
600.66	10701.72
600.87	10715.24
601.07	10686.57
601.27	10808.22
601.47	10772.58
601.67	10912.66
601.87	10948.09
602.08	10937.03
602.28	10964.48
602.48	10927.61
602.68	11028.58
602.88	11145.11
603.09	11075.07
603.29	11167.22
603.49	11176.24
603.69	11189.55
603.89	11217.60
604.10	11222.11
604.30	11399.87
604.50	11403.15
604.70	11457.01
604.90	11401.51
605.10	11588.29
605.31	11527.05
605.51	11583.37
605.71	11597.30
605.91	11521.93
606.11	11703.18
606.31	11676.96
606.52	11722.22
606.72	11747.82
606.92	11823.60
607.12	11851.45
607.32	11893.43
607.52	11965.93
607.72	11958.56
607.93	11952.62
608.13	11965.52
608.33	11909.82
608.53	12053.18
608.73	12150.86
608.93	12178.72
609.13	12288.08
609.34	12189.78
609.54	12275.59
609.74	12433.28
609.94	12306.31
610.14	12371.64
610.34	12384.54
610.54	12476.49
610.74	12439.22
610.95	12483.45
611.15	12563.73
611.35	12516.63
611.55	12684.16
611.75	12669.21
611.95	12681.90
612.15	12649.95
612.35	12783.28
612.56	12765.87
612.76	12897.55
612.96	12934.62
613.16	12845.54
613.36	12992.37
613.56	13027.80
613.76	12922.95
613.96	13123.44
614.16	13079.62
614.36	13078.80
614.57	13213.56
614.77	13160.51
614.97	13246.73
615.17	13317.18
615.37	13335.20
615.57	13373.09
615.77	13313.29
615.97	13338.07
616.17	13405.04
616.37	13498.22
616.57	13406.88
616.78	13503.55
616.98	13485.12
617.18	13542.05
617.38	13572.36
617.58	13641.58
617.78	13639.94
617.98	13691.96
618.18	13780.84
618.38	13754.22
618.58	13783.50
618.78	13875.87
618.98	13911.50
619.18	13834.50
619.38	13833.88
619.58	13987.89
619.79	14125.52
619.99	13975.60
620.19	14042.37
620.39	14186.75
620.59	14045.03
620.79	14260.27
620.99	14185.73
621.19	14305.33
621.39	14235.70
621.59	14299.39
621.79	14237.74
621.99	14379.05
622.19	14425.75
622.39	14447.46
622.59	14530.81
622.79	14516.68
622.99	14475.31
623.19	14452.17
623.39	14548.83
623.59	14668.02
623.79	14525.89
623.99	14664.13
624.19	14715.95
624.39	14666.59
624.59	14580.57
624.79	14642.01
624.99	14726.59
625.19	14772.06
625.39	14826.13
625.59	14849.27
625.79	14751.37
625.99	14894.94
626.19	14946.14
626.39	14990.37
626.59	14988.12
626.79	14991.19
626.99	15003.28
627.19	15132.50
627.39	15026.83
627.59	15233.88
627.79	15135.57
627.99	15239.20
628.19	15183.91
628.39	15220.15
628.59	15407.95
628.79	15326.65
628.99	15275.45
629.19	15357.78
629.39	15467.14
629.59	15297.16
629.79	15381.74
629.99	15540.87
630.19	15561.76
630.39	15506.46
630.59	15539.02
630.79	15524.28
630.99	15615.00
631.19	15507.69
631.39	15637.33
631.59	15594.11
631.79	15682.79
631.99	15710.64
632.19	15690.37
632.39	15640.19
632.59	15745.25
632.79	15805.87
632.99	15916.67
633.19	15791.74
633.39	15892.09
633.58	15849.70
633.78	15866.29
633.98	15822.05
634.18	15945.34
634.38	15929.78
634.58	16045.49
634.78	15937.76
634.98	16040.37
635.18	16056.14
635.38	16059.00
635.58	16025.42
635.78	16151.98
635.98	16188.84
636.18	16177.38
636.38	16168.77
636.57	16206.87
636.77	16230.62
636.97	16318.28
637.17	16132.53
637.37	16333.43
637.57	16309.06
637.77	16326.26
637.97	16407.57
638.17	16515.90
638.37	16452.62
638.57	16335.68
638.76	16486.62
638.96	16506.89
639.16	16549.29
639.36	16654.14
639.56	16616.87
639.76	16632.64
639.96	16617.48
640.16	16637.96
640.36	16705.14
640.56	16715.17
640.75	16739.13
640.95	16753.06
641.15	16668.48
641.35	16742.82
641.55	16836.82
641.75	16889.66
641.95	16882.49
642.15	16930.21
642.34	16875.12
642.54	16950.07
642.74	16993.29
642.94	17084.22
643.14	17028.31
643.34	16909.32
643.54	17090.56
643.74	17004.14
643.93	17065.78
644.13	17059.85
644.33	17027.90
644.53	17189.69
644.73	17213.03
644.93	17186.41
645.13	17182.31
645.32	17305.40
645.52	17281.03
645.72	17343.90
645.92	17336.73
646.12	17410.66
646.32	17319.53
646.52	17593.96
646.71	17432.58
646.91	17494.42
647.11	17467.19
647.31	17475.99
647.51	17435.44
647.71	17515.11
647.90	17512.04
648.10	17635.53
648.30	17716.63
648.50	17682.02
648.70	17679.15
648.89	17680.79
649.09	17644.54
649.29	17675.06
649.49	17666.45
649.69	17770.29
649.89	17922.24
650.08	17788.10
650.28	17824.76
650.48	17859.99
650.68	17970.58
650.88	17847.08
651.07	17938.63
651.27	17884.15
651.47	18013.17
651.67	18036.73
651.87	17964.02
652.06	18124.79
652.26	17935.15
652.46	18185.82
652.66	18186.64
652.86	18157.15
653.05	18211.62
653.25	18329.59
653.45	18249.72
653.65	18343.31
653.85	18285.96
654.04	18433.62
654.24	18365.43
654.44	18492.60
654.64	18416.83
654.83	18469.26
655.03	18469.46
655.23	18499.36
655.43	18530.08
655.63	18459.63
655.82	18573.91
656.02	18405.16
656.22	18591.11
656.42	18595.82
656.61	18664.02
656.81	18722.18
657.01	18751.88
657.21	18729.76
657.40	18908.14
657.60	18794.27
657.80	18726.07
658.00	18908.55
658.19	18832.57
658.39	18980.64
658.59	18942.75
658.79	18967.73
658.98	18929.64
659.18	19004.39
659.38	18898.10
659.58	18997.43
659.77	19092.45
659.97	19144.68
660.17	19211.03
660.36	19223.73
660.56	19225.16
660.76	19288.65
660.96	19190.14
661.15	19236.22
661.35	19345.58
661.55	19449.82
661.75	19472.76
661.94	19403.75
662.14	19387.16
662.34	19583.76
662.53	19304.62
662.73	19580.89
662.93	19344.15
663.13	19510.04
663.32	19467.44
663.52	19577.21
663.72	19604.65
663.91	19623.70
664.11	19682.88
664.31	19578.23
664.50	19688.62
664.70	19709.10
664.90	19675.51
665.10	19851.02
665.29	19735.52
665.49	19907.55
665.69	19868.84
665.88	20058.69
666.08	19893.21
666.28	19996.02
666.47	20068.11
666.67	19959.15
666.87	19816.21
667.06	20116.44
667.26	20140.81
667.46	20082.44
667.65	20116.64
667.85	20143.88
668.05	20276.59
668.24	20256.72
668.44	20156.17
668.64	20331.48
668.83	20322.05
669.03	20246.28
669.23	20418.72
669.42	20506.99
669.62	20312.63
669.82	20503.30
670.01	20444.93
670.21	20506.17
670.41	20472.17
670.60	20530.54
670.80	20694.58
671.00	20551.02
671.19	20606.93
671.39	20599.96
671.58	20733.70
671.78	20701.13
671.98	20874.60
672.17	20759.30
672.37	20753.36
672.57	20920.47
672.76	20879.51
672.96	20895.69
673.15	20899.58
673.35	20952.62
673.55	20846.74
673.74	20944.84
673.94	20955.90
674.14	21014.47
674.33	21142.47
674.53	21275.79
674.72	21154.55
674.92	21118.51
675.12	21404.20
675.31	21194.49
675.51	21374.30
675.70	21350.34
675.90	21434.10
676.10	21537.73
676.29	21452.33
676.49	21308.97
676.68	21459.91
676.88	21361.60
677.08	21612.07
677.27	21514.59
677.47	21602.65
677.66	21372.25
677.86	21665.11
678.06	21507.01
678.25	21653.85
678.45	21715.49
678.64	21606.95
678.84	21727.99
679.03	21721.64
679.23	21683.54
679.43	21805.81
679.62	21682.52
679.82	21906.57
680.01	21968.42
680.21	21911.69
680.40	21993.81
680.60	21875.44
680.80	21822.60
680.99	21883.02
681.19	21900.42
681.38	22090.27
681.58	21937.08
681.77	21952.03
681.97	21992.79
682.16	22095.39
682.36	22025.35
682.56	21999.75
682.75	22170.35
682.95	22146.39
683.14	22137.78
683.34	22194.92
683.53	22139.63
683.73	22113.82
683.92	22306.74
684.12	22384.56
684.31	22337.05
684.51	22425.52
684.70	22255.34
684.90	22356.51
685.10	22436.79
685.29	22422.04
685.49	22525.67
685.68	22474.67
685.88	22470.37
686.07	22484.71
686.27	22509.69
686.46	22635.65
686.66	22597.35
686.85	22595.10
687.05	22612.30
687.24	22697.70
687.44	22858.87
687.63	22857.24
687.83	22742.75
688.02	22820.17
688.22	22849.86
688.41	22841.67
688.61	22714.90
688.80	22686.64
689.00	23027.42
689.19	22982.37
689.39	22871.16
689.58	22922.98
689.78	22954.31
689.97	22996.70
690.17	22871.98
690.36	23137.19
690.56	22941.82
690.75	23183.48
690.95	23018.82
691.14	23175.49
691.34	23168.73
691.53	23112.41
691.72	23055.48
691.92	23187.57
692.11	23083.95
692.31	23277.27
692.50	23220.54
692.70	23201.91
692.89	23242.05
693.09	23380.49
693.28	23282.19
693.48	23368.20
693.67	23299.39
693.87	23482.68
694.06	23472.24
694.25	23278.30
694.45	23406.30
694.64	23383.77
694.84	23530.61
695.03	23467.12
695.23	23532.25
695.42	23537.57
695.62	23623.38
695.81	23647.96
696.00	23541.87
696.20	23687.28
696.39	23554.36
696.59	23381.11
696.78	23536.55
696.98	23674.37
697.17	23660.86
697.36	23692.60
697.56	23845.38
697.75	23737.04
697.95	23588.16
698.14	23654.92
698.34	23699.36
698.53	23767.15
698.72	23759.37
698.92	23789.88
699.11	23924.23
699.31	23813.02
699.50	23882.65
699.69	24005.94
699.89	23844.77
700.08	24135.17
700.28	23962.93
700.47	24028.47
700.66	24072.30
700.86	24070.66
701.05	24197.84
701.25	24026.63
701.44	24109.57
701.63	23946.75
701.83	24153.80
702.02	24053.25
702.21	23979.11
702.41	24173.46
702.60	24238.59
702.80	24016.59
702.99	24161.38
703.18	24107.32
703.38	24222.62
703.57	24239.61
703.77	24446.66
703.96	24304.74
704.15	24253.34
704.35	24274.63
704.54	24231.42
704.73	24369.66
704.93	24408.37
705.12	24222.62
705.31	24465.10
705.51	24370.27
705.70	24460.39
705.89	24474.52
706.09	24302.08
706.28	24483.32
706.48	24451.99
706.67	24500.32
706.86	24434.38
707.06	24453.42
707.25	24583.88
707.44	24432.33
707.64	24711.67
707.83	24527.76
708.02	24491.92
708.22	24560.94
708.41	24598.01
708.60	24569.75
708.80	24429.46
708.99	24607.63
709.18	24482.71
709.38	24619.51
709.57	24804.24
709.76	24681.57
709.95	24576.91
710.15	24621.77
710.34	24643.06
710.53	24590.84
710.73	24744.44
710.92	24599.03
711.11	24526.94
711.31	24689.35
711.50	24589.20
711.69	24790.31
711.89	24638.56
712.08	24850.93
712.27	24790.72
712.46	24853.80
712.66	24636.72
712.85	24582.85
713.04	24789.08
713.24	24772.91
713.43	24668.46
713.62	24825.74
713.81	24799.53
714.01	24853.60
714.20	24954.76
714.39	24882.88
714.59	24622.99
714.78	24796.05
714.97	24787.24
715.16	24806.29
715.36	24832.91
715.55	24848.68
715.74	24777.21
715.93	24873.46
716.13	24822.26
716.32	24727.03
716.51	24806.08
716.71	24977.70
716.90	24721.09
717.09	24712.90
717.28	24865.68
717.48	25065.36
717.67	24884.93
717.86	24828.00
718.05	24952.10
718.25	24846.43
718.44	24854.62
718.63	24898.04
718.82	24871.82
719.02	25005.55
719.21	24821.85
719.40	24900.49
719.59	24852.16
719.78	24835.16
719.98	24860.97
720.17	24894.76
720.36	24742.39
720.55	24871.62
720.75	24737.88
720.94	24871.41
721.13	24782.12
721.32	24825.54
721.51	24752.43
721.71	24648.59
721.90	24787.45
722.09	24770.65
722.28	24860.76
722.48	24851.14
722.67	24866.70
722.86	24800.76
723.05	24707.98
723.24	24921.79
723.44	24794.20
723.63	24828.20
723.82	24775.98
724.01	24855.03
724.20	24921.79
724.40	24831.68
724.59	24921.38
724.78	24626.48
724.97	24860.35
725.16	24734.81
725.35	24914.83
725.55	24719.66
725.74	24934.90
725.93	24917.70
726.12	25016.41
726.31	24783.55
726.51	24867.73
726.70	24936.95
726.89	25030.13
727.08	25054.50
727.27	24997.57
727.46	25155.47
727.66	25002.89
727.85	25153.62
728.04	24978.93
728.23	25080.92
728.42	25009.45
728.61	25016.41
728.81	25070.48
729.00	25059.42
729.19	25290.84
729.38	25131.71
729.57	25196.83
729.76	25013.13
729.95	25329.75
730.15	25243.12
730.34	25148.71
730.53	25276.30
730.72	25242.09
730.91	25324.42
731.10	25169.80
731.29	25327.50
731.49	25280.19
731.68	25267.49
731.87	25391.19
732.06	25361.90
732.25	25427.85
732.44	25298.62
732.63	25486.21
732.82	25420.68
733.02	25396.92
733.21	25291.25
733.40	25347.97
733.59	25385.66
733.78	25455.08
733.97	25438.50
734.16	25369.89
734.35	25381.56
734.54	25270.97
734.74	25406.55
734.93	25345.31
735.12	25519.59
735.31	25390.57
735.50	25496.66
735.69	25575.91
735.88	25412.90
736.07	25520.62
736.26	25397.74
736.45	25606.63
736.64	25590.25
736.84	25553.39
737.03	25595.78
737.22	25461.23
737.41	25571.00
737.60	25522.05
737.79	25636.74
737.98	25554.82
738.17	25649.64
738.36	25544.99
738.55	25535.98
738.74	25601.31
738.93	25625.47
739.12	25567.31
739.32	25618.72
739.51	25788.49
739.70	25679.34
739.89	25542.12
740.08	25662.13
740.27	25652.71
740.46	25596.60
740.65	25609.09
740.84	25744.26
741.03	25644.11
741.22	25791.56
741.41	25723.98
741.60	25669.51
741.79	25708.01
741.98	25672.99
742.17	25698.79
742.36	25707.39
742.55	25742.62
742.74	25614.62
742.93	25765.97
743.12	25613.39
743.31	25679.54
743.51	25905.64
743.70	25651.28
743.89	25877.37
744.08	25700.43
744.27	25806.72
744.46	25911.37
744.65	25861.20
744.84	25878.81
745.03	25828.43
745.22	25736.06
745.41	25878.19
745.60	25915.26
745.79	25741.39
745.98	25763.10
746.17	25835.39
746.36	25910.35
746.55	25896.42
746.74	26010.29
746.93	26023.60
747.12	25820.44
747.31	25952.54
747.50	25992.27
747.69	25919.97
747.88	26176.17
748.07	25844.81
748.26	26105.11
748.45	26039.98
748.64	26186.00
748.83	25948.85
749.02	26022.99
749.21	25919.77
749.40	26071.52
749.59	25904.61
749.77	26114.73
749.96	25967.69
750.15	26116.78
750.34	26257.48
750.53	26091.59
750.72	26144.02
750.91	26056.16
751.10	26221.64
751.29	26051.25
751.48	26209.96
751.67	26008.44
751.86	26087.91
752.05	26175.35
752.24	26032.41
752.43	26149.96
752.62	26109.20
752.81	25986.12
753.00	26109.82
753.19	26082.17
753.38	26050.63
753.57	26101.83
753.76	26021.14
753.94	26074.18
754.13	26104.49
754.32	26177.61
754.51	26013.16
754.70	26140.33
754.89	26170.64
755.08	26017.66
755.27	26141.36
755.46	26223.07
755.65	26032.82
755.84	26078.49
756.03	26320.96
756.22	26338.78
756.40	26090.36
756.59	26278.16
756.78	26095.89
756.97	26243.35
757.16	26162.45
757.35	26383.43
757.54	26288.81
757.73	26251.95
757.92	26003.73
758.11	26202.18
758.29	26215.08
758.48	26290.65
758.67	26249.49
758.86	26198.70
759.05	26228.60
759.24	26141.15
759.43	26440.16
759.62	26102.45
759.81	26230.85
759.99	26185.39
760.18	26108.39
760.37	26400.43
760.56	26195.22
760.75	26258.09
760.94	26314.82
761.13	26397.97
761.32	26454.90
761.50	26381.18
761.69	26405.75
761.88	26296.59
762.07	26238.23
762.26	26323.83
762.45	26309.91
762.64	26271.61
762.82	26427.66
763.01	26338.58
763.20	26331.82
763.39	26129.48
763.58	26310.32
763.77	26209.56
763.96	26361.51
764.14	26361.10
764.33	26354.96
764.52	26297.62
764.71	26350.05
764.90	26409.23
765.09	26332.23
765.27	26309.91
765.46	26266.08
765.65	26255.02
765.84	26209.15
766.03	26344.31
766.22	26260.96
766.40	26318.10
766.59	26372.78
766.78	26367.86
766.97	26321.37
767.16	26267.72
767.35	26320.76
767.53	26245.19
767.72	26442.41
767.91	26479.48
768.10	26387.11
768.29	26528.01
768.47	26383.84
768.66	26560.17
768.85	26406.57
769.04	26341.03
769.23	26362.74
769.41	26244.58
769.60	26302.74
769.79	26187.23
769.98	26313.18
770.17	26337.35
770.35	26337.96
770.54	26351.48
770.73	26498.52
770.92	26456.13
771.10	26499.96
771.29	26479.68
771.48	26516.75
771.67	26440.98
771.86	26378.10
772.04	26444.87
772.23	26481.53
772.42	26349.02
772.61	26248.26
772.79	26353.32
772.98	26455.93
773.17	26552.39
773.36	26347.38
773.54	26525.15
773.73	26459.61
773.92	26386.09
774.11	26416.60
774.30	26283.08
774.48	26334.69
774.67	26214.06
774.86	26537.23
775.05	26559.35
775.23	26424.18
775.42	26317.48
775.61	26572.86
775.79	26358.44
775.98	26277.55
776.17	26236.79
776.36	26417.83
776.54	26678.34
776.73	26539.07
776.92	26351.68
777.11	26114.94
777.29	26294.96
777.48	26219.18
777.67	26383.63
777.85	26365.82
778.04	26531.91
778.23	26355.17
778.42	26437.90
778.60	26260.55
778.79	26587.20
778.98	26417.22
779.16	26377.90
779.35	26338.37
779.54	26372.37
779.73	26217.13
779.91	26291.27
780.10	26328.54
780.29	26224.92
780.47	26237.82
780.66	26387.73
780.85	26224.30
781.03	26356.19
781.22	26277.55
781.41	26083.20
781.60	26129.48
781.78	26275.30
781.97	26321.78
782.16	26088.32
782.34	26275.09
782.53	26207.92
782.72	26070.09
782.90	26230.44
783.09	26178.84
783.28	26524.74
783.46	26161.02
783.65	26184.37
783.84	26261.98
784.02	26214.68
784.21	26148.12
784.40	26154.06
784.58	26254.00
784.77	26111.25
784.96	26237.41
785.14	26312.98
785.33	26309.70
785.52	26016.23
785.70	25987.56
785.89	26097.74
786.08	26131.32
786.26	26355.58
786.45	25839.69
786.63	26095.28
786.82	26133.58
787.01	26059.23
787.19	26001.48
787.38	26304.99
787.57	26111.05
787.75	26161.43
787.94	26155.08
788.13	26297.41
788.31	26227.37
788.50	26092.41
788.68	26115.14
788.87	26418.45
789.06	26206.07
789.24	26164.09
789.43	26311.95
789.61	26235.36
789.80	26203.62
789.99	26179.86
790.17	26248.67
790.36	26232.29
790.55	26370.73
790.73	26256.86
790.92	26424.18
791.10	26426.84
791.29	26493.61
791.48	26438.52
791.66	26628.57
791.85	26403.91
792.03	26656.63
792.22	26647.21
792.40	26675.67
792.59	26668.51
792.78	26800.39
792.96	26708.03
793.15	26778.89
793.33	26920.81
793.52	26896.85
793.71	27023.62
793.89	26934.95
794.08	27063.15
794.26	26907.91
794.45	26929.83
794.63	26938.02
794.82	27125.82
795.01	27248.29
795.19	27009.49
795.38	27243.17
795.56	27250.74
795.75	27441.82
795.93	27210.81
796.12	27387.34
796.30	27409.46
796.49	27394.71
796.68	27322.83
796.86	27453.29
797.05	27490.97
797.23	27609.55
797.42	27361.54
797.60	27591.93
797.79	27637.19
797.97	27660.34
798.16	27714.20
798.34	27545.04
798.53	27750.65
798.71	27497.52
798.90	27766.42
799.08	27606.47
799.27	27991.29
799.46	27637.60
799.64	27730.58
799.83	27783.01
800.01	27752.09
800.20	27713.99
800.38	27608.11
800.57	27799.19
800.75	27684.30
800.94	28020.16
801.12	27742.87
801.31	27848.34
801.49	27855.71
801.68	27841.17
801.86	27899.74
802.05	27857.35
802.23	27874.14
802.42	27789.77
802.60	27916.33
802.79	27847.93
802.97	27721.57
803.16	27794.48
803.34	27976.95
803.53	27740.00
803.71	28039.21
803.90	27762.73
804.08	27878.85
804.27	27954.42
804.45	27757.00
804.63	27734.68
804.82	27590.30
805.00	27712.97
805.19	27838.10
805.37	27575.14
805.56	27875.78
805.74	27743.69
805.93	27674.06
806.11	27737.75
806.30	27632.69
806.48	27536.84
806.67	27688.80
806.85	27752.70
807.04	27415.40
807.22	27608.93
807.40	27437.11
807.59	27492.81
807.77	27564.49
807.96	27400.24
808.14	27460.86
808.33	27540.53
808.51	27480.52
808.69	27445.71
808.88	27538.48
809.06	27345.97
809.25	27304.19
809.43	27277.37
809.62	27153.67
809.80	27415.81
809.99	27199.54
810.17	27038.78
810.35	27201.18
810.54	27139.95
810.72	27089.36
810.91	27141.79
811.09	27257.30
811.27	27018.91
811.46	27006.42
811.64	27072.36
811.83	27131.35
812.01	26941.29
812.19	26919.38
812.38	26870.23
812.56	26842.38
812.75	26868.39
812.93	26777.66
813.11	26605.22
813.30	26716.22
813.48	26871.66
813.67	26585.77
813.85	26574.09
814.03	26830.29
814.22	26602.77
814.40	26623.04
814.59	26587.41
814.77	26526.17
814.95	26485.83
815.14	26272.43
815.32	26334.89
815.50	26349.84
815.69	26175.56
815.87	26327.52
816.06	26139.72
816.24	26366.43
816.42	26202.18
816.61	26133.17
816.79	26196.45
816.97	26149.14
817.16	26075.21
817.34	25987.35
817.52	25983.05
817.71	25949.67
817.89	25958.88
818.07	26269.97
818.26	25818.19
818.44	25841.13
818.63	25785.22
818.81	25795.87
818.99	25668.07
819.18	25808.56
819.36	25709.44
819.54	25675.85
819.73	25694.08
819.91	25749.99
820.09	25609.09
820.28	25589.84
820.46	25686.30
820.64	25510.17
820.83	25443.82
821.01	25257.66
821.19	25418.63
821.37	25328.93
821.56	25353.91
821.74	25267.90
821.92	25349.41
822.11	25366.20
822.29	25191.92
822.47	25234.52
822.66	25258.48
822.84	25221.82
823.02	25352.69
823.21	25077.03
823.39	25093.62
823.57	25216.70
823.75	25059.42
823.94	25179.22
824.12	25174.51
824.30	25031.15
824.49	25020.30
824.67	24895.99
824.85	25065.36
825.03	24892.71
825.22	24928.35
825.40	24797.89
825.58	24887.39
825.77	24815.71
825.95	24651.05
826.13	24785.81
826.31	24605.38
826.50	24551.72
826.68	24582.03
826.86	24561.96
827.04	24608.66
827.23	24583.26
827.41	24430.69
827.59	24413.90
827.78	24425.77
827.96	24401.81
828.14	24428.44
828.32	24574.66
828.51	24307.20
828.69	24287.33
828.87	24372.32
829.05	24330.13
829.23	24216.47
829.42	24166.50
829.60	24221.39
829.78	24215.45
829.96	24091.75
830.15	23983.21
830.33	24106.09
830.51	24104.65
830.69	24065.95
830.88	24063.69
831.06	23993.86
831.24	23955.56
831.42	23980.34
831.60	23853.16
831.79	23824.29
831.97	23892.69
832.15	23808.31
832.33	24020.48
832.52	23868.52
832.70	24052.84
832.88	23948.80
833.06	23789.68
833.24	23927.30
833.43	23738.48
833.61	23816.71
833.79	23680.93
833.97	23804.83
834.15	23734.38
834.34	23716.15
834.52	23544.12
834.70	23639.15
834.88	23615.80
835.06	23725.78
835.25	23709.19
835.43	23623.38
835.61	23582.42
835.79	23472.65
835.97	23506.65
836.15	23534.09
836.34	23472.85
836.52	23461.80
836.70	23625.43
836.88	23314.34
837.06	23455.04
837.24	23381.92
837.43	23487.19
837.61	23288.74
837.79	23443.57
837.97	23304.10
838.15	23346.09
838.33	23450.53
838.52	23137.19
838.70	23261.50
838.88	23078.83
839.06	23297.75
839.24	23280.76
839.42	23138.63
839.60	23281.78
839.79	23117.33
839.97	23258.84
840.15	23255.36
840.33	23160.33
840.51	23151.32
840.69	23044.62
840.87	23056.71
841.06	22998.34
841.24	22909.05
841.42	22977.66
841.60	23058.14
841.78	22915.60
841.96	22961.48
842.14	22869.52
842.32	22936.90
842.51	22948.78
842.69	22753.61
842.87	22735.38
843.05	22896.97
843.23	22854.16
843.41	22854.16
843.59	22757.29
843.77	22891.03
843.95	22866.04
844.14	22674.15
844.32	22650.19
844.50	22742.34
844.68	22716.13
844.86	22814.23
845.04	22704.66
845.22	22651.41
845.40	22603.08
845.58	22503.55
845.76	22527.72
845.94	22522.60
846.12	22498.64
846.31	22532.84
846.49	22482.66
846.67	22413.65
846.85	22499.66
847.03	22323.94
847.21	22530.99
847.39	22268.65
847.57	22335.21
847.75	22358.76
847.93	22303.26
848.11	22308.79
848.29	22321.28
848.47	22237.11
848.65	22277.66
848.83	22391.73
849.02	22408.73
849.20	22245.10
849.38	22228.30
849.56	22449.89
849.74	22230.76
849.92	22205.78
850.10	22226.67
850.28	22308.38
850.46	22147.41
850.64	22195.54
850.82	22242.03
851.00	22164.41
851.18	22122.83
851.36	22095.19
851.54	22094.98
851.72	22037.84
851.90	22181.61
852.08	21957.36
852.26	21916.40
852.44	22005.08
852.62	22015.93
852.80	22155.40
852.98	22053.20
853.16	22098.26
853.34	22005.69
853.52	21884.65
853.70	21966.37
853.88	21994.84
854.06	21784.71
854.24	21929.30
854.42	22108.70
854.60	21955.92
854.78	21981.73
854.96	21917.42
855.14	21966.98
855.32	21913.74
855.50	21970.06
855.68	21900.42
855.86	21869.30
856.04	21921.93
856.22	21894.89
856.40	21750.51
856.58	21746.42
856.76	21525.24
856.94	21605.72
857.12	21643.81
857.30	21683.75
857.48	21494.93
857.66	21808.88
857.84	21604.90
858.02	21672.69
858.20	21623.54
858.38	21586.68
858.56	21543.87
858.74	21683.54
858.92	21633.16
859.10	21538.55
859.28	21639.92
859.46	21564.35
859.64	21641.56
859.81	21634.60
859.99	21333.55
860.17	21492.67
860.35	21410.75
860.53	21357.92
860.71	21431.03
860.89	21466.66
861.07	21405.63
861.25	21401.54
861.43	21291.77
861.61	21497.79
861.79	21209.64
861.97	21339.69
862.15	21370.41
862.33	21543.05
862.50	21422.02
862.68	21238.73
862.86	21176.26
863.04	21407.68
863.22	21400.31
863.40	21228.28
863.58	21395.40
863.76	21142.27
863.94	21067.72
864.12	21044.78
864.30	21305.90
864.47	21159.26
864.65	21077.55
864.83	21154.14
865.01	20980.48
865.19	21042.12
865.37	21153.94
865.55	20999.52
865.73	21004.23
865.91	21094.34
866.09	20967.98
866.26	20962.45
866.44	21026.56
866.62	21033.52
866.80	21055.64
866.98	20909.00
867.16	20840.60
867.34	20965.12
867.52	20855.35
867.69	20659.97
867.87	20727.96
868.05	20660.58
868.23	20639.08
868.41	20553.88
868.59	20617.99
868.77	20634.37
868.94	20504.12
869.12	20547.13
869.30	20565.97
869.48	20625.36
869.66	20446.37
869.84	20522.55
870.02	20406.02
870.19	20519.89
870.37	20320.62
870.55	20390.87
870.73	20315.50
870.91	20521.73
871.09	20460.09
871.26	20358.30
871.44	20421.18
871.62	20341.51
871.80	20418.31
871.98	20276.79
872.16	20376.94
872.33	20082.85
872.51	20090.84
872.69	20153.71
872.87	20074.86
873.05	20116.85
873.22	20039.44
873.40	19929.46
873.58	20058.07
873.76	19742.07
873.94	19965.50
874.12	19806.17
874.29	19674.28
874.47	19750.47
874.65	19787.74
874.83	19610.80
875.01	19542.80
875.18	19492.83
875.36	19695.79
875.54	19640.29
875.72	19570.04
875.89	19675.31
876.07	19500.61
876.25	19571.27
876.43	19631.89
876.61	19468.87
876.78	19463.75
876.96	19546.49
877.14	19593.18
877.32	19477.68
877.49	19408.05
877.67	19595.85
877.85	19459.25
878.03	19574.55
878.21	19599.94
878.38	19488.94
878.56	19546.49
878.74	19470.51
878.92	19610.18
879.09	19461.29
879.27	19554.07
879.45	19581.71
879.63	19603.63
879.80	19655.85
879.98	19639.88
880.16	19577.41
880.34	19771.77
880.51	19646.43
880.69	19721.59
880.87	19682.47
881.05	19628.41
881.22	19744.73
881.40	19609.16
881.58	19551.81
881.75	19723.43
881.93	19656.87
882.11	19727.73
882.29	19698.45
882.46	19874.57
882.64	19831.36
882.82	19779.55
883.00	19963.05
883.17	20047.01
883.35	20036.57
883.53	20039.23
883.70	20167.23
883.88	20167.64
884.06	20038.00
884.23	20063.81
884.41	20292.97
884.59	20245.67
884.77	20293.38
884.94	20432.65
885.12	20482.00
885.30	20306.69
885.47	20297.48
885.65	20325.74
885.83	20438.38
886.00	20539.55
886.18	20392.50
886.36	20557.16
886.53	20469.71
886.71	20636.62
886.89	20517.43
887.07	20528.49
887.24	20669.60
887.42	20776.29
887.60	20673.08
887.77	20539.34
887.95	20899.58
888.13	20934.19
888.30	20688.44
888.48	20919.65
888.66	20962.04
888.83	20945.25
889.01	20987.44
889.18	21199.81
889.36	21220.50
889.54	21139.40
889.71	21133.05
889.89	21188.35
890.07	21116.87
890.24	21212.72
890.42	21180.56
890.60	21138.58
890.77	21379.22
890.95	21218.04
891.13	21266.78
891.30	21353.82
891.48	21238.52
891.65	21409.32
891.83	21414.24
892.01	21355.66
892.18	21436.97
892.36	21428.16
892.54	21439.63
892.71	21430.42
892.89	21282.35
893.06	21514.59
893.24	21431.64
893.42	21418.74
893.59	21594.87
893.77	21485.51
893.94	21610.43
894.12	21541.01
894.30	21572.34
894.47	21413.83
894.65	21623.33
894.82	21626.20
895.00	21486.73
895.18	21608.79
895.35	21623.13
895.53	21578.89
895.70	21747.44
895.88	21686.62
896.06	21630.09
896.23	21672.49
896.41	21769.15
896.58	21770.17
896.76	21646.48
896.93	21657.33
897.11	21733.51
897.29	21522.98
897.46	21662.25
897.64	21607.36
897.81	21623.54
897.99	21812.77
898.16	21678.22
898.34	21572.75
898.52	21725.73
898.69	21742.32
898.87	21605.93
899.04	21575.21
899.22	21673.51
899.39	21686.00
899.57	21436.15
899.74	21595.69
899.92	21611.46
900.10	21580.33
900.27	21572.95
900.45	21468.51
900.62	21578.69
900.80	21553.29
900.97	21560.46
901.15	21440.86
901.32	21567.83
901.50	21623.13
901.67	21407.27
901.85	21376.76
902.02	21533.84
902.20	21406.04
902.37	21624.56
902.55	21426.93
902.72	21504.96
902.90	21426.73
903.07	21298.12
903.25	21391.30
903.43	21378.81
903.60	21367.95
903.78	21223.98
903.95	21189.57
904.13	21104.79
904.30	20900.40
904.48	21151.69
904.65	21098.64
904.83	21193.88
905.00	21044.37
905.17	20847.77
905.35	20909.00
905.52	20870.50
905.70	20832.41
905.87	20957.33
906.05	20940.95
906.22	20732.26
906.40	20699.90
906.57	20579.89
906.75	20713.83
906.92	20629.05
907.10	20672.05
907.27	20433.67
907.45	20487.12
907.62	20572.32
907.80	20481.39
907.97	20310.79
908.15	20333.32
908.32	20289.29
908.49	20235.02
908.67	20261.23
908.84	20276.18
909.02	20179.31
909.19	20254.27
909.37	20107.22
909.54	20118.28
909.72	20134.87
909.89	20176.44
910.07	20080.39
910.24	20083.47
910.41	19943.59
910.59	19931.51
910.76	19937.65
910.94	19761.53
911.11	19797.37
911.29	19771.56
911.46	19700.70
911.63	19580.28
911.81	19564.51
911.98	19700.91
912.16	19652.16
912.33	19477.47
912.50	19487.71
912.68	19458.84
912.85	19344.35
913.03	19423.41
913.20	19364.63
913.38	19138.53
913.55	19179.08
913.72	19049.04
913.90	19039.62
914.07	18949.92
914.25	19007.05
914.42	18856.73
914.59	18854.28
914.77	18786.08
914.94	18730.58
915.11	18650.91
915.29	18824.78
915.46	18595.21
915.64	18629.00
915.81	18482.57
915.98	18492.81
916.16	18409.46
916.33	18349.66
916.51	18254.63
916.68	18244.60
916.85	18288.83
917.03	18081.17
917.20	18004.16
917.37	18156.12
917.55	17950.71
917.72	18008.05
917.89	17913.64
918.07	17827.42
918.24	17848.52
918.42	17858.96
918.59	17673.42
918.76	17662.15
918.94	17498.11
919.11	17606.24
919.28	17567.95
919.46	17444.86
919.63	17343.08
919.80	17330.18
919.98	17229.21
920.15	17205.66
920.32	17164.50
920.50	17085.85
920.67	17075.61
920.84	17015.20
921.02	17044.08
921.19	16967.48
921.36	16824.74
921.54	16846.45
921.71	16717.22
921.88	16677.49
922.06	16685.07
922.23	16525.94
922.40	16572.84
922.57	16590.04
922.75	16465.12
922.92	16513.86
923.09	16319.10
923.27	16359.03
923.44	16292.88
923.61	16277.52
923.79	16204.61
923.96	16109.79
924.13	16036.88
924.30	16032.17
924.48	15941.04
924.65	15990.60
924.82	15987.73
925.00	15893.94
925.17	15795.22
925.34	15760.82
925.51	15684.22
925.69	15638.15
925.86	15607.43
926.03	15566.26
926.21	15520.39
926.38	15335.05
926.55	15406.93
926.72	15234.49
926.90	15272.58
927.07	15199.06
927.24	15159.94
927.41	15097.28
927.59	15002.25
927.76	15069.83
927.93	14921.56
928.10	14876.10
928.28	14831.04
928.45	14836.57
928.62	14682.15
928.79	14684.20
928.97	14655.73
929.14	14616.21
929.31	14610.47
929.48	14583.03
929.66	14373.93
929.83	14315.77
930.00	14424.93
930.17	14345.88
930.34	14283.62
930.52	14186.95
930.69	14079.64
930.86	14014.11
931.03	14021.68
931.21	13875.05
931.38	13876.07
931.55	13876.07
931.72	13699.33
931.89	13743.36
932.07	13714.49
932.24	13586.90
932.41	13669.43
932.58	13502.11
932.75	13429.41
932.93	13352.82
933.10	13288.72
933.27	13210.69
933.44	13000.77
933.61	13005.07
933.79	12950.80
933.96	12911.48
934.13	12858.44
934.30	12796.38
934.47	12667.57
934.65	12657.53
934.82	12498.81
934.99	12562.30
935.16	12223.77
935.33	12137.14
935.50	12105.19
935.68	12075.50
935.85	11989.69
936.02	11953.44
936.19	11813.36
936.36	11757.86
936.53	11608.36
936.71	11479.13
936.88	11530.74
937.05	11370.79
937.22	11213.71
937.39	11039.84
937.56	11019.77
937.74	10930.48
937.91	10835.04
938.08	10811.08
938.25	10676.12
938.42	10583.35
938.59	10509.83
938.76	10476.24
938.94	10359.30
939.11	10357.87
939.28	10135.05
939.45	10122.76
939.62	9998.04
939.79	9973.05
939.96	9834.20
940.13	9752.49
940.31	9711.53
940.48	9674.26
940.65	9515.54
940.82	9434.85
940.99	9418.26
941.16	9375.66
941.33	9294.15
941.50	9244.59
941.67	9191.96
941.85	9191.14
942.02	9072.36
942.19	9126.22
942.36	9064.17
942.53	9036.93
942.70	8960.13
942.87	8858.14
943.04	8859.16
943.21	8778.88
943.38	8748.98
943.56	8763.73
943.73	8735.47
943.90	8776.43
944.07	8656.62
944.24	8618.73
944.41	8737.51
944.58	8619.76
944.75	8606.24
944.92	8601.53
945.09	8587.81
945.26	8588.22
945.43	8625.90
945.60	8586.58
945.78	8516.74
945.95	8466.57
946.12	8427.25
946.29	8421.51
946.46	8469.23
946.63	8370.11
946.80	8448.75
946.97	8477.83
947.14	8434.01
947.31	8450.59
947.48	8412.30
947.65	8364.99
947.82	8500.77
947.99	8339.59
948.16	8393.66
948.33	8309.90
948.50	8318.91
948.67	8418.65
948.84	8407.79
949.01	8427.45
949.18	8305.60
949.35	8488.28
949.52	8329.56
949.69	8363.76
949.86	8392.84
950.03	8344.51
950.20	8341.03
950.38	8351.27
950.55	8330.38
950.72	8368.47
950.89	8282.87
951.06	8293.72
951.23	8279.38
951.40	8298.23
951.57	8357.21
951.74	8287.78
951.91	8276.93
952.08	8235.35
952.25	8299.45
952.42	8235.76
952.59	8276.31
952.76	8222.04
952.92	8257.68
953.09	8311.13
953.26	8328.33
953.43	8273.44
953.60	8232.08
953.77	8218.35
953.94	8247.03
954.11	8167.56
954.28	8245.18
954.45	8216.10
954.62	8160.40
954.79	8132.54
954.96	8118.41
955.13	8128.86
955.30	8159.37
955.47	8132.14
955.64	8136.03
955.81	8227.57
955.98	8194.19
956.15	8005.37
956.32	8026.05
956.49	8078.68
956.66	8101.62
956.83	8120.87
957.00	8124.56
957.17	8034.24
957.33	7967.27
957.50	8025.85
957.67	8053.08
957.84	8029.94
958.01	8007.41
958.18	7944.34
958.35	7909.73
958.52	7960.92
958.69	7934.51
958.86	7931.64
959.03	7870.40
959.20	7866.31
959.37	7907.27
959.53	7884.95
959.70	7854.23
959.87	7834.57
960.04	7871.43
960.21	7791.97
960.38	7815.93
960.55	7814.90
960.72	7814.29
960.89	7731.55
961.06	7760.84
961.23	7650.86
961.39	7777.22
961.56	7650.04
961.73	7646.15
961.90	7679.74
962.07	7573.24
962.24	7592.70
962.41	7548.87
962.58	7574.47
962.75	7544.16
962.91	7479.65
963.08	7525.73
963.25	7445.25
963.42	7453.44
963.59	7425.18
963.76	7409.61
963.93	7431.93
964.09	7360.26
964.26	7425.59
964.43	7411.86
964.60	7332.20
964.77	7245.36
964.94	7325.65
965.11	7248.44
965.27	7214.03
965.44	7224.48
965.61	7264.41
965.78	7206.25
965.95	7269.94
966.12	7109.17
966.29	7140.51
966.45	7133.75
966.62	7084.80
966.79	7083.98
966.96	7125.97
967.13	7054.08
967.30	7039.54
967.46	6999.61
967.63	6992.24
967.80	6987.53
967.97	6952.51
968.14	6989.37
968.30	6899.87
968.47	6925.47
968.64	6928.95
968.81	6894.14
968.98	6831.06
969.15	6779.66
969.31	6809.76
969.48	6754.26
969.65	6811.60
969.82	6726.00
969.99	6741.36
970.15	6613.57
970.32	6684.63
970.49	6634.66
970.66	6606.19
970.82	6561.96
970.99	6562.78
971.16	6508.92
971.33	6587.15
971.50	6509.73
971.66	6518.75
971.83	6459.35
972.00	6432.12
972.17	6442.56
972.34	6398.32
972.50	6447.27
972.67	6393.61
972.84	6353.06
973.01	6287.94
973.17	6311.49
973.34	6363.30
973.51	6270.12
973.68	6285.89
973.84	6231.62
974.01	6215.24
974.18	6195.99
974.35	6137.00
974.51	6150.11
974.68	6168.54
974.85	6164.65
975.02	6121.03
975.18	6089.49
975.35	6108.54
975.52	6088.06
975.69	6092.56
975.85	6020.06
976.02	5936.71
976.19	5927.29
976.36	5918.08
976.52	5946.75
976.69	5859.71
976.86	5903.54
977.02	5793.35
977.19	5840.87
977.36	5797.25
977.53	5750.14
977.69	5762.64
977.86	5753.62
978.03	5753.21
978.19	5734.78
978.36	5724.34
978.53	5660.44
978.70	5620.10
978.86	5591.63
979.03	5545.14
979.20	5516.26
979.36	5547.39
979.53	5524.05
979.70	5419.60
979.86	5449.71
980.03	5487.80
980.20	5392.57
980.36	5372.91
980.53	5429.02
980.70	5345.05
980.86	5350.58
981.03	5339.93
981.20	5272.15
981.36	5262.73
981.53	5184.29
981.70	5262.11
981.86	5246.96
982.03	5215.21
982.20	5157.26
982.36	5117.12
982.53	5109.13
982.70	5128.38
982.86	5104.01
983.03	5133.50
983.20	5090.90
983.36	5057.93
983.53	5069.40
983.70	5033.97
983.86	5041.55
984.03	5040.73
984.20	4961.88
984.36	4911.70
984.53	4941.60
984.70	4908.02
984.86	4832.65
985.03	4846.78
985.19	4790.05
985.36	4800.09
985.53	4801.73
985.69	4754.22
985.86	4730.66
986.03	4709.98
986.19	4673.73
986.36	4716.33
986.52	4653.87
986.69	4630.52
986.86	4610.45
987.02	4632.36
987.19	4577.48
987.35	4518.70
987.52	4543.27
987.69	4489.41
987.85	4441.70
988.02	4482.65
988.18	4425.72
988.35	4481.84
988.52	4417.73
988.68	4382.92
988.85	4369.20
989.01	4345.65
989.18	4319.84
989.35	4311.24
989.51	4294.04
989.68	4307.96
989.84	4255.13
990.01	4227.89
990.17	4195.53
990.34	4204.75
990.51	4222.36
990.67	4163.58
990.84	4135.73
991.00	4094.56
991.17	4121.39
991.33	4090.67
991.50	4044.80
991.66	4079.82
991.83	4023.50
992.00	4028.21
992.16	3965.34
992.33	4022.27
992.49	3973.73
992.66	3947.52
992.82	3952.03
992.99	3899.39
993.15	3893.45
993.32	3910.25
993.48	3893.45
993.65	3885.67
993.82	3837.75
993.98	3809.90
994.15	3785.53
994.31	3792.28
994.48	3778.56
994.64	3746.21
994.81	3746.61
994.97	3744.57
995.14	3723.27
995.30	3712.62
995.47	3668.79
995.63	3659.37
995.80	3630.90
995.96	3625.99
996.13	3575.61
996.29	3558.20
996.46	3535.67
996.62	3541.61
996.79	3544.69
996.95	3495.12
997.12	3478.13
997.28	3462.36
997.45	3472.19
997.61	3413.41
997.78	3442.29
997.94	3417.10
998.11	3380.23
998.27	3386.38
998.44	3346.44
998.60	3352.18
998.77	3333.13
998.93	3304.46
999.10	3241.18
999.26	3244.86
999.43	3241.79
999.59	3268.62
999.75	3249.57
999.92	3167.65
1000.08	3162.12
1000.25	3189.77
1000.41	3148.61
1000.58	3149.43
1000.74	3118.71
1000.91	3108.67
1001.07	3091.26
1001.24	3076.52
1001.40	3056.24
1001.56	3008.32
1001.73	3003.00
1001.89	3005.25
1002.06	2982.31
1002.22	2977.60
1002.39	2884.42
1002.55	2960.19
1002.71	2904.08
1002.88	2922.51
1003.04	2887.49
1003.21	2882.37
1003.37	2858.21
1003.54	2823.39
1003.70	2833.02
1003.86	2825.85
1004.03	2815.40
1004.19	2796.77
1004.36	2755.19
1004.52	2788.98
1004.68	2755.19
1004.85	2725.09
1005.01	2720.79
1005.18	2708.70
1005.34	2674.30
1005.50	2660.17
1005.67	2613.47
1005.83	2629.24
1006.00	2616.96
1006.16	2622.48
1006.32	2628.42
1006.49	2598.52
1006.65	2575.18
1006.82	2549.99
1006.98	2526.03
1007.14	2529.71
1007.31	2495.51
1007.47	2476.46
1007.63	2460.49
1007.80	2478.51
1007.96	2472.78
1008.13	2463.77
1008.29	2417.89
1008.45	2456.80
1008.62	2378.57
1008.78	2390.04
1008.94	2416.66
1009.11	2379.60
1009.27	2370.99
1009.43	2346.42
1009.60	2339.05
1009.76	2306.69
1009.92	2300.54
1010.09	2303.82
1010.25	2259.18
1010.42	2290.30
1010.58	2236.24
1010.74	2233.58
1010.91	2224.56
1011.07	2198.35
1011.23	2195.89
1011.40	2183.61
1011.56	2161.08
1011.72	2165.38
1011.89	2104.76
1012.05	2111.31
1012.21	2094.11
1012.37	2105.78
1012.54	2090.42
1012.70	2048.44
1012.86	2052.13
1013.03	2038.61
1013.19	2024.48
1013.35	2041.07
1013.52	1989.05
1013.68	2024.89
1013.84	2000.31
1014.01	1955.05
1014.17	1991.30
1014.33	1979.83
1014.49	1907.74
1014.66	1906.31
1014.82	1860.85
1014.98	1907.33
1015.15	1878.05
1015.31	1860.03
1015.47	1871.49
1015.63	1860.85
1015.80	1818.04
1015.96	1845.08
1016.12	1820.71
1016.29	1793.06
1016.45	1790.40
1016.61	1758.65
1016.77	1770.94
1016.94	1753.94
1017.10	1761.31
1017.26	1749.03
1017.42	1717.28
1017.59	1738.17
1017.75	1710.11
1017.91	1711.14
1018.07	1678.37
1018.24	1682.67
1018.40	1669.56
1018.56	1661.37
1018.72	1639.87
1018.89	1609.35
1019.05	1611.81
1019.21	1599.32
1019.37	1626.35
1019.54	1589.49
1019.70	1567.58
1019.86	1549.55
1020.02	1556.93
1020.19	1556.52
1020.35	1557.13
1020.51	1535.42
1020.67	1522.73
1020.83	1517.20
1021.00	1492.21
1021.16	1502.45
1021.32	1470.30
1021.48	1481.15
1021.64	1437.73
1021.81	1463.95
1021.97	1408.04
1022.13	1450.23
1022.29	1366.47
1022.45	1403.12
1022.62	1387.35
1022.78	1390.22
1022.94	1372.81
1023.10	1355.20
1023.26	1358.68
1023.43	1340.66
1023.59	1338.82
1023.75	1337.59
1023.91	1323.05
1024.07	1322.84
1024.24	1300.52
1024.40	1310.76
1024.56	1278.20
1024.72	1267.75
1024.88	1266.52
1025.04	1257.51
1025.21	1261.00
1025.37	1241.54
1025.53	1177.85
1025.69	1258.95
1025.85	1225.16
1026.01	1211.43
1026.18	1213.07
1026.34	1183.17
1026.50	1175.59
1026.66	1143.65
1026.82	1161.05
1026.98	1176.62
1027.14	1148.36
1027.31	1144.67
1027.47	1100.02
1027.63	1138.32
1027.79	1065.00
1027.95	1111.90
1028.11	1090.40
1028.27	1085.28
1028.44	1047.80
1028.60	1095.11
1028.76	1060.91
1028.92	1061.52
1029.08	1044.73
1029.24	1039.20
1029.40	1034.29
1029.56	1039.40
1029.73	1007.87
1029.89	1045.75
1030.05	993.94
1030.21	977.35
1030.37	983.09
1030.53	962.20
1030.69	965.47
1030.85	950.11
1031.01	967.11
1031.17	937.21
1031.34	930.66
1031.50	945.61
1031.66	923.49
1031.82	951.96
1031.98	915.50
1032.14	914.27
1032.30	879.25
1032.46	910.79
1032.62	882.33
1032.78	869.83
1032.94	881.92
1033.10	857.55
1033.27	853.04
1033.43	854.06
1033.59	832.76
1033.75	836.04
1033.91	832.76
1034.07	833.58
1034.23	798.56
1034.39	792.62
1034.55	788.53
1034.71	810.24
1034.87	773.78
1035.03	778.29
1035.19	791.19
1035.35	760.27
1035.51	750.64
1035.67	793.24
1035.83	743.68
1035.99	748.59
1036.16	747.77
1036.32	750.64
1036.48	779.31
1036.64	715.01
1036.80	744.29
1036.96	732.21
1037.12	709.48
1037.28	685.52
1037.44	695.35
1037.60	703.54
1037.76	704.15
1037.92	701.29
1038.08	681.42
1038.24	692.68
1038.40	678.76
1038.56	645.99
1038.72	632.88
1038.88	644.35
1039.04	652.13
1039.20	628.79
1039.36	618.55
1039.52	622.23
1039.68	598.48
1039.84	617.32
1040.00	617.32
1040.16	617.32
1040.32	608.10
1040.48	579.43
1040.64	603.19
1040.80	583.12
1040.96	592.33
1041.12	567.76
1041.28	565.91
1041.44	551.58
1041.60	562.02
1041.76	566.12
1041.92	533.35
1042.08	539.29
1042.24	545.43
1042.39	555.06
1042.55	518.40
1042.71	549.74
1042.87	491.37
1043.03	513.49
1043.19	518.81
