345.44	2.663
345.66	2.679
345.88	2.696
346.10	-3.546
346.31	1.124
346.53	4.640
346.75	-1.277
346.97	-0.578
347.19	1.469
347.41	0.206
347.63	3.801
347.85	15.834
348.07	-0.998
348.29	0.873
348.51	-0.201
348.73	-11.976
348.95	0.511
349.17	-0.086
349.39	0.494
349.61	0.000
349.83	0.354
350.05	0.708
350.27	-0.138
350.49	0.630
350.71	0.954
350.93	1.058
351.15	1.546
351.37	1.127
351.59	1.110
351.80	-0.101
352.02	0.199
352.24	0.217
352.46	0.578
352.68	0.503
352.90	1.206
353.12	0.590
353.34	1.740
353.56	0.782
353.78	1.033
354.00	1.114
354.22	0.732
354.44	1.007
354.66	7.712
354.88	0.665
355.09	0.306
355.31	56.281
355.53	1.037
355.75	0.922
355.97	1.083
356.19	1.023
356.41	1.397
356.63	1.326
356.85	0.236
357.07	0.830
357.29	0.776
357.50	-0.026
357.72	0.592
357.94	1.204
358.16	0.643
358.38	1.277
358.60	1.697
358.82	0.258
359.04	1.676
359.26	0.997
359.48	1.761
359.69	0.937
359.91	2.067
360.13	0.882
360.35	0.616
360.57	1.816
360.79	0.737
361.01	0.911
361.23	-1.203
361.45	0.290
361.66	0.421
361.88	1.349
362.10	1.545
362.32	1.611
362.54	1.358
362.76	1.625
362.98	0.214
363.20	-0.076
363.41	1.032
363.63	0.363
363.85	0.781
364.07	0.894
364.29	0.425
364.51	1.493
364.73	-3.216
364.94	0.072
365.16	1.870
365.38	-0.020
365.60	0.630
365.82	0.947
366.04	0.680
366.26	-0.089
366.47	0.289
366.69	0.874
366.91	0.505
367.13	0.939
367.35	1.129
367.57	1.096
367.79	1.404
368.00	1.039
368.22	1.667
368.44	1.553
368.66	0.528
368.88	0.515
369.10	0.920
369.31	0.733
369.53	2.256
369.75	0.687
369.97	0.034
370.19	0.045
370.41	1.082
370.62	1.583
370.84	0.160
371.06	1.007
371.28	0.801
371.50	2.007
371.71	1.901
371.93	1.134
372.15	1.188
372.37	0.246
372.59	1.539
372.80	1.267
373.02	-0.438
373.24	-0.149
373.46	1.346
373.68	0.781
373.90	0.377
374.11	1.530
374.33	2.840
374.55	1.020
374.77	1.234
374.98	-0.129
375.20	2.305
375.42	1.320
375.64	1.316
375.86	0.839
376.07	1.577
376.29	1.196
376.51	0.314
376.73	3.160
376.95	0.268
377.16	1.763
377.38	3.509
377.60	2.721
377.82	2.163
378.03	2.098
378.25	1.808
378.47	0.757
378.69	1.702
378.91	2.092
379.12	1.143
379.34	1.779
379.56	1.939
379.78	0.200
379.99	1.807
380.21	1.588
380.43	1.484
380.65	1.081
380.86	1.736
381.08	2.514
381.30	0.936
381.52	2.436
381.73	2.014
381.95	1.059
382.17	1.673
382.39	0.971
382.60	1.739
382.82	3.698
383.04	4.243
383.26	2.330
383.47	1.693
383.69	1.726
383.91	1.843
384.13	0.039
384.34	0.948
384.56	1.903
384.78	1.101
385.00	0.655
385.21	0.829
385.43	0.306
385.65	-0.393
385.86	1.427
386.08	1.992
386.30	2.693
386.52	1.236
386.73	0.000
386.95	1.551
387.17	1.172
387.38	1.082
387.60	2.206
387.82	1.789
388.04	0.594
388.25	1.696
388.47	0.853
388.69	1.300
388.90	2.962
389.12	1.413
389.34	0.642
389.56	2.312
389.77	1.450
389.99	1.200
390.21	1.990
390.42	1.266
390.64	1.531
390.86	1.594
391.07	2.239
391.29	0.668
391.51	1.923
391.72	2.311
391.94	1.885
392.16	1.900
392.38	1.523
392.59	4.480
392.81	1.053
393.03	1.703
393.24	2.059
393.46	1.756
393.68	1.794
393.89	2.305
394.11	1.740
394.33	3.680
394.54	2.154
394.76	2.162
394.98	3.407
395.19	1.590
395.41	2.062
395.63	0.955
395.84	2.166
396.06	2.518
396.28	3.033
396.49	0.877
396.71	2.403
396.93	1.962
397.14	1.740
397.36	1.870
397.57	0.610
397.79	2.653
398.01	1.429
398.22	2.153
398.44	0.794
398.66	1.146
398.87	1.071
399.09	2.746
399.31	2.845
399.52	3.191
399.74	3.100
399.96	2.994
400.17	2.320
400.39	2.081
400.60	2.114
400.82	2.580
401.04	1.991
401.25	2.215
401.47	2.256
401.69	2.680
401.90	1.813
402.12	0.781
402.33	2.480
402.55	1.841
402.77	1.517
402.98	2.428
403.20	2.985
403.41	2.161
403.63	2.084
403.85	3.568
404.06	2.079
404.28	2.692
404.49	2.120
404.71	2.049
404.93	2.478
405.14	0.682
405.36	2.173
405.57	2.353
405.79	0.967
406.01	3.131
406.22	1.373
406.44	2.886
406.65	1.939
406.87	2.814
407.09	2.633
407.30	2.643
407.52	2.857
407.73	2.832
407.95	2.893
408.17	2.281
408.38	3.490
408.60	2.630
408.81	3.200
409.03	2.308
409.24	3.339
409.46	2.626
409.68	2.711
409.89	2.768
410.11	3.103
410.32	1.995
410.54	1.945
410.75	2.110
410.97	3.188
411.18	1.651
411.40	2.823
411.62	1.712
411.83	2.099
412.05	2.327
412.26	2.640
412.48	2.671
412.69	3.012
412.91	2.235
413.12	1.975
413.34	3.216
413.56	3.666
413.77	2.585
413.99	2.324
414.20	2.199
414.42	3.103
414.63	3.381
414.85	2.626
415.06	3.303
415.28	2.915
415.49	2.982
415.71	2.980
415.92	2.809
416.14	2.846
416.35	2.573
416.57	2.143
416.79	2.359
417.00	2.452
417.22	2.806
417.43	2.707
417.65	3.012
417.86	2.372
418.08	2.631
418.29	2.719
418.51	3.433
418.72	3.194
418.94	3.011
419.15	2.760
419.37	2.249
419.58	3.430
419.80	3.006
420.01	2.810
420.23	3.582
420.44	2.336
420.66	3.873
420.87	2.753
421.09	2.468
421.30	3.527
421.52	2.593
421.73	2.142
421.95	2.958
422.16	2.438
422.38	3.161
422.59	3.000
422.81	2.528
423.02	2.055
423.23	3.444
423.45	2.964
423.66	2.332
423.88	2.834
424.09	3.195
424.31	3.855
424.52	3.912
424.74	3.371
424.95	3.130
425.17	3.182
425.38	3.000
425.60	2.485
425.81	3.433
426.03	3.646
426.24	3.151
426.45	2.927
426.67	2.214
426.88	3.122
427.10	3.088
427.31	3.388
427.53	3.207
427.74	4.083
427.96	3.609
428.17	3.030
428.39	3.106
428.60	4.027
428.81	4.002
429.03	3.288
429.24	3.635
429.46	2.918
429.67	4.409
429.89	3.584
430.10	3.077
430.31	3.123
430.53	2.871
430.74	2.777
430.96	3.350
431.17	4.399
431.39	3.845
431.60	3.555
431.81	3.310
432.03	4.013
432.24	3.555
432.46	3.710
432.67	4.176
432.89	3.182
433.10	3.278
433.31	3.190
433.53	3.604
433.74	3.671
433.96	2.797
434.17	3.651
434.38	3.594
434.60	3.983
434.81	3.563
435.03	3.742
435.24	3.348
435.45	3.953
435.67	3.714
435.88	3.711
436.10	3.153
436.31	3.783
436.52	3.530
436.74	3.610
436.95	3.691
437.17	2.937
437.38	3.548
437.59	4.341
437.81	4.073
438.02	3.814
438.23	3.339
438.45	4.118
438.66	3.879
438.88	3.769
439.09	3.665
439.30	3.574
439.52	4.167
439.73	3.667
439.94	4.160
440.16	3.847
440.37	3.990
440.58	4.249
440.80	4.350
441.01	3.462
441.23	4.156
441.44	3.840
441.65	4.078
441.87	3.467
442.08	3.791
442.29	3.937
442.51	4.339
442.72	3.666
442.93	4.262
443.15	4.716
443.36	4.612
443.57	4.310
443.79	3.782
444.00	3.935
444.21	4.369
444.43	4.666
444.64	4.431
444.85	4.151
445.07	4.304
445.28	4.573
445.49	4.453
445.71	4.673
445.92	4.380
446.13	4.529
446.35	3.794
446.56	4.347
446.77	4.503
446.99	4.644
447.20	4.028
447.41	4.222
447.63	4.205
447.84	4.709
448.05	4.351
448.27	4.731
448.48	4.253
448.69	4.041
448.90	4.101
449.12	4.662
449.33	4.405
449.54	4.369
449.76	4.939
449.97	4.015
450.18	4.440
450.40	4.413
450.61	4.704
450.82	4.795
451.03	5.214
451.25	4.356
451.46	4.864
451.67	4.435
451.89	4.580
452.10	4.741
452.31	5.115
452.52	4.949
452.74	4.986
452.95	4.460
453.16	3.989
453.38	4.547
453.59	4.383
453.80	4.587
454.01	4.283
454.23	5.006
454.44	4.598
454.65	5.317
454.86	4.997
455.08	4.822
455.29	4.776
455.50	4.905
455.71	4.907
455.93	4.584
456.14	4.803
456.35	4.630
456.56	4.905
456.78	4.843
456.99	5.050
457.20	5.005
457.41	4.422
457.63	4.788
457.84	4.749
458.05	5.020
458.26	4.937
458.48	5.063
458.69	5.346
458.90	4.910
459.11	4.860
459.33	5.231
459.54	5.095
459.75	4.671
459.96	5.325
460.18	4.987
460.39	5.678
460.60	5.472
460.81	5.430
461.02	4.694
461.24	5.017
461.45	5.078
461.66	5.512
461.87	5.347
462.09	5.239
462.30	5.348
462.51	4.962
462.72	5.164
462.93	5.148
463.15	5.004
463.36	5.494
463.57	5.346
463.78	5.861
463.99	5.234
464.21	5.359
464.42	5.065
464.63	5.468
464.84	5.304
465.05	5.529
465.27	5.239
465.48	5.815
465.69	5.410
465.90	4.937
466.11	5.507
466.33	5.811
466.54	5.191
466.75	5.414
466.96	5.976
467.17	5.489
467.38	5.902
467.60	5.691
467.81	5.453
468.02	5.687
468.23	5.689
468.44	5.648
468.65	5.429
468.87	5.362
469.08	5.461
469.29	5.729
469.50	5.419
469.71	5.587
469.92	5.299
470.14	5.854
470.35	5.758
470.56	5.490
470.77	5.671
470.98	5.517
471.19	5.547
471.41	5.630
471.62	5.797
471.83	6.113
472.04	6.019
472.25	5.934
472.46	5.700
472.67	5.847
472.89	5.868
473.10	5.594
473.31	5.727
473.52	5.870
473.73	5.628
473.94	5.867
474.15	6.028
474.37	6.054
474.58	5.713
474.79	5.867
475.00	5.783
475.21	5.420
475.42	6.139
475.63	6.088
475.84	6.006
476.06	6.080
476.27	5.899
476.48	5.982
476.69	6.060
476.90	5.874
477.11	6.063
477.32	6.109
477.53	6.193
477.74	6.168
477.96	6.045
478.17	6.161
478.38	5.976
478.59	5.887
478.80	6.149
479.01	6.424
479.22	6.082
479.43	6.069
479.64	6.021
479.85	6.207
480.06	6.077
480.28	5.876
480.49	5.981
480.70	6.149
480.91	5.930
481.12	5.976
481.33	6.104
481.54	6.174
481.75	5.994
481.96	6.468
482.17	6.071
482.38	5.941
482.59	6.233
482.81	6.518
483.02	6.232
483.23	5.943
483.44	6.012
483.65	6.408
483.86	6.291
484.07	6.165
484.28	6.272
484.49	6.258
484.70	6.324
484.91	6.203
485.12	6.201
485.33	6.162
485.54	6.303
485.75	6.293
485.96	6.421
486.17	6.212
486.38	6.227
486.60	6.405
486.81	6.572
487.02	6.393
487.23	6.612
487.44	6.423
487.65	6.405
487.86	6.053
488.07	6.157
488.28	6.465
488.49	6.339
488.70	6.221
488.91	6.040
489.12	6.512
489.33	6.394
489.54	6.572
489.75	6.526
489.96	6.385
490.17	6.587
490.38	6.664
490.59	6.402
490.80	6.324
491.01	6.494
491.22	6.368
491.43	6.439
491.64	6.423
491.85	6.517
492.06	6.728
492.27	6.581
492.48	6.619
492.69	6.652
492.90	6.705
493.11	6.617
493.32	6.452
493.53	6.570
493.74	6.559
493.95	6.572
494.16	6.509
494.37	6.538
494.58	6.751
494.79	6.647
495.00	6.615
495.21	6.929
495.42	6.727
495.63	6.616
495.84	6.766
496.05	6.649
496.26	6.728
496.47	6.656
496.68	6.601
496.89	6.793
497.10	6.631
497.31	6.737
497.52	6.683
497.73	6.735
497.94	6.694
498.15	6.619
498.36	6.751
498.57	6.794
498.78	6.977
498.99	6.837
499.19	6.709
499.40	6.768
499.61	6.746
499.82	6.810
500.03	6.683
500.24	6.748
500.45	7.061
500.66	6.844
500.87	6.817
501.08	6.905
501.29	6.706
501.50	6.824
501.71	6.821
501.92	6.740
502.13	6.811
502.34	6.851
502.55	6.797
502.76	6.638
502.96	6.712
503.17	6.872
503.38	6.856
503.59	6.907
503.80	6.928
504.01	6.910
504.22	6.714
504.43	6.927
504.64	6.766
504.85	6.994
505.06	6.707
505.27	6.881
505.47	6.812
505.68	6.881
505.89	6.727
506.10	6.931
506.31	6.736
506.52	6.659
506.73	6.809
506.94	6.757
507.15	6.935
507.36	6.982
507.56	6.746
507.77	6.743
507.98	6.866
508.19	6.786
508.40	6.867
508.61	6.908
508.82	6.778
509.03	6.974
509.24	6.917
509.44	6.726
509.65	7.031
509.86	6.819
510.07	6.860
510.28	6.717
510.49	6.828
510.70	6.950
510.91	6.686
511.11	6.804
511.32	6.863
511.53	6.769
511.74	6.953
511.95	6.632
512.16	6.756
512.37	6.807
512.58	6.839
512.78	6.690
512.99	7.019
513.20	6.716
513.41	6.792
513.62	6.791
513.83	6.830
514.04	6.876
514.24	6.838
514.45	6.819
514.66	6.815
514.87	6.860
515.08	6.938
515.29	6.903
515.49	6.841
515.70	6.988
515.91	6.852
516.12	6.813
516.33	6.964
516.54	6.783
516.74	6.834
516.95	7.053
517.16	7.046
517.37	6.882
517.58	6.847
517.79	7.016
517.99	6.953
518.20	6.975
518.41	7.067
518.62	6.912
518.83	6.836
519.03	7.016
519.24	6.932
519.45	6.900
519.66	7.155
519.87	7.044
520.07	7.008
520.28	7.128
520.49	6.976
520.70	7.143
520.91	7.168
521.12	7.070
521.32	7.188
521.53	7.191
521.74	7.189
521.95	7.078
522.15	7.059
522.36	7.091
522.57	7.206
522.78	7.194
522.99	7.142
523.19	7.297
523.40	7.377
523.61	7.535
523.82	7.374
524.03	7.337
524.23	7.478
524.44	7.362
524.65	7.387
524.86	7.259
525.06	7.368
525.27	7.322
525.48	7.501
525.69	7.410
525.89	7.456
526.10	7.609
526.31	7.374
526.52	7.595
526.72	7.458
526.93	7.625
527.14	7.539
527.35	7.617
527.56	7.666
527.76	7.686
527.97	7.670
528.18	7.635
528.38	7.556
528.59	7.769
528.80	7.749
529.01	7.679
529.21	7.848
529.42	7.786
529.63	7.760
529.84	7.835
530.04	7.772
530.25	7.909
530.46	7.809
530.67	7.804
530.87	7.716
531.08	7.889
531.29	7.880
531.50	7.849
531.70	7.738
531.91	7.923
532.12	7.996
532.32	8.007
532.53	7.926
532.74	7.865
532.95	8.041
533.15	7.992
533.36	8.072
533.57	7.992
533.77	7.803
533.98	8.087
534.19	8.099
534.39	8.021
534.60	8.153
534.81	7.996
535.02	8.229
535.22	8.130
535.43	8.124
535.64	8.226
535.84	8.242
536.05	8.216
536.26	8.226
536.46	8.392
536.67	8.243
536.88	8.362
537.08	8.076
537.29	8.248
537.50	8.221
537.70	8.370
537.91	8.182
538.12	8.314
538.33	8.259
538.53	8.228
538.74	8.418
538.95	8.197
539.15	8.329
539.36	8.254
539.57	8.353
539.77	8.244
539.98	8.276
540.18	8.304
540.39	8.320
540.60	8.253
540.80	8.425
541.01	8.319
541.22	8.579
541.42	8.586
541.63	8.400
541.84	8.412
542.04	8.452
542.25	8.244
542.46	8.412
542.66	8.486
542.87	8.346
543.08	8.368
543.28	8.457
543.49	8.591
543.69	8.377
543.90	8.395
544.11	8.516
544.31	8.304
544.52	8.565
544.73	8.408
544.93	8.487
545.14	8.463
545.34	8.454
545.55	8.430
545.76	8.413
545.96	8.552
546.17	8.408
546.38	8.433
546.58	8.497
546.79	8.328
546.99	8.427
547.20	8.607
547.41	8.402
547.61	8.505
547.82	8.516
548.02	8.638
548.23	8.505
548.44	8.548
548.64	8.550
548.85	8.547
549.05	8.615
549.26	8.569
549.47	8.534
549.67	8.600
549.88	8.567
550.08	8.504
550.29	8.529
550.50	8.600
550.70	8.521
550.91	8.536
551.11	8.647
551.32	8.590
551.52	8.570
551.73	8.695
551.94	8.640
552.14	8.727
552.35	8.682
552.55	8.728
552.76	8.630
552.96	8.718
553.17	8.846
553.38	8.781
553.58	8.813
553.79	8.897
553.99	8.805
554.20	8.887
554.40	8.800
554.61	8.922
554.81	8.916
555.02	9.064
555.23	8.863
555.43	9.030
555.64	8.988
555.84	8.992
556.05	9.138
556.25	9.110
556.46	9.158
556.66	9.060
556.87	9.214
557.07	9.286
557.28	9.231
557.48	9.147
557.69	9.213
557.90	9.242
558.10	9.257
558.31	9.379
558.51	9.388
558.72	9.509
558.92	9.461
559.13	9.470
559.33	9.413
559.54	9.543
559.74	9.535
559.95	9.459
560.15	9.554
560.36	9.753
560.56	9.747
560.77	9.775
560.97	9.810
561.18	9.822
561.38	9.890
561.59	9.886
561.79	9.809
562.00	10.064
562.20	10.096
562.41	10.175
562.61	10.196
562.82	10.167
563.02	10.325
563.23	10.362
563.43	10.331
563.64	10.406
563.84	10.367
564.05	10.568
564.25	10.537
564.46	10.731
564.66	10.524
564.87	10.907
565.07	10.680
565.28	10.785
565.48	11.081
565.68	11.037
565.89	11.042
566.09	11.147
566.30	11.125
566.50	11.397
566.71	11.381
566.91	11.298
567.12	11.521
567.32	11.558
567.53	11.615
567.73	11.640
567.94	11.747
568.14	11.751
568.34	11.828
568.55	11.922
568.75	12.188
568.96	12.020
569.16	12.187
569.37	12.286
569.57	12.299
569.78	12.450
569.98	12.376
570.18	12.518
570.39	12.674
570.59	12.645
570.80	12.729
571.00	12.895
571.21	13.000
571.41	12.873
571.61	13.028
571.82	13.327
572.02	13.221
572.23	13.271
572.43	13.171
572.64	13.499
572.84	13.472
573.04	13.530
573.25	13.748
573.45	13.689
573.66	13.966
573.86	13.937
574.06	13.991
574.27	14.161
574.47	14.260
574.68	14.115
574.88	14.172
575.08	14.429
575.29	14.403
575.49	14.568
575.70	14.692
575.90	14.817
576.10	14.806
576.31	14.874
576.51	14.994
576.72	15.008
576.92	15.163
577.12	15.157
577.33	15.408
577.53	15.517
577.73	15.223
577.94	15.595
578.14	15.686
578.35	15.778
578.55	15.786
578.75	15.809
578.96	15.987
579.16	16.086
579.36	15.992
579.57	16.023
579.77	16.161
579.98	16.232
580.18	16.406
580.38	16.396
580.59	16.695
580.79	16.500
580.99	16.774
581.20	16.765
581.40	16.802
581.60	16.886
581.81	16.890
582.01	16.973
582.21	17.057
582.42	17.249
582.62	17.231
582.82	17.307
583.03	17.404
583.23	17.458
583.43	17.676
583.64	17.582
583.84	17.679
584.04	17.939
584.25	17.768
584.45	17.893
584.65	18.000
584.86	18.026
585.06	18.063
585.26	18.255
585.47	18.230
585.67	18.285
585.87	18.213
586.08	18.369
586.28	18.484
586.48	18.512
586.69	18.587
586.89	18.690
587.09	18.772
587.30	18.787
587.50	18.806
587.70	18.939
587.90	19.055
588.11	19.012
588.31	19.048
588.51	19.070
588.72	19.267
588.92	19.327
589.12	19.441
589.33	19.470
589.53	19.466
589.73	19.500
589.93	19.527
590.14	19.654
590.34	19.682
590.54	19.708
590.75	19.827
590.95	19.955
591.15	20.002
591.35	19.827
591.56	19.971
591.76	19.989
591.96	20.329
592.16	20.136
592.37	20.307
592.57	20.263
592.77	20.392
592.97	20.522
593.18	20.536
593.38	20.459
593.58	20.651
593.79	20.602
593.99	20.736
594.19	20.631
594.39	20.654
594.60	20.781
594.80	20.839
595.00	20.789
595.20	21.021
595.41	21.039
595.61	21.009
595.81	21.252
596.01	21.242
596.21	21.260
596.42	21.299
596.62	21.331
596.82	21.384
597.02	21.450
597.23	21.385
597.43	21.502
597.63	21.531
597.83	21.527
598.04	21.644
598.24	21.750
598.44	21.773
598.64	21.848
598.84	21.892
599.05	21.974
599.25	21.899
599.45	21.909
599.65	21.929
599.85	22.143
600.06	22.035
600.26	22.255
600.46	22.456
600.66	22.293
600.87	22.339
601.07	22.423
601.27	22.393
601.47	22.507
601.67	22.521
601.87	22.424
602.08	22.647
602.28	22.653
602.48	22.508
602.68	22.673
602.88	22.818
603.09	22.858
603.29	22.804
603.49	22.863
603.69	23.044
603.89	23.065
604.10	23.056
604.30	22.933
604.50	23.090
604.70	23.036
604.90	23.098
605.10	23.293
605.31	23.261
605.51	23.264
605.71	23.311
605.91	23.317
606.11	23.367
606.31	23.358
606.52	23.575
606.72	23.581
606.92	23.594
607.12	23.696
607.32	23.608
607.52	23.575
607.72	23.617
607.93	23.604
608.13	24.066
608.33	23.946
608.53	23.815
608.73	23.893
608.93	24.038
609.13	24.103
609.34	24.012
609.54	24.222
609.74	24.080
609.94	24.158
610.14	24.095
610.34	24.237
610.54	24.308
610.74	24.230
610.95	24.381
611.15	24.500
611.35	24.260
611.55	24.386
611.75	24.467
611.95	24.420
612.15	24.549
612.35	24.564
612.56	24.494
612.76	24.684
612.96	24.729
613.16	24.751
613.36	24.713
613.56	24.660
613.76	24.857
613.96	24.829
614.16	24.801
614.36	24.798
614.57	25.030
614.77	24.962
614.97	25.060
615.17	24.848
615.37	24.985
615.57	25.086
615.77	25.133
615.97	25.149
616.17	25.253
616.37	25.206
616.57	25.294
616.78	25.205
616.98	25.278
617.18	25.285
617.38	25.245
617.58	25.418
617.78	25.581
617.98	25.522
618.18	25.502
618.38	25.599
618.58	25.668
618.78	25.687
618.98	25.679
619.18	25.642
619.38	25.759
619.58	25.754
619.79	25.929
619.99	25.862
620.19	25.770
620.39	25.877
620.59	26.037
620.79	25.865
620.99	26.034
621.19	26.045
621.39	26.039
621.59	26.016
621.79	26.077
621.99	26.173
622.19	26.079
622.39	26.205
622.59	26.252
622.79	26.253
622.99	26.243
623.19	26.306
623.39	26.399
623.59	26.290
623.79	26.395
623.99	26.378
624.19	26.449
624.39	26.424
624.59	26.518
624.79	26.490
624.99	26.568
625.19	26.655
625.39	26.588
625.59	26.786
625.79	26.610
625.99	26.708
626.19	26.791
626.39	26.800
626.59	26.753
626.79	26.724
626.99	26.804
627.19	26.778
627.39	26.890
627.59	26.906
627.79	26.874
627.99	27.042
628.19	27.214
628.39	27.010
628.59	27.121
628.79	27.135
628.99	27.044
629.19	27.154
629.39	27.192
629.59	27.292
629.79	27.160
629.99	27.374
630.19	27.382
630.39	27.444
630.59	27.358
630.79	27.496
630.99	27.568
631.19	27.491
631.39	27.584
631.59	27.551
631.79	27.625
631.99	27.622
632.19	27.743
632.39	27.809
632.59	27.733
632.79	27.949
632.99	27.757
633.19	27.785
633.39	27.908
633.58	27.938
633.78	27.989
633.98	27.970
634.18	27.885
634.38	27.888
634.58	28.165
634.78	28.030
634.98	28.106
635.18	28.209
635.38	28.059
635.58	27.949
635.78	28.086
635.98	28.251
636.18	28.417
636.38	28.361
636.57	28.378
636.77	28.310
636.97	28.258
637.17	28.194
637.37	28.412
637.57	28.467
637.77	28.439
637.97	28.549
638.17	28.690
638.37	28.587
638.57	28.599
638.76	28.647
638.96	28.580
639.16	28.742
639.36	28.631
639.56	28.666
639.76	28.685
639.96	28.815
640.16	28.900
640.36	28.731
640.56	28.861
640.75	28.814
640.95	28.774
641.15	28.842
641.35	28.940
641.55	29.001
641.75	29.026
641.95	29.124
642.15	28.953
642.34	29.110
642.54	29.211
642.74	29.184
642.94	29.125
643.14	29.250
643.34	29.418
643.54	29.189
643.74	29.458
643.93	29.263
644.13	29.427
644.33	29.202
644.53	29.326
644.73	29.418
644.93	29.345
645.13	29.401
645.32	29.614
645.52	29.678
645.72	29.679
645.92	29.530
646.12	29.773
646.32	29.621
646.52	29.788
646.71	29.714
646.91	29.638
647.11	29.751
647.31	29.753
647.51	29.844
647.71	29.765
647.90	29.993
648.10	29.966
648.30	30.024
648.50	30.042
648.70	30.015
648.89	30.139
649.09	30.063
649.29	30.193
649.49	30.015
649.69	30.112
649.89	30.177
650.08	30.169
650.28	30.271
650.48	30.344
650.68	30.408
650.88	30.289
651.07	30.363
651.27	30.283
651.47	30.336
651.67	30.374
651.87	30.478
652.06	30.261
652.26	30.438
652.46	30.585
652.66	30.619
652.86	30.455
653.05	30.709
653.25	30.768
653.45	30.696
653.65	30.845
653.85	30.891
654.04	30.810
654.24	30.805
654.44	30.767
654.64	30.933
654.83	30.775
655.03	30.717
655.23	30.908
655.43	30.885
655.63	30.814
655.82	30.971
656.02	31.061
656.22	31.031
656.42	31.169
656.61	31.085
656.81	31.232
657.01	31.088
657.21	31.262
657.40	31.487
657.60	31.215
657.80	31.488
658.00	31.245
658.19	31.331
658.39	31.308
658.59	31.324
658.79	31.533
658.98	31.346
659.18	31.492
659.38	31.321
659.58	31.354
659.77	31.494
659.97	31.518
660.17	31.491
660.36	31.489
660.56	31.726
660.76	31.742
660.96	31.695
661.15	31.782
661.35	31.766
661.55	31.834
661.75	31.998
661.94	31.962
662.14	31.854
662.34	31.737
662.53	31.797
662.73	31.770
662.93	31.735
663.13	31.960
663.32	31.926
663.52	32.067
663.72	32.114
663.91	31.982
664.11	32.158
664.31	32.324
664.50	32.207
664.70	32.133
664.90	32.237
665.10	32.249
665.29	32.465
665.49	32.413
665.69	32.275
665.88	32.411
666.08	32.313
666.28	32.533
666.47	32.585
666.67	32.527
666.87	32.518
667.06	32.580
667.26	32.631
667.46	32.591
667.65	32.494
667.85	32.872
668.05	32.622
668.24	32.649
668.44	32.659
668.64	32.691
668.83	32.679
669.03	32.749
669.23	32.595
669.42	32.855
669.62	32.862
669.82	32.863
670.01	32.863
670.21	32.961
670.41	32.859
670.60	32.999
670.80	33.050
671.00	33.238
671.19	32.941
671.39	33.142
671.58	33.047
671.78	33.207
671.98	33.213
672.17	33.269
672.37	33.348
672.57	33.277
672.76	33.355
672.96	33.359
673.15	33.288
673.35	33.534
673.55	33.317
673.74	33.374
673.94	33.367
674.14	33.491
674.33	33.403
674.53	33.426
674.72	33.601
674.92	33.443
675.12	33.719
675.31	33.657
675.51	33.567
675.70	33.725
675.90	33.853
676.10	33.787
676.29	33.738
676.49	33.707
676.68	33.889
676.88	33.860
677.08	33.899
677.27	33.767
677.47	33.772
677.66	33.727
677.86	34.065
678.06	34.026
678.25	33.939
678.45	34.072
678.64	34.029
678.84	34.102
679.03	34.061
679.23	34.104
679.43	34.199
679.62	34.147
679.82	34.453
680.01	34.338
680.21	34.245
680.40	34.400
680.60	34.350
680.80	34.331
680.99	34.528
681.19	34.464
681.38	34.539
681.58	34.517
681.77	34.546
681.97	34.527
682.16	34.640
682.36	34.462
682.56	34.651
682.75	34.639
682.95	34.590
683.14	34.535
683.34	34.620
683.53	34.756
683.73	34.729
683.92	34.866
684.12	34.906
684.31	34.820
684.51	34.844
684.70	34.735
684.90	34.824
685.10	34.854
685.29	34.949
685.49	35.067
685.68	35.167
685.88	34.943
686.07	35.251
686.27	35.129
686.46	35.179
686.66	35.151
686.85	35.226
687.05	35.336
687.24	35.336
687.44	35.300
687.63	35.289
687.83	35.389
688.02	35.341
688.22	35.309
688.41	35.300
688.61	35.228
688.80	35.391
689.00	35.517
689.19	35.397
689.39	35.389
689.58	35.497
689.78	35.546
689.97	35.548
690.17	35.538
690.36	35.685
690.56	35.595
690.75	35.664
690.95	35.693
691.14	35.563
691.34	35.622
691.53	35.667
691.72	35.648
691.92	35.600
692.11	35.632
692.31	35.752
692.50	35.776
692.70	35.721
692.89	35.881
693.09	36.082
693.28	36.110
693.48	36.125
693.67	36.118
693.87	36.085
694.06	36.157
694.25	36.100
694.45	36.143
694.64	36.351
694.84	36.444
695.03	36.461
695.23	36.300
695.42	36.299
695.62	36.463
695.81	36.274
696.00	36.508
696.20	36.401
696.39	36.419
696.59	36.592
696.78	36.638
696.98	36.654
697.17	36.644
697.36	36.652
697.56	36.569
697.75	36.790
697.95	36.861
698.14	36.866
698.34	36.701
698.53	36.676
698.72	36.581
698.92	36.702
699.11	36.809
699.31	36.902
699.50	36.986
699.69	36.522
699.89	36.889
700.08	36.960
700.28	36.817
700.47	36.935
700.66	37.081
700.86	36.973
701.05	37.198
701.25	37.235
701.44	37.108
701.63	37.107
701.83	37.096
702.02	37.126
702.21	37.112
702.41	37.054
702.60	37.200
702.80	37.268
702.99	37.124
703.18	37.337
703.38	37.268
703.57	37.481
703.77	37.434
703.96	37.423
704.15	37.340
704.35	37.396
704.54	37.519
704.73	37.506
704.93	37.389
705.12	37.630
705.31	37.517
705.51	37.442
705.70	37.631
705.89	37.785
706.09	37.731
706.28	37.712
706.48	37.515
706.67	37.613
706.86	37.848
707.06	37.753
707.25	37.913
707.44	37.943
707.64	37.852
707.83	37.662
708.02	37.917
708.22	37.955
708.41	37.943
708.60	38.011
708.80	37.932
708.99	38.009
709.18	37.950
709.38	38.056
709.57	38.190
709.76	38.057
709.95	38.060
710.15	38.286
710.34	38.250
710.53	38.202
710.73	38.274
710.92	38.165
711.11	38.371
711.31	38.188
711.50	38.536
711.69	38.385
711.89	38.516
712.08	38.583
712.27	38.643
712.46	38.543
712.66	38.223
712.85	38.332
713.04	38.597
713.24	38.698
713.43	38.682
713.62	38.853
713.81	38.695
714.01	38.862
714.20	38.821
714.39	38.734
714.59	38.818
714.78	38.692
714.97	38.900
715.16	38.618
715.36	38.718
715.55	38.781
715.74	38.790
715.93	38.524
716.13	38.742
716.32	39.031
716.51	39.120
716.71	38.845
716.90	39.071
717.09	39.071
717.28	39.070
717.48	39.067
717.67	39.083
717.86	38.964
718.05	39.131
718.25	39.250
718.44	39.054
718.63	39.220
718.82	39.319
719.02	39.212
719.21	39.496
719.40	39.340
719.59	39.497
719.78	39.540
719.98	39.501
720.17	39.302
720.36	39.285
720.55	39.379
720.75	39.485
720.94	39.492
721.13	39.416
721.32	39.517
721.51	39.539
721.71	39.587
721.90	39.616
722.09	39.764
722.28	39.570
722.48	39.662
722.67	39.726
722.86	39.494
723.05	39.682
723.24	39.738
723.44	39.690
723.63	39.724
723.82	39.939
724.01	39.920
724.20	39.757
724.40	39.874
724.59	39.971
724.78	39.890
724.97	39.726
725.16	39.721
725.35	39.788
725.55	39.876
725.74	40.022
725.93	39.920
726.12	40.171
726.31	40.239
726.51	40.258
726.70	40.260
726.89	40.231
727.08	40.351
727.27	40.251
727.46	40.122
727.66	40.268
727.85	40.298
728.04	40.390
728.23	40.403
728.42	40.321
728.61	40.221
728.81	40.456
729.00	40.148
729.19	40.441
729.38	40.708
729.57	40.628
729.76	40.489
729.95	40.558
730.15	40.532
730.34	40.705
730.53	40.566
730.72	40.756
730.91	40.530
731.10	40.792
731.29	40.790
731.49	40.912
731.68	40.814
731.87	40.683
732.06	40.894
732.25	40.962
732.44	40.805
732.63	40.816
732.82	40.785
733.02	40.789
733.21	40.783
733.40	40.802
733.59	40.858
733.78	40.880
733.97	41.041
734.16	41.076
734.35	41.205
734.54	41.013
734.74	41.194
734.93	41.109
735.12	41.280
735.31	41.287
735.50	41.292
735.69	41.415
735.88	41.304
736.07	41.353
736.26	41.205
736.45	41.407
736.64	41.396
736.84	41.119
737.03	41.460
737.22	41.389
737.41	41.523
737.60	41.813
737.79	41.773
737.98	41.538
738.17	41.591
738.36	41.609
738.55	41.529
738.74	41.569
738.93	41.417
739.12	41.500
739.32	41.377
739.51	41.381
739.70	41.519
739.89	41.489
740.08	41.734
740.27	41.552
740.46	41.692
740.65	41.606
740.84	41.797
741.03	41.917
741.22	41.863
741.41	41.870
741.60	41.952
741.79	42.024
741.98	41.987
742.17	41.855
742.36	41.874
742.55	42.065
742.74	42.008
742.93	41.973
743.12	42.019
743.31	42.237
743.51	42.268
743.70	42.110
743.89	42.450
744.08	42.206
744.27	42.061
744.46	41.840
744.65	41.970
744.84	42.250
745.03	42.042
745.22	42.209
745.41	42.074
745.60	42.378
745.79	42.260
745.98	42.270
746.17	42.277
746.36	42.265
746.55	42.325
746.74	42.496
746.93	42.688
747.12	42.625
747.31	42.396
747.50	42.801
747.69	42.494
747.88	42.588
748.07	42.624
748.26	42.708
748.45	42.485
748.64	42.663
748.83	42.646
749.02	42.507
749.21	42.521
749.40	42.829
749.59	42.647
749.77	42.862
749.96	42.857
750.15	42.809
750.34	43.004
750.53	42.906
750.72	42.751
750.91	42.813
751.10	43.187
751.29	42.993
751.48	42.904
751.67	42.968
751.86	43.049
752.05	43.142
752.24	42.920
752.43	42.962
752.62	42.987
752.81	42.942
753.00	43.007
753.19	43.049
753.38	43.178
753.57	42.879
753.76	43.054
753.94	43.135
754.13	43.356
754.32	43.102
754.51	43.485
754.70	43.283
754.89	43.245
755.08	43.307
755.27	43.373
755.46	43.328
755.65	43.453
755.84	43.497
756.03	43.575
756.22	43.636
756.40	43.577
756.59	43.461
756.78	43.249
756.97	43.511
757.16	43.658
757.35	43.551
757.54	43.472
757.73	43.368
757.92	43.731
758.11	43.572
758.29	43.577
758.48	43.809
758.67	43.460
758.86	43.774
759.05	43.655
759.24	43.612
759.43	43.906
759.62	43.788
759.81	43.627
759.99	43.764
760.18	43.781
760.37	43.886
760.56	43.968
760.75	43.798
760.94	44.042
761.13	44.057
761.32	44.020
761.50	44.271
761.69	44.217
761.88	44.067
762.07	44.264
762.26	43.887
762.45	43.923
762.64	43.960
762.82	44.091
763.01	44.293
763.20	44.014
763.39	44.080
763.58	44.291
763.77	44.182
763.96	44.502
764.14	44.273
764.33	44.504
764.52	44.316
764.71	44.383
764.90	44.487
765.09	44.350
765.27	44.250
765.46	44.165
765.65	44.296
765.84	44.323
766.03	44.370
766.22	44.532
766.40	44.435
766.59	44.549
766.78	44.572
766.97	44.500
767.16	44.598
767.35	44.630
767.53	44.702
767.72	44.846
767.91	44.775
768.10	44.877
768.29	44.954
768.47	44.824
768.66	44.810
768.85	44.684
769.04	44.804
769.23	44.859
769.41	44.872
769.60	44.922
769.79	44.957
769.98	44.817
770.17	45.091
770.35	45.264
770.54	45.073
770.73	45.150
770.92	45.156
771.10	45.176
771.29	45.373
771.48	45.420
771.67	45.086
771.86	45.186
772.04	45.173
772.23	45.354
772.42	45.303
772.61	45.100
772.79	45.220
772.98	45.249
773.17	45.347
773.36	45.403
773.54	45.298
773.73	45.535
773.92	45.384
774.11	45.498
774.30	45.312
774.48	45.399
774.67	45.385
774.86	45.594
775.05	45.414
775.23	45.463
775.42	45.825
775.61	45.605
775.79	45.378
775.98	45.328
776.17	45.472
776.36	45.407
776.54	45.631
776.73	45.841
776.92	45.463
777.11	45.430
777.29	45.517
777.48	45.918
777.67	45.652
777.85	45.574
778.04	45.600
778.23	45.689
778.42	45.676
778.60	45.619
778.79	46.068
778.98	45.857
779.16	46.077
779.35	46.126
779.54	45.792
779.73	45.826
779.91	45.742
780.10	45.843
780.29	46.167
780.47	46.043
780.66	46.079
780.85	46.307
781.03	46.068
781.22	46.105
781.41	46.288
781.60	46.160
781.78	46.190
781.97	46.088
782.16	46.271
782.34	46.281
782.53	46.191
782.72	46.219
782.90	46.263
783.09	46.265
783.28	46.420
783.46	46.202
783.65	46.382
783.84	46.440
784.02	46.075
784.21	46.052
784.40	46.167
784.58	46.071
784.77	46.313
784.96	46.249
785.14	46.415
785.33	46.394
785.52	46.404
785.70	46.294
785.89	46.451
786.08	46.307
786.26	46.281
786.45	46.533
786.63	46.447
786.82	46.717
787.01	46.617
787.19	46.550
787.38	46.652
787.57	46.792
787.75	46.696
787.94	46.885
788.13	46.601
788.31	46.741
788.50	46.854
788.68	46.537
788.87	46.781
789.06	46.751
789.24	46.707
789.43	46.662
789.61	46.786
789.80	46.841
789.99	47.073
790.17	46.933
790.36	46.963
790.55	47.062
790.73	46.824
790.92	46.733
791.10	46.893
791.29	46.849
791.48	46.931
791.66	47.071
791.85	46.950
792.03	47.059
792.22	46.825
792.40	46.889
792.59	47.054
792.78	46.941
792.96	47.150
793.15	47.038
793.33	47.011
793.52	47.155
793.71	46.962
793.89	47.013
794.08	47.049
794.26	47.008
794.45	46.910
794.63	47.061
794.82	47.149
795.01	47.115
795.19	47.326
795.38	47.440
795.56	47.341
795.75	47.355
795.93	47.441
796.12	47.403
796.30	47.674
796.49	47.459
796.68	47.177
796.86	47.528
797.05	47.525
797.23	47.278
797.42	47.440
797.60	47.496
797.79	47.568
797.97	47.585
798.16	47.472
798.34	47.501
798.53	47.332
798.71	47.386
798.90	47.568
799.08	47.634
799.27	47.854
799.46	47.598
799.64	47.719
799.83	47.943
800.01	47.701
800.20	47.669
800.38	47.660
800.57	47.847
800.75	48.054
800.94	47.939
801.12	48.115
801.31	47.946
801.49	47.972
801.68	48.096
801.86	48.004
802.05	48.096
802.23	47.996
802.42	48.243
802.60	47.849
802.79	47.897
802.97	48.014
803.16	47.961
803.34	48.115
803.53	48.192
803.71	48.333
803.90	48.072
804.08	48.219
804.27	48.138
804.45	48.079
804.63	48.055
804.82	48.090
805.00	48.109
805.19	48.363
805.37	48.094
805.56	48.241
805.74	48.243
805.93	48.301
806.11	48.144
806.30	48.119
806.48	48.104
806.67	48.288
806.85	48.412
807.04	48.221
807.22	48.393
807.40	48.488
807.59	48.331
807.77	48.464
807.96	48.499
808.14	48.433
808.33	48.811
808.51	48.598
808.69	48.911
808.88	48.706
809.06	48.493
809.25	48.668
809.43	48.577
809.62	48.498
809.80	48.680
809.99	48.442
810.17	48.770
810.35	48.911
810.54	48.661
810.72	48.635
810.91	48.574
811.09	48.767
811.27	48.654
811.46	48.655
811.64	48.727
811.83	48.841
812.01	48.658
812.19	48.728
812.38	48.730
812.56	48.787
812.75	49.222
812.93	49.005
813.11	48.879
813.30	48.932
813.48	48.784
813.67	48.959
813.85	49.053
814.03	49.126
814.22	48.889
814.40	48.799
814.59	49.008
814.77	49.137
814.95	48.795
815.14	48.742
815.32	48.673
815.50	48.762
815.69	48.829
815.87	48.800
816.06	49.107
816.24	49.124
816.42	49.086
816.61	49.064
816.79	49.162
816.97	49.009
817.16	49.003
817.34	48.833
817.52	48.934
817.71	49.093
817.89	49.187
818.07	49.272
818.26	49.125
818.44	49.361
818.63	49.077
818.81	49.408
818.99	49.432
819.18	49.448
819.36	49.279
819.54	49.505
819.73	49.392
819.91	49.372
820.09	49.467
820.28	49.501
820.46	49.398
820.64	49.624
820.83	49.498
821.01	49.595
821.19	49.790
821.37	49.560
821.56	49.522
821.74	49.451
821.92	49.632
822.11	49.434
822.29	49.737
822.47	49.602
822.66	49.516
822.84	49.753
823.02	49.680
823.21	49.851
823.39	49.589
823.57	49.712
823.75	49.709
823.94	49.770
824.12	49.679
824.30	49.782
824.49	49.875
824.67	49.580
824.85	49.680
825.03	49.743
825.22	49.937
825.40	49.961
825.58	49.825
825.77	49.685
825.95	49.868
826.13	49.731
826.31	49.954
826.50	49.787
826.68	49.620
826.86	49.845
827.04	49.724
827.23	49.876
827.41	49.892
827.59	49.969
827.78	50.102
827.96	49.957
828.14	49.930
828.32	49.972
828.51	49.695
828.69	50.139
828.87	49.962
829.05	49.875
829.23	49.722
829.42	50.024
829.60	49.861
829.78	50.013
829.96	50.139
830.15	50.046
830.33	49.834
830.51	50.092
830.69	50.182
830.88	50.524
831.06	50.133
831.24	50.330
831.42	49.963
831.60	50.196
831.79	49.956
831.97	50.074
832.15	49.833
832.33	50.198
832.52	50.017
832.70	50.062
832.88	50.153
833.06	50.054
833.24	50.059
833.43	50.316
833.61	50.309
833.79	50.390
833.97	50.397
834.15	50.369
834.34	50.255
834.52	50.554
834.70	50.550
834.88	50.805
835.06	50.695
835.25	50.597
835.43	50.879
835.61	50.761
835.79	50.487
835.97	50.589
836.15	50.625
836.34	50.652
836.52	50.767
836.70	50.720
836.88	50.713
837.06	50.759
837.24	50.979
837.43	50.970
837.61	50.718
837.79	50.930
837.97	51.240
838.15	51.002
838.33	51.154
838.52	50.913
838.70	50.723
838.88	50.570
839.06	50.934
839.24	50.703
839.42	50.787
839.60	50.974
839.79	51.008
839.97	51.035
840.15	51.135
840.33	51.039
840.51	51.319
840.69	51.196
840.87	50.916
841.06	50.905
841.24	51.281
841.42	51.151
841.60	51.115
841.78	51.117
841.96	51.132
842.14	51.431
842.32	51.255
842.51	50.908
842.69	51.066
842.87	50.929
843.05	50.817
843.23	50.943
843.41	51.164
843.59	51.245
843.77	51.194
843.95	51.120
844.14	51.263
844.32	51.607
844.50	51.500
844.68	51.517
844.86	51.183
845.04	51.458
845.22	51.398
845.40	51.312
845.58	51.569
845.76	51.012
845.94	51.327
846.12	51.211
846.31	51.129
846.49	51.234
846.67	50.798
846.85	51.208
847.03	51.522
847.21	51.288
847.39	51.269
847.57	51.469
847.75	51.494
847.93	51.264
848.11	51.175
848.29	51.213
848.47	51.261
848.65	51.048
848.83	51.120
849.02	51.517
849.20	51.459
849.38	51.431
849.56	51.561
849.74	51.357
849.92	51.432
850.10	51.661
850.28	51.605
850.46	51.637
850.64	51.430
850.82	51.723
851.00	51.731
851.18	51.395
851.36	51.400
851.54	51.497
851.72	51.783
851.90	51.699
852.08	51.718
852.26	51.473
852.44	51.584
852.62	51.528
852.80	51.901
852.98	51.833
853.16	51.812
853.34	51.666
853.52	51.516
853.70	51.497
853.88	51.592
854.06	51.460
854.24	51.743
854.42	52.023
854.60	51.632
854.78	52.079
854.96	52.116
855.14	51.857
855.32	51.902
855.50	51.780
855.68	52.005
855.86	52.324
856.04	51.826
856.22	52.093
856.40	52.065
856.58	51.917
856.76	52.124
856.94	52.055
857.12	51.948
857.30	51.889
857.48	51.847
857.66	51.633
857.84	51.898
858.02	51.911
858.20	51.965
858.38	51.635
858.56	51.817
858.74	51.740
858.92	52.034
859.10	52.105
859.28	52.210
859.46	52.147
859.64	52.020
859.81	51.634
859.99	51.952
860.17	51.992
860.35	52.386
860.53	52.182
860.71	52.182
860.89	52.334
861.07	52.197
861.25	52.015
861.43	52.169
861.61	52.325
861.79	52.101
861.97	52.225
862.15	52.388
862.33	52.436
862.50	52.281
862.68	52.229
862.86	52.372
863.04	52.322
863.22	52.249
863.40	52.419
863.58	52.434
863.76	52.365
863.94	52.581
864.12	52.535
864.30	52.340
864.47	52.455
864.65	52.324
864.83	52.445
865.01	52.425
865.19	52.023
865.37	52.314
865.55	52.305
865.73	52.561
865.91	52.586
866.09	52.605
866.26	52.596
866.44	52.255
866.62	52.101
866.80	52.225
866.98	52.487
867.16	52.145
867.34	52.375
867.52	52.256
867.69	52.434
867.87	52.502
868.05	52.442
868.23	52.418
868.41	52.474
868.59	52.547
868.77	52.637
868.94	52.741
869.12	52.647
869.30	52.688
869.48	52.682
869.66	52.260
869.84	52.529
870.02	52.390
870.19	52.467
870.37	52.671
870.55	52.848
870.73	52.390
870.91	52.683
871.09	52.624
871.26	52.703
871.44	52.948
871.62	52.893
871.80	52.769
871.98	52.911
872.16	53.043
872.33	52.963
872.51	52.886
872.69	52.939
872.87	52.756
873.05	53.012
873.22	52.958
873.40	53.022
873.58	53.260
873.76	52.814
873.94	53.230
874.12	52.941
874.29	52.901
874.47	52.839
874.65	52.938
874.83	52.139
875.01	52.702
875.18	52.659
875.36	53.162
875.54	52.922
875.72	53.369
875.89	53.241
876.07	53.269
876.25	52.808
876.43	53.165
876.61	53.376
876.78	53.131
876.96	53.405
877.14	52.935
877.32	52.598
877.49	52.972
877.67	53.163
877.85	53.154
878.03	52.979
878.21	53.377
878.38	53.196
878.56	53.054
878.74	53.113
878.92	53.191
879.09	53.262
879.27	53.332
879.45	53.120
879.63	53.503
879.80	53.042
879.98	53.062
880.16	53.217
880.34	53.392
880.51	53.239
880.69	53.206
880.87	53.173
881.05	52.946
881.22	52.817
881.40	52.674
881.58	52.837
881.75	52.899
881.93	53.146
882.11	53.280
882.29	53.306
882.46	53.269
882.64	53.446
882.82	53.343
883.00	53.392
883.17	53.418
883.35	53.375
883.53	53.086
883.70	53.280
883.88	53.419
884.06	53.437
884.23	53.578
884.41	53.329
884.59	53.478
884.77	53.476
884.94	53.820
885.12	53.728
885.30	53.415
885.47	53.508
885.65	53.656
885.83	53.691
886.00	53.633
886.18	53.847
886.36	53.733
886.53	53.618
886.71	53.277
886.89	53.256
887.07	53.382
887.24	53.472
887.42	53.632
887.60	53.928
887.77	53.824
887.95	53.652
888.13	53.820
888.30	53.792
888.48	53.517
888.66	53.633
888.83	53.879
889.01	53.996
889.18	53.851
889.36	53.870
889.54	53.535
889.71	53.860
889.89	53.821
890.07	53.682
890.24	53.400
890.42	53.709
890.60	53.928
890.77	53.763
890.95	53.515
891.13	53.996
891.30	53.894
891.48	53.664
891.65	54.088
891.83	54.010
892.01	53.851
892.18	53.735
892.36	53.997
892.54	53.734
892.71	53.814
892.89	53.772
893.06	53.839
893.24	53.519
893.42	53.750
893.59	53.860
893.77	53.864
893.94	53.741
894.12	53.682
894.30	53.767
894.47	53.638
894.65	53.721
894.82	53.815
895.00	53.806
895.18	53.974
895.35	53.988
895.53	54.394
895.70	54.381
895.88	54.078
896.06	54.147
896.23	54.194
896.41	53.988
896.58	53.927
896.76	54.055
896.93	53.871
897.11	53.638
897.29	53.391
897.46	53.786
897.64	53.957
897.81	53.930
897.99	53.864
898.16	53.790
898.34	54.067
898.52	54.013
898.69	53.968
898.87	53.978
899.04	53.870
899.22	54.179
899.39	53.803
899.57	53.469
899.74	53.694
899.92	53.963
900.10	53.876
900.27	54.619
900.45	54.117
900.62	54.118
900.80	54.115
900.97	54.148
901.15	54.499
901.32	54.093
901.50	54.302
901.67	54.257
901.85	54.337
902.02	54.282
902.20	54.401
902.37	54.209
902.55	54.347
902.72	54.272
902.90	54.593
903.07	54.354
903.25	54.092
903.43	54.243
903.60	54.222
903.78	54.289
903.95	54.386
904.13	54.379
904.30	54.199
904.48	54.437
904.65	54.776
904.83	54.431
905.00	54.191
905.17	54.204
905.35	53.787
905.52	54.075
905.70	54.237
905.87	54.151
906.05	54.354
906.22	54.294
906.40	54.425
906.57	54.354
906.75	54.318
906.92	54.117
907.10	54.193
907.27	54.229
907.45	54.022
907.62	54.520
907.80	54.184
907.97	54.274
908.15	54.039
908.32	54.099
908.49	54.270
908.67	54.200
908.84	54.194
909.02	54.536
909.19	54.096
909.37	54.280
909.54	54.315
909.72	54.234
909.89	54.216
910.07	54.362
910.24	54.166
910.41	54.408
910.59	54.202
910.76	54.254
910.94	54.084
911.11	54.474
911.29	54.523
911.46	54.563
911.63	54.544
911.81	54.681
911.98	54.405
912.16	54.752
912.33	54.562
912.50	54.590
912.68	54.559
912.85	54.560
913.03	54.427
913.20	54.551
913.38	54.676
913.55	54.629
913.72	54.347
913.90	54.414
914.07	54.362
914.25	54.524
914.42	54.689
914.59	54.631
914.77	54.604
914.94	54.692
915.11	54.615
915.29	54.364
915.46	54.468
915.64	54.520
915.81	54.486
915.98	54.696
916.16	54.484
916.33	54.565
916.51	54.626
916.68	54.339
916.85	54.680
917.03	54.485
917.20	54.714
917.37	54.746
917.55	54.762
917.72	54.636
917.89	54.436
918.07	54.501
918.24	54.508
918.42	54.655
918.59	54.659
918.76	54.192
918.94	54.327
919.11	54.374
919.28	54.128
919.46	54.304
919.63	54.529
919.80	54.553
919.98	54.313
920.15	54.492
920.32	54.596
920.50	54.789
920.67	55.302
920.84	54.597
921.02	54.729
921.19	54.662
921.36	54.509
921.54	54.749
921.71	54.274
921.88	54.861
922.06	54.326
922.23	54.359
922.40	54.489
922.57	54.391
922.75	54.530
922.92	54.655
923.09	54.710
923.27	54.868
923.44	55.103
923.61	54.993
923.79	54.883
923.96	55.238
924.13	54.884
924.30	55.032
924.48	54.894
924.65	54.859
924.82	54.868
925.00	54.916
925.17	55.184
925.34	55.013
925.51	55.166
925.69	54.932
925.86	55.084
926.03	54.735
926.21	54.845
926.38	54.995
926.55	54.798
926.72	54.609
926.90	54.691
927.07	54.780
927.24	55.208
927.41	54.735
927.59	55.233
927.76	54.768
927.93	55.008
928.10	55.299
928.28	54.801
928.45	55.146
928.62	55.152
928.79	55.244
928.97	55.242
929.14	55.208
929.31	54.853
929.48	55.026
929.66	55.203
929.83	54.676
930.00	55.323
930.17	55.017
930.34	54.643
930.52	54.923
930.69	55.067
930.86	55.069
931.03	54.817
931.21	55.217
931.38	55.527
931.55	55.300
931.72	55.224
931.89	54.742
932.07	55.215
932.24	55.018
932.41	55.079
932.58	55.363
932.75	55.423
932.93	55.305
933.10	55.511
933.27	54.914
933.44	55.599
933.61	55.106
933.79	54.949
933.96	55.427
934.13	55.386
934.30	55.344
934.47	55.496
934.65	55.531
934.82	55.425
934.99	55.372
935.16	55.289
935.33	55.465
935.50	55.343
935.68	55.006
935.85	55.372
936.02	55.246
936.19	55.507
936.36	55.668
936.53	55.587
936.71	55.402
936.88	55.506
937.05	55.251
937.22	55.428
937.39	55.105
937.56	55.540
937.74	55.294
937.91	55.217
938.08	55.952
938.25	55.293
938.42	55.777
938.59	55.210
938.76	56.099
938.94	55.676
939.11	56.044
939.28	55.794
939.45	55.627
939.62	55.277
939.79	55.706
939.96	55.665
940.13	55.417
940.31	55.219
940.48	55.587
940.65	55.554
940.82	55.786
940.99	55.760
941.16	55.500
941.33	55.408
941.50	55.722
941.67	55.690
941.85	55.532
942.02	55.554
942.19	55.382
942.36	55.926
942.53	55.744
942.70	55.739
942.87	55.271
943.04	56.139
943.21	55.684
943.38	56.073
943.56	55.675
943.73	55.720
943.90	55.357
944.07	55.605
944.24	55.362
944.41	55.777
944.58	55.953
944.75	55.788
944.92	55.943
945.09	56.084
945.26	55.779
945.43	55.974
945.60	55.757
945.78	55.918
945.95	55.869
946.12	55.998
946.29	55.751
946.46	55.700
946.63	55.872
946.80	55.381
946.97	55.712
947.14	55.897
947.31	55.885
947.48	56.023
947.65	55.496
947.82	55.664
947.99	55.956
948.16	55.602
948.33	55.764
948.50	55.423
948.67	55.267
948.84	55.305
949.01	55.426
949.18	55.457
949.35	55.229
949.52	55.514
949.69	56.014
949.86	56.185
950.03	55.993
950.20	56.042
950.38	56.328
950.55	55.855
950.72	56.430
950.89	56.163
951.06	56.317
951.23	56.157
951.40	56.329
951.57	56.394
951.74	55.883
951.91	55.770
952.08	55.973
952.25	56.187
952.42	56.121
952.59	56.160
952.76	56.289
952.92	56.041
953.09	56.021
953.26	55.379
953.43	56.059
953.60	55.662
953.77	55.953
953.94	55.858
954.11	56.187
954.28	55.949
954.45	56.064
954.62	56.358
954.79	56.191
954.96	55.939
955.13	56.453
955.30	56.285
955.47	55.760
955.64	56.589
955.81	56.377
955.98	56.117
956.15	56.131
956.32	56.158
956.49	56.485
956.66	56.671
956.83	55.957
957.00	56.287
957.17	56.312
957.33	56.065
957.50	56.243
957.67	56.068
957.84	55.838
958.01	56.084
958.18	56.011
958.35	56.188
958.52	56.287
958.69	55.842
958.86	56.040
959.03	55.991
959.20	56.297
959.37	56.183
959.53	56.416
959.70	56.285
959.87	56.236
960.04	56.113
960.21	56.413
960.38	56.814
960.55	55.763
960.72	56.323
960.89	56.346
961.06	56.386
961.23	55.786
961.39	55.736
961.56	56.072
961.73	56.055
961.90	56.772
962.07	56.163
962.24	56.057
962.41	56.163
962.58	56.143
962.75	56.259
962.91	56.468
963.08	56.383
963.25	55.909
963.42	56.384
963.59	56.237
963.76	55.934
963.93	56.544
964.09	56.476
964.26	55.944
964.43	56.665
964.60	56.769
964.77	56.331
964.94	56.637
965.11	56.555
965.27	56.408
965.44	56.372
965.61	56.566
965.78	56.707
965.95	56.582
966.12	56.794
966.29	56.409
966.45	56.902
966.62	56.425
966.79	56.265
966.96	56.610
967.13	56.508
967.30	56.336
967.46	56.901
967.63	55.607
967.80	56.287
967.97	55.551
968.14	56.155
968.30	55.605
968.47	55.982
968.64	55.592
968.81	56.427
968.98	56.570
969.15	56.364
969.31	56.517
969.48	57.471
969.65	56.448
969.82	56.889
969.99	57.327
970.15	56.726
970.32	56.484
970.49	57.185
970.66	56.460
970.82	56.917
970.99	56.815
971.16	57.231
971.33	57.078
971.50	56.982
971.66	56.623
971.83	56.994
972.00	56.643
972.17	57.189
972.34	57.262
972.50	57.093
972.67	56.807
972.84	56.943
973.01	56.680
973.17	56.394
973.34	56.506
973.51	56.852
973.68	56.633
973.84	56.644
974.01	57.119
974.18	56.976
974.35	57.161
974.51	56.600
974.68	57.161
974.85	56.667
975.02	57.053
975.18	56.484
975.35	56.494
975.52	57.454
975.69	57.000
975.85	57.182
976.02	57.107
976.19	56.717
976.36	56.519
976.52	56.610
976.69	56.674
976.86	56.916
977.02	57.066
977.19	56.763
977.36	57.209
977.53	57.569
977.69	57.246
977.86	56.598
978.03	57.481
978.19	57.103
978.36	57.520
978.53	57.043
978.70	56.996
978.86	57.131
979.03	56.921
979.20	56.780
979.36	56.976
979.53	56.579
979.70	57.344
979.86	56.756
980.03	56.793
980.20	57.122
980.36	57.257
980.53	56.846
980.70	56.903
980.86	57.229
981.03	57.178
981.20	57.392
981.36	56.824
981.53	57.083
981.70	56.935
981.86	57.252
982.03	56.975
982.20	56.383
982.36	57.421
982.53	56.913
982.70	56.661
982.86	57.171
983.03	56.990
983.20	57.321
983.36	56.630
983.53	57.085
983.70	57.405
983.86	57.491
984.03	57.731
984.20	57.095
984.36	57.416
984.53	56.940
984.70	57.401
984.86	56.907
985.03	57.368
985.19	57.256
985.36	56.788
985.53	57.056
985.69	56.913
985.86	57.218
986.03	57.943
986.19	57.535
986.36	57.318
986.52	56.939
986.69	56.800
986.86	56.296
987.02	56.896
987.19	57.435
987.35	56.634
987.52	57.630
987.69	57.220
987.85	57.084
988.02	56.788
988.18	57.356
988.35	57.787
988.52	57.286
988.68	56.790
988.85	57.103
989.01	56.494
989.18	57.430
989.35	57.001
989.51	57.019
989.68	57.026
989.84	57.724
990.01	56.810
990.17	57.051
990.34	56.355
990.51	57.218
990.67	57.451
990.84	56.150
991.00	56.827
991.17	57.221
991.33	57.103
991.50	56.474
991.66	57.187
991.83	57.501
992.00	57.053
992.16	56.876
992.33	57.083
992.49	57.217
992.66	57.420
992.82	56.883
992.99	57.212
993.15	56.463
993.32	56.657
993.48	57.509
993.65	56.989
993.82	57.171
993.98	57.748
994.15	57.386
994.31	57.231
994.48	57.592
994.64	57.501
994.81	57.220
994.97	57.611
995.14	57.219
995.30	57.764
995.47	56.994
995.63	57.803
995.80	57.286
995.96	56.362
996.13	57.240
996.29	57.219
996.46	57.347
996.62	56.823
996.79	57.693
996.95	56.625
997.12	57.244
997.28	58.364
997.45	57.627
997.61	57.808
997.78	57.631
997.94	57.411
998.11	57.812
998.27	58.762
998.44	57.033
998.60	57.775
998.77	57.366
998.93	57.509
999.10	57.227
999.26	58.281
999.43	57.698
999.59	57.233
999.75	57.147
999.92	56.959
1000.08	57.937
1000.25	57.690
1000.41	56.828
1000.58	57.166
1000.74	57.349
1000.91	57.540
1001.07	57.237
1001.24	56.889
1001.40	57.411
1001.56	56.991
1001.73	56.783
1001.89	56.830
1002.06	57.441
1002.22	57.252
1002.39	57.209
1002.55	57.190
1002.71	57.360
1002.88	56.977
1003.04	55.978
1003.21	56.489
1003.37	57.175
1003.54	57.775
1003.70	56.979
1003.86	57.162
1004.03	57.933
1004.19	57.380
1004.36	57.200
1004.52	57.055
1004.68	56.972
1004.85	57.944
1005.01	57.509
1005.18	57.344
1005.34	58.375
1005.50	57.282
1005.67	56.545
1005.83	57.099
1006.00	57.284
1006.16	57.732
1006.32	57.164
1006.49	57.377
1006.65	57.495
1006.82	56.972
1006.98	57.035
1007.14	57.851
1007.31	56.556
1007.47	56.541
1007.63	56.859
1007.80	57.219
1007.96	57.208
1008.13	56.280
1008.29	57.937
1008.45	56.619
1008.62	57.182
1008.78	57.816
1008.94	57.562
1009.11	57.408
1009.27	58.118
1009.43	56.740
1009.60	57.091
1009.76	57.072
1009.92	57.300
1010.09	56.488
1010.25	57.329
1010.42	57.184
1010.58	56.613
1010.74	57.135
1010.91	56.334
1011.07	57.590
1011.23	58.358
1011.40	56.768
1011.56	58.328
1011.72	56.834
1011.89	56.727
1012.05	57.144
1012.21	57.916
1012.37	58.011
1012.54	57.315
1012.70	57.537
1012.86	57.504
1013.03	57.514
1013.19	57.399
1013.35	56.801
1013.52	57.368
1013.68	56.921
1013.84	56.813
1014.01	55.961
1014.17	56.764
1014.33	56.853
1014.49	57.062
1014.66	58.180
1014.82	57.557
1014.98	59.104
1015.15	56.484
1015.31	57.796
1015.47	57.838
1015.63	57.824
1015.80	57.308
1015.96	57.367
1016.12	58.080
1016.29	56.955
1016.45	57.257
1016.61	57.355
1016.77	57.837
1016.94	57.206
1017.10	56.552
1017.26	57.614
1017.42	56.715
1017.59	56.820
1017.75	56.312
1017.91	57.411
1018.07	57.292
1018.24	57.113
1018.40	58.253
1018.56	57.912
1018.72	57.011
1018.89	59.204
1019.05	56.589
1019.21	57.381
1019.37	58.053
1019.54	57.743
1019.70	57.516
1019.86	58.023
1020.02	59.121
1020.19	56.616
1020.35	57.796
1020.51	56.135
1020.67	56.971
1020.83	58.801
1021.00	55.925
1021.16	57.068
1021.32	56.919
1021.48	55.739
1021.64	57.115
1021.81	56.778
1021.97	57.949
1022.13	58.625
1022.29	57.475
1022.45	59.120
1022.62	57.893
1022.78	56.377
1022.94	56.566
1023.10	59.065
1023.26	57.784
1023.43	56.989
1023.59	58.411
1023.75	57.215
1023.91	57.275
1024.07	57.831
1024.24	57.866
1024.40	56.927
1024.56	57.152
1024.72	57.701
1024.88	56.799
1025.04	58.150
1025.21	59.803
1025.37	58.189
1025.53	55.917
1025.69	57.254
1025.85	57.317
1026.01	56.549
1026.18	57.806
1026.34	57.667
1026.50	55.119
1026.66	57.553
1026.82	56.355
1026.98	56.905
1027.14	60.141
1027.31	58.659
1027.47	56.642
1027.63	57.911
1027.79	57.011
1027.95	58.311
1028.11	58.636
1028.27	58.257
1028.44	56.993
1028.60	56.394
1028.76	56.408
1028.92	59.065
1029.08	55.783
1029.24	56.869
1029.40	57.043
1029.56	56.541
1029.73	58.096
1029.89	57.998
1030.05	57.442
1030.21	58.003
1030.37	57.728
1030.53	58.531
1030.69	58.379
1030.85	57.540
1031.01	59.330
1031.17	55.000
1031.34	56.596
1031.50	57.029
1031.66	56.625
1031.82	55.985
1031.98	58.608
1032.14	57.282
1032.30	57.740
1032.46	56.824
1032.62	56.727
1032.78	56.470
1032.94	56.843
1033.10	56.588
1033.27	56.362
1033.43	57.625
1033.59	56.895
1033.75	57.112
1033.91	57.755
1034.07	57.909
1034.23	56.272
1034.39	58.479
1034.55	56.917
1034.71	55.823
1034.87	54.655
1035.03	57.100
1035.19	57.290
1035.35	58.499
1035.51	57.326
1035.67	56.006
1035.83	58.727
1035.99	57.910
1036.16	56.941
1036.32	59.147
1036.48	55.564
1036.64	58.233
1036.80	56.503
1036.96	59.696
1037.12	56.987
1037.28	58.004
1037.44	58.777
1037.60	57.355
1037.76	57.182
1037.92	57.162
1038.08	57.117
1038.24	58.863
1038.40	58.521
1038.56	60.024
1038.72	58.151
1038.88	60.657
1039.04	56.577
1039.20	56.384
1039.36	57.772
1039.52	59.178
1039.68	59.389
1039.84	55.823
1040.00	57.013
1040.16	56.669
1040.32	57.120
1040.48	57.708
1040.64	58.960
1040.80	58.876
1040.96	57.905
1041.12	61.121
1041.28	57.513
1041.44	56.468
1041.60	58.126
1041.76	59.981
1041.92	56.237
1042.08	58.639
1042.24	57.273
1042.39	55.409
1042.55	59.277
1042.71	55.692
1042.87	55.686
1043.03	58.321
1043.19	53.281
