345.44	2.334
345.66	2.348
345.88	2.363
346.10	-11.850
346.31	3.662
346.53	5.049
346.75	-1.339
346.97	0.463
347.19	6.257
347.41	-0.719
347.63	1.584
347.85	4.026
348.07	-1.283
348.29	2.050
348.51	2.012
348.73	1.633
348.95	0.356
349.17	0.118
349.39	1.305
349.61	0.388
349.83	0.795
350.05	1.416
350.27	0.755
350.49	1.855
350.71	0.987
350.93	1.043
351.15	0.133
351.37	2.447
351.59	2.283
351.80	0.951
352.02	0.658
352.24	0.395
352.46	1.078
352.68	1.137
352.90	1.193
353.12	0.404
353.34	1.262
353.56	1.497
353.78	0.997
354.00	0.952
354.22	1.491
354.44	1.401
354.66	5.930
354.88	1.184
355.09	0.467
355.31	-42.211
355.53	1.118
355.75	1.142
355.97	0.664
356.19	1.191
356.41	1.051
356.63	1.194
356.85	0.732
357.07	1.497
357.29	1.318
357.50	0.960
357.72	0.344
357.94	1.777
358.16	1.009
358.38	1.652
358.60	0.785
358.82	2.261
359.04	2.975
359.26	1.026
359.48	1.081
359.69	0.135
359.91	3.773
360.13	1.941
360.35	0.998
360.57	1.805
360.79	1.708
361.01	1.626
361.23	-1.843
361.45	2.415
361.66	0.734
361.88	2.006
362.10	1.303
362.32	2.368
362.54	1.337
362.76	-0.745
362.98	0.532
363.20	0.520
363.41	4.073
363.63	2.642
363.85	1.923
364.07	1.632
364.29	1.048
364.51	0.785
364.73	0.210
364.94	1.439
365.16	1.299
365.38	1.078
365.60	2.075
365.82	0.642
366.04	0.706
366.26	-0.102
366.47	1.082
366.69	1.060
366.91	1.224
367.13	1.673
367.35	2.939
367.57	1.010
367.79	4.105
368.00	1.832
368.22	1.799
368.44	1.728
368.66	2.374
368.88	0.835
369.10	1.765
369.31	1.170
369.53	2.578
369.75	1.142
369.97	0.050
370.19	1.915
370.41	0.926
370.62	1.669
370.84	1.324
371.06	1.958
371.28	1.173
371.50	2.692
371.71	2.465
371.93	4.334
372.15	1.977
372.37	0.015
372.59	2.637
372.80	2.120
373.02	1.534
373.24	1.025
373.46	2.679
373.68	2.038
373.90	1.446
374.11	1.883
374.33	3.825
374.55	1.307
374.77	1.636
374.98	0.673
375.20	3.710
375.42	3.147
375.64	2.749
375.86	0.439
376.07	3.030
376.29	2.247
376.51	0.079
376.73	3.046
376.95	2.524
377.16	1.409
377.38	2.532
377.60	2.225
377.82	2.270
378.03	3.516
378.25	2.889
378.47	1.330
378.69	3.491
378.91	15.532
379.12	2.803
379.34	3.447
379.56	4.203
379.78	2.773
379.99	2.104
380.21	2.063
380.43	2.432
380.65	1.591
380.86	3.315
381.08	2.077
381.30	1.682
381.52	3.699
381.73	2.164
381.95	2.184
382.17	1.673
382.39	2.706
382.60	2.081
382.82	4.781
383.04	4.006
383.26	1.813
383.47	1.843
383.69	1.187
383.91	3.117
384.13	2.831
384.34	2.493
384.56	2.517
384.78	2.614
385.00	2.179
385.21	2.102
385.43	0.306
385.65	0.674
385.86	3.424
386.08	5.778
386.30	3.065
386.52	2.637
386.73	2.636
386.95	3.571
387.17	2.908
387.38	1.601
387.60	2.360
387.82	2.423
388.04	1.601
388.25	2.958
388.47	5.570
388.69	2.637
388.90	2.557
389.12	3.475
389.34	3.872
389.56	2.845
389.77	2.408
389.99	3.478
390.21	2.258
390.42	2.890
390.64	2.593
390.86	3.699
391.07	2.248
391.29	3.426
391.51	2.992
391.72	3.225
391.94	3.309
392.16	3.337
392.38	1.279
392.59	3.851
392.81	2.501
393.03	3.265
393.24	3.768
393.46	3.512
393.68	2.898
393.89	3.211
394.11	3.924
394.33	5.606
394.54	2.477
394.76	3.368
394.98	4.059
395.19	1.937
395.41	4.277
395.63	3.434
395.84	3.637
396.06	2.835
396.28	5.233
396.49	1.891
396.71	3.181
396.93	3.788
397.14	2.190
397.36	2.645
397.57	2.697
397.79	2.953
398.01	3.022
398.22	2.866
398.44	2.529
398.66	2.862
398.87	2.707
399.09	4.819
399.31	3.972
399.52	3.303
399.74	3.636
399.96	4.491
400.17	4.460
400.39	3.876
400.60	3.967
400.82	4.054
401.04	3.099
401.25	3.597
401.47	2.682
401.69	3.642
401.90	3.016
402.12	1.711
402.33	5.003
402.55	3.559
402.77	4.399
402.98	2.872
403.20	2.955
403.41	3.086
403.63	3.375
403.85	3.657
404.06	5.254
404.28	4.129
404.49	3.278
404.71	2.957
404.93	4.679
405.14	3.570
405.36	3.724
405.57	4.231
405.79	2.133
406.01	3.856
406.22	3.573
406.44	3.629
406.65	4.096
406.87	4.710
407.09	3.985
407.30	3.207
407.52	4.112
407.73	4.105
407.95	4.989
408.17	4.396
408.38	4.338
408.60	3.770
408.81	4.316
409.03	3.899
409.24	3.832
409.46	3.824
409.68	5.405
409.89	4.386
410.11	5.045
410.32	4.228
410.54	4.056
410.75	4.629
410.97	4.653
411.18	3.873
411.40	4.533
411.62	4.222
411.83	4.381
412.05	4.519
412.26	4.339
412.48	4.229
412.69	4.497
412.91	4.610
413.12	3.902
413.34	4.191
413.56	5.126
413.77	4.380
413.99	3.431
414.20	4.026
414.42	5.210
414.63	5.033
414.85	4.863
415.06	4.409
415.28	5.750
415.49	5.204
415.71	4.860
415.92	5.648
416.14	3.335
416.35	6.118
416.57	5.195
416.79	4.353
417.00	4.859
417.22	6.416
417.43	4.064
417.65	4.615
417.86	4.864
418.08	5.228
418.29	6.249
418.51	5.153
418.72	5.343
418.94	5.887
419.15	5.940
419.37	5.659
419.58	5.223
419.80	5.463
420.01	5.166
420.23	4.886
420.44	5.159
420.66	6.103
420.87	5.918
421.09	4.834
421.30	4.983
421.52	5.857
421.73	4.819
421.95	5.392
422.16	5.485
422.38	4.886
422.59	5.383
422.81	5.688
423.02	4.965
423.23	5.254
423.45	5.478
423.66	6.058
423.88	5.660
424.09	5.952
424.31	5.198
424.52	6.334
424.74	6.328
424.95	5.054
425.17	6.262
425.38	6.047
425.60	6.770
425.81	6.196
426.03	5.630
426.24	5.505
426.45	6.699
426.67	4.817
426.88	5.835
427.10	5.894
427.31	6.045
427.53	4.955
427.74	6.635
427.96	5.819
428.17	6.106
428.39	7.205
428.60	6.783
428.81	6.387
429.03	6.472
429.24	6.003
429.46	6.310
429.67	7.305
429.89	5.776
430.10	5.689
430.31	6.898
430.53	5.503
430.74	5.820
430.96	5.494
431.17	6.603
431.39	6.950
431.60	7.665
431.81	5.932
432.03	7.499
432.24	6.403
432.46	5.868
432.67	6.686
432.89	6.841
433.10	6.117
433.31	6.330
433.53	6.456
433.74	6.584
433.96	6.792
434.17	6.364
434.38	6.373
434.60	6.689
434.81	6.494
435.03	6.694
435.24	6.358
435.45	7.292
435.67	6.468
435.88	6.968
436.10	7.140
436.31	6.922
436.52	7.362
436.74	6.846
436.95	7.238
437.17	5.881
437.38	6.903
437.59	7.620
437.81	6.910
438.02	6.607
438.23	6.796
438.45	7.118
438.66	7.460
438.88	6.783
439.09	7.642
439.30	7.288
439.52	7.628
439.73	7.187
439.94	7.619
440.16	7.204
440.37	7.082
440.58	7.908
440.80	7.946
441.01	7.135
441.23	7.120
441.44	6.887
441.65	7.111
441.87	6.564
442.08	7.535
442.29	7.255
442.51	6.825
442.72	7.469
442.93	7.322
443.15	7.707
443.36	7.418
443.57	7.517
443.79	7.358
444.00	8.684
444.21	8.043
444.43	7.579
444.64	7.577
444.85	7.296
445.07	7.321
445.28	7.941
445.49	7.707
445.71	7.868
445.92	7.109
446.13	7.671
446.35	8.441
446.56	7.192
446.77	7.809
446.99	7.159
447.20	7.288
447.41	8.236
447.63	8.088
447.84	8.052
448.05	8.588
448.27	9.033
448.48	8.492
448.69	7.933
448.90	7.824
449.12	8.475
449.33	8.634
449.54	8.102
449.76	8.663
449.97	8.030
450.18	9.123
450.40	7.792
450.61	8.376
450.82	8.504
451.03	8.470
451.25	7.908
451.46	8.308
451.67	8.577
451.89	7.831
452.10	8.727
452.31	8.268
452.52	8.877
452.74	8.131
452.95	8.417
453.16	8.045
453.38	8.666
453.59	8.282
453.80	8.802
454.01	8.504
454.23	8.623
454.44	8.358
454.65	8.861
454.86	8.660
455.08	8.369
455.29	8.528
455.50	9.086
455.71	8.931
455.93	8.732
456.14	8.602
456.35	8.587
456.56	8.424
456.78	8.512
456.99	8.588
457.20	9.245
457.41	9.226
457.63	9.043
457.84	9.287
458.05	8.494
458.26	9.141
458.48	8.684
458.69	9.590
458.90	8.676
459.11	8.540
459.33	9.170
459.54	8.758
459.75	8.262
459.96	9.646
460.18	9.010
460.39	8.656
460.60	9.135
460.81	9.112
461.02	9.618
461.24	9.308
461.45	9.597
461.66	9.356
461.87	9.507
462.09	9.036
462.30	9.495
462.51	9.311
462.72	9.238
462.93	9.108
463.15	9.002
463.36	9.405
463.57	9.449
463.78	9.951
463.99	9.361
464.21	9.072
464.42	9.639
464.63	9.399
464.84	9.694
465.05	9.794
465.27	9.887
465.48	9.564
465.69	10.182
465.90	9.122
466.11	9.798
466.33	9.393
466.54	9.269
466.75	9.525
466.96	9.847
467.17	9.299
467.38	9.690
467.60	10.274
467.81	9.522
468.02	9.725
468.23	10.078
468.44	9.676
468.65	9.901
468.87	9.312
469.08	9.649
469.29	9.441
469.50	9.606
469.71	9.673
469.92	9.487
470.14	9.759
470.35	10.528
470.56	9.886
470.77	9.628
470.98	9.931
471.19	9.784
471.41	9.491
471.62	9.982
471.83	10.346
472.04	10.266
472.25	9.837
472.46	10.265
472.67	10.335
472.89	9.942
473.10	9.823
473.31	9.937
473.52	10.142
473.73	9.902
473.94	9.850
474.15	9.915
474.37	10.462
474.58	10.096
474.79	9.970
475.00	9.880
475.21	10.212
475.42	10.318
475.63	10.460
475.84	10.215
476.06	10.814
476.27	10.114
476.48	10.307
476.69	10.369
476.90	10.159
477.11	10.400
477.32	10.429
477.53	10.372
477.74	9.956
477.96	10.285
478.17	10.238
478.38	10.547
478.59	10.464
478.80	10.139
479.01	10.589
479.22	9.961
479.43	10.364
479.64	10.214
479.85	10.572
480.06	10.232
480.28	10.707
480.49	10.311
480.70	10.762
480.91	10.295
481.12	10.436
481.33	10.289
481.54	10.442
481.75	10.358
481.96	10.853
482.17	10.423
482.38	10.364
482.59	10.646
482.81	10.665
483.02	10.976
483.23	10.494
483.44	10.176
483.65	10.471
483.86	10.556
484.07	10.532
484.28	10.690
484.49	10.615
484.70	10.279
484.91	10.522
485.12	10.453
485.33	10.786
485.54	10.648
485.75	10.687
485.96	10.490
486.17	10.550
486.38	10.515
486.60	10.931
486.81	10.861
487.02	10.941
487.23	11.041
487.44	10.911
487.65	10.688
487.86	10.705
488.07	10.862
488.28	10.880
488.49	10.745
488.70	10.975
488.91	10.836
489.12	10.456
489.33	10.992
489.54	11.022
489.75	10.824
489.96	10.740
490.17	10.902
490.38	11.183
490.59	11.003
490.80	11.016
491.01	11.096
491.22	10.820
491.43	10.883
491.64	10.858
491.85	11.176
492.06	11.322
492.27	11.056
492.48	11.279
492.69	11.365
492.90	11.157
493.11	10.992
493.32	10.852
493.53	11.144
493.74	11.229
493.95	11.027
494.16	11.258
494.37	10.895
494.58	11.226
494.79	11.084
495.00	11.198
495.21	11.403
495.42	11.201
495.63	11.191
495.84	11.271
496.05	11.340
496.26	11.318
496.47	10.832
496.68	11.351
496.89	11.269
497.10	11.218
497.31	11.319
497.52	11.255
497.73	11.358
497.94	11.170
498.15	11.336
498.36	11.142
498.57	11.358
498.78	11.334
498.99	11.086
499.19	11.201
499.40	11.414
499.61	11.323
499.82	11.244
500.03	11.313
500.24	11.021
500.45	11.246
500.66	11.557
500.87	11.476
501.08	11.416
501.29	11.510
501.50	11.142
501.71	11.254
501.92	11.137
502.13	11.515
502.34	11.499
502.55	11.307
502.76	11.227
502.96	11.221
503.17	11.405
503.38	11.521
503.59	11.497
503.80	11.487
504.01	11.424
504.22	11.347
504.43	11.404
504.64	11.091
504.85	11.359
505.06	11.208
505.27	11.432
505.47	11.335
505.68	11.526
505.89	11.357
506.10	11.386
506.31	11.324
506.52	11.213
506.73	11.078
506.94	11.135
507.15	11.334
507.36	11.257
507.56	11.251
507.77	11.024
507.98	11.203
508.19	11.298
508.40	11.245
508.61	11.218
508.82	11.120
509.03	11.355
509.24	11.369
509.44	11.329
509.65	11.239
509.86	11.268
510.07	11.395
510.28	11.076
510.49	11.133
510.70	11.214
510.91	11.234
511.11	11.146
511.32	11.127
511.53	11.300
511.74	11.234
511.95	11.143
512.16	11.255
512.37	11.213
512.58	11.187
512.78	11.139
512.99	11.422
513.20	11.272
513.41	11.265
513.62	11.316
513.83	11.141
514.04	11.233
514.24	11.252
514.45	11.234
514.66	11.073
514.87	11.190
515.08	11.211
515.29	11.193
515.49	11.147
515.70	11.225
515.91	11.324
516.12	11.124
516.33	11.340
516.54	11.345
516.74	11.240
516.95	11.256
517.16	11.245
517.37	11.333
517.58	11.272
517.79	11.314
517.99	11.145
518.20	11.361
518.41	11.359
518.62	11.423
518.83	11.297
519.03	11.314
519.24	11.190
519.45	11.472
519.66	11.444
519.87	11.312
520.07	11.527
520.28	11.452
520.49	11.706
520.70	11.363
520.91	11.467
521.12	11.430
521.32	11.365
521.53	11.655
521.74	11.666
521.95	11.645
522.15	11.666
522.36	11.610
522.57	11.542
522.78	11.570
522.99	11.511
523.19	11.786
523.40	11.746
523.61	11.838
523.82	11.738
524.03	11.665
524.23	11.874
524.44	11.832
524.65	11.807
524.86	11.897
525.06	11.806
525.27	11.890
525.48	11.883
525.69	11.858
525.89	12.033
526.10	12.019
526.31	11.825
526.52	11.968
526.72	12.025
526.93	11.973
527.14	12.142
527.35	12.026
527.56	12.396
527.76	12.233
527.97	11.948
528.18	12.195
528.38	12.277
528.59	12.177
528.80	12.299
529.01	12.233
529.21	12.375
529.42	12.381
529.63	12.317
529.84	12.411
530.04	12.379
530.25	12.471
530.46	12.479
530.67	12.337
530.87	12.440
531.08	12.557
531.29	12.474
531.50	12.551
531.70	12.548
531.91	12.448
532.12	12.551
532.32	12.504
532.53	12.759
532.74	12.714
532.95	12.791
533.15	12.734
533.36	12.711
533.57	12.538
533.77	12.484
533.98	12.895
534.19	12.727
534.39	12.655
534.60	12.903
534.81	12.887
535.02	12.897
535.22	12.794
535.43	12.997
535.64	12.903
535.84	13.041
536.05	12.948
536.26	12.814
536.46	13.102
536.67	13.095
536.88	12.991
537.08	12.970
537.29	12.841
537.50	12.982
537.70	13.217
537.91	12.805
538.12	13.164
538.33	13.012
538.53	12.998
538.74	13.112
538.95	12.862
539.15	13.059
539.36	12.963
539.57	13.128
539.77	13.109
539.98	13.099
540.18	13.023
540.39	13.183
540.60	12.940
540.80	13.097
541.01	13.151
541.22	13.317
541.42	13.284
541.63	13.317
541.84	13.296
542.04	13.152
542.25	13.186
542.46	13.011
542.66	13.193
542.87	13.162
543.08	13.201
543.28	13.152
543.49	13.162
543.69	13.206
543.90	13.241
544.11	13.221
544.31	13.217
544.52	13.263
544.73	13.167
544.93	13.173
545.14	13.358
545.34	13.045
545.55	13.122
545.76	13.102
545.96	13.247
546.17	13.253
546.38	13.164
546.58	13.373
546.79	13.094
546.99	13.173
547.20	13.232
547.41	13.075
547.61	13.078
547.82	13.232
548.02	13.274
548.23	13.313
548.44	13.265
548.64	13.115
548.85	13.135
549.05	13.297
549.26	13.370
549.47	13.388
549.67	13.205
549.88	13.250
550.08	13.226
550.29	13.245
550.50	13.369
550.70	13.137
550.91	13.262
551.11	13.244
551.32	13.388
551.52	13.449
551.73	13.313
551.94	13.364
552.14	13.519
552.35	13.517
552.55	13.312
552.76	13.437
552.96	13.401
553.17	13.474
553.38	13.440
553.58	13.622
553.79	13.519
553.99	13.493
554.20	13.679
554.40	13.683
554.61	13.526
554.81	13.678
555.02	13.823
555.23	13.763
555.43	13.666
555.64	13.820
555.84	13.876
556.05	13.870
556.25	13.892
556.46	13.989
556.66	14.018
556.87	14.011
557.07	14.000
557.28	14.073
557.48	14.003
557.69	14.205
557.90	14.157
558.10	14.238
558.31	14.323
558.51	14.381
558.72	14.355
558.92	14.384
559.13	14.414
559.33	14.416
559.54	14.616
559.74	14.636
559.95	14.618
560.15	14.637
560.36	14.791
560.56	14.800
560.77	14.999
560.97	14.904
561.18	15.159
561.38	15.080
561.59	15.101
561.79	15.166
562.00	15.083
562.20	15.193
562.41	15.406
562.61	15.411
562.82	15.477
563.02	15.635
563.23	15.819
563.43	15.738
563.64	15.930
563.84	15.820
564.05	16.095
564.25	15.943
564.46	16.154
564.66	16.065
564.87	16.265
565.07	16.239
565.28	16.402
565.48	16.536
565.68	16.666
565.89	16.676
566.09	16.803
566.30	16.855
566.50	17.088
566.71	17.152
566.91	17.287
567.12	17.283
567.32	17.451
567.53	17.483
567.73	17.447
567.94	17.755
568.14	17.735
568.34	17.862
568.55	18.017
568.75	18.037
568.96	18.215
569.16	18.258
569.37	18.520
569.57	18.523
569.78	18.579
569.98	18.681
570.18	18.776
570.39	18.965
570.59	19.150
570.80	19.227
571.00	19.374
571.21	19.428
571.41	19.580
571.61	19.624
571.82	19.913
572.02	19.900
572.23	19.976
572.43	19.942
572.64	20.186
572.84	20.200
573.04	20.485
573.25	20.531
573.45	20.634
573.66	20.960
573.86	20.934
574.06	21.061
574.27	21.050
574.47	21.329
574.68	21.388
574.88	21.419
575.08	21.652
575.29	21.623
575.49	21.589
575.70	21.949
575.90	22.034
576.10	22.180
576.31	22.440
576.51	22.403
576.72	22.409
576.92	22.558
577.12	22.738
577.33	23.193
577.53	22.988
577.73	22.877
577.94	23.128
578.14	23.285
578.35	23.554
578.55	23.585
578.75	23.655
578.96	23.709
579.16	23.822
579.36	24.065
579.57	23.961
579.77	24.147
579.98	24.202
580.18	24.456
580.38	24.422
580.59	24.637
580.79	24.625
580.99	24.950
581.20	24.878
581.40	24.936
581.60	25.057
581.81	25.051
582.01	25.174
582.21	25.343
582.42	25.546
582.62	25.609
582.82	25.536
583.03	25.714
583.23	25.726
583.43	26.090
583.64	25.966
583.84	26.054
584.04	26.514
584.25	26.299
584.45	26.462
584.65	26.672
584.86	26.740
585.06	26.671
585.26	26.952
585.47	27.041
585.67	27.105
585.87	26.987
586.08	27.168
586.28	27.176
586.48	27.417
586.69	27.346
586.89	27.556
587.09	27.569
587.30	27.594
587.50	27.560
587.70	27.999
587.90	28.074
588.11	28.079
588.31	28.129
588.51	28.071
588.72	28.496
588.92	28.431
589.12	28.519
589.33	28.641
589.53	28.755
589.73	28.834
589.93	28.819
590.14	28.679
590.34	28.742
590.54	29.074
590.75	29.162
590.95	29.188
591.15	29.308
591.35	29.362
591.56	29.325
591.76	29.318
591.96	29.507
592.16	29.491
592.37	29.792
592.57	29.761
592.77	29.855
592.97	30.136
593.18	29.805
593.38	29.988
593.58	30.179
593.79	30.061
593.99	30.267
594.19	30.306
594.39	30.486
594.60	30.624
594.80	30.469
595.00	30.591
595.20	30.422
595.41	30.778
595.61	30.951
595.81	30.812
596.01	30.975
596.21	30.910
596.42	31.018
596.62	31.131
596.82	31.033
597.02	31.345
597.23	31.276
597.43	31.482
597.63	31.441
597.83	31.557
598.04	31.589
598.24	31.673
598.44	31.771
598.64	31.809
598.84	31.722
599.05	31.972
599.25	31.884
599.45	31.999
599.65	32.110
599.85	32.250
600.06	32.206
600.26	32.530
600.46	32.479
600.66	32.421
600.87	32.346
601.07	32.593
601.27	32.683
601.47	32.660
601.67	32.823
601.87	32.809
602.08	32.803
602.28	32.709
602.48	32.684
602.68	32.865
602.88	33.010
603.09	33.123
603.29	33.135
603.49	33.177
603.69	33.285
603.89	33.243
604.10	33.358
604.30	33.411
604.50	33.325
604.70	33.393
604.90	33.515
605.10	33.601
605.31	33.671
605.51	33.724
605.71	33.686
605.91	33.763
606.11	33.808
606.31	33.719
606.52	33.974
606.72	33.993
606.92	34.071
607.12	34.091
607.32	34.222
607.52	34.131
607.72	34.222
607.93	34.047
608.13	34.431
608.33	34.467
608.53	34.048
608.73	34.418
608.93	34.590
609.13	34.634
609.34	34.515
609.54	34.641
609.74	34.489
609.94	34.777
610.14	34.640
610.34	34.887
610.54	34.809
610.74	34.885
610.95	35.046
611.15	34.840
611.35	34.891
611.55	35.014
611.75	35.129
611.95	35.003
612.15	35.016
612.35	35.240
612.56	35.297
612.76	35.283
612.96	35.544
613.16	35.430
613.36	35.449
613.56	35.335
613.76	35.572
613.96	35.708
614.16	35.523
614.36	35.587
614.57	35.603
614.77	35.543
614.97	35.723
615.17	35.682
615.37	35.733
615.57	35.798
615.77	35.895
615.97	35.845
616.17	36.038
616.37	36.032
616.57	36.083
616.78	36.096
616.98	36.156
617.18	36.141
617.38	36.043
617.58	36.079
617.78	36.203
617.98	36.451
618.18	36.413
618.38	36.441
618.58	36.716
618.78	36.470
618.98	36.601
619.18	36.665
619.38	36.625
619.58	36.678
619.79	36.954
619.99	36.897
620.19	36.760
620.39	36.878
620.59	37.055
620.79	36.910
620.99	36.926
621.19	37.009
621.39	37.002
621.59	36.940
621.79	36.990
621.99	37.053
622.19	37.126
622.39	37.126
622.59	37.211
622.79	37.166
622.99	37.123
623.19	37.346
623.39	37.368
623.59	37.548
623.79	37.589
623.99	37.394
624.19	37.475
624.39	37.496
624.59	37.465
624.79	37.379
624.99	37.682
625.19	37.590
625.39	37.805
625.59	38.029
625.79	37.843
625.99	37.847
626.19	37.786
626.39	38.010
626.59	37.974
626.79	37.807
626.99	37.875
627.19	37.819
627.39	38.029
627.59	38.077
627.79	38.030
627.99	38.032
628.19	38.316
628.39	38.087
628.59	38.174
628.79	38.189
628.99	38.157
629.19	38.312
629.39	38.559
629.59	38.350
629.79	38.383
629.99	38.492
630.19	38.734
630.39	38.782
630.59	38.566
630.79	38.495
630.99	38.731
631.19	38.711
631.39	38.787
631.59	38.806
631.79	38.802
631.99	38.788
632.19	38.913
632.39	38.876
632.59	38.909
632.79	39.210
632.99	39.003
633.19	38.986
633.39	39.095
633.58	38.945
633.78	39.162
633.98	39.056
634.18	39.153
634.38	39.186
634.58	39.347
634.78	39.290
634.98	39.367
635.18	39.418
635.38	39.395
635.58	39.536
635.78	39.334
635.98	39.588
636.18	39.594
636.38	39.595
636.57	39.851
636.77	39.626
636.97	39.579
637.17	39.565
637.37	39.626
637.57	39.727
637.77	39.758
637.97	39.896
638.17	39.984
638.37	39.740
638.57	39.836
638.76	39.937
638.96	39.892
639.16	40.127
639.36	39.915
639.56	40.239
639.76	40.027
639.96	40.001
640.16	40.138
640.36	40.061
640.56	40.279
640.75	40.345
640.95	40.263
641.15	40.173
641.35	40.357
641.55	40.301
641.75	40.289
641.95	40.457
642.15	40.351
642.34	40.444
642.54	40.651
642.74	40.560
642.94	40.580
643.14	40.724
643.34	40.755
643.54	40.716
643.74	40.922
643.93	40.681
644.13	40.783
644.33	40.686
644.53	40.787
644.73	40.692
644.93	40.547
645.13	40.951
645.32	41.063
645.52	41.113
645.72	40.988
645.92	41.004
646.12	40.958
646.32	40.980
646.52	41.046
646.71	41.158
646.91	40.936
647.11	41.182
647.31	41.144
647.51	41.244
647.71	41.232
647.90	41.296
648.10	41.272
648.30	41.341
648.50	41.419
648.70	41.288
648.89	41.314
649.09	41.567
649.29	41.453
649.49	41.451
649.69	41.602
649.89	41.665
650.08	41.704
650.28	41.672
650.48	41.746
650.68	41.836
650.88	41.797
651.07	41.829
651.27	41.826
651.47	41.969
651.67	41.995
651.87	41.906
652.06	41.870
652.26	41.853
652.46	42.072
652.66	42.154
652.86	41.819
653.05	42.183
653.25	42.308
653.45	42.054
653.65	42.470
653.85	42.378
654.04	42.174
654.24	42.350
654.44	42.505
654.64	42.518
654.83	42.283
655.03	42.516
655.23	42.270
655.43	42.540
655.63	42.353
655.82	42.601
656.02	42.617
656.22	42.592
656.42	42.732
656.61	42.966
656.81	42.828
657.01	42.822
657.21	42.829
657.40	43.045
657.60	42.765
657.80	43.021
658.00	42.764
658.19	42.955
658.39	43.107
658.59	42.817
658.79	43.190
658.98	43.020
659.18	42.792
659.38	42.927
659.58	42.988
659.77	43.106
659.97	43.059
660.17	43.205
660.36	43.101
660.56	43.461
660.76	43.364
660.96	43.247
661.15	43.466
661.35	43.572
661.55	43.575
661.75	43.547
661.94	43.546
662.14	43.531
662.34	43.441
662.53	43.349
662.73	43.480
662.93	43.342
663.13	43.653
663.32	43.503
663.52	43.958
663.72	43.683
663.91	43.855
664.11	43.770
664.31	43.787
664.50	43.924
664.70	43.751
664.90	43.798
665.10	44.113
665.29	44.089
665.49	43.989
665.69	44.075
665.88	44.264
666.08	44.143
666.28	44.373
666.47	44.351
666.67	44.373
666.87	44.377
667.06	44.482
667.26	44.419
667.46	44.712
667.65	44.289
667.85	44.515
668.05	44.485
668.24	44.472
668.44	44.491
668.64	44.661
668.83	44.372
669.03	44.532
669.23	44.314
669.42	44.524
669.62	44.565
669.82	44.728
670.01	44.564
670.21	44.602
670.41	44.747
670.60	44.670
670.80	44.817
671.00	44.926
671.19	44.945
671.39	44.910
671.58	44.952
671.78	44.922
671.98	44.826
672.17	44.898
672.37	44.935
672.57	45.030
672.76	45.147
672.96	45.004
673.15	45.084
673.35	45.328
673.55	45.216
673.74	45.165
673.94	45.140
674.14	45.278
674.33	45.112
674.53	45.373
674.72	45.299
674.92	45.309
675.12	45.510
675.31	45.563
675.51	45.447
675.70	45.348
675.90	45.509
676.10	45.555
676.29	45.622
676.49	45.570
676.68	45.560
676.88	45.725
677.08	45.763
677.27	45.701
677.47	45.524
677.66	45.676
677.86	45.658
678.06	45.860
678.25	45.954
678.45	45.879
678.64	45.793
678.84	45.915
679.03	45.859
679.23	45.845
679.43	46.009
679.62	45.749
679.82	46.123
680.01	46.233
680.21	46.196
680.40	46.152
680.60	46.323
680.80	46.214
680.99	46.410
681.19	46.377
681.38	46.405
681.58	46.405
681.77	46.247
681.97	46.365
682.16	46.406
682.36	46.452
682.56	46.374
682.75	46.312
682.95	46.609
683.14	46.530
683.34	46.413
683.53	46.592
683.73	46.583
683.92	46.895
684.12	46.560
684.31	46.713
684.51	46.728
684.70	46.681
684.90	46.742
685.10	46.615
685.29	46.892
685.49	47.045
685.68	46.926
685.88	46.883
686.07	47.084
686.27	46.766
686.46	47.113
686.66	47.086
686.85	47.178
687.05	47.365
687.24	47.272
687.44	47.270
687.63	47.231
687.83	47.317
688.02	47.307
688.22	47.380
688.41	47.130
688.61	47.068
688.80	47.103
689.00	47.052
689.19	47.295
689.39	47.310
689.58	47.364
689.78	47.339
689.97	47.622
690.17	47.592
690.36	47.578
690.56	47.498
690.75	47.743
690.95	47.698
691.14	47.526
691.34	47.800
691.53	47.599
691.72	47.569
691.92	47.683
692.11	47.633
692.31	47.752
692.50	47.788
692.70	47.825
692.89	47.936
693.09	48.112
693.28	48.129
693.48	48.272
693.67	48.243
693.87	48.010
694.06	48.136
694.25	48.228
694.45	48.372
694.64	48.316
694.84	48.376
695.03	48.400
695.23	48.426
695.42	48.381
695.62	48.493
695.81	48.252
696.00	48.659
696.20	48.343
696.39	48.570
696.59	48.574
696.78	48.721
696.98	48.587
697.17	48.451
697.36	48.550
697.56	48.724
697.75	48.731
697.95	48.800
698.14	48.728
698.34	48.825
698.53	48.788
698.72	48.552
698.92	48.738
699.11	48.720
699.31	48.763
699.50	48.811
699.69	48.873
699.89	49.015
700.08	49.013
700.28	48.724
700.47	48.792
700.66	48.939
700.86	48.933
701.05	49.164
701.25	49.150
701.44	49.235
701.63	49.200
701.83	49.044
702.02	48.945
702.21	49.371
702.41	49.133
702.60	49.198
702.80	49.393
702.99	49.331
703.18	49.224
703.38	49.280
703.57	49.579
703.77	49.474
703.96	49.268
704.15	49.472
704.35	49.478
704.54	49.614
704.73	49.602
704.93	49.584
705.12	49.630
705.31	49.566
705.51	49.521
705.70	49.822
705.89	49.808
706.09	50.001
706.28	49.832
706.48	49.813
706.67	49.695
706.86	49.820
707.06	49.822
707.25	49.804
707.44	49.980
707.64	49.701
707.83	49.910
708.02	49.968
708.22	49.914
708.41	50.029
708.60	50.081
708.80	49.995
708.99	50.148
709.18	50.197
709.38	50.094
709.57	50.247
709.76	50.403
709.95	50.295
710.15	50.285
710.34	50.475
710.53	50.332
710.73	50.117
710.92	50.341
711.11	50.263
711.31	50.234
711.50	50.552
711.69	50.529
711.89	50.439
712.08	50.385
712.27	50.719
712.46	50.610
712.66	50.421
712.85	50.505
713.04	50.630
713.24	50.612
713.43	50.591
713.62	50.976
713.81	50.660
714.01	50.704
714.20	50.891
714.39	50.864
714.59	50.638
714.78	50.842
714.97	50.946
715.16	50.817
715.36	50.935
715.55	50.889
715.74	50.694
715.93	50.808
716.13	50.811
716.32	50.980
716.51	51.069
716.71	51.052
716.90	51.078
717.09	51.103
717.28	51.153
717.48	51.022
717.67	51.256
717.86	51.043
718.05	51.329
718.25	51.161
718.44	51.177
718.63	51.294
718.82	51.322
719.02	51.495
719.21	51.815
719.40	51.596
719.59	51.794
719.78	51.550
719.98	51.648
720.17	51.561
720.36	51.433
720.55	51.469
720.75	51.623
720.94	51.606
721.13	51.484
721.32	51.533
721.51	51.640
721.71	51.528
721.90	51.714
722.09	51.654
722.28	51.811
722.48	51.813
722.67	51.810
722.86	51.728
723.05	51.859
723.24	51.661
723.44	51.778
723.63	51.643
723.82	51.733
724.01	51.910
724.20	51.904
724.40	52.310
724.59	52.094
724.78	52.072
724.97	51.960
725.16	51.900
725.35	51.799
725.55	51.668
725.74	51.951
725.93	51.937
726.12	52.139
726.31	52.256
726.51	52.362
726.70	52.307
726.89	52.276
727.08	52.479
727.27	52.208
727.46	52.302
727.66	52.228
727.85	52.421
728.04	52.430
728.23	52.388
728.42	52.459
728.61	52.522
728.81	52.685
729.00	52.430
729.19	52.659
729.38	52.772
729.57	52.921
729.76	52.746
729.95	52.974
730.15	52.813
730.34	52.804
730.53	52.798
730.72	52.809
730.91	53.049
731.10	53.052
731.29	53.115
731.49	53.249
731.68	52.785
731.87	53.082
732.06	52.991
732.25	53.388
732.44	53.349
732.63	53.009
732.82	53.010
733.02	52.899
733.21	52.905
733.40	52.804
733.59	52.865
733.78	52.866
733.97	53.006
734.16	53.119
734.35	53.322
734.54	53.335
734.74	53.212
734.93	53.460
735.12	53.490
735.31	53.375
735.50	53.426
735.69	53.570
735.88	53.475
736.07	53.174
736.26	53.418
736.45	53.565
736.64	53.451
736.84	53.408
737.03	53.714
737.22	53.568
737.41	53.521
737.60	53.650
737.79	53.751
737.98	53.382
738.17	53.600
738.36	53.791
738.55	53.521
738.74	53.428
738.93	53.477
739.12	53.480
739.32	53.510
739.51	53.634
739.70	53.925
739.89	53.847
740.08	53.804
740.27	53.742
740.46	53.759
740.65	54.027
740.84	54.110
741.03	54.223
741.22	54.112
741.41	54.236
741.60	53.925
741.79	54.068
741.98	54.022
742.17	54.034
742.36	54.018
742.55	54.126
742.74	54.071
742.93	54.159
743.12	54.234
743.31	54.285
743.51	54.310
743.70	54.314
743.89	54.435
744.08	54.326
744.27	54.111
744.46	53.978
744.65	54.048
744.84	54.204
745.03	54.024
745.22	54.264
745.41	54.359
745.60	54.510
745.79	54.361
745.98	54.564
746.17	54.515
746.36	54.443
746.55	54.386
746.74	54.587
746.93	54.709
747.12	54.654
747.31	54.700
747.50	54.995
747.69	54.778
747.88	54.873
748.07	54.796
748.26	54.815
748.45	54.823
748.64	54.779
748.83	54.905
749.02	54.792
749.21	54.414
749.40	54.865
749.59	54.793
749.77	54.945
749.96	54.948
750.15	55.012
750.34	55.081
750.53	55.077
750.72	55.165
750.91	54.822
751.10	55.297
751.29	54.793
751.48	55.370
751.67	55.172
751.86	55.346
752.05	55.410
752.24	55.076
752.43	55.010
752.62	54.951
752.81	55.000
753.00	55.183
753.19	55.184
753.38	55.385
753.57	55.192
753.76	55.268
753.94	55.189
754.13	55.265
754.32	55.252
754.51	55.541
754.70	55.385
754.89	55.356
755.08	55.517
755.27	55.581
755.46	55.430
755.65	55.568
755.84	55.508
756.03	55.684
756.22	55.658
756.40	55.671
756.59	55.514
756.78	55.401
756.97	55.678
757.16	55.797
757.35	55.670
757.54	55.863
757.73	55.595
757.92	55.723
758.11	55.832
758.29	56.032
758.48	56.034
758.67	55.643
758.86	55.776
759.05	55.887
759.24	55.935
759.43	55.843
759.62	55.852
759.81	55.712
759.99	55.725
760.18	55.779
760.37	55.779
760.56	56.121
760.75	56.064
760.94	56.334
761.13	56.258
761.32	56.037
761.50	56.412
761.69	56.530
761.88	56.457
762.07	56.404
762.26	56.151
762.45	56.369
762.64	56.070
762.82	56.417
763.01	56.307
763.20	56.450
763.39	56.237
763.58	56.199
763.77	56.280
763.96	56.434
764.14	56.584
764.33	56.574
764.52	56.509
764.71	56.541
764.90	56.505
765.09	56.555
765.27	56.489
765.46	56.142
765.65	56.506
765.84	56.451
766.03	56.386
766.22	56.683
766.40	56.504
766.59	56.768
766.78	56.653
766.97	56.628
767.16	56.637
767.35	56.618
767.53	56.817
767.72	57.058
767.91	56.896
768.10	57.177
768.29	57.109
768.47	57.180
768.66	57.047
768.85	56.967
769.04	57.038
769.23	57.120
769.41	57.078
769.60	57.306
769.79	57.161
769.98	57.083
770.17	57.341
770.35	57.569
770.54	57.195
770.73	57.448
770.92	57.369
771.10	57.470
771.29	57.407
771.48	57.575
771.67	57.235
771.86	57.142
772.04	57.293
772.23	57.447
772.42	57.613
772.61	57.187
772.79	57.296
772.98	57.629
773.17	57.417
773.36	57.568
773.54	57.562
773.73	57.674
773.92	57.578
774.11	57.262
774.30	57.383
774.48	57.484
774.67	57.313
774.86	57.650
775.05	57.367
775.23	57.651
775.42	58.005
775.61	57.522
775.79	57.680
775.98	57.382
776.17	57.143
776.36	57.529
776.54	57.496
776.73	57.788
776.92	57.624
777.11	57.657
777.29	57.735
777.48	57.935
777.67	57.777
777.85	57.901
778.04	58.011
778.23	57.890
778.42	57.849
778.60	57.792
778.79	58.067
778.98	57.890
779.16	58.259
779.35	58.158
779.54	58.030
779.73	57.873
779.91	57.689
780.10	57.834
780.29	58.008
780.47	58.309
780.66	58.158
780.85	58.488
781.03	57.959
781.22	58.217
781.41	58.251
781.60	58.323
781.78	58.231
781.97	57.967
782.16	58.221
782.34	58.181
782.53	58.256
782.72	58.371
782.90	58.485
783.09	58.428
783.28	58.429
783.46	58.413
783.65	58.518
783.84	58.311
784.02	57.997
784.21	58.003
784.40	58.295
784.58	58.431
784.77	58.390
784.96	58.537
785.14	58.662
785.33	58.575
785.52	58.829
785.70	58.373
785.89	58.459
786.08	58.546
786.26	58.688
786.45	58.924
786.63	58.626
786.82	58.966
787.01	58.622
787.19	58.657
787.38	58.998
787.57	58.730
787.75	58.814
787.94	58.848
788.13	58.753
788.31	59.057
788.50	59.095
788.68	58.728
788.87	58.606
789.06	58.766
789.24	58.688
789.43	58.322
789.61	58.808
789.80	59.010
789.99	58.994
790.17	58.846
790.36	58.926
790.55	58.843
790.73	58.732
790.92	58.680
791.10	58.935
791.29	58.840
791.48	59.083
791.66	58.974
791.85	59.000
792.03	59.194
792.22	59.139
792.40	58.966
792.59	59.106
792.78	59.180
792.96	59.302
793.15	59.099
793.33	59.203
793.52	59.174
793.71	59.030
793.89	58.901
794.08	59.186
794.26	59.077
794.45	59.103
794.63	59.234
794.82	59.422
795.01	59.196
795.19	59.421
795.38	59.466
795.56	59.364
795.75	59.448
795.93	59.466
796.12	59.374
796.30	59.445
796.49	59.409
796.68	59.082
796.86	59.413
797.05	59.357
797.23	59.254
797.42	59.342
797.60	59.399
797.79	59.416
797.97	59.499
798.16	59.515
798.34	59.701
798.53	59.335
798.71	59.325
798.90	59.481
799.08	59.631
799.27	59.971
799.46	59.771
799.64	59.745
799.83	59.733
800.01	59.822
800.20	59.799
800.38	59.917
800.57	59.906
800.75	59.983
800.94	59.993
801.12	60.003
801.31	60.289
801.49	60.161
801.68	60.088
801.86	60.191
802.05	60.198
802.23	59.954
802.42	60.204
802.60	59.906
802.79	59.858
802.97	59.909
803.16	59.870
803.34	59.925
803.53	59.927
803.71	60.326
803.90	60.194
804.08	60.323
804.27	59.960
804.45	60.220
804.63	60.278
804.82	60.232
805.00	60.177
805.19	60.468
805.37	60.083
805.56	60.310
805.74	60.347
805.93	60.125
806.11	60.159
806.30	60.305
806.48	60.420
806.67	60.313
806.85	60.242
807.04	60.493
807.22	60.436
807.40	60.355
807.59	59.986
807.77	60.652
807.96	60.616
808.14	60.599
808.33	60.871
808.51	60.539
808.69	60.675
808.88	60.676
809.06	60.643
809.25	60.520
809.43	60.397
809.62	60.478
809.80	60.722
809.99	60.320
810.17	60.778
810.35	60.555
810.54	60.711
810.72	60.900
810.91	60.679
811.09	60.644
811.27	60.721
811.46	60.618
811.64	60.593
811.83	60.671
812.01	60.676
812.19	60.847
812.38	60.754
812.56	60.622
812.75	60.945
812.93	61.094
813.11	60.943
813.30	60.882
813.48	60.822
813.67	60.991
813.85	60.919
814.03	60.849
814.22	60.919
814.40	60.958
814.59	60.786
814.77	60.997
814.95	60.618
815.14	60.866
815.32	60.830
815.50	60.826
815.69	60.676
815.87	60.891
816.06	61.065
816.24	60.872
816.42	61.078
816.61	60.899
816.79	61.035
816.97	61.008
817.16	60.766
817.34	60.678
817.52	60.963
817.71	60.834
817.89	60.811
818.07	60.947
818.26	61.184
818.44	61.141
818.63	61.082
818.81	61.233
818.99	61.289
819.18	61.263
819.36	61.312
819.54	61.614
819.73	61.375
819.91	61.372
820.09	61.611
820.28	61.133
820.46	61.418
820.64	61.415
820.83	61.500
821.01	61.588
821.19	61.771
821.37	61.727
821.56	61.746
821.74	61.590
821.92	61.636
822.11	61.317
822.29	61.628
822.47	61.561
822.66	61.377
822.84	61.379
823.02	61.828
823.21	61.684
823.39	61.250
823.57	61.694
823.75	61.754
823.94	61.874
824.12	61.731
824.30	61.706
824.49	61.576
824.67	61.463
824.85	61.398
825.03	61.460
825.22	61.413
825.40	62.059
825.58	61.547
825.77	61.441
825.95	61.613
826.13	61.457
826.31	61.596
826.50	61.524
826.68	61.021
826.86	61.721
827.04	61.639
827.23	61.820
827.41	61.957
827.59	61.877
827.78	61.983
827.96	61.752
828.14	61.880
828.32	61.806
828.51	61.807
828.69	62.070
828.87	62.250
829.05	62.185
829.23	61.966
829.42	62.272
829.60	61.953
829.78	62.096
829.96	62.261
830.15	62.145
830.33	62.175
830.51	62.070
830.69	62.109
830.88	62.528
831.06	62.203
831.24	62.453
831.42	62.050
831.60	62.081
831.79	62.052
831.97	61.929
832.15	61.681
832.33	62.151
832.52	61.774
832.70	61.863
832.88	62.000
833.06	62.034
833.24	62.099
833.43	62.027
833.61	62.267
833.79	62.076
833.97	62.198
834.15	62.064
834.34	62.212
834.52	62.374
834.70	62.452
834.88	62.535
835.06	62.547
835.25	62.435
835.43	62.669
835.61	62.622
835.79	62.191
835.97	62.488
836.15	62.498
836.34	62.348
836.52	62.588
836.70	62.568
836.88	62.447
837.06	62.422
837.24	62.776
837.43	62.530
837.61	62.500
837.79	62.646
837.97	63.161
838.15	62.632
838.33	62.916
838.52	62.816
838.70	62.259
838.88	62.288
839.06	62.419
839.24	62.489
839.42	62.405
839.60	62.504
839.79	62.837
839.97	62.781
840.15	62.854
840.33	62.648
840.51	62.935
840.69	62.618
840.87	62.538
841.06	62.818
841.24	63.049
841.42	62.589
841.60	62.570
841.78	62.849
841.96	62.770
842.14	62.934
842.32	63.068
842.51	62.827
842.69	62.683
842.87	62.682
843.05	62.311
843.23	62.495
843.41	62.819
843.59	62.837
843.77	62.625
843.95	62.909
844.14	62.821
844.32	63.151
844.50	63.031
844.68	63.349
844.86	62.778
845.04	63.355
845.22	63.065
845.40	63.085
845.58	63.270
845.76	62.845
845.94	62.736
846.12	62.911
846.31	62.552
846.49	62.351
846.67	62.610
846.85	62.929
847.03	63.119
847.21	62.745
847.39	62.778
847.57	62.925
847.75	62.883
847.93	62.783
848.11	62.633
848.29	62.565
848.47	62.595
848.65	62.498
848.83	62.715
849.02	62.891
849.20	62.717
849.38	62.662
849.56	63.070
849.74	63.053
849.92	63.042
850.10	63.217
850.28	63.165
850.46	63.253
850.64	62.901
850.82	63.379
851.00	63.373
851.18	63.014
851.36	63.146
851.54	63.001
851.72	63.293
851.90	63.400
852.08	63.427
852.26	63.170
852.44	63.114
852.62	63.385
852.80	63.462
852.98	63.533
853.16	63.492
853.34	63.537
853.52	63.292
853.70	63.255
853.88	63.121
854.06	63.126
854.24	63.159
854.42	63.398
854.60	63.421
854.78	63.627
854.96	63.613
855.14	63.518
855.32	63.609
855.50	63.734
855.68	63.805
855.86	63.812
856.04	63.472
856.22	63.302
856.40	63.449
856.58	63.353
856.76	63.565
856.94	63.386
857.12	63.323
857.30	63.198
857.48	63.330
857.66	63.055
857.84	63.016
858.02	63.141
858.20	63.155
858.38	62.992
858.56	63.084
858.74	63.099
858.92	63.400
859.10	63.650
859.28	63.557
859.46	63.688
859.64	63.533
859.81	63.145
859.99	63.527
860.17	63.524
860.35	63.805
860.53	63.789
860.71	63.750
860.89	63.775
861.07	63.283
861.25	63.527
861.43	63.774
861.61	63.585
861.79	64.095
861.97	63.677
862.15	63.852
862.33	63.742
862.50	63.462
862.68	63.574
862.86	63.419
863.04	63.696
863.22	63.397
863.40	63.462
863.58	63.690
863.76	63.467
863.94	63.538
864.12	63.669
864.30	63.797
864.47	63.919
864.65	64.074
864.83	63.542
865.01	63.686
865.19	63.632
865.37	63.649
865.55	63.610
865.73	63.982
865.91	63.993
866.09	63.955
866.26	64.025
866.44	63.476
866.62	63.788
866.80	63.865
866.98	63.756
867.16	63.584
867.34	63.610
867.52	63.550
867.69	63.882
867.87	63.754
868.05	63.465
868.23	63.796
868.41	63.880
868.59	63.561
868.77	64.326
868.94	64.254
869.12	64.316
869.30	64.051
869.48	64.212
869.66	63.899
869.84	63.874
870.02	63.809
870.19	63.700
870.37	64.138
870.55	64.468
870.73	63.990
870.91	64.062
871.09	64.102
871.26	64.473
871.44	64.140
871.62	64.380
871.80	64.082
871.98	64.283
872.16	64.581
872.33	64.136
872.51	64.243
872.69	64.076
872.87	64.088
873.05	64.220
873.22	64.347
873.40	64.397
873.58	64.406
873.76	64.225
873.94	64.153
874.12	64.002
874.29	64.297
874.47	64.427
874.65	64.167
874.83	63.576
875.01	63.900
875.18	63.564
875.36	64.028
875.54	64.215
875.72	64.636
875.89	64.540
876.07	64.418
876.25	64.155
876.43	64.487
876.61	64.349
876.78	64.097
876.96	64.445
877.14	64.185
877.32	63.952
877.49	64.349
877.67	64.195
877.85	64.307
878.03	64.280
878.21	64.205
878.38	64.295
878.56	64.407
878.74	64.382
878.92	64.221
879.09	64.454
879.27	64.656
879.45	64.372
879.63	64.483
879.80	64.489
879.98	64.284
880.16	64.479
880.34	64.417
880.51	64.440
880.69	64.399
880.87	64.322
881.05	64.415
881.22	64.207
881.40	64.138
881.58	64.323
881.75	64.346
881.93	64.274
882.11	64.227
882.29	64.474
882.46	64.723
882.64	64.507
882.82	64.203
883.00	64.319
883.17	64.401
883.35	64.561
883.53	64.112
883.70	64.446
883.88	64.338
884.06	64.350
884.23	65.020
884.41	64.742
884.59	64.861
884.77	64.685
884.94	65.106
885.12	65.217
885.30	64.894
885.47	64.957
885.65	64.756
885.83	64.917
886.00	64.961
886.18	65.160
886.36	64.866
886.53	64.540
886.71	64.359
886.89	64.582
887.07	64.835
887.24	64.788
887.42	64.825
887.60	64.750
887.77	64.730
887.95	64.801
888.13	64.929
888.30	64.823
888.48	64.518
888.66	64.320
888.83	64.847
889.01	64.867
889.18	64.975
889.36	65.099
889.54	64.778
889.71	65.023
889.89	64.998
890.07	64.936
890.24	64.415
890.42	64.724
890.60	64.702
890.77	64.661
890.95	64.611
891.13	64.585
891.30	64.872
891.48	64.994
891.65	65.151
891.83	65.095
892.01	64.888
892.18	64.891
892.36	65.172
892.54	65.035
892.71	64.902
892.89	65.083
893.06	65.097
893.24	64.563
893.42	64.462
893.59	64.888
893.77	65.207
893.94	65.045
894.12	64.953
894.30	64.895
894.47	65.019
894.65	65.108
894.82	65.066
895.00	65.105
895.18	65.045
895.35	65.093
895.53	65.416
895.70	65.526
895.88	65.469
896.06	65.370
896.23	65.302
896.41	64.951
896.58	65.009
896.76	65.020
896.93	65.106
897.11	64.557
897.29	64.454
897.46	64.644
897.64	64.494
897.81	65.012
897.99	64.889
898.16	64.797
898.34	65.011
898.52	64.923
898.69	64.921
898.87	64.783
899.04	65.189
899.22	64.837
899.39	64.936
899.57	64.940
899.74	64.475
899.92	64.885
900.10	64.716
900.27	65.085
900.45	65.147
900.62	65.587
900.80	65.364
900.97	65.236
901.15	65.563
901.32	65.328
901.50	65.054
901.67	65.168
901.85	65.402
902.02	65.093
902.20	65.386
902.37	65.244
902.55	65.324
902.72	65.548
902.90	65.759
903.07	65.451
903.25	65.343
903.43	65.223
903.60	65.514
903.78	65.365
903.95	65.343
904.13	65.164
904.30	65.263
904.48	65.145
904.65	65.464
904.83	65.219
905.00	65.148
905.17	65.340
905.35	65.053
905.52	65.130
905.70	64.881
905.87	65.177
906.05	65.245
906.22	65.043
906.40	65.177
906.57	65.080
906.75	65.343
906.92	64.900
907.10	64.693
907.27	65.235
907.45	64.629
907.62	64.674
907.80	64.785
907.97	65.243
908.15	64.728
908.32	64.607
908.49	65.380
908.67	65.192
908.84	65.446
909.02	65.444
909.19	65.160
909.37	65.223
909.54	65.072
909.72	64.867
909.89	64.993
910.07	65.105
910.24	64.675
910.41	65.213
910.59	65.298
910.76	64.949
910.94	64.881
911.11	65.213
911.29	64.991
911.46	65.465
911.63	65.034
911.81	65.345
911.98	64.987
912.16	65.673
912.33	65.606
912.50	65.294
912.68	65.362
912.85	65.582
913.03	65.371
913.20	65.648
913.38	65.505
913.55	65.415
913.72	65.674
913.90	65.345
914.07	65.224
914.25	65.798
914.42	65.598
914.59	65.367
914.77	65.261
914.94	65.276
915.11	65.437
915.29	65.130
915.46	65.481
915.64	65.577
915.81	65.124
915.98	65.565
916.16	65.526
916.33	65.321
916.51	65.550
916.68	65.164
916.85	65.648
917.03	65.303
917.20	65.673
917.37	65.367
917.55	65.565
917.72	65.416
917.89	65.201
918.07	65.151
918.24	65.204
918.42	65.013
918.59	65.352
918.76	65.290
918.94	65.215
919.11	65.266
919.28	65.189
919.46	65.338
919.63	65.646
919.80	65.490
919.98	65.539
920.15	65.240
920.32	65.326
920.50	65.756
920.67	65.772
920.84	65.302
921.02	65.415
921.19	65.530
921.36	65.294
921.54	65.134
921.71	65.118
921.88	65.366
922.06	65.016
922.23	64.854
922.40	65.007
922.57	65.127
922.75	65.284
922.92	65.154
923.09	65.492
923.27	65.534
923.44	65.954
923.61	65.884
923.79	65.485
923.96	65.930
924.13	65.645
924.30	65.984
924.48	65.844
924.65	66.159
924.82	65.693
925.00	65.999
925.17	65.942
925.34	65.949
925.51	65.878
925.69	65.506
925.86	65.803
926.03	65.373
926.21	65.392
926.38	65.634
926.55	65.310
926.72	65.313
926.90	65.694
927.07	65.638
927.24	65.753
927.41	65.345
927.59	65.469
927.76	65.231
927.93	65.543
928.10	65.705
928.28	65.491
928.45	65.716
928.62	65.414
928.79	65.495
928.97	65.729
929.14	65.925
929.31	65.353
929.48	65.744
929.66	65.743
929.83	65.522
930.00	65.738
930.17	65.666
930.34	65.597
930.52	65.382
930.69	65.838
930.86	65.106
931.03	65.197
931.21	65.386
931.38	65.815
931.55	65.484
931.72	65.780
931.89	65.627
932.07	65.811
932.24	65.905
932.41	65.850
932.58	66.024
932.75	66.344
932.93	66.094
933.10	66.030
933.27	65.733
933.44	65.754
933.61	65.451
933.79	65.479
933.96	65.925
934.13	65.904
934.30	66.157
934.47	66.318
934.65	66.225
934.82	66.308
934.99	66.059
935.16	66.403
935.33	66.033
935.50	66.088
935.68	65.342
935.85	65.629
936.02	66.109
936.19	65.911
936.36	65.858
936.53	66.002
936.71	66.044
936.88	66.305
937.05	66.306
937.22	65.566
937.39	66.285
937.56	66.207
937.74	65.803
937.91	66.070
938.08	66.420
938.25	66.088
938.42	66.182
938.59	65.633
938.76	66.568
938.94	66.781
939.11	66.552
939.28	66.699
939.45	66.166
939.62	65.776
939.79	66.396
939.96	66.262
940.13	65.934
940.31	66.207
940.48	66.239
940.65	66.762
940.82	66.337
940.99	65.952
941.16	65.836
941.33	66.393
941.50	65.671
941.67	65.977
941.85	66.077
942.02	66.110
942.19	65.760
942.36	66.134
942.53	66.642
942.70	66.016
942.87	66.131
943.04	66.301
943.21	66.325
943.38	66.320
943.56	66.097
943.73	66.045
943.90	66.270
944.07	65.916
944.24	65.768
944.41	66.466
944.58	65.834
944.75	65.989
944.92	66.389
945.09	66.766
945.26	66.036
945.43	66.312
945.60	66.519
945.78	66.590
945.95	66.036
946.12	66.543
946.29	66.397
946.46	65.833
946.63	66.550
946.80	65.690
946.97	65.942
947.14	66.238
947.31	66.112
947.48	66.318
947.65	66.246
947.82	65.920
947.99	66.137
948.16	65.599
948.33	65.637
948.50	66.040
948.67	65.452
948.84	65.733
949.01	65.336
949.18	66.285
949.35	65.744
949.52	66.277
949.69	66.146
949.86	66.228
950.03	65.792
950.20	66.401
950.38	66.710
950.55	66.423
950.72	66.674
950.89	66.265
951.06	66.875
951.23	66.665
951.40	66.403
951.57	66.251
951.74	66.585
951.91	66.028
952.08	65.911
952.25	66.023
952.42	66.275
952.59	66.255
952.76	66.350
952.92	66.285
953.09	65.665
953.26	65.537
953.43	66.109
953.60	66.139
953.77	66.178
953.94	66.226
954.11	66.469
954.28	65.974
954.45	66.106
954.62	66.304
954.79	66.593
954.96	66.019
955.13	66.087
955.30	66.575
955.47	65.633
955.64	66.586
955.81	66.053
955.98	66.400
956.15	66.165
956.32	66.077
956.49	66.305
956.66	67.026
956.83	66.428
957.00	66.637
957.17	66.615
957.33	66.816
957.50	66.928
957.67	66.025
957.84	66.064
958.01	66.623
958.18	66.404
958.35	66.219
958.52	66.402
958.69	65.846
958.86	66.018
959.03	66.341
959.20	66.067
959.37	66.098
959.53	66.765
959.70	66.263
959.87	66.405
960.04	66.514
960.21	66.816
960.38	66.391
960.55	66.148
960.72	66.771
960.89	66.378
961.06	66.785
961.23	66.229
961.39	66.414
961.56	66.057
961.73	66.210
961.90	66.543
962.07	65.776
962.24	66.580
962.41	66.094
962.58	65.835
962.75	66.411
962.91	66.215
963.08	66.593
963.25	66.455
963.42	66.070
963.59	66.468
963.76	65.931
963.93	66.178
964.09	66.787
964.26	66.702
964.43	66.817
964.60	66.645
964.77	66.073
964.94	66.483
965.11	66.675
965.27	66.267
965.44	66.553
965.61	66.273
965.78	66.683
965.95	66.924
966.12	66.699
966.29	66.198
966.45	66.872
966.62	66.840
966.79	66.254
966.96	66.601
967.13	66.511
967.30	66.269
967.46	66.794
967.63	66.379
967.80	66.548
967.97	65.604
968.14	66.544
968.30	66.608
968.47	66.375
968.64	65.411
968.81	66.856
968.98	66.581
969.15	66.521
969.31	66.637
969.48	67.431
969.65	66.355
969.82	66.965
969.99	67.530
970.15	67.132
970.32	66.682
970.49	67.472
970.66	66.832
970.82	66.910
970.99	67.277
971.16	67.312
971.33	67.471
971.50	66.812
971.66	66.640
971.83	67.086
972.00	66.503
972.17	66.857
972.34	67.061
972.50	67.082
972.67	67.163
972.84	67.512
973.01	66.780
973.17	67.628
973.34	66.682
973.51	66.461
973.68	66.905
973.84	67.311
974.01	67.063
974.18	67.071
974.35	67.124
974.51	66.712
974.68	67.256
974.85	67.149
975.02	66.767
975.18	66.542
975.35	66.832
975.52	67.338
975.69	67.602
975.85	67.433
976.02	67.278
976.19	66.427
976.36	66.753
976.52	66.716
976.69	67.006
976.86	67.161
977.02	67.464
977.19	66.833
977.36	67.386
977.53	67.387
977.69	67.158
977.86	67.125
978.03	67.561
978.19	67.034
978.36	67.222
978.53	67.011
978.70	66.716
978.86	67.055
979.03	67.276
979.20	66.475
979.36	66.840
979.53	66.761
979.70	66.162
979.86	66.991
980.03	66.376
980.20	66.580
980.36	66.894
980.53	66.379
980.70	67.013
980.86	67.098
981.03	66.854
981.20	67.403
981.36	66.497
981.53	67.002
981.70	67.481
981.86	66.792
982.03	66.843
982.20	65.861
982.36	67.030
982.53	66.613
982.70	66.710
982.86	66.624
983.03	67.577
983.20	66.750
983.36	66.530
983.53	66.976
983.70	67.406
983.86	67.673
984.03	67.814
984.20	67.147
984.36	67.257
984.53	67.089
984.70	67.387
984.86	66.668
985.03	67.487
985.19	67.077
985.36	67.516
985.53	66.984
985.69	66.912
985.86	67.776
986.03	67.188
986.19	66.890
986.36	67.300
986.52	67.250
986.69	66.746
986.86	66.422
987.02	65.810
987.19	66.426
987.35	66.472
987.52	67.210
987.69	66.754
987.85	66.961
988.02	66.811
988.18	67.361
988.35	67.430
988.52	67.189
988.68	67.292
988.85	66.107
989.01	66.533
989.18	67.021
989.35	66.407
989.51	66.541
989.68	66.587
989.84	67.867
990.01	67.089
990.17	67.311
990.34	66.729
990.51	66.731
990.67	67.655
990.84	66.757
991.00	66.907
991.17	67.504
991.33	66.929
991.50	66.978
991.66	66.487
991.83	67.213
992.00	66.760
992.16	66.478
992.33	66.743
992.49	66.831
992.66	67.578
992.82	66.431
992.99	66.572
993.15	67.048
993.32	66.718
993.48	66.758
993.65	66.916
993.82	67.354
993.98	68.469
994.15	66.990
994.31	67.083
994.48	66.212
994.64	67.035
994.81	66.927
994.97	67.445
995.14	67.422
995.30	67.372
995.47	66.195
995.63	67.078
995.80	66.763
995.96	66.493
996.13	66.486
996.29	67.032
996.46	66.992
996.62	66.751
996.79	67.149
996.95	65.949
997.12	67.733
997.28	66.699
997.45	66.900
997.61	67.187
997.78	67.372
997.94	67.149
998.11	67.151
998.27	67.612
998.44	67.538
998.60	66.546
998.77	66.846
998.93	67.500
999.10	67.346
999.26	67.834
999.43	67.450
999.59	66.326
999.75	66.921
999.92	66.491
1000.08	67.278
1000.25	66.966
1000.41	66.267
1000.58	66.748
1000.74	67.241
1000.91	67.214
1001.07	66.869
1001.24	66.387
1001.40	66.986
1001.56	66.580
1001.73	66.808
1001.89	66.882
1002.06	67.111
1002.22	66.619
1002.39	65.953
1002.55	66.587
1002.71	66.632
1002.88	66.079
1003.04	65.967
1003.21	66.486
1003.37	67.285
1003.54	66.386
1003.70	66.818
1003.86	66.942
1004.03	67.833
1004.19	67.568
1004.36	67.211
1004.52	66.551
1004.68	66.942
1004.85	68.026
1005.01	67.280
1005.18	66.247
1005.34	67.935
1005.50	67.023
1005.67	66.420
1005.83	66.553
1006.00	67.405
1006.16	67.283
1006.32	66.587
1006.49	66.715
1006.65	66.518
1006.82	66.807
1006.98	67.113
1007.14	66.629
1007.31	66.119
1007.47	65.733
1007.63	65.698
1007.80	66.789
1007.96	67.753
1008.13	65.752
1008.29	67.896
1008.45	66.458
1008.62	66.904
1008.78	67.020
1008.94	66.672
1009.11	67.628
1009.27	66.598
1009.43	66.933
1009.60	67.105
1009.76	66.139
1009.92	65.429
1010.09	66.892
1010.25	65.997
1010.42	67.479
1010.58	66.900
1010.74	66.252
1010.91	66.603
1011.07	66.747
1011.23	67.287
1011.40	66.114
1011.56	66.765
1011.72	67.238
1011.89	67.556
1012.05	66.922
1012.21	67.063
1012.37	67.145
1012.54	65.833
1012.70	66.368
1012.86	67.590
1013.03	67.544
1013.19	66.232
1013.35	66.793
1013.52	66.116
1013.68	66.237
1013.84	65.379
1014.01	66.931
1014.17	66.053
1014.33	66.991
1014.49	66.756
1014.66	66.783
1014.82	65.844
1014.98	66.311
1015.15	66.465
1015.31	66.931
1015.47	67.319
1015.63	66.873
1015.80	67.675
1015.96	67.007
1016.12	66.279
1016.29	67.037
1016.45	66.148
1016.61	66.624
1016.77	66.019
1016.94	65.998
1017.10	66.084
1017.26	68.324
1017.42	66.660
1017.59	65.998
1017.75	66.166
1017.91	65.988
1018.07	66.581
1018.24	66.737
1018.40	68.409
1018.56	67.004
1018.72	67.718
1018.89	67.978
1019.05	67.105
1019.21	66.804
1019.37	66.222
1019.54	66.505
1019.70	65.735
1019.86	67.279
1020.02	68.394
1020.19	65.368
1020.35	66.488
1020.51	66.690
1020.67	66.834
1020.83	68.911
1021.00	65.856
1021.16	66.648
1021.32	67.307
1021.48	67.851
1021.64	67.476
1021.81	67.276
1021.97	67.857
1022.13	66.698
1022.29	68.087
1022.45	68.625
1022.62	65.474
1022.78	66.289
1022.94	67.263
1023.10	66.961
1023.26	68.968
1023.43	68.545
1023.59	68.711
1023.75	67.427
1023.91	67.429
1024.07	68.239
1024.24	69.144
1024.40	66.478
1024.56	67.955
1024.72	67.698
1024.88	66.999
1025.04	68.473
1025.21	68.123
1025.37	68.421
1025.53	65.558
1025.69	66.324
1025.85	66.750
1026.01	65.291
1026.18	66.281
1026.34	69.016
1026.50	66.128
1026.66	67.446
1026.82	66.892
1026.98	67.306
1027.14	68.622
1027.31	67.601
1027.47	66.538
1027.63	66.546
1027.79	68.612
1027.95	66.943
1028.11	66.807
1028.27	66.063
1028.44	67.781
1028.60	68.504
1028.76	64.056
1028.92	68.178
1029.08	63.792
1029.24	66.097
1029.40	65.884
1029.56	66.445
1029.73	67.549
1029.89	68.277
1030.05	68.702
1030.21	67.747
1030.37	67.931
1030.53	66.680
1030.69	67.424
1030.85	66.987
1031.01	66.388
1031.17	64.092
1031.34	65.683
1031.50	67.268
1031.66	67.974
1031.82	67.630
1031.98	69.833
1032.14	66.457
1032.30	65.766
1032.46	65.517
1032.62	65.013
1032.78	69.212
1032.94	68.181
1033.10	67.615
1033.27	66.695
1033.43	66.139
1033.59	66.776
1033.75	65.664
1033.91	67.734
1034.07	66.542
1034.23	62.630
1034.39	68.287
1034.55	66.242
1034.71	64.020
1034.87	67.003
1035.03	66.910
1035.19	67.423
1035.35	67.751
1035.51	65.812
1035.67	67.597
1035.83	65.400
1035.99	69.049
1036.16	65.663
1036.32	64.499
1036.48	64.512
1036.64	68.383
1036.80	65.336
1036.96	68.410
1037.12	66.463
1037.28	67.321
1037.44	65.952
1037.60	68.437
1037.76	67.003
1037.92	66.863
1038.08	65.948
1038.24	68.747
1038.40	66.759
1038.56	68.725
1038.72	65.891
1038.88	68.605
1039.04	64.636
1039.20	69.806
1039.36	66.112
1039.52	68.408
1039.68	67.757
1039.84	64.136
1040.00	65.810
1040.16	68.437
1040.32	66.715
1040.48	67.724
1040.64	62.039
1040.80	65.483
1040.96	68.002
1041.12	67.484
1041.28	66.815
1041.44	67.648
1041.60	67.004
1041.76	68.086
1041.92	66.424
1042.08	66.199
1042.24	67.996
1042.39	63.973
1042.55	72.078
1042.71	67.747
1042.87	62.831
1043.03	68.622
1043.19	65.134
