345.44	178.947
345.66	178.947
345.88	178.947
346.10	-615.385
346.31	228.947
346.53	292.593
346.75	-33.333
346.97	27.907
347.19	282.609
347.41	116.327
347.63	250.000
347.85	389.474
348.07	-158.333
348.29	64.706
348.51	64.789
348.73	-633.333
348.95	-38.889
349.17	59.701
349.39	63.810
349.61	46.448
349.83	79.511
350.05	41.290
350.27	0.676
350.49	59.694
350.71	69.531
350.93	108.664
351.15	102.381
351.37	72.589
351.59	103.704
351.80	115.385
352.02	55.274
352.24	71.681
352.46	75.785
352.68	74.839
352.90	34.513
353.12	-45.185
353.34	101.653
353.56	88.112
353.78	83.529
354.00	171.845
354.22	116.964
354.44	63.736
354.66	288.000
354.88	97.966
355.09	39.891
355.31	-2800.000
355.53	32.328
355.75	59.130
355.97	79.699
356.19	78.947
356.41	110.289
356.63	69.683
356.85	150.725
357.07	131.429
357.29	121.429
357.50	31.746
357.72	59.783
357.94	100.000
358.16	132.237
358.38	155.063
358.60	64.651
358.82	141.593
359.04	128.372
359.26	49.673
359.48	112.019
359.69	69.658
359.91	177.049
360.13	91.045
360.35	13.690
360.57	77.778
360.79	65.865
361.01	109.959
361.23	-58.763
361.45	68.927
361.66	70.388
361.88	78.933
362.10	91.221
362.32	54.902
362.54	42.529
362.76	326.786
362.98	27.211
363.20	49.754
363.41	160.563
363.63	46.199
363.85	19.369
364.07	67.782
364.29	47.895
364.51	78.947
364.73	75.439
364.94	90.419
365.16	68.100
365.38	52.239
365.60	94.286
365.82	46.269
366.04	29.707
366.26	67.901
366.47	48.430
366.69	61.986
366.91	70.667
367.13	23.938
367.35	14.833
367.57	34.006
367.79	170.297
368.00	111.392
368.22	113.131
368.44	63.782
368.66	77.596
368.88	30.599
369.10	109.907
369.31	60.497
369.53	97.386
369.75	86.099
369.97	29.630
370.19	186.755
370.41	42.077
370.62	69.854
370.84	117.931
371.06	102.024
371.28	96.735
371.50	68.898
371.71	100.976
371.93	144.944
372.15	72.908
372.37	43.590
372.59	91.071
372.80	83.712
373.02	72.000
373.24	30.894
373.46	82.266
373.68	76.873
373.90	76.970
374.11	121.739
374.33	95.425
374.55	66.275
374.77	86.486
374.98	49.746
375.20	118.657
375.42	68.966
375.64	80.056
375.86	45.409
376.07	47.292
376.29	65.882
376.51	76.786
376.73	100.952
376.95	84.588
377.16	69.369
377.38	153.629
377.60	75.117
377.82	108.734
378.03	131.217
378.25	59.760
378.47	80.247
378.69	129.778
378.91	343.182
379.12	73.725
379.34	32.237
379.56	126.061
379.78	81.407
379.99	75.463
380.21	32.331
380.43	42.657
380.65	56.631
380.86	114.801
381.08	107.801
381.30	71.429
381.52	134.576
381.73	60.738
381.95	101.866
382.17	60.767
382.39	129.756
382.60	54.783
382.82	101.227
383.04	99.355
383.26	99.705
383.47	48.065
383.69	20.579
383.91	62.698
384.13	82.427
384.34	81.720
384.56	88.026
384.78	88.976
385.00	23.397
385.21	31.579
385.43	70.661
385.65	89.017
385.86	43.158
386.08	145.923
386.30	94.828
386.52	75.989
386.73	2.273
386.95	72.650
387.17	87.285
387.38	36.911
387.60	50.456
387.82	85.989
388.04	64.651
388.25	80.482
388.47	116.529
388.69	67.384
388.90	72.932
389.12	82.095
389.34	98.758
389.56	36.571
389.77	78.644
389.99	48.805
390.21	78.902
390.42	87.318
390.64	98.084
390.86	101.974
391.07	75.926
391.29	77.099
391.51	67.638
391.72	86.861
391.94	103.891
392.16	90.331
392.38	52.402
392.59	102.055
392.81	67.640
393.03	93.168
393.24	51.579
393.46	103.974
393.68	100.554
393.89	71.658
394.11	80.000
394.33	105.242
394.54	64.929
394.76	113.043
394.98	99.714
395.19	33.068
395.41	97.097
395.63	123.109
395.84	139.796
396.06	81.982
396.28	83.385
396.49	43.750
396.71	67.521
396.93	96.667
397.14	75.547
397.36	62.243
397.57	74.023
397.79	116.066
398.01	93.838
398.22	99.721
398.44	78.495
398.66	64.875
398.87	54.895
399.09	112.787
399.31	48.011
399.52	88.623
399.74	109.382
399.96	100.418
400.17	96.845
400.39	99.110
400.60	101.535
400.82	74.955
401.04	73.375
401.25	59.548
401.47	66.397
401.69	71.154
401.90	42.828
402.12	49.669
402.33	102.594
402.55	67.785
402.77	58.212
402.98	59.957
403.20	82.875
403.41	79.608
403.63	89.951
403.85	106.683
404.06	126.269
404.28	90.365
404.49	61.818
404.71	73.503
404.93	73.800
405.14	90.766
405.36	83.216
405.57	83.660
405.79	43.080
406.01	95.760
406.22	66.444
406.44	87.028
406.65	98.711
406.87	102.315
407.09	83.359
407.30	74.922
407.52	94.847
407.73	81.388
407.95	92.017
408.17	94.780
408.38	85.159
408.60	80.911
408.81	98.656
409.03	85.806
409.24	94.130
409.46	70.756
409.68	62.158
409.89	82.963
410.11	95.741
410.32	65.847
410.54	75.117
410.75	83.203
410.97	94.737
411.18	70.216
411.40	73.837
411.62	58.250
411.83	87.573
412.05	71.048
412.26	60.622
412.48	81.877
412.69	91.406
412.91	68.657
413.12	93.919
413.34	76.479
413.56	84.064
413.77	85.346
413.99	60.987
414.20	74.088
414.42	82.015
414.63	79.437
414.85	84.118
415.06	85.248
415.28	101.214
415.49	78.606
415.71	80.660
415.92	90.052
416.14	86.980
416.35	84.971
416.57	86.068
416.79	89.495
417.00	76.947
417.22	86.565
417.43	56.567
417.65	81.511
417.86	71.429
418.08	83.699
418.29	95.924
418.51	80.971
418.72	78.867
418.94	101.356
419.15	100.123
419.37	61.997
419.58	90.289
419.80	67.073
420.01	82.195
420.23	75.839
420.44	76.543
420.66	100.247
420.87	81.959
421.09	69.939
421.30	75.798
421.52	89.354
421.73	68.248
421.95	92.804
422.16	87.950
422.38	76.802
422.59	89.260
422.81	87.291
423.02	75.964
423.23	68.415
423.45	84.572
423.66	81.780
423.88	73.827
424.09	83.421
424.31	68.631
424.52	88.470
424.74	82.711
424.95	75.763
425.17	85.929
425.38	93.311
425.60	79.777
425.81	71.307
426.03	81.846
426.24	90.681
426.45	96.411
426.67	75.262
426.88	85.549
427.10	78.876
427.31	82.189
427.53	86.086
427.74	86.267
427.96	73.019
428.17	84.539
428.39	83.952
428.60	81.827
428.81	90.176
429.03	79.313
429.24	72.585
429.46	74.053
429.67	98.227
429.89	74.265
430.10	72.593
430.31	78.193
430.53	73.573
430.74	81.521
430.96	88.476
431.17	97.150
431.39	82.621
431.60	97.895
431.81	79.517
432.03	88.426
432.24	87.088
432.46	72.613
432.67	86.565
432.89	83.041
433.10	77.153
433.31	78.608
433.53	83.849
433.74	91.952
433.96	82.387
434.17	83.081
434.38	78.255
434.60	84.145
434.81	88.594
435.03	80.502
435.24	78.185
435.45	87.261
435.67	87.898
435.88	76.360
436.10	94.122
436.31	86.016
436.52	89.496
436.74	85.941
436.95	89.375
437.17	83.562
437.38	86.010
437.59	86.069
437.81	80.880
438.02	77.905
438.23	85.947
438.45	92.688
438.66	81.331
438.88	79.283
439.09	83.105
439.30	79.857
439.52	84.157
439.73	80.784
439.94	90.091
440.16	83.470
440.37	79.440
440.58	80.859
440.80	82.297
441.01	83.086
441.23	79.390
441.44	79.367
441.65	90.862
441.87	75.451
442.08	87.063
442.29	80.554
442.51	74.199
442.72	77.218
442.93	81.696
443.15	81.205
443.36	77.127
443.57	88.353
443.79	78.678
444.00	80.819
444.21	82.226
444.43	80.854
444.64	83.051
444.85	81.399
445.07	85.183
445.28	81.016
445.49	78.607
445.71	85.517
445.92	85.049
446.13	79.305
446.35	75.889
446.56	79.121
446.77	85.775
446.99	78.853
447.20	71.448
447.41	83.542
447.63	82.450
447.84	77.559
448.05	78.297
448.27	84.782
448.48	86.175
448.69	71.648
448.90	81.205
449.12	80.363
449.33	77.969
449.54	79.456
449.76	83.577
449.97	75.058
450.18	81.264
450.40	79.275
450.61	82.939
450.82	84.732
451.03	87.908
451.25	78.730
451.46	76.321
451.67	77.967
451.89	75.869
452.10	80.220
452.31	82.823
452.52	79.694
452.74	77.676
452.95	80.756
453.16	75.909
453.38	77.180
453.59	80.845
453.80	84.762
454.01	81.069
454.23	74.146
454.44	79.618
454.65	85.610
454.86	80.053
455.08	78.982
455.29	76.313
455.50	78.293
455.71	81.243
455.93	80.886
456.14	77.120
456.35	77.601
456.56	74.786
456.78	74.492
456.99	78.193
457.20	81.981
457.41	82.065
457.63	77.418
457.84	79.565
458.05	73.596
458.26	78.597
458.48	75.217
458.69	83.889
458.90	79.205
459.11	75.220
459.33	79.605
459.54	75.553
459.75	72.730
459.96	84.308
460.18	77.645
460.39	78.915
460.60	80.193
460.81	76.541
461.02	76.961
461.24	78.064
461.45	76.103
461.66	77.953
461.87	79.382
462.09	72.040
462.30	79.624
462.51	77.746
462.72	78.531
462.93	72.829
463.15	75.438
463.36	79.020
463.57	76.033
463.78	79.792
463.99	77.028
464.21	72.911
464.42	78.851
464.63	77.602
464.84	80.523
465.05	78.366
465.27	77.795
465.48	76.589
465.69	77.932
465.90	71.415
466.11	79.240
466.33	76.939
466.54	74.233
466.75	72.069
466.96	73.999
467.17	74.511
467.38	75.011
467.60	77.437
467.81	78.617
468.02	76.887
468.23	77.923
468.44	75.000
468.65	72.965
468.87	73.076
469.08	73.058
469.29	73.059
469.50	72.063
469.71	74.719
469.92	72.286
470.14	74.566
470.35	75.287
470.56	73.616
470.77	71.709
470.98	71.289
471.19	76.530
471.41	71.225
471.62	76.002
471.83	74.006
472.04	72.531
472.25	73.818
472.46	72.167
472.67	74.117
472.89	72.191
473.10	72.352
473.31	71.042
473.52	74.917
473.73	71.532
473.94	73.995
474.15	72.608
474.37	76.201
474.58	73.886
474.79	74.407
475.00	73.568
475.21	68.771
475.42	72.782
475.63	72.799
475.84	73.015
476.06	72.335
476.27	71.598
476.48	72.380
476.69	73.677
476.90	69.667
477.11	73.548
477.32	72.801
477.53	72.825
477.74	68.744
477.96	70.963
478.17	69.024
478.38	70.393
478.59	69.676
478.80	70.281
479.01	69.018
479.22	69.544
479.43	69.865
479.64	71.837
479.85	69.855
480.06	67.549
480.28	70.224
480.49	66.596
480.70	70.947
480.91	68.669
481.12	68.411
481.33	68.827
481.54	69.487
481.75	67.098
481.96	69.282
482.17	66.944
482.38	67.271
482.59	68.364
482.81	67.978
483.02	68.652
483.23	66.807
483.44	67.949
483.65	68.685
483.86	67.379
484.07	66.448
484.28	66.536
484.49	67.828
484.70	65.632
484.91	66.120
485.12	67.129
485.33	65.786
485.54	68.088
485.75	67.707
485.96	65.974
486.17	67.110
486.38	66.265
486.60	67.917
486.81	66.803
487.02	66.762
487.23	66.952
487.44	68.088
487.65	66.141
487.86	66.722
488.07	65.342
488.28	65.486
488.49	65.564
488.70	64.462
488.91	64.427
489.12	65.109
489.33	65.645
489.54	66.006
489.75	64.412
489.96	65.237
490.17	64.163
490.38	65.904
490.59	65.353
490.80	64.108
491.01	64.931
491.22	63.187
491.43	63.220
491.64	63.543
491.85	64.641
492.06	64.517
492.27	64.787
492.48	63.908
492.69	64.490
492.90	63.742
493.11	61.661
493.32	62.711
493.53	63.526
493.74	64.484
493.95	64.064
494.16	64.905
494.37	62.687
494.58	62.627
494.79	62.383
495.00	63.594
495.21	62.884
495.42	63.625
495.63	61.911
495.84	62.480
496.05	61.555
496.26	62.467
496.47	60.661
496.68	62.403
496.89	61.661
497.10	62.217
497.31	61.958
497.52	61.567
497.73	62.375
497.94	61.957
498.15	61.794
498.36	61.120
498.57	60.843
498.78	60.252
498.99	60.696
499.19	60.304
499.40	59.902
499.61	60.439
499.82	60.154
500.03	59.916
500.24	59.995
500.45	59.783
500.66	60.843
500.87	59.676
501.08	60.022
501.29	59.173
501.50	59.193
501.71	59.839
501.92	58.290
502.13	58.825
502.34	60.031
502.55	58.091
502.76	58.423
502.96	58.427
503.17	59.567
503.38	59.354
503.59	58.220
503.80	58.108
504.01	58.659
504.22	59.338
504.43	58.304
504.64	56.910
504.85	57.636
505.06	57.564
505.27	57.238
505.47	56.991
505.68	56.988
505.89	56.183
506.10	58.067
506.31	57.055
506.52	56.532
506.73	55.377
506.94	56.934
507.15	57.102
507.36	55.717
507.56	56.296
507.77	54.910
507.98	56.092
508.19	54.845
508.40	55.205
508.61	54.326
508.82	53.886
509.03	54.390
509.24	55.199
509.44	54.279
509.65	54.293
509.86	54.056
510.07	54.343
510.28	53.569
510.49	53.349
510.70	54.275
510.91	53.106
511.11	52.910
511.32	53.017
511.53	53.376
511.74	53.400
511.95	51.801
512.16	52.734
512.37	52.826
512.58	52.532
512.78	51.960
512.99	52.883
513.20	52.156
513.41	52.243
513.62	51.659
513.83	51.544
514.04	52.154
514.24	51.464
514.45	51.674
514.66	51.179
514.87	51.510
515.08	51.913
515.29	50.582
515.49	50.608
515.70	50.866
515.91	51.401
516.12	50.358
516.33	51.193
516.54	50.404
516.74	50.900
516.95	51.273
517.16	51.087
517.37	50.387
517.58	49.937
517.79	50.792
517.99	49.576
518.20	50.002
518.41	50.743
518.62	49.994
518.83	49.994
519.03	49.779
519.24	49.133
519.45	50.327
519.66	49.216
519.87	49.291
520.07	49.811
520.28	50.146
520.49	50.361
520.70	49.425
520.91	49.613
521.12	49.276
521.32	50.041
521.53	49.140
521.74	50.472
521.95	49.155
522.15	49.750
522.36	49.875
522.57	50.017
522.78	49.139
522.99	49.640
523.19	49.618
523.40	49.967
523.61	49.658
523.82	49.015
524.03	48.714
524.23	49.229
524.44	49.111
524.65	49.522
524.86	49.649
525.06	49.306
525.27	49.302
525.48	49.423
525.69	49.157
525.89	49.975
526.10	49.644
526.31	48.992
526.52	49.691
526.72	49.292
526.93	49.172
527.14	49.186
527.35	49.104
527.56	49.285
527.76	49.280
527.97	48.619
528.18	49.523
528.38	49.625
528.59	49.668
528.80	49.615
529.01	48.845
529.21	49.274
529.42	49.516
529.63	49.282
529.84	49.292
530.04	49.187
530.25	49.563
530.46	49.607
530.67	49.434
530.87	49.009
531.08	49.254
531.29	48.942
531.50	49.844
531.70	48.769
531.91	49.370
532.12	49.343
532.32	50.332
532.53	48.949
532.74	49.065
532.95	50.063
533.15	49.437
533.36	48.789
533.57	48.510
533.77	48.462
533.98	49.351
534.19	49.403
534.39	48.706
534.60	49.128
534.81	49.051
535.02	49.041
535.22	48.776
535.43	49.101
535.64	49.634
535.84	49.462
536.05	48.747
536.26	49.056
536.46	48.571
536.67	49.539
536.88	49.102
537.08	48.824
537.29	48.246
537.50	48.330
537.70	48.643
537.91	47.846
538.12	48.555
538.33	48.224
538.53	47.853
538.74	47.955
538.95	47.888
539.15	47.931
539.36	47.961
539.57	48.130
539.77	47.768
539.98	47.532
540.18	47.608
540.39	47.941
540.60	47.177
540.80	47.852
541.01	47.188
541.22	47.539
541.42	47.486
541.63	47.324
541.84	47.591
542.04	47.028
542.25	47.048
542.46	47.014
542.66	47.929
542.87	46.390
543.08	46.706
543.28	47.032
543.49	46.819
543.69	46.556
543.90	46.883
544.11	46.719
544.31	46.344
544.52	46.336
544.73	46.059
544.93	46.174
545.14	46.841
545.34	45.872
545.55	45.863
545.76	45.841
545.96	45.576
546.17	45.631
546.38	45.405
546.58	45.956
546.79	45.399
546.99	45.321
547.20	45.691
547.41	45.541
547.61	45.095
547.82	45.364
548.02	45.657
548.23	45.366
548.44	45.055
548.64	44.955
548.85	45.012
549.05	45.446
549.26	45.347
549.47	45.052
549.67	44.106
549.88	45.132
550.08	44.635
550.29	45.023
550.50	44.580
550.70	44.788
550.91	43.654
551.11	44.429
551.32	44.586
551.52	44.500
551.73	44.366
551.94	44.732
552.14	44.635
552.35	44.641
552.55	44.411
552.76	44.239
552.96	44.298
553.17	44.914
553.38	44.367
553.58	44.371
553.79	44.474
553.99	44.164
554.20	44.801
554.40	44.410
554.61	43.932
554.81	44.445
555.02	44.624
555.23	44.371
555.43	44.498
555.64	44.814
555.84	44.280
556.05	44.739
556.25	44.768
556.46	44.788
556.66	44.420
556.87	44.826
557.07	44.797
557.28	44.679
557.48	44.625
557.69	44.780
557.90	44.709
558.10	44.753
558.31	45.441
558.51	45.589
558.72	45.144
558.92	45.359
559.13	45.246
559.33	45.309
559.54	45.659
559.74	45.207
559.95	45.681
560.15	45.899
560.36	46.039
560.56	46.497
560.77	46.524
560.97	46.300
561.18	46.692
561.38	46.338
561.59	46.515
561.79	46.723
562.00	46.786
562.20	46.862
562.41	47.333
562.61	47.611
562.82	47.653
563.02	47.781
563.23	48.185
563.43	47.988
563.64	47.951
563.84	48.017
564.05	48.711
564.25	48.369
564.46	48.938
564.66	48.580
564.87	49.370
565.07	48.935
565.28	49.499
565.48	49.864
565.68	50.293
565.89	50.304
566.09	50.607
566.30	50.031
566.50	50.655
566.71	51.565
566.91	50.952
567.12	51.812
567.32	51.678
567.53	51.884
567.73	52.604
567.94	52.265
568.14	52.206
568.34	53.513
568.55	53.043
568.75	53.212
568.96	53.372
569.16	53.693
569.37	53.747
569.57	54.208
569.78	53.863
569.98	54.125
570.18	54.749
570.39	54.807
570.59	55.298
570.80	55.702
571.00	56.125
571.21	55.814
571.41	56.369
571.61	56.460
571.82	56.849
572.02	57.072
572.23	57.359
572.43	56.697
572.64	57.700
572.84	57.606
573.04	58.416
573.25	58.618
573.45	58.387
573.66	59.298
573.86	59.306
574.06	59.379
574.27	59.313
574.47	59.867
574.68	59.843
574.88	60.461
575.08	60.524
575.29	60.477
575.49	61.181
575.70	61.349
575.90	61.846
576.10	61.916
576.31	61.822
576.51	62.157
576.72	61.913
576.92	62.636
577.12	63.088
577.33	64.041
577.53	63.544
577.73	63.539
577.94	63.816
578.14	64.459
578.35	64.522
578.55	64.586
578.75	64.720
578.96	64.750
579.16	65.028
579.36	65.437
579.57	65.001
579.77	65.686
579.98	65.383
580.18	65.856
580.38	66.396
580.59	66.611
580.79	66.688
580.99	67.320
581.20	67.015
581.40	67.323
581.60	67.192
581.81	67.520
582.01	67.544
582.21	67.845
582.42	68.343
582.62	68.105
582.82	67.910
583.03	68.782
583.23	68.505
583.43	69.329
583.64	69.036
583.84	69.085
584.04	70.139
584.25	69.774
584.45	69.905
584.65	69.923
584.86	70.044
585.06	69.874
585.26	70.646
585.47	70.765
585.67	70.445
585.87	70.852
586.08	70.998
586.28	70.984
586.48	71.447
586.69	71.329
586.89	71.604
587.09	71.492
587.30	71.413
587.50	71.489
587.70	72.129
587.90	72.451
588.11	72.343
588.31	72.623
588.51	72.281
588.72	72.753
588.92	72.860
589.12	72.758
589.33	73.355
589.53	73.579
589.73	73.669
589.93	73.480
590.14	73.236
590.34	73.351
590.54	74.011
590.75	73.532
590.95	73.816
591.15	74.109
591.35	73.193
591.56	73.788
591.76	73.915
591.96	74.434
592.16	74.716
592.37	74.743
592.57	74.557
592.77	74.664
592.97	74.563
593.18	74.668
593.38	74.441
593.58	75.151
593.79	74.824
593.99	75.377
594.19	75.304
594.39	74.878
594.60	75.602
594.80	75.304
595.00	75.418
595.20	75.346
595.41	75.528
595.61	75.760
595.81	75.933
596.01	75.760
596.21	75.720
596.42	75.969
596.62	76.494
596.82	75.617
597.02	76.059
597.23	76.372
597.43	76.281
597.63	76.336
597.83	76.309
598.04	76.535
598.24	76.685
598.44	76.786
598.64	76.693
598.84	76.310
599.05	77.051
599.25	76.737
599.45	77.018
599.65	77.077
599.85	76.908
600.06	77.130
600.26	77.270
600.46	77.633
600.66	77.174
600.87	77.033
601.07	77.088
601.27	77.454
601.47	77.211
601.67	77.441
601.87	77.320
602.08	77.495
602.28	77.441
602.48	77.248
602.68	77.894
602.88	77.874
603.09	77.634
603.29	77.736
603.49	77.881
603.69	78.007
603.89	77.798
604.10	77.870
604.30	78.109
604.50	77.909
604.70	77.588
604.90	77.836
605.10	78.225
605.31	78.810
605.51	78.261
605.71	78.037
605.91	78.050
606.11	78.156
606.31	77.933
606.52	78.052
606.72	78.242
606.92	78.038
607.12	77.982
607.32	78.615
607.52	77.974
607.72	78.224
607.93	78.124
608.13	78.612
608.33	78.360
608.53	78.054
608.73	78.303
608.93	78.217
609.13	78.538
609.34	78.389
609.54	78.684
609.74	78.643
609.94	78.356
610.14	78.276
610.34	78.705
610.54	78.399
610.74	78.618
610.95	78.858
611.15	78.655
611.35	78.170
611.55	78.470
611.75	78.395
611.95	78.438
612.15	78.612
612.35	78.968
612.56	78.522
612.76	78.559
612.96	78.533
613.16	78.720
613.36	78.790
613.56	78.720
613.76	78.651
613.96	78.741
614.16	78.408
614.36	78.260
614.57	78.580
614.77	78.471
614.97	78.735
615.17	78.538
615.37	78.759
615.57	78.619
615.77	78.852
615.97	78.478
616.17	78.269
616.37	78.488
616.57	78.635
616.78	78.220
616.98	78.174
617.18	78.402
617.38	78.414
617.58	78.494
617.78	78.624
617.98	78.616
618.18	78.548
618.38	78.806
618.58	78.831
618.78	78.833
618.98	78.939
619.18	78.724
619.38	78.720
619.58	78.577
619.79	79.098
619.99	79.199
620.19	78.129
620.39	78.525
620.59	78.933
620.79	78.548
620.99	79.260
621.19	78.800
621.39	78.844
621.59	78.304
621.79	78.432
621.99	78.518
622.19	78.597
622.39	78.673
622.59	78.694
622.79	78.627
622.99	78.535
623.19	78.406
623.39	78.646
623.59	78.433
623.79	78.799
623.99	78.198
624.19	78.700
624.39	78.351
624.59	78.205
624.79	78.424
624.99	78.856
625.19	78.400
625.39	78.673
625.59	78.868
625.79	78.350
625.99	78.489
626.19	78.419
626.39	78.451
626.59	78.531
626.79	78.004
626.99	77.899
627.19	78.485
627.39	78.141
627.59	78.333
627.79	78.228
627.99	78.457
628.19	78.606
628.39	78.027
628.59	78.115
628.79	78.132
628.99	77.976
629.19	78.489
629.39	78.299
629.59	78.168
629.79	78.056
629.99	78.090
630.19	78.282
630.39	78.373
630.59	77.852
630.79	78.631
630.99	78.168
631.19	78.061
631.39	78.663
631.59	78.394
631.79	78.110
631.99	78.471
632.19	77.967
632.39	78.426
632.59	78.428
632.79	78.564
632.99	78.238
633.19	77.976
633.39	78.080
633.58	78.163
633.78	77.860
633.98	78.004
634.18	77.760
634.38	77.793
634.58	78.349
634.78	77.993
634.98	78.085
635.18	78.388
635.38	77.766
635.58	77.830
635.78	78.121
635.98	78.059
636.18	77.900
636.38	78.133
636.57	77.698
636.77	77.711
636.97	77.700
637.17	77.607
637.37	77.345
637.57	77.945
637.77	77.909
637.97	77.677
638.17	77.903
638.37	77.980
638.57	77.380
638.76	77.882
638.96	77.731
639.16	78.044
639.36	77.699
639.56	78.010
639.76	78.045
639.96	77.566
640.16	77.582
640.36	77.444
640.56	77.895
640.75	77.721
640.95	77.501
641.15	77.358
641.35	77.669
641.55	77.400
641.75	77.488
641.95	77.566
642.15	77.334
642.34	77.324
642.54	77.760
642.74	77.690
642.94	77.489
643.14	77.929
643.34	77.829
643.54	77.643
643.74	77.789
643.93	77.448
644.13	77.466
644.33	77.191
644.53	77.077
644.73	77.007
644.93	77.034
645.13	77.476
645.32	77.559
645.52	77.620
645.72	77.206
645.92	77.268
646.12	77.263
646.32	77.297
646.52	76.949
646.71	77.393
646.91	76.718
647.11	77.491
647.31	77.257
647.51	77.204
647.71	77.061
647.90	77.272
648.10	77.178
648.30	77.010
648.50	76.965
648.70	77.120
648.89	76.629
649.09	77.046
649.29	77.174
649.49	76.783
649.69	77.222
649.89	77.126
650.08	77.351
650.28	77.089
650.48	77.023
650.68	77.065
650.88	76.617
651.07	77.243
651.27	77.296
651.47	77.013
651.67	77.180
651.87	77.236
652.06	77.189
652.26	76.815
652.46	76.801
652.66	76.758
652.86	76.615
653.05	76.997
653.25	77.114
653.45	76.762
653.65	76.867
653.85	77.191
654.04	76.719
654.24	77.029
654.44	76.774
654.64	77.095
654.83	76.745
655.03	76.960
655.23	76.623
655.43	76.796
655.63	76.695
655.82	76.791
656.02	76.883
656.22	76.696
656.42	76.910
656.61	76.966
656.81	77.173
657.01	76.918
657.21	77.059
657.40	77.111
657.60	76.654
657.80	76.678
658.00	76.677
658.19	76.718
658.39	76.707
658.59	76.231
658.79	76.776
658.98	76.572
659.18	76.171
659.38	76.406
659.58	76.281
659.77	76.471
659.97	76.271
660.17	76.880
660.36	76.434
660.56	76.801
660.76	76.633
660.96	76.293
661.15	76.600
661.35	76.626
661.55	76.493
661.75	76.509
661.94	76.573
662.14	76.352
662.34	76.308
662.53	76.377
662.73	76.256
662.93	76.085
663.13	76.098
663.32	76.158
663.52	76.427
663.72	76.522
663.91	76.377
664.11	76.291
664.31	76.514
664.50	76.277
664.70	75.768
664.90	76.197
665.10	76.424
665.29	76.109
665.49	76.356
665.69	76.263
665.88	76.410
666.08	76.386
666.28	76.631
666.47	76.501
666.67	76.189
666.87	76.563
667.06	76.658
667.26	76.058
667.46	76.510
667.65	76.128
667.85	76.428
668.05	76.169
668.24	75.914
668.44	76.308
668.64	76.169
668.83	76.099
669.03	75.961
669.23	75.950
669.42	76.030
669.62	75.812
669.82	76.063
670.01	75.618
670.21	75.632
670.41	75.799
670.60	75.818
670.80	76.083
671.00	76.073
671.19	76.003
671.39	76.093
671.58	75.721
671.78	75.621
671.98	75.657
672.17	75.745
672.37	75.792
672.57	75.783
672.76	75.903
672.96	75.696
673.15	75.693
673.35	76.022
673.55	75.808
673.74	76.002
673.94	75.490
674.14	75.802
674.33	75.547
674.53	75.467
674.72	75.781
674.92	75.895
675.12	75.483
675.31	75.647
675.51	75.442
675.70	75.723
675.90	75.553
676.10	75.638
676.29	75.705
676.49	75.531
676.68	75.836
676.88	75.613
677.08	75.810
677.27	75.680
677.47	75.547
677.66	75.600
677.86	75.425
678.06	75.408
678.25	75.585
678.45	75.391
678.64	75.244
678.84	75.749
679.03	75.281
679.23	75.242
679.43	75.481
679.62	75.258
679.82	75.622
680.01	75.617
680.21	75.725
680.40	75.600
680.60	75.561
680.80	75.339
680.99	75.705
681.19	75.462
681.38	75.786
681.58	75.449
681.77	75.357
681.97	75.304
682.16	75.454
682.36	75.199
682.56	75.307
682.75	75.286
682.95	75.443
683.14	75.166
683.34	75.107
683.53	75.437
683.73	75.414
683.92	75.334
684.12	75.273
684.31	75.428
684.51	75.104
684.70	75.137
684.90	75.214
685.10	75.414
685.29	75.192
685.49	75.317
685.68	75.439
685.88	75.056
686.07	75.061
686.27	75.002
686.46	75.086
686.66	75.118
686.85	75.278
687.05	75.321
687.24	75.198
687.44	75.213
687.63	74.899
687.83	75.210
688.02	75.219
688.22	75.242
688.41	74.612
688.61	74.582
688.80	75.014
689.00	74.734
689.19	74.915
689.39	74.656
689.58	74.803
689.78	74.941
689.97	74.866
690.17	74.899
690.36	74.866
690.56	74.657
690.75	75.006
690.95	74.983
691.14	74.470
691.34	74.702
691.53	74.666
691.72	74.662
691.92	74.805
692.11	74.615
692.31	74.711
692.50	74.720
692.70	74.639
692.89	74.557
693.09	75.315
693.28	75.198
693.48	75.358
693.67	75.153
693.87	74.863
694.06	74.667
694.25	74.878
694.45	75.001
694.64	75.220
694.84	75.296
695.03	75.198
695.23	75.032
695.42	75.385
695.62	75.233
695.81	74.582
696.00	75.261
696.20	75.094
696.39	74.750
696.59	74.782
696.78	74.865
696.98	74.816
697.17	74.503
697.36	74.963
697.56	74.843
697.75	75.042
697.95	75.026
698.14	74.769
698.34	74.717
698.53	74.723
698.72	74.505
698.92	74.411
699.11	74.512
699.31	74.522
699.50	74.665
699.69	74.279
699.89	74.474
700.08	74.661
700.28	74.336
700.47	74.269
700.66	74.519
700.86	74.435
701.05	75.056
701.25	74.745
701.44	74.748
701.63	74.641
701.83	74.637
702.02	74.525
702.21	74.642
702.41	74.206
702.60	74.524
702.80	74.629
702.99	74.356
703.18	74.373
703.38	74.376
703.57	74.471
703.77	74.416
703.96	74.249
704.15	74.368
704.35	74.242
704.54	74.206
704.73	74.563
704.93	74.368
705.12	74.563
705.31	74.210
705.51	74.249
705.70	74.560
705.89	74.521
706.09	74.464
706.28	74.498
706.48	74.384
706.67	74.196
706.86	74.170
707.06	74.307
707.25	74.266
707.44	74.441
707.64	73.913
707.83	74.282
708.02	74.214
708.22	74.151
708.41	74.410
708.60	73.930
708.80	74.164
708.99	74.087
709.18	74.152
709.38	74.224
709.57	74.179
709.76	74.197
709.95	74.083
710.15	74.410
710.34	74.245
710.53	74.050
710.73	73.646
710.92	73.771
711.11	74.148
711.31	73.542
711.50	73.986
711.69	74.061
711.89	73.999
712.08	74.272
712.27	74.296
712.46	74.061
712.66	73.991
712.85	73.743
713.04	74.048
713.24	74.044
713.43	73.844
713.62	74.283
713.81	73.862
714.01	74.383
714.20	73.862
714.39	73.829
714.59	73.835
714.78	73.897
714.97	74.153
715.16	73.294
715.36	73.593
715.55	73.588
715.74	73.672
715.93	73.691
716.13	73.807
716.32	73.865
716.51	73.869
716.71	73.669
716.90	73.890
717.09	73.893
717.28	73.780
717.48	73.762
717.67	74.048
717.86	73.785
718.05	73.809
718.25	73.918
718.44	73.657
718.63	73.981
718.82	73.818
719.02	73.839
719.21	74.051
719.40	73.867
719.59	73.924
719.78	74.074
719.98	73.788
720.17	73.467
720.36	73.737
720.55	73.397
720.75	73.834
720.94	73.980
721.13	73.601
721.32	73.463
721.51	73.606
721.71	73.270
721.90	73.327
722.09	73.338
722.28	73.605
722.48	73.589
722.67	73.652
722.86	73.515
723.05	73.374
723.24	73.129
723.44	73.471
723.63	73.273
723.82	73.502
724.01	73.604
724.20	73.346
724.40	73.869
724.59	73.543
724.78	73.496
724.97	73.446
725.16	73.141
725.35	73.348
725.55	73.029
725.74	73.374
725.93	73.481
726.12	73.440
726.31	73.348
726.51	73.268
726.70	73.658
726.89	73.485
727.08	73.264
727.27	73.101
727.46	73.176
727.66	73.331
727.85	73.243
728.04	73.201
728.23	73.296
728.42	73.443
728.61	73.416
728.81	73.650
729.00	73.329
729.19	73.688
729.38	73.537
729.57	73.532
729.76	73.153
729.95	73.243
730.15	73.401
730.34	73.343
730.53	73.289
730.72	73.369
730.91	73.648
731.10	73.527
731.29	73.591
731.49	73.703
731.68	73.447
731.87	73.367
732.06	73.324
732.25	73.760
732.44	73.689
732.63	73.237
732.82	73.141
733.02	73.093
733.21	72.991
733.40	72.667
733.59	72.863
733.78	72.856
733.97	73.079
734.16	73.284
734.35	73.284
734.54	73.158
734.74	73.269
734.93	73.257
735.12	72.895
735.31	73.110
735.50	73.411
735.69	73.573
735.88	73.311
736.07	72.916
736.26	72.678
736.45	72.902
736.64	72.996
736.84	72.684
737.03	73.082
737.22	72.848
737.41	72.951
737.60	73.060
737.79	73.331
737.98	72.862
738.17	72.567
738.36	72.985
738.55	72.662
738.74	72.684
738.93	72.391
739.12	72.478
739.32	72.521
739.51	73.036
739.70	72.877
739.89	72.677
740.08	72.895
740.27	72.654
740.46	72.734
740.65	72.978
740.84	72.928
741.03	72.969
741.22	73.112
741.41	72.877
741.60	72.978
741.79	73.027
741.98	72.794
742.17	72.749
742.36	72.769
742.55	72.952
742.74	72.458
742.93	72.619
743.12	72.782
743.31	72.945
743.51	72.884
743.70	72.992
743.89	72.906
744.08	72.468
744.27	72.551
744.46	72.605
744.65	72.494
744.84	72.799
745.03	72.312
745.22	72.405
745.41	72.342
745.60	72.514
745.79	72.324
745.98	72.892
746.17	72.333
746.36	72.450
746.55	72.426
746.74	72.751
746.93	72.784
747.12	72.833
747.31	72.541
747.50	72.955
747.69	72.550
747.88	72.988
748.07	72.796
748.26	72.792
748.45	72.609
748.64	72.345
748.83	72.550
749.02	72.154
749.21	71.859
749.40	72.683
749.59	72.765
749.77	72.572
749.96	72.391
750.15	72.489
750.34	72.622
750.53	72.715
750.72	72.433
750.91	72.424
751.10	72.892
751.29	72.072
751.48	72.619
751.67	72.394
751.86	72.390
752.05	72.312
752.24	72.502
752.43	72.184
752.62	72.277
752.81	72.378
753.00	72.118
753.19	72.240
753.38	72.484
753.57	72.289
753.76	72.250
753.94	72.313
754.13	72.238
754.32	72.290
754.51	72.666
754.70	72.306
754.89	72.178
755.08	72.496
755.27	72.371
755.46	72.122
755.65	72.395
755.84	72.348
756.03	72.471
756.22	72.420
756.40	72.402
756.59	72.386
756.78	71.931
756.97	72.275
757.16	72.348
757.35	72.012
757.54	72.159
757.73	72.012
757.92	72.257
758.11	72.453
758.29	72.331
758.48	72.123
758.67	71.925
758.86	72.141
759.05	71.965
759.24	72.088
759.43	72.102
759.62	72.072
759.81	71.880
759.99	71.961
760.18	71.702
760.37	71.922
760.56	72.239
760.75	72.155
760.94	72.516
761.13	72.373
761.32	71.964
761.50	72.561
761.69	72.709
761.88	72.470
762.07	72.246
762.26	71.893
762.45	71.884
762.64	71.760
762.82	72.064
763.01	72.012
763.20	72.004
763.39	72.053
763.58	72.057
763.77	71.882
763.96	71.853
764.14	72.263
764.33	72.018
764.52	72.214
764.71	71.999
764.90	72.241
765.09	71.897
765.27	71.801
765.46	71.706
765.65	71.605
765.84	71.826
766.03	71.784
766.22	71.815
766.40	71.767
766.59	71.995
766.78	71.887
766.97	72.076
767.16	71.911
767.35	71.824
767.53	71.957
767.72	72.143
767.91	71.934
768.10	72.510
768.29	72.079
768.47	72.284
768.66	71.969
768.85	72.019
769.04	72.267
769.23	72.028
769.41	72.119
769.60	71.979
769.79	71.932
769.98	71.913
770.17	72.044
770.35	72.188
770.54	71.921
770.73	72.336
770.92	72.181
771.10	72.276
771.29	71.842
771.48	72.237
771.67	71.922
771.86	71.681
772.04	72.090
772.23	72.179
772.42	72.063
772.61	71.799
772.79	71.917
772.98	71.805
773.17	71.895
773.36	72.080
773.54	71.902
773.73	72.228
773.92	72.064
774.11	71.816
774.30	71.519
774.48	71.794
774.67	71.581
774.86	71.741
775.05	71.799
775.23	71.838
775.42	72.035
775.61	71.781
775.79	71.527
775.98	71.415
776.17	71.184
776.36	71.318
776.54	71.612
776.73	71.905
776.92	71.610
777.11	71.598
777.29	71.771
777.48	72.178
777.67	71.857
777.85	71.854
778.04	71.993
778.23	71.812
778.42	71.605
778.60	71.525
778.79	71.910
778.98	71.856
779.16	71.810
779.35	71.940
779.54	71.951
779.73	71.553
779.91	71.156
780.10	71.291
780.29	71.944
780.47	71.737
780.66	71.439
780.85	72.017
781.03	71.601
781.22	71.930
781.41	71.927
781.60	71.733
781.78	71.683
781.97	71.319
782.16	71.652
782.34	71.380
782.53	71.491
782.72	71.602
782.90	71.412
783.09	71.456
783.28	71.528
783.46	71.887
783.65	71.606
783.84	71.251
784.02	70.935
784.21	71.110
784.40	71.223
784.58	71.122
784.77	71.075
784.96	71.529
785.14	71.369
785.33	71.538
785.52	71.562
785.70	71.199
785.89	71.379
786.08	71.208
786.26	71.334
786.45	71.433
786.63	71.421
786.82	71.683
787.01	71.395
787.19	71.436
787.38	71.508
787.57	71.457
787.75	71.533
787.94	71.285
788.13	71.341
788.31	71.553
788.50	71.701
788.68	71.303
788.87	71.063
789.06	71.336
789.24	71.120
789.43	71.155
789.61	71.165
789.80	71.389
789.99	71.403
790.17	71.446
790.36	71.115
790.55	71.147
790.73	71.293
790.92	71.083
791.10	71.114
791.29	71.125
791.48	71.235
791.66	71.127
791.85	71.188
792.03	71.244
792.22	70.960
792.40	71.208
792.59	71.154
792.78	71.202
792.96	71.053
793.15	71.118
793.33	70.971
793.52	71.128
793.71	70.964
793.89	71.118
794.08	70.858
794.26	70.891
794.45	70.903
794.63	71.115
794.82	71.097
795.01	70.988
795.19	71.215
795.38	71.307
795.56	71.290
795.75	71.173
795.93	71.070
796.12	71.022
796.30	71.057
796.49	71.072
796.68	70.516
796.86	70.901
797.05	70.964
797.23	70.623
797.42	70.754
797.60	70.800
797.79	70.946
797.97	71.059
798.16	71.013
798.34	71.063
798.53	70.744
798.71	70.778
798.90	70.860
799.08	70.883
799.27	71.429
799.46	70.967
799.64	71.080
799.83	70.894
800.01	71.131
800.20	70.841
800.38	70.943
800.57	71.071
800.75	71.170
800.94	71.072
801.12	71.325
801.31	71.308
801.49	71.066
801.68	71.077
801.86	71.277
802.05	71.248
802.23	71.102
802.42	71.291
802.60	70.761
802.79	70.862
802.97	70.832
803.16	70.443
803.34	70.923
803.53	70.624
803.71	71.121
803.90	70.864
804.08	70.763
804.27	70.843
804.45	71.153
804.63	71.033
804.82	70.982
805.00	70.645
805.19	71.008
805.37	70.730
805.56	70.699
805.74	70.900
805.93	70.961
806.11	70.892
806.30	70.922
806.48	70.827
806.67	70.793
806.85	70.785
807.04	70.674
807.22	70.926
807.40	70.697
807.59	70.509
807.77	70.898
807.96	70.893
808.14	70.707
808.33	71.268
808.51	70.884
808.69	70.960
808.88	70.853
809.06	70.659
809.25	70.793
809.43	70.575
809.62	70.592
809.80	70.772
809.99	70.592
810.17	70.918
810.35	71.050
810.54	70.739
810.72	70.898
810.91	70.714
811.09	70.848
811.27	70.569
811.46	70.795
811.64	70.460
811.83	70.762
812.01	70.619
812.19	70.526
812.38	70.703
812.56	70.696
812.75	70.977
812.93	70.840
813.11	70.751
813.30	70.708
813.48	70.538
813.67	70.617
813.85	70.419
814.03	70.293
814.22	70.368
814.40	70.643
814.59	70.334
814.77	70.579
814.95	70.679
815.14	70.285
815.32	70.351
815.50	70.159
815.69	70.303
815.87	70.388
816.06	70.768
816.24	70.314
816.42	70.334
816.61	70.258
816.79	70.467
816.97	70.343
817.16	70.281
817.34	70.029
817.52	70.207
817.71	70.004
817.89	70.174
818.07	70.459
818.26	70.505
818.44	70.329
818.63	70.188
818.81	70.539
818.99	70.296
819.18	70.518
819.36	70.273
819.54	70.668
819.73	70.188
819.91	70.337
820.09	70.537
820.28	70.171
820.46	70.316
820.64	70.139
820.83	70.337
821.01	70.682
821.19	70.985
821.37	70.594
821.56	70.582
821.74	70.184
821.92	70.464
822.11	70.488
822.29	70.473
822.47	70.379
822.66	70.232
822.84	70.453
823.02	70.333
823.21	70.584
823.39	70.108
823.57	70.380
823.75	70.484
823.94	70.692
824.12	70.399
824.30	70.187
824.49	70.471
824.67	70.102
824.85	70.101
825.03	70.205
825.22	70.172
825.40	70.442
825.58	70.422
825.77	69.981
825.95	70.467
826.13	69.752
826.31	70.160
826.50	69.855
826.68	69.727
826.86	69.978
827.04	69.980
827.23	70.157
827.41	70.135
827.59	70.156
827.78	70.348
827.96	70.008
828.14	70.240
828.32	70.143
828.51	70.238
828.69	70.284
828.87	70.289
829.05	70.082
829.23	69.933
829.42	69.964
829.60	69.924
829.78	70.108
829.96	69.964
830.15	70.024
830.33	69.997
830.51	70.023
830.69	70.016
830.88	70.622
831.06	70.052
831.24	70.213
831.42	70.098
831.60	70.159
831.79	69.982
831.97	69.821
832.15	69.642
832.33	69.794
832.52	69.703
832.70	69.680
832.88	69.801
833.06	69.804
833.24	69.789
833.43	69.644
833.61	69.901
833.79	70.009
833.97	69.491
834.15	69.913
834.34	69.867
834.52	69.841
834.70	69.937
834.88	70.039
835.06	70.459
835.25	70.070
835.43	70.320
835.61	70.254
835.79	70.119
835.97	69.932
836.15	70.041
836.34	69.858
836.52	70.076
836.70	70.314
836.88	69.716
837.06	70.054
837.24	70.033
837.43	69.798
837.61	70.367
837.79	70.234
837.97	70.480
838.15	70.196
838.33	70.162
838.52	70.011
838.70	69.793
838.88	69.623
839.06	69.717
839.24	69.717
839.42	69.856
839.60	69.730
839.79	69.941
839.97	70.014
840.15	69.931
840.33	70.005
840.51	70.046
840.69	69.831
840.87	69.931
841.06	69.673
841.24	69.992
841.42	69.745
841.60	69.501
841.78	69.894
841.96	69.961
842.14	70.164
842.32	69.795
842.51	69.935
842.69	69.931
842.87	69.405
843.05	69.258
843.23	69.307
843.41	69.680
843.59	69.583
843.77	69.486
843.95	69.708
844.14	70.017
844.32	70.081
844.50	69.855
844.68	70.330
844.86	69.793
845.04	69.924
845.22	69.767
845.40	69.974
845.58	69.950
845.76	69.473
845.94	69.703
846.12	69.882
846.31	69.312
846.49	69.206
846.67	69.289
846.85	69.542
847.03	69.558
847.21	69.467
847.39	69.611
847.57	69.650
847.75	69.744
847.93	69.376
848.11	68.981
848.29	69.269
848.47	69.124
848.65	69.103
848.83	69.019
849.02	69.473
849.20	69.334
849.38	69.238
849.56	69.346
849.74	69.357
849.92	69.427
850.10	69.529
850.28	69.280
850.46	69.573
850.64	69.317
850.82	69.906
851.00	69.756
851.18	69.440
851.36	69.189
851.54	69.357
851.72	69.357
851.90	69.401
852.08	69.464
852.26	69.483
852.44	69.310
852.62	69.595
852.80	69.601
852.98	69.636
853.16	69.620
853.34	70.009
853.52	69.332
853.70	68.983
853.88	69.010
854.06	69.214
854.24	69.232
854.42	69.393
854.60	69.470
854.78	69.766
854.96	69.554
855.14	69.306
855.32	69.160
855.50	69.805
855.68	69.707
855.86	70.031
856.04	69.319
856.22	69.440
856.40	69.381
856.58	69.103
856.76	69.304
856.94	69.334
857.12	69.445
857.30	69.009
857.48	68.916
857.66	68.373
857.84	68.797
858.02	68.851
858.20	68.984
858.38	68.891
858.56	68.962
858.74	68.870
858.92	69.057
859.10	69.122
859.28	69.437
859.46	69.254
859.64	69.287
859.81	68.805
859.99	68.892
860.17	69.424
860.35	69.605
860.53	69.456
860.71	69.681
860.89	69.268
861.07	69.186
861.25	68.942
861.43	69.104
861.61	69.117
861.79	69.346
861.97	68.995
862.15	69.208
862.33	69.082
862.50	69.096
862.68	69.079
862.86	69.270
863.04	69.157
863.22	68.755
863.40	69.197
863.58	68.988
863.76	68.934
863.94	69.141
864.12	69.402
864.30	69.008
864.47	69.136
864.65	69.351
864.83	68.908
865.01	68.894
865.19	68.555
865.37	68.861
865.55	68.999
865.73	68.797
865.91	69.283
866.09	69.249
866.26	68.982
866.44	68.850
866.62	69.033
866.80	68.857
866.98	68.618
867.16	68.416
867.34	68.669
867.52	68.638
867.69	68.910
867.87	69.045
868.05	68.624
868.23	68.509
868.41	68.767
868.59	68.660
868.77	69.094
868.94	69.137
869.12	69.046
869.30	69.007
869.48	68.967
869.66	68.680
869.84	68.458
870.02	68.650
870.19	68.872
870.37	68.784
870.55	68.791
870.73	68.862
870.91	68.543
871.09	68.803
871.26	68.981
871.44	68.897
871.62	69.047
871.80	68.819
871.98	68.791
872.16	69.300
872.33	69.168
872.51	68.848
872.69	68.746
872.87	68.967
873.05	69.242
873.22	69.292
873.40	68.929
873.58	69.146
873.76	68.736
873.94	68.701
874.12	68.518
874.29	68.914
874.47	68.649
874.65	69.032
874.83	67.973
875.01	68.330
875.18	68.072
875.36	68.595
875.54	69.063
875.72	68.698
875.89	68.981
876.07	68.799
876.25	68.433
876.43	68.720
876.61	68.734
876.78	68.707
876.96	69.114
877.14	68.740
877.32	68.091
877.49	68.763
877.67	68.645
877.85	68.642
878.03	68.755
878.21	68.678
878.38	68.612
878.56	68.257
878.74	68.250
878.92	68.496
879.09	68.571
879.27	69.006
879.45	68.656
879.63	68.734
879.80	68.239
879.98	68.422
880.16	68.694
880.34	68.944
880.51	68.539
880.69	68.525
880.87	68.377
881.05	68.215
881.22	68.319
881.40	68.153
881.58	68.091
881.75	68.417
881.93	68.205
882.11	68.596
882.29	68.520
882.46	68.855
882.64	68.575
882.82	68.331
883.00	68.391
883.17	68.405
883.35	68.755
883.53	68.307
883.70	68.395
883.88	68.589
884.06	68.590
884.23	68.789
884.41	68.578
884.59	68.697
884.77	68.606
884.94	68.634
885.12	69.102
885.30	68.680
885.47	68.716
885.65	68.555
885.83	68.695
886.00	69.049
886.18	68.836
886.36	68.889
886.53	68.614
886.71	68.259
886.89	68.076
887.07	68.426
887.24	68.665
887.42	68.230
887.60	68.506
887.77	68.556
887.95	68.527
888.13	68.628
888.30	68.661
888.48	68.273
888.66	68.028
888.83	68.468
889.01	68.631
889.18	68.311
889.36	68.774
889.54	68.419
889.71	69.009
889.89	68.538
890.07	68.608
890.24	68.052
890.42	68.117
890.60	68.469
890.77	68.444
890.95	68.015
891.13	68.645
891.30	68.722
891.48	68.392
891.65	68.370
891.83	68.514
892.01	68.429
892.18	68.381
892.36	68.480
892.54	68.222
892.71	68.495
892.89	68.131
893.06	68.470
893.24	67.929
893.42	67.808
893.59	68.261
893.77	68.436
893.94	68.226
894.12	68.438
894.30	68.419
894.47	68.431
894.65	67.929
894.82	68.503
895.00	68.037
895.18	68.327
895.35	68.338
895.53	68.640
895.70	68.737
895.88	68.708
896.06	68.415
896.23	68.645
896.41	68.559
896.58	68.601
896.76	68.482
896.93	67.997
897.11	67.603
897.29	67.558
897.46	67.686
897.64	68.066
897.81	67.987
897.99	67.884
898.16	67.933
898.34	67.948
898.52	67.621
898.69	68.132
898.87	67.882
899.04	68.136
899.22	68.081
899.39	67.993
899.57	67.540
899.74	67.709
899.92	67.951
900.10	67.660
900.27	68.374
900.45	68.167
900.62	68.302
900.80	68.325
900.97	68.411
901.15	68.280
901.32	68.390
901.50	68.145
901.67	68.016
901.85	68.509
902.02	68.214
902.20	68.079
902.37	68.329
902.55	68.320
902.72	68.416
902.90	68.565
903.07	68.182
903.25	68.293
903.43	68.160
903.60	68.063
903.78	68.457
903.95	68.240
904.13	68.369
904.30	67.996
904.48	68.297
904.65	68.229
904.83	68.685
905.00	67.929
905.17	67.798
905.35	68.081
905.52	67.688
905.70	67.634
905.87	67.856
906.05	68.308
906.22	67.868
906.40	67.845
906.57	67.689
906.75	67.828
906.92	67.788
907.10	67.373
907.27	67.648
907.45	67.381
907.62	67.476
907.80	67.555
907.97	67.823
908.15	67.546
908.32	67.422
908.49	67.739
908.67	67.752
908.84	67.683
909.02	67.942
909.19	67.981
909.37	67.705
909.54	67.918
909.72	67.392
909.89	67.339
910.07	67.510
910.24	67.497
910.41	67.678
910.59	67.250
910.76	67.731
910.94	67.417
911.11	67.863
911.29	67.701
911.46	67.676
911.63	67.950
911.81	67.875
911.98	68.006
912.16	68.078
912.33	67.822
912.50	67.678
912.68	67.914
912.85	67.764
913.03	67.731
913.20	67.863
913.38	68.192
913.55	67.917
913.72	67.555
913.90	67.756
914.07	67.354
914.25	67.868
914.42	68.056
914.59	67.736
914.77	67.187
914.94	67.300
915.11	67.592
915.29	67.439
915.46	67.554
915.64	67.468
915.81	67.626
915.98	67.794
916.16	67.645
916.33	67.526
916.51	67.490
916.68	67.501
916.85	67.817
917.03	67.470
917.20	67.735
917.37	67.652
917.55	67.801
917.72	67.605
917.89	67.350
918.07	67.375
918.24	67.565
918.42	67.343
918.59	67.366
918.76	67.278
918.94	67.344
919.11	67.338
919.28	67.129
919.46	67.416
919.63	67.461
919.80	67.361
919.98	67.483
920.15	67.260
920.32	67.367
920.50	67.370
920.67	67.924
920.84	67.279
921.02	67.393
921.19	67.600
921.36	67.379
921.54	67.066
921.71	67.575
921.88	67.275
922.06	67.052
922.23	67.207
922.40	66.672
922.57	67.207
922.75	67.376
922.92	67.105
923.09	67.302
923.27	67.461
923.44	67.614
923.61	67.901
923.79	67.712
923.96	68.055
924.13	67.714
924.30	67.897
924.48	67.799
924.65	67.687
924.82	67.590
925.00	67.628
925.17	67.703
925.34	67.752
925.51	67.609
925.69	67.309
925.86	67.619
926.03	66.754
926.21	67.375
926.38	67.320
926.55	67.435
926.72	66.778
926.90	67.510
927.07	67.351
927.24	67.339
927.41	67.315
927.59	67.271
927.76	67.170
927.93	67.420
928.10	67.481
928.28	67.604
928.45	67.646
928.62	67.431
928.79	67.275
928.97	67.655
929.14	67.248
929.31	67.284
929.48	67.506
929.66	67.712
929.83	66.850
930.00	67.372
930.17	67.113
930.34	67.173
930.52	67.155
930.69	67.058
930.86	66.732
931.03	66.889
931.21	66.998
931.38	67.251
931.55	67.140
931.72	67.314
931.89	67.233
932.07	67.187
932.24	67.162
932.41	67.496
932.58	67.699
932.75	67.493
932.93	67.608
933.10	67.461
933.27	67.361
933.44	67.248
933.61	67.231
933.79	67.154
933.96	67.602
934.13	67.437
934.30	67.579
934.47	67.376
934.65	67.472
934.82	67.763
934.99	67.664
935.16	67.318
935.33	67.453
935.50	67.336
935.68	67.222
935.85	67.387
936.02	67.199
936.19	67.541
936.36	67.485
936.53	67.816
936.71	67.047
936.88	67.672
937.05	67.158
937.22	66.895
937.39	67.593
937.56	67.739
937.74	67.698
937.91	67.375
938.08	67.993
938.25	67.325
938.42	67.727
938.59	66.896
938.76	67.728
938.94	67.468
939.11	68.134
939.28	68.178
939.45	67.598
939.62	67.469
939.79	67.491
939.96	67.679
940.13	67.368
940.31	67.366
940.48	67.588
940.65	67.859
940.82	67.031
940.99	67.076
941.16	66.619
941.33	67.617
941.50	67.014
941.67	67.250
941.85	67.103
942.02	67.153
942.19	67.333
942.36	67.658
942.53	67.667
942.70	67.546
942.87	67.360
943.04	67.510
943.21	67.607
943.38	67.556
943.56	67.432
943.73	67.654
943.90	67.544
944.07	67.827
944.24	67.010
944.41	67.456
944.58	67.212
944.75	67.256
944.92	67.652
945.09	68.212
945.26	67.397
945.43	67.456
945.60	67.904
945.78	68.069
945.95	67.615
946.12	67.981
946.29	67.647
946.46	67.099
946.63	67.233
946.80	66.617
946.97	66.849
947.14	66.941
947.31	66.670
947.48	67.293
947.65	66.861
947.82	66.652
947.99	67.155
948.16	66.961
948.33	66.550
948.50	67.100
948.67	66.739
948.84	66.594
949.01	66.567
949.18	67.049
949.35	66.638
949.52	66.784
949.69	67.198
949.86	67.504
950.03	67.288
950.20	67.580
950.38	67.454
950.55	67.765
950.72	67.621
950.89	66.990
951.06	67.620
951.23	67.288
951.40	67.498
951.57	67.518
951.74	67.315
951.91	66.877
952.08	66.979
952.25	67.610
952.42	67.188
952.59	67.142
952.76	67.075
952.92	67.317
953.09	66.840
953.26	66.811
953.43	66.930
953.60	67.114
953.77	66.730
953.94	67.095
954.11	67.275
954.28	66.884
954.45	67.280
954.62	67.552
954.79	67.237
954.96	67.313
955.13	66.717
955.30	67.427
955.47	66.865
955.64	67.364
955.81	66.659
955.98	66.937
956.15	67.249
956.32	67.106
956.49	67.166
956.66	67.600
956.83	66.954
957.00	67.446
957.17	67.350
957.33	67.415
957.50	67.491
957.67	66.797
957.84	66.999
958.01	67.228
958.18	67.072
958.35	66.922
958.52	67.147
958.69	66.512
958.86	67.123
959.03	66.709
959.20	67.262
959.37	66.794
959.53	67.096
959.70	67.334
959.87	67.223
960.04	67.135
960.21	67.659
960.38	67.044
960.55	66.995
960.72	67.436
960.89	67.463
961.06	66.970
961.23	66.732
961.39	66.813
961.56	66.861
961.73	66.968
961.90	67.160
962.07	66.939
962.24	67.130
962.41	66.745
962.58	66.767
962.75	66.897
962.91	66.393
963.08	66.774
963.25	66.901
963.42	66.675
963.59	67.155
963.76	66.420
963.93	66.527
964.09	66.730
964.26	67.125
964.43	67.127
964.60	67.133
964.77	67.427
964.94	67.429
965.11	67.403
965.27	67.444
965.44	67.003
965.61	66.885
965.78	66.911
965.95	67.442
966.12	66.841
966.29	66.968
966.45	67.085
966.62	66.696
966.79	66.698
966.96	67.213
967.13	67.228
967.30	66.752
967.46	67.150
967.63	66.414
967.80	67.106
967.97	66.672
968.14	66.984
968.30	66.395
968.47	66.560
968.64	66.633
968.81	66.898
968.98	67.354
969.15	67.047
969.31	67.308
969.48	67.755
969.65	66.924
969.82	66.845
969.99	67.500
970.15	67.607
970.32	67.506
970.49	67.486
970.66	67.202
970.82	67.781
970.99	67.343
971.16	67.926
971.33	68.239
971.50	67.468
971.66	67.376
971.83	67.103
972.00	67.336
972.17	67.638
972.34	67.616
972.50	67.543
972.67	67.420
972.84	67.351
973.01	67.176
973.17	67.385
973.34	67.031
973.51	66.720
973.68	66.752
973.84	67.598
974.01	67.173
974.18	67.105
974.35	66.944
974.51	67.027
974.68	67.562
974.85	66.698
975.02	67.943
975.18	67.298
975.35	67.334
975.52	67.758
975.69	67.753
975.85	67.376
976.02	67.432
976.19	67.214
976.36	66.436
976.52	66.701
976.69	67.066
976.86	67.396
977.02	67.944
977.19	67.237
977.36	67.156
977.53	67.842
977.69	67.529
977.86	67.310
978.03	67.438
978.19	67.499
978.36	67.581
978.53	67.637
978.70	67.049
978.86	67.402
979.03	67.531
979.20	67.173
979.36	67.135
979.53	67.290
979.70	66.718
979.86	67.162
980.03	66.744
980.20	66.975
980.36	67.215
980.53	66.746
980.70	67.341
980.86	66.715
981.03	67.124
981.20	67.409
981.36	67.235
981.53	66.998
981.70	67.211
981.86	67.323
982.03	66.721
982.20	66.545
982.36	67.401
982.53	66.678
982.70	66.342
982.86	67.111
983.03	67.137
983.20	67.489
983.36	66.811
983.53	67.199
983.70	68.282
983.86	68.097
984.03	67.650
984.20	67.152
984.36	67.549
984.53	66.652
984.70	67.743
984.86	66.558
985.03	67.199
985.19	66.916
985.36	67.416
985.53	66.286
985.69	67.273
985.86	67.042
986.03	67.794
986.19	67.816
986.36	67.299
986.52	67.411
986.69	67.106
986.86	66.331
987.02	65.840
987.19	67.409
987.35	67.424
987.52	67.595
987.69	66.962
987.85	67.252
988.02	66.624
988.18	67.931
988.35	67.176
988.52	67.029
988.68	66.652
988.85	66.893
989.01	66.749
989.18	67.429
989.35	66.782
989.51	67.170
989.68	66.403
989.84	67.193
990.01	66.347
990.17	67.387
990.34	66.431
990.51	67.288
990.67	66.711
990.84	66.583
991.00	67.296
991.17	67.221
991.33	66.998
991.50	66.934
991.66	66.241
991.83	67.205
992.00	66.678
992.16	66.220
992.33	66.199
992.49	66.925
992.66	67.084
992.82	66.308
992.99	66.627
993.15	66.861
993.32	66.217
993.48	66.537
993.65	67.357
993.82	67.530
993.98	67.527
994.15	67.349
994.31	67.752
994.48	67.388
994.64	67.109
994.81	67.243
994.97	67.629
995.14	67.609
995.30	67.614
995.47	67.238
995.63	67.466
995.80	65.897
995.96	66.694
996.13	66.687
996.29	67.541
996.46	66.991
996.62	66.963
996.79	67.536
996.95	65.960
997.12	67.457
997.28	66.906
997.45	67.851
997.61	66.832
997.78	67.305
997.94	67.155
998.11	67.549
998.27	67.556
998.44	67.090
998.60	66.870
998.77	66.857
998.93	66.849
999.10	66.687
999.26	66.674
999.43	66.945
999.59	66.503
999.75	66.829
999.92	67.365
1000.08	68.067
1000.25	66.969
1000.41	67.611
1000.58	67.245
1000.74	66.506
1000.91	67.069
1001.07	67.708
1001.24	66.436
1001.40	66.828
1001.56	65.895
1001.73	67.020
1001.89	65.772
1002.06	66.442
1002.22	66.642
1002.39	67.538
1002.55	66.684
1002.71	66.519
1002.88	65.946
1003.04	66.630
1003.21	66.196
1003.37	67.520
1003.54	66.903
1003.70	66.413
1003.86	66.694
1004.03	68.099
1004.19	66.458
1004.36	66.478
1004.52	66.302
1004.68	67.111
1004.85	66.996
1005.01	66.512
1005.18	66.792
1005.34	67.153
1005.50	67.460
1005.67	66.214
1005.83	66.910
1006.00	67.045
1006.16	67.005
1006.32	66.982
1006.49	66.318
1006.65	66.342
1006.82	65.931
1006.98	67.142
1007.14	65.992
1007.31	66.789
1007.47	66.182
1007.63	65.978
1007.80	66.294
1007.96	66.150
1008.13	65.843
1008.29	67.959
1008.45	66.239
1008.62	66.281
1008.78	66.847
1008.94	66.332
1009.11	67.893
1009.27	67.518
1009.43	65.842
1009.60	66.474
1009.76	66.282
1009.92	65.762
1010.09	66.685
1010.25	65.423
1010.42	66.649
1010.58	66.177
1010.74	66.520
1010.91	66.510
1011.07	66.970
1011.23	66.945
1011.40	65.805
1011.56	66.301
1011.72	66.906
1011.89	66.813
1012.05	67.483
1012.21	67.092
1012.37	66.915
1012.54	67.320
1012.70	66.547
1012.86	67.132
1013.03	66.439
1013.19	66.054
1013.35	66.193
1013.52	66.514
1013.68	64.923
1013.84	66.859
1014.01	66.981
1014.17	66.783
1014.33	67.393
1014.49	66.487
1014.66	68.367
1014.82	68.269
1014.98	66.974
1015.15	66.719
1015.31	66.075
1015.47	67.117
1015.63	66.703
1015.80	67.296
1015.96	66.889
1016.12	65.864
1016.29	65.722
1016.45	66.293
1016.61	66.349
1016.77	65.809
1016.94	65.811
1017.10	66.486
1017.26	67.056
1017.42	66.164
1017.59	65.776
1017.75	65.709
1017.91	66.262
1018.07	66.440
1018.24	66.986
1018.40	67.758
1018.56	66.770
1018.72	67.621
1018.89	68.593
1019.05	68.029
1019.21	67.405
1019.37	66.090
1019.54	66.925
1019.70	66.381
1019.86	66.718
1020.02	68.028
1020.19	66.537
1020.35	66.391
1020.51	66.109
1020.67	65.293
1020.83	67.625
1021.00	64.575
1021.16	66.653
1021.32	66.032
1021.48	65.305
1021.64	66.289
1021.81	66.337
1021.97	67.102
1022.13	66.404
1022.29	66.485
1022.45	68.942
1022.62	66.647
1022.78	65.239
1022.94	67.651
1023.10	66.553
1023.26	68.052
1023.43	66.939
1023.59	68.491
1023.75	66.975
1023.91	67.384
1024.07	67.955
1024.24	67.613
1024.40	66.624
1024.56	65.941
1024.72	66.661
1024.88	66.676
1025.04	68.771
1025.21	68.138
1025.37	66.915
1025.53	65.322
1025.69	65.523
1025.85	65.973
1026.01	65.528
1026.18	66.700
1026.34	66.768
1026.50	64.277
1026.66	68.529
1026.82	65.766
1026.98	68.238
1027.14	65.887
1027.31	65.883
1027.47	67.237
1027.63	66.649
1027.79	67.217
1027.95	66.536
1028.11	65.984
1028.27	68.477
1028.44	68.271
1028.60	66.187
1028.76	65.883
1028.92	66.027
1029.08	67.327
1029.24	66.863
1029.40	65.888
1029.56	66.449
1029.73	68.057
1029.89	66.802
1030.05	67.684
1030.21	67.323
1030.37	67.176
1030.53	65.864
1030.69	68.085
1030.85	65.743
1031.01	66.704
1031.17	64.506
1031.34	66.026
1031.50	64.650
1031.66	65.888
1031.82	67.632
1031.98	68.300
1032.14	67.720
1032.30	68.066
1032.46	65.386
1032.62	66.485
1032.78	67.323
1032.94	67.247
1033.10	66.318
1033.27	65.435
1033.43	67.514
1033.59	66.733
1033.75	67.196
1033.91	65.733
1034.07	65.022
1034.23	63.786
1034.39	67.651
1034.55	65.627
1034.71	61.668
1034.87	62.659
1035.03	67.535
1035.19	67.015
1035.35	67.497
1035.51	66.026
1035.67	66.630
1035.83	66.200
1035.99	66.159
1036.16	64.220
1036.32	64.627
1036.48	63.566
1036.64	69.617
1036.80	64.552
1036.96	66.595
1037.12	66.694
1037.28	69.060
1037.44	66.301
1037.60	66.232
1037.76	65.746
1037.92	67.456
1038.08	67.447
1038.24	69.122
1038.40	67.222
1038.56	69.253
1038.72	67.099
1038.88	70.887
1039.04	65.364
1039.20	66.818
1039.36	65.211
1039.52	67.861
1039.68	67.761
1039.84	67.710
1040.00	64.987
1040.16	64.459
1040.32	65.051
1040.48	65.385
1040.64	65.491
1040.80	65.783
1040.96	68.070
1041.12	67.406
1041.28	65.057
1041.44	63.514
1041.60	66.021
1041.76	68.720
1041.92	64.464
1042.08	66.294
1042.24	65.998
1042.39	66.028
1042.55	66.828
1042.71	67.348
1042.87	64.224
1043.03	70.055
1043.19	64.938
